?b???b???b???b???bj
1208660, 338, 338, 338, 338, 
1208692, 337, 337, 338, 337, 
1208725, 338, 337, 339, 337, 
1208757, 336, 338, 338, 338, 
1208790, 335, 337, 338, 337, 
1208821, 333, 337, 338, 338, 
1208854, 336, 337, 338, 338, 
1208886, 336, 336, 338, 338, 
1208919, 320, 329, 336, 337, 
1208950, 327, 337, 336, 334, 
1208983, 335, 335, 338, 337, 
1209015, 336, 335, 337, 337, 
1209048, 336, 334, 338, 337, 
1209079, 334, 334, 338, 337, 
1209112, 330, 334, 338, 337, 
1209144, 326, 331, 338, 338, 
1209176, 322, 330, 338, 338, 
1209208, 325, 333, 338, 337, 
1209240, 337, 338, 339, 337, 
1209273, 345, 342, 338, 338, 
1209305, 349, 343, 338, 338, 
1209337, 349, 343, 339, 337, 
1209369, 348, 342, 338, 337, 
1209402, 346, 342, 338, 338, 
1209434, 344, 341, 339, 338, 
1209466, 343, 340, 339, 337, 
1209498, 342, 341, 338, 337, 
1209531, 341, 339, 338, 338, 
1209563, 340, 339, 338, 338, 
1209595, 339, 338, 339, 338, 
1209627, 339, 338, 338, 338, 
1209660, 337, 337, 337, 338, 
1209692, 335, 338, 338, 339, 
1209724, 337, 337, 338, 337, 
1209756, 337, 337, 338, 337, 
1209789, 332, 332, 338, 336, 
1209821, 319, 339, 335, 334, 
1209853, 334, 337, 338, 336, 
1209885, 337, 336, 337, 337, 
1209918, 336, 335, 337, 337, 
1209950, 336, 334, 337, 338, 
1209982, 332, 333, 338, 338, 
1210014, 327, 332, 337, 339, 
1210047, 324, 330, 337, 337, 
1210079, 323, 332, 338, 338, 
1210112, 332, 337, 338, 337, 
1210143, 343, 341, 338, 338, 
1210175, 348, 342, 338, 338, 
1210208, 348, 343, 338, 338, 
1210240, 348, 342, 338, 338, 
1210272, 346, 342, 338, 338, 
1210304, 344, 340, 337, 338, 
1210337, 343, 339, 337, 337, 
1210369, 342, 339, 338, 337, 
1210401, 341, 339, 338, 337, 
1210433, 340, 340, 338, 338, 
1210466, 339, 338, 338, 338, 
1210498, 338, 338, 338, 339, 
1210530, 337, 338, 338, 338, 
1210562, 337, 338, 337, 336, 
1210595, 335, 337, 337, 339, 
1210627, 335, 338, 337, 338, 
1210659, 334, 338, 338, 338, 
1210691, 336, 337, 338, 338, 
1210724, 337, 336, 338, 338, 
1210756, 321, 329, 336, 337, 
1210788, 326, 340, 336, 335, 
1210820, 335, 337, 337, 338, 
1210853, 336, 335, 338, 338, 
1210885, 336, 335, 338, 340, 
1210917, 334, 335, 338, 340, 
1210949, 332, 333, 338, 340, 
1210982, 326, 332, 339, 340, 
1211014, 321, 331, 338, 340, 
1211046, 324, 335, 338, 338, 
1211078, 336, 340, 338, 339, 
1211111, 344, 343, 338, 338, 
1211143, 349, 343, 338, 339, 
1211175, 349, 344, 340, 338, 
1211207, 349, 344, 338, 339, 
1211239, 346, 342, 338, 339, 
1211272, 344, 341, 338, 338, 
1211303, 343, 341, 338, 339, 
1211336, 342, 340, 338, 338, 
1211368, 341, 339, 338, 338, 
1211401, 340, 338, 338, 337, 
1211432, 339, 338, 338, 339, 
1211465, 339, 338, 338, 338, 
1211497, 339, 337, 339, 337, 
1211530, 337, 337, 338, 337, 
1211561, 337, 336, 338, 337, 
1211594, 335, 337, 338, 338, 
1211626, 334, 336, 338, 338, 
1211659, 336, 337, 338, 338, 
1211691, 337, 336, 339, 339, 
1211723, 326, 329, 337, 337, 
1211755, 323, 337, 335, 336, 
1211788, 335, 334, 338, 337, 
1211820, 338, 335, 338, 337, 
1211852, 335, 334, 339, 337, 
1211884, 334, 334, 338, 337, 
1211917, 331, 333, 338, 338, 
1211949, 327, 331, 338, 338, 
1211981, 322, 330, 338, 339, 
1212013, 323, 332, 337, 337, 
1212046, 335, 337, 340, 339, 
1212078, 345, 340, 339, 338, 
1212110, 349, 342, 338, 340, 
1212142, 351, 341, 340, 340, 
1212175, 349, 339, 338, 341, 
1212207, 347, 339, 338, 343, 
1212238, 346, 339, 339, 344, 
1212271, 343, 338, 338, 346, 
1212303, 342, 335, 338, 348, 
1212336, 341, 334, 338, 349, 
1212367, 340, 330, 338, 350, 
1212400, 339, 327, 339, 351, 
1212432, 340, 319, 339, 352, 
1212465, 338, 313, 338, 351, 
1212496, 336, 313, 338, 350, 
1212529, 335, 314, 338, 350, 
1212561, 336, 318, 338, 350, 
1212594, 338, 322, 338, 348, 
1212625, 318, 321, 337, 346, 
1212658, 328, 332, 337, 344, 
1212690, 336, 333, 337, 345, 
1212723, 336, 335, 338, 343, 
1212754, 336, 338, 338, 341, 
1212787, 334, 339, 339, 339, 
1212819, 330, 339, 338, 338, 
1212852, 325, 337, 338, 336, 
1212883, 321, 337, 338, 335, 
1212916, 326, 341, 338, 334, 
1212948, 338, 345, 338, 334, 
1212981, 347, 348, 338, 334, 
1213012, 350, 349, 339, 334, 
1213045, 350, 349, 340, 334, 
1213077, 348, 347, 339, 335, 
1213110, 346, 345, 338, 333, 
1213142, 344, 345, 338, 334, 
1213174, 344, 345, 338, 335, 
1213206, 342, 344, 339, 335, 
1213239, 341, 344, 338, 335, 
1213271, 340, 344, 338, 335, 
1213302, 339, 343, 338, 335, 
1213335, 338, 342, 338, 335, 
1213367, 338, 341, 338, 336, 
1213400, 337, 341, 339, 335, 
1213431, 338, 340, 338, 336, 
1213464, 336, 340, 338, 335, 
1213496, 333, 340, 338, 336, 
1213529, 335, 340, 337, 335, 
1213560, 337, 340, 337, 335, 
1213593, 328, 334, 336, 335, 
1213625, 321, 343, 335, 332, 
1213658, 334, 340, 337, 334, 
1213689, 336, 337, 337, 334, 
1213722, 337, 336, 338, 335, 
1213754, 335, 336, 338, 335, 
1213787, 332, 334, 338, 335, 
1213818, 328, 334, 338, 334, 
1213851, 323, 332, 338, 335, 
1213883, 323, 334, 338, 335, 
1213916, 333, 339, 339, 334, 
1213947, 344, 342, 339, 336, 
1213980, 349, 344, 340, 336, 
1214012, 350, 344, 339, 336, 
1214045, 348, 343, 339, 335, 
1214076, 347, 342, 338, 336, 
1214109, 345, 341, 338, 336, 
1214141, 343, 341, 338, 336, 
1214174, 343, 341, 338, 336, 
1214205, 342, 340, 339, 336, 
1214238, 340, 340, 338, 336, 
1214270, 339, 340, 339, 337, 
1214302, 339, 339, 339, 336, 
1214334, 338, 339, 338, 336, 
1214366, 339, 339, 338, 337, 
1214399, 337, 338, 338, 336, 
1214431, 337, 339, 338, 336, 
1214464, 336, 338, 338, 336, 
1214495, 336, 339, 338, 336, 
1214528, 334, 338, 339, 335, 
1214560, 334, 338, 337, 336, 
1214593, 337, 338, 337, 336, 
1214624, 335, 333, 336, 335, 
1214657, 316, 339, 335, 332, 
1214689, 333, 337, 337, 336, 
1214722, 335, 336, 337, 336, 
1214753, 335, 335, 337, 336, 
1214786, 335, 334, 338, 336, 
1214818, 332, 334, 339, 336, 
1214851, 328, 332, 338, 336, 
1214882, 323, 331, 338, 337, 
1214915, 322, 332, 337, 336, 
1214947, 331, 336, 338, 336, 
1214980, 340, 340, 338, 336, 
1215011, 349, 343, 338, 336, 
1215044, 351, 343, 338, 337, 
1215076, 349, 343, 338, 337, 
1215109, 347, 342, 338, 337, 
1215140, 345, 341, 338, 337, 
1215173, 344, 340, 338, 335, 
1215205, 342, 340, 338, 336, 
1215238, 341, 339, 338, 337, 
1215269, 340, 339, 338, 337, 
1215302, 338, 338, 339, 336, 
1215334, 339, 339, 338, 336, 
1215366, 338, 338, 338, 336, 
1215398, 338, 338, 337, 338, 
1215430, 337, 338, 337, 338, 
1215463, 335, 339, 338, 339, 
1215495, 335, 338, 337, 338, 
1215527, 337, 337, 337, 336, 
1215559, 336, 334, 337, 332, 
1215592, 316, 337, 335, 322, 
1215624, 334, 338, 336, 242, 
1215656, 337, 336, 337, 186, 
1215688, 336, 336, 337, 116, 
1215721, 335, 335, 338, 85, 
1215752, 332, 334, 337, 88, 
1215783, 328, 333, 338, 113, 
1215815, 323, 331, 338, 146, 
1215848, 321, 332, 338, 169, 
1215880, 329, 336, 338, 208, 
1215912, 341, 340, 338, 243, 
1215944, 348, 342, 339, 268, 
1215977, 350, 342, 338, 289, 
1216009, 349, 342, 338, 307, 
1216041, 347, 341, 337, 323, 
1216073, 346, 341, 338, 338, 
1216106, 343, 340, 338, 349, 
1216138, 343, 339, 338, 359, 
1216171, 342, 339, 339, 368, 
1216202, 339, 338, 339, 374, 
1216235, 339, 338, 338, 380, 
1216267, 339, 338, 338, 385, 
1216299, 339, 337, 338, 388, 
1216331, 338, 337, 339, 389, 
1216363, 337, 339, 339, 391, 
1216396, 336, 337, 338, 390, 
1216428, 336, 338, 338, 390, 
1216460, 336, 337, 338, 389, 
1216492, 335, 337, 338, 387, 
1216525, 334, 337, 338, 387, 
1216557, 336, 338, 338, 387, 
1216589, 338, 337, 338, 385, 
1216621, 319, 331, 337, 383, 
1216654, 330, 341, 336, 380, 
1216686, 336, 337, 338, 380, 
1216718, 337, 335, 338, 380, 
1216750, 337, 335, 338, 379, 
1216783, 334, 334, 338, 377, 
1216815, 330, 333, 338, 375, 
1216847, 326, 331, 337, 374, 
1216879, 321, 332, 338, 374, 
1216912, 325, 334, 338, 373, 
1216944, 337, 339, 340, 372, 
1216976, 346, 342, 339, 372, 
1217008, 349, 343, 339, 369, 
1217041, 350, 343, 338, 368, 
1217073, 348, 341, 339, 367, 
1217105, 347, 342, 338, 365, 
1217137, 344, 340, 338, 364, 
1217170, 343, 339, 338, 363, 
1217202, 341, 339, 338, 362, 
1217234, 341, 340, 338, 362, 
1217266, 340, 338, 338, 361, 
1217299, 339, 339, 338, 361, 
1217331, 339, 338, 338, 359, 
1217362, 338, 338, 339, 359, 
1217395, 338, 338, 338, 358, 
1217427, 337, 338, 338, 356, 
1217460, 337, 337, 338, 355, 
1217491, 337, 337, 339, 354, 
1217524, 336, 337, 339, 353, 
1217556, 335, 337, 339, 352, 
1217589, 333, 337, 339, 353, 
1217620, 336, 337, 337, 351, 
1217653, 337, 337, 338, 352, 
1217685, 329, 330, 337, 351, 
1217718, 319, 337, 337, 347, 
1217750, 334, 335, 338, 349, 
1217782, 336, 334, 337, 349, 
1217814, 336, 335, 338, 348, 
1217847, 335, 335, 338, 348, 
1217879, 332, 334, 338, 347, 
1217911, 328, 332, 338, 346, 
1217943, 323, 331, 338, 346, 
1217976, 322, 332, 339, 346, 
1218008, 333, 337, 339, 346, 
1218040, 344, 341, 339, 345, 
1218072, 349, 342, 339, 345, 
1218105, 350, 343, 339, 345, 
1218137, 350, 342, 338, 345, 
1218169, 347, 341, 338, 345, 
1218201, 345, 341, 338, 344, 
1218234, 343, 340, 338, 344, 
1218266, 343, 340, 338, 343, 
1218298, 342, 340, 338, 344, 
1218330, 340, 340, 338, 344, 
1218362, 340, 339, 338, 343, 
1218395, 339, 337, 338, 342, 
1218426, 338, 339, 337, 343, 
1218459, 338, 338, 338, 341, 
1218491, 337, 338, 338, 341, 
1218524, 336, 337, 337, 341, 
1218555, 334, 338, 338, 341, 
1218588, 334, 337, 338, 341, 
1218620, 336, 338, 338, 341, 
1218653, 335, 335, 337, 340, 
1218684, 316, 333, 337, 338, 
1218717, 332, 321, 337, 339, 
1218749, 336, 299, 337, 340, 
1218782, 337, 265, 339, 341, 
1218813, 336, 241, 338, 340, 
1218846, 332, 229, 338, 340, 
1218878, 329, 218, 338, 341, 
1218911, 324, 211, 338, 341, 
1218942, 322, 205, 338, 340, 
1218975, 329, 217, 339, 340, 
1219007, 340, 235, 337, 341, 
1219040, 348, 259, 339, 340, 
1219072, 350, 282, 339, 340, 
1219104, 349, 304, 338, 339, 
1219136, 347, 324, 338, 339, 
1219169, 345, 340, 338, 340, 
1219201, 344, 355, 339, 340, 
1219233, 342, 365, 339, 340, 
1219265, 341, 372, 339, 341, 
1219298, 341, 377, 338, 340, 
1219330, 339, 381, 339, 340, 
1219362, 339, 381, 338, 339, 
1219394, 338, 382, 338, 339, 
1219426, 338, 382, 338, 339, 
1219459, 337, 380, 338, 339, 
1219490, 338, 380, 338, 339, 
1219523, 336, 379, 338, 338, 
1219555, 336, 377, 337, 338, 
1219588, 336, 376, 337, 338, 
1219619, 334, 375, 337, 338, 
1219652, 335, 371, 339, 338, 
1219684, 336, 370, 338, 338, 
1219717, 336, 366, 337, 337, 
1219748, 315, 366, 335, 334, 
1219781, 332, 365, 338, 336, 
1219813, 336, 362, 337, 337, 
1219846, 337, 359, 337, 338, 
1219877, 335, 357, 338, 339, 
1219910, 333, 355, 338, 338, 
1219942, 329, 353, 339, 338, 
1219975, 324, 350, 338, 339, 
1220006, 322, 349, 338, 339, 
1220039, 329, 352, 338, 339, 
1220071, 340, 356, 339, 340, 
1220104, 348, 358, 340, 340, 
1220135, 350, 358, 339, 341, 
1220168, 349, 356, 338, 341, 
1220200, 347, 355, 338, 340, 
1220233, 345, 354, 339, 340, 
1220264, 344, 352, 338, 340, 
1220297, 343, 351, 338, 339, 
1220329, 342, 350, 338, 340, 
1220362, 340, 349, 337, 339, 
1220393, 339, 348, 339, 339, 
1220425, 339, 348, 338, 339, 
1220458, 339, 347, 338, 338, 
1220490, 337, 346, 338, 339, 
1220523, 337, 346, 338, 338, 
1220554, 336, 345, 338, 338, 
1220587, 337, 344, 338, 338, 
1220619, 336, 344, 338, 337, 
1220652, 336, 343, 338, 338, 
1220683, 335, 344, 337, 337, 
1220716, 333, 343, 338, 337, 
1220748, 336, 343, 338, 338, 
1220781, 336, 341, 337, 337, 
1220812, 316, 337, 336, 335, 
1220845, 330, 342, 337, 336, 
1220877, 335, 338, 338, 337, 
1220910, 336, 339, 338, 338, 
1220941, 336, 339, 338, 339, 
1220974, 334, 339, 338, 340, 
1221006, 330, 337, 338, 338, 
1221039, 325, 333, 338, 337, 
1221070, 323, 334, 338, 338, 
1221103, 327, 338, 339, 338, 
1221135, 339, 344, 338, 338, 
1221168, 347, 346, 339, 338, 
1221199, 350, 346, 338, 339, 
1221232, 350, 345, 339, 338, 
1221264, 348, 345, 338, 339, 
1221297, 346, 344, 338, 339, 
1221328, 344, 342, 338, 338, 
1221361, 343, 342, 338, 338, 
1221393, 342, 341, 338, 337, 
1221426, 340, 340, 338, 338, 
1221457, 340, 340, 338, 338, 
1221489, 339, 340, 338, 338, 
1221522, 338, 339, 339, 338, 
1221554, 338, 339, 339, 338, 
1221586, 337, 338, 338, 338, 
1221618, 337, 338, 338, 337, 
1221651, 337, 338, 338, 339, 
1221683, 335, 338, 337, 337, 
1221715, 333, 338, 337, 339, 
1221747, 335, 338, 338, 338, 
1221780, 337, 338, 336, 339, 
1221812, 326, 332, 337, 337, 
1221844, 324, 341, 335, 336, 
1221876, 335, 338, 336, 337, 
1221909, 338, 337, 337, 337, 
1221941, 337, 337, 337, 338, 
1221974, 335, 335, 337, 337, 
1222005, 332, 334, 337, 337, 
1222038, 327, 332, 338, 337, 
1222070, 322, 330, 337, 337, 
1222103, 323, 333, 338, 336, 
1222134, 334, 336, 338, 336, 
1222167, 344, 340, 338, 337, 
1222199, 349, 342, 339, 338, 
1222232, 349, 342, 339, 338, 
1222263, 347, 341, 339, 338, 
1222296, 346, 341, 339, 338, 
1222328, 343, 340, 338, 339, 
1222361, 343, 340, 338, 339, 
1222392, 342, 340, 338, 338, 
1222425, 341, 339, 337, 338, 
1222457, 340, 340, 338, 338, 
1222489, 339, 340, 337, 340, 
1222521, 339, 339, 337, 338, 
1222553, 338, 338, 337, 339, 
1222586, 338, 338, 337, 339, 
1222618, 337, 338, 338, 337, 
1222650, 337, 338, 337, 337, 
1222682, 337, 337, 337, 337, 
1222715, 335, 337, 337, 337, 
1222747, 333, 337, 337, 337, 
1222779, 336, 337, 337, 337, 
1222811, 337, 337, 337, 336, 
1222844, 326, 329, 338, 337, 
1222876, 322, 341, 336, 335, 
1222908, 334, 337, 337, 336, 
1222940, 337, 336, 338, 338, 
1222973, 336, 335, 338, 338, 
1223005, 334, 334, 338, 338, 
1223037, 331, 332, 338, 338, 
1223069, 326, 332, 338, 339, 
1223102, 321, 329, 337, 339, 
1223134, 323, 331, 338, 338, 
1223166, 333, 337, 338, 338, 
1223198, 345, 340, 339, 337, 
1223231, 349, 341, 339, 338, 
1223263, 350, 341, 338, 337, 
1223296, 349, 340, 339, 337, 
1223327, 348, 340, 338, 337, 
1223360, 346, 340, 338, 338, 
1223392, 344, 339, 339, 338, 
1223425, 342, 339, 338, 338, 
1223456, 341, 339, 338, 338, 
1223489, 339, 338, 338, 339, 
1223521, 340, 339, 338, 338, 
1223553, 339, 339, 338, 339, 
1223585, 338, 338, 338, 338, 
1223617, 338, 338, 338, 338, 
1223650, 337, 337, 338, 337, 
1223682, 337, 338, 338, 338, 
1223714, 337, 337, 338, 338, 
1223746, 336, 337, 338, 337, 
1223779, 333, 337, 338, 337, 
1223811, 335, 337, 338, 337, 
1223843, 337, 337, 338, 337, 
1223875, 327, 329, 337, 337, 
1223908, 318, 341, 334, 334, 
1223940, 334, 337, 336, 336, 
1223972, 335, 335, 337, 337, 
1224004, 336, 334, 338, 338, 
1224037, 335, 333, 338, 337, 
1224069, 331, 333, 339, 338, 
1224101, 326, 332, 339, 339, 
1224133, 320, 330, 339, 339, 
1224166, 321, 332, 339, 338, 
1224198, 332, 337, 339, 338, 
1224230, 344, 342, 339, 338, 
1224262, 348, 342, 339, 339, 
1224295, 349, 342, 339, 339, 
1224327, 347, 342, 339, 338, 
1224359, 346, 341, 338, 338, 
1224391, 345, 340, 338, 337, 
1224424, 343, 340, 338, 339, 
1224456, 342, 339, 338, 337, 
1224488, 341, 338, 338, 337, 
1224520, 340, 338, 338, 336, 
1224552, 340, 338, 338, 338, 
1224585, 338, 338, 338, 337, 
1224616, 337, 339, 338, 337, 
1224649, 337, 337, 337, 337, 
1224681, 336, 338, 339, 335, 
1224714, 335, 337, 337, 336, 
1224745, 334, 338, 337, 337, 
1224778, 333, 337, 337, 337, 
1224810, 337, 336, 337, 338, 
1224843, 336, 335, 337, 337, 
1224875, 315, 334, 335, 334, 
1224907, 334, 336, 337, 335, 
1224939, 339, 336, 338, 336, 
1224972, 338, 335, 338, 336, 
1225004, 337, 335, 339, 337, 
1225036, 334, 334, 338, 338, 
1225068, 329, 333, 338, 339, 
1225101, 324, 331, 339, 338, 
1225133, 321, 331, 339, 338, 
1225165, 328, 336, 338, 338, 
1225197, 341, 339, 338, 338, 
1225230, 349, 343, 338, 339, 
1225262, 350, 343, 337, 338, 
1225294, 350, 344, 338, 338, 
1225326, 348, 343, 339, 339, 
1225359, 346, 341, 339, 337, 
1225391, 344, 341, 339, 339, 
1225423, 343, 339, 338, 337, 
1225455, 341, 340, 338, 337, 
1225488, 340, 339, 339, 338, 
1225520, 339, 338, 338, 338, 
1225552, 339, 339, 337, 337, 
1225584, 337, 338, 337, 337, 
1225616, 335, 338, 339, 337, 
1225649, 334, 338, 338, 337, 
1225680, 337, 337, 338, 338, 
1225713, 336, 334, 338, 338, 
1225745, 316, 337, 336, 334, 
1225778, 333, 337, 338, 336, 
1225809, 336, 336, 337, 337, 
1225842, 337, 336, 338, 337, 
1225874, 335, 335, 338, 338, 
1225907, 333, 334, 339, 338, 
1225938, 329, 333, 338, 338, 
1225971, 323, 330, 338, 338, 
1226003, 321, 331, 338, 338, 
1226036, 330, 337, 338, 339, 
1226067, 341, 340, 338, 337, 
1226100, 348, 343, 339, 338, 
1226132, 350, 344, 339, 338, 
1226165, 349, 343, 339, 338, 
1226196, 347, 342, 338, 338, 
1226229, 345, 340, 339, 339, 
1226261, 344, 340, 338, 339, 
1226294, 342, 339, 338, 339, 
1226326, 341, 339, 337, 339, 
1226358, 339, 339, 338, 339, 
1226390, 339, 338, 339, 338, 
1226423, 338, 338, 338, 338, 
1226455, 338, 338, 338, 339, 
1226487, 337, 337, 338, 337, 
1226519, 335, 338, 337, 338, 
1226552, 334, 338, 338, 338, 
1226584, 335, 337, 339, 338, 
1226615, 338, 337, 338, 337, 
1226648, 321, 330, 338, 336, 
1226680, 327, 340, 336, 336, 
1226713, 336, 336, 337, 337, 
1226744, 337, 336, 338, 338, 
1226777, 336, 335, 339, 338, 
1226809, 335, 334, 338, 338, 
1226842, 332, 334, 338, 337, 
1226873, 326, 331, 338, 339, 
1226906, 322, 330, 338, 337, 
1226938, 325, 333, 338, 338, 
1226971, 337, 339, 339, 337, 
1227002, 346, 342, 338, 339, 
1227035, 350, 342, 338, 338, 
1227067, 349, 342, 339, 338, 
1227100, 348, 341, 338, 338, 
1227131, 346, 340, 338, 338, 
1227164, 344, 339, 338, 337, 
1227196, 343, 340, 339, 337, 
1227229, 341, 339, 339, 337, 
1227260, 340, 339, 339, 338, 
1227293, 340, 339, 337, 338, 
1227325, 340, 339, 338, 338, 
1227358, 338, 339, 338, 338, 
1227389, 338, 339, 338, 337, 
1227422, 337, 337, 338, 338, 
1227454, 338, 338, 338, 338, 
1227487, 336, 337, 338, 337, 
1227518, 334, 337, 338, 337, 
1227551, 336, 336, 337, 337, 
1227583, 337, 337, 338, 338, 
1227616, 336, 334, 337, 337, 
1227648, 317, 338, 335, 334, 
1227679, 333, 337, 336, 336, 
1227712, 337, 335, 336, 338, 
1227744, 337, 335, 338, 339, 
1227777, 335, 336, 338, 338, 
1227808, 333, 334, 338, 337, 
1227841, 329, 333, 338, 338, 
1227873, 324, 331, 338, 338, 
1227906, 322, 331, 338, 338, 
1227937, 328, 335, 338, 338, 
1227970, 341, 340, 338, 338, 
1228002, 348, 342, 339, 339, 
1228035, 350, 342, 338, 338, 
1228066, 350, 343, 338, 340, 
1228099, 348, 342, 339, 338, 
1228131, 346, 340, 338, 339, 
1228164, 344, 340, 340, 338, 
1228195, 343, 339, 338, 337, 
1228228, 342, 339, 339, 337, 
1228260, 341, 340, 338, 338, 
1228293, 340, 339, 339, 338, 
1228324, 339, 339, 340, 338, 
1228357, 338, 339, 339, 339, 
1228389, 338, 338, 338, 339, 
1228422, 337, 338, 339, 338, 
1228453, 337, 337, 338, 340, 
1228486, 336, 337, 338, 338, 
1228518, 335, 337, 338, 339, 
1228551, 334, 337, 338, 338, 
1228582, 334, 337, 338, 337, 
1228615, 337, 338, 338, 337, 
1228647, 334, 333, 338, 336, 
1228679, 316, 339, 336, 336, 
1228711, 334, 337, 337, 337, 
1228743, 336, 336, 339, 337, 
1228776, 337, 334, 338, 339, 
1228808, 336, 334, 337, 338, 
1228840, 333, 334, 338, 339, 
1228872, 329, 332, 338, 338, 
1228905, 323, 331, 338, 337, 
1228937, 322, 331, 339, 337, 
1228969, 329, 336, 339, 337, 
1229001, 342, 341, 339, 338, 
1229034, 348, 342, 339, 336, 
1229066, 350, 343, 339, 339, 
1229099, 349, 342, 339, 337, 
1229130, 347, 341, 339, 338, 
1229163, 345, 340, 338, 337, 
1229195, 343, 339, 338, 337, 
1229228, 343, 339, 338, 338, 
1229259, 342, 339, 338, 337, 
1229292, 341, 339, 338, 337, 
1229324, 340, 339, 338, 339, 
1229357, 339, 338, 338, 337, 
1229388, 338, 338, 339, 338, 
1229421, 338, 339, 338, 337, 
1229453, 337, 338, 339, 338, 
1229486, 337, 337, 338, 338, 
1229517, 336, 338, 338, 338, 
1229550, 334, 337, 338, 338, 
1229582, 334, 336, 337, 337, 
1229615, 336, 336, 338, 337, 
1229646, 336, 335, 338, 337, 
1229679, 316, 334, 335, 335, 
1229711, 332, 337, 336, 336, 
1229743, 336, 335, 337, 337, 
1229775, 337, 335, 338, 337, 
1229807, 336, 335, 338, 337, 
1229840, 333, 334, 338, 338, 
1229872, 330, 333, 339, 338, 
1229904, 325, 331, 339, 339, 
1229936, 322, 330, 339, 339, 
1229969, 329, 335, 339, 338, 
1230001, 340, 341, 340, 338, 
1230033, 348, 343, 340, 338, 
1230065, 351, 344, 339, 337, 
1230098, 351, 343, 339, 338, 
1230130, 348, 343, 339, 338, 
1230162, 345, 343, 339, 339, 
1230194, 345, 341, 339, 341, 
1230227, 343, 340, 339, 342, 
1230259, 343, 341, 340, 345, 
1230291, 342, 340, 340, 346, 
1230323, 340, 340, 339, 349, 
1230356, 339, 340, 339, 353, 
1230388, 338, 340, 339, 354, 
1230420, 337, 340, 338, 355, 
1230452, 337, 341, 338, 356, 
1230485, 335, 341, 339, 358, 
1230517, 335, 341, 338, 356, 
1230550, 337, 340, 338, 355, 
1230581, 335, 336, 337, 349, 
1230614, 316, 336, 335, 342, 
1230646, 334, 338, 337, 341, 
1230679, 338, 336, 337, 340, 
1230710, 337, 335, 337, 341, 
1230742, 336, 334, 337, 346, 
1230775, 334, 332, 336, 348, 
1230807, 331, 331, 337, 349, 
1230839, 325, 328, 334, 345, 
1230871, 322, 328, 333, 343, 
1230904, 330, 334, 333, 341, 
1230936, 341, 339, 334, 340, 
1230968, 348, 342, 335, 339, 
1231000, 351, 343, 335, 337, 
1231033, 348, 343, 335, 336, 
1231065, 346, 342, 335, 336, 
1231097, 345, 339, 336, 335, 
1231129, 344, 341, 336, 335, 
1231162, 343, 340, 336, 338, 
1231194, 341, 340, 337, 337, 
1231226, 340, 339, 337, 337, 
1231258, 339, 339, 338, 338, 
1231291, 339, 339, 338, 337, 
1231323, 338, 339, 339, 337, 
1231355, 336, 338, 338, 336, 
1231387, 337, 339, 339, 335, 
1231420, 337, 338, 339, 335, 
1231452, 335, 338, 339, 333, 
1231484, 332, 337, 338, 334, 
1231516, 336, 338, 339, 333, 
1231549, 337, 338, 339, 333, 
1231581, 325, 329, 339, 332, 
1231613, 324, 339, 337, 329, 
1231645, 335, 337, 339, 330, 
1231678, 337, 335, 339, 331, 
1231710, 336, 334, 340, 332, 
1231742, 335, 334, 340, 332, 
1231774, 332, 333, 340, 332, 
1231806, 327, 330, 339, 332, 
1231839, 323, 330, 339, 332, 
1231870, 324, 332, 339, 332, 
1231903, 335, 338, 339, 334, 
1231935, 344, 342, 340, 334, 
1231968, 349, 344, 340, 334, 
1232000, 351, 344, 340, 334, 
1232032, 349, 343, 340, 335, 
1232064, 347, 343, 340, 335, 
1232097, 345, 341, 341, 335, 
1232129, 343, 340, 340, 335, 
1232161, 342, 340, 340, 335, 
1232193, 341, 339, 340, 335, 
1232226, 340, 338, 339, 337, 
1232258, 339, 338, 340, 336, 
1232290, 339, 338, 339, 336, 
1232322, 338, 337, 339, 336, 
1232355, 338, 337, 340, 336, 
1232387, 337, 337, 338, 336, 
1232419, 337, 336, 339, 336, 
1232451, 336, 336, 339, 334, 
1232484, 334, 337, 339, 335, 
1232516, 337, 337, 339, 336, 
1232548, 337, 337, 339, 336, 
1232580, 328, 330, 338, 336, 
1232613, 321, 337, 336, 333, 
1232645, 335, 336, 339, 335, 
1232677, 337, 335, 339, 336, 
1232709, 338, 335, 339, 337, 
1232742, 335, 334, 339, 336, 
1232774, 332, 333, 339, 337, 
1232805, 328, 331, 339, 336, 
1232838, 323, 329, 339, 336, 
1232870, 323, 331, 338, 335, 
1232903, 334, 336, 338, 335, 
1232934, 344, 342, 339, 336, 
1232967, 350, 344, 339, 336, 
1232999, 350, 344, 339, 337, 
1233032, 350, 342, 339, 337, 
1233063, 347, 342, 340, 337, 
1233096, 345, 340, 339, 338, 
1233128, 345, 340, 339, 336, 
1233161, 342, 340, 339, 337, 
1233192, 342, 340, 338, 337, 
1233225, 340, 339, 339, 336, 
1233257, 340, 339, 339, 337, 
1233290, 339, 339, 337, 337, 
1233321, 338, 339, 338, 337, 
1233354, 338, 338, 338, 338, 
1233386, 336, 337, 338, 336, 
1233419, 334, 337, 338, 337, 
1233451, 336, 336, 338, 336, 
1233483, 338, 338, 339, 336, 
1233515, 327, 329, 338, 336, 
1233548, 323, 337, 335, 333, 
1233580, 334, 336, 337, 336, 
1233612, 337, 335, 338, 337, 
1233644, 337, 335, 338, 337, 
1233677, 335, 334, 338, 337, 
1233709, 332, 334, 338, 337, 
1233741, 327, 331, 338, 338, 
1233773, 323, 330, 338, 337, 
1233806, 324, 332, 338, 338, 
1233838, 335, 337, 338, 336, 
1233869, 345, 343, 339, 337, 
1233902, 349, 344, 339, 337, 
1233934, 350, 344, 340, 338, 
1233967, 348, 343, 340, 337, 
1233998, 346, 342, 339, 338, 
1234031, 345, 342, 339, 338, 
1234063, 345, 341, 338, 339, 
1234096, 342, 340, 339, 338, 
1234127, 341, 340, 339, 339, 
1234160, 340, 339, 339, 338, 
1234192, 339, 338, 338, 337, 
1234225, 339, 338, 338, 337, 
1234256, 338, 338, 338, 339, 
1234289, 337, 339, 338, 338, 
1234321, 337, 339, 338, 338, 
1234354, 336, 337, 337, 338, 
1234385, 335, 338, 338, 337, 
1234418, 336, 337, 338, 338, 
1234450, 337, 337, 339, 339, 
1234483, 335, 334, 338, 337, 
1234514, 317, 336, 335, 332, 
1234547, 334, 337, 337, 336, 
1234579, 337, 336, 338, 338, 
1234612, 338, 336, 338, 338, 
1234643, 336, 335, 338, 339, 
1234676, 333, 333, 338, 338, 
1234708, 328, 332, 338, 338, 
1234741, 324, 331, 338, 337, 
1234772, 322, 330, 337, 337, 
1234805, 330, 336, 338, 337, 
1234837, 342, 340, 339, 338, 
1234869, 349, 344, 339, 339, 
1234902, 351, 343, 339, 339, 
1234933, 349, 344, 339, 339, 
1234966, 347, 342, 339, 339, 
1234998, 345, 341, 339, 338, 
1235031, 343, 340, 338, 338, 
1235062, 343, 340, 339, 337, 
1235095, 341, 339, 340, 338, 
1235127, 340, 339, 339, 338, 
1235160, 340, 338, 340, 338, 
1235191, 340, 338, 338, 338, 
1235224, 339, 338, 338, 337, 
1235256, 338, 338, 338, 338, 
1235289, 337, 337, 339, 338, 
1235320, 337, 338, 339, 338, 
1235353, 336, 337, 339, 338, 
1235385, 334, 337, 338, 338, 
1235418, 336, 337, 338, 338, 
1235449, 337, 338, 338, 338, 
1235482, 328, 328, 338, 337, 
1235514, 322, 337, 335, 335, 
1235547, 336, 336, 338, 336, 
1235578, 337, 336, 338, 338, 
1235611, 337, 336, 340, 338, 
1235643, 335, 334, 338, 339, 
1235676, 332, 333, 338, 338, 
1235707, 326, 331, 338, 338, 
1235740, 322, 329, 338, 338, 
1235772, 324, 331, 337, 338, 
1235805, 334, 337, 338, 339, 
1235836, 344, 342, 339, 338, 
1235869, 349, 344, 339, 339, 
1235901, 351, 344, 340, 339, 
1235933, 348, 343, 339, 339, 
1235965, 346, 343, 339, 339, 
1235997, 345, 341, 339, 338, 
1236030, 344, 341, 339, 338, 
1236062, 342, 339, 339, 339, 
1236094, 341, 339, 340, 338, 
1236126, 341, 339, 339, 339, 
1236159, 340, 338, 339, 340, 
1236191, 339, 338, 339, 339, 
1236224, 338, 338, 339, 338, 
1236255, 337, 337, 337, 337, 
1236288, 335, 338, 338, 337, 
1236320, 335, 337, 338, 337, 
1236353, 337, 339, 338, 339, 
1236384, 338, 337, 338, 339, 
1236417, 318, 330, 336, 335, 
1236449, 329, 338, 336, 335, 
1236482, 336, 336, 337, 338, 
1236513, 337, 337, 338, 339, 
1236546, 336, 335, 339, 339, 
1236578, 333, 335, 338, 338, 
1236611, 330, 333, 338, 339, 
1236642, 326, 331, 338, 338, 
1236675, 320, 330, 338, 338, 
1236707, 326, 333, 338, 339, 
1236740, 338, 339, 338, 338, 
1236771, 346, 343, 339, 338, 
1236804, 349, 345, 339, 340, 
1236836, 350, 345, 339, 339, 
1236869, 348, 344, 338, 339, 
1236900, 345, 342, 339, 337, 
1236932, 345, 342, 339, 338, 
1236965, 343, 341, 338, 338, 
1236997, 341, 340, 338, 338, 
1237029, 341, 340, 338, 338, 
1237061, 340, 340, 338, 336, 
1237094, 339, 338, 338, 337, 
1237126, 338, 340, 338, 337, 
1237158, 339, 339, 337, 336, 
1237190, 337, 338, 337, 336, 
1237223, 337, 337, 337, 335, 
1237255, 336, 337, 337, 335, 
1237287, 334, 338, 337, 334, 
1237319, 335, 337, 337, 334, 
1237352, 337, 337, 337, 336, 
1237384, 333, 332, 339, 335, 
1237416, 318, 337, 336, 331, 
1237448, 334, 337, 337, 333, 
1237481, 338, 336, 338, 335, 
1237513, 338, 336, 339, 336, 
1237545, 335, 334, 339, 336, 
1237577, 333, 334, 340, 336, 
1237610, 329, 332, 340, 335, 
1237642, 323, 331, 338, 336, 
1237675, 322, 331, 338, 335, 
1237706, 332, 337, 338, 336, 
1237739, 343, 341, 339, 337, 
1237771, 348, 344, 339, 336, 
1237804, 349, 343, 338, 336, 
1237835, 349, 342, 337, 336, 
1237868, 347, 342, 338, 336, 
1237900, 345, 341, 338, 340, 
1237933, 343, 340, 337, 336, 
1237964, 344, 340, 338, 336, 
1237996, 341, 339, 338, 337, 
1238029, 341, 339, 337, 336, 
1238061, 339, 338, 338, 336, 
1238093, 338, 339, 337, 335, 
1238125, 338, 340, 338, 337, 
1238158, 336, 340, 337, 336, 
1238190, 336, 342, 337, 338, 
1238222, 336, 340, 336, 335, 
1238254, 336, 339, 338, 337, 
1238287, 336, 338, 337, 336, 
1238319, 333, 339, 338, 336, 
1238351, 335, 337, 337, 336, 
1238383, 336, 337, 337, 336, 
1238416, 327, 330, 337, 337, 
1238448, 322, 338, 335, 334, 
1238480, 335, 335, 337, 336, 
1238512, 338, 335, 337, 338, 
1238545, 337, 335, 338, 337, 
1238577, 335, 335, 338, 337, 
1238609, 334, 333, 339, 337, 
1238641, 327, 332, 338, 337, 
1238674, 323, 330, 338, 337, 
1238706, 325, 332, 338, 338, 
1238738, 334, 337, 338, 339, 
1238770, 345, 341, 339, 337, 
1238803, 348, 343, 339, 338, 
1238835, 351, 343, 339, 339, 
1238867, 349, 341, 339, 339, 
1238899, 347, 341, 339, 338, 
1238932, 345, 341, 339, 340, 
1238964, 344, 340, 339, 338, 
1238995, 342, 340, 339, 340, 
1239028, 342, 339, 339, 339, 
1239060, 340, 340, 339, 339, 
1239093, 340, 338, 338, 339, 
1239124, 339, 338, 338, 339, 
1239157, 338, 337, 339, 338, 
1239189, 338, 338, 339, 339, 
1239222, 337, 337, 340, 339, 
1239254, 336, 337, 339, 339, 
1239286, 335, 337, 339, 339, 
1239318, 334, 337, 339, 338, 
1239351, 334, 336, 339, 339, 
1239383, 337, 338, 339, 339, 
1239415, 335, 334, 339, 338, 
1239447, 317, 338, 336, 335, 
1239480, 334, 337, 339, 337, 
1239512, 336, 335, 339, 338, 
1239544, 336, 335, 339, 339, 
1239576, 335, 334, 339, 339, 
1239609, 333, 334, 340, 338, 
1239641, 329, 331, 338, 338, 
1239673, 324, 330, 339, 338, 
1239705, 322, 330, 339, 338, 
1239738, 329, 335, 339, 338, 
1239770, 341, 340, 339, 339, 
1239802, 347, 342, 340, 340, 
1239834, 350, 342, 339, 338, 
1239867, 348, 341, 340, 338, 
1239899, 347, 341, 339, 338, 
1239931, 346, 340, 339, 338, 
1239963, 344, 339, 340, 338, 
1239996, 344, 338, 340, 339, 
1240028, 341, 338, 340, 337, 
1240059, 340, 337, 339, 338, 
1240092, 340, 337, 340, 338, 
1240124, 339, 336, 340, 338, 
1240157, 338, 338, 339, 338, 
1240188, 337, 337, 340, 339, 
1240221, 337, 338, 339, 339, 
1240253, 337, 337, 338, 339, 
1240286, 336, 338, 338, 339, 
1240317, 336, 337, 339, 338, 
1240350, 335, 338, 338, 338, 
1240382, 334, 338, 338, 338, 
1240415, 336, 337, 338, 338, 
1240446, 337, 335, 339, 338, 
1240479, 316, 336, 336, 335, 
1240511, 333, 338, 337, 337, 
1240544, 336, 336, 338, 337, 
1240576, 336, 335, 338, 338, 
1240608, 336, 335, 339, 338, 
1240640, 333, 336, 339, 338, 
1240673, 329, 332, 339, 339, 
1240705, 324, 331, 340, 340, 
1240737, 322, 331, 339, 339, 
1240769, 326, 333, 336, 338, 
1240802, 340, 340, 340, 339, 
1240834, 348, 343, 341, 339, 
1240866, 351, 343, 340, 339, 
1240898, 350, 343, 339, 338, 
1240931, 348, 342, 341, 339, 
1240963, 346, 341, 339, 338, 
1240995, 345, 340, 339, 339, 
1241027, 343, 340, 340, 338, 
1241059, 342, 339, 339, 338, 
1241092, 341, 339, 340, 339, 
1241123, 341, 338, 339, 338, 
1241156, 340, 337, 339, 339, 
1241188, 338, 338, 339, 339, 
1241221, 338, 338, 338, 339, 
1241252, 337, 338, 338, 339, 
1241285, 338, 338, 338, 340, 
1241317, 337, 339, 339, 339, 
1241350, 336, 338, 338, 340, 
1241381, 335, 338, 338, 338, 
1241414, 333, 338, 338, 340, 
1241446, 335, 338, 338, 339, 
1241479, 337, 338, 338, 339, 
1241510, 332, 332, 336, 338, 
1241543, 318, 340, 335, 335, 
1241575, 334, 339, 336, 338, 
1241608, 337, 336, 337, 338, 
1241639, 337, 337, 336, 339, 
1241672, 336, 336, 338, 340, 
1241704, 333, 334, 338, 340, 
1241737, 329, 332, 339, 339, 
1241768, 323, 330, 337, 339, 
1241801, 322, 332, 339, 339, 
1241833, 331, 336, 338, 339, 
1241866, 343, 341, 338, 339, 
1241897, 349, 343, 338, 340, 
1241930, 351, 343, 338, 339, 
1241962, 349, 343, 339, 340, 
1241995, 348, 342, 338, 339, 
1242027, 345, 341, 338, 339, 
1242059, 345, 340, 337, 337, 
1242091, 342, 339, 338, 338, 
1242123, 341, 339, 337, 338, 
1242156, 340, 340, 338, 339, 
1242187, 339, 338, 338, 339, 
1242220, 339, 338, 338, 339, 
1242252, 339, 338, 337, 338, 
1242285, 338, 339, 338, 339, 
1242316, 339, 338, 337, 339, 
1242349, 337, 338, 337, 339, 
1242381, 337, 337, 337, 339, 
1242414, 337, 337, 338, 338, 
1242445, 335, 337, 336, 337, 
1242478, 333, 338, 336, 337, 
1242510, 336, 337, 336, 337, 
1242543, 337, 337, 336, 337, 
1242574, 322, 329, 337, 337, 
1242607, 324, 341, 336, 335, 
1242639, 335, 337, 336, 337, 
1242672, 337, 335, 337, 337, 
1242703, 336, 334, 338, 340, 
1242736, 335, 334, 338, 339, 
1242768, 331, 333, 339, 339, 
1242801, 327, 331, 338, 339, 
1242832, 321, 330, 339, 339, 
1242865, 323, 332, 340, 340, 
1242897, 335, 337, 339, 339, 
1242930, 345, 341, 339, 339, 
1242961, 350, 343, 339, 339, 
1242994, 351, 343, 339, 339, 
1243026, 349, 342, 339, 340, 
1243059, 347, 341, 338, 338, 
1243090, 345, 340, 339, 339, 
1243122, 344, 340, 338, 339, 
1243155, 343, 339, 339, 339, 
1243187, 342, 339, 338, 338, 
1243219, 340, 338, 339, 338, 
1243251, 340, 338, 338, 338, 
1243284, 338, 338, 338, 338, 
1243316, 339, 338, 339, 338, 
1243348, 338, 337, 338, 338, 
1243380, 338, 338, 338, 338, 
1243413, 336, 337, 338, 338, 
1243445, 334, 338, 338, 340, 
1243478, 336, 337, 338, 338, 
1243509, 338, 337, 339, 339, 
1243542, 327, 330, 338, 339, 
1243574, 323, 340, 336, 337, 
1243607, 336, 338, 338, 341, 
1243638, 337, 336, 338, 341, 
1243671, 337, 337, 339, 343, 
1243703, 335, 335, 339, 344, 
1243736, 332, 335, 338, 344, 
1243767, 328, 333, 339, 345, 
1243800, 323, 332, 339, 345, 
1243832, 324, 335, 339, 346, 
1243865, 334, 340, 339, 344, 
1243896, 345, 344, 340, 347, 
1243929, 350, 346, 339, 347, 
1243961, 351, 346, 340, 351, 
1243994, 349, 346, 340, 352, 
1244025, 346, 345, 340, 355, 
1244058, 346, 345, 340, 357, 
1244090, 344, 344, 339, 358, 
1244123, 341, 344, 339, 359, 
1244154, 340, 344, 339, 362, 
1244186, 339, 343, 339, 365, 
1244219, 338, 343, 339, 367, 
1244251, 337, 342, 339, 372, 
1244283, 336, 342, 339, 375, 
1244315, 335, 342, 338, 380, 
1244348, 333, 341, 339, 384, 
1244380, 334, 339, 337, 387, 
1244412, 336, 339, 338, 388, 
1244444, 336, 338, 337, 389, 
1244477, 318, 330, 335, 387, 
1244509, 329, 339, 336, 386, 
1244541, 336, 336, 338, 386, 
1244573, 337, 336, 347, 388, 
1244606, 336, 333, 354, 386, 
1244638, 335, 335, 353, 386, 
1244670, 331, 330, 351, 384, 
1244702, 326, 331, 348, 384, 
1244735, 322, 331, 342, 385, 
1244767, 326, 338, 339, 386, 
1244800, 338, 345, 336, 384, 
1244831, 345, 351, 335, 382, 
1244864, 348, 349, 332, 379, 
1244896, 348, 347, 331, 376, 
1244929, 346, 342, 331, 371, 
1244960, 345, 338, 329, 366, 
1244993, 343, 337, 330, 360, 
1245025, 344, 336, 329, 355, 
1245058, 342, 338, 330, 351, 
1245089, 342, 339, 331, 349, 
1245122, 341, 338, 332, 345, 
1245154, 341, 338, 333, 344, 
1245186, 340, 337, 332, 342, 
1245218, 340, 337, 333, 341, 
1245250, 340, 339, 332, 340, 
1245283, 339, 338, 334, 338, 
1245315, 338, 339, 334, 335, 
1245347, 337, 336, 333, 332, 
1245379, 339, 337, 334, 330, 
1245412, 339, 336, 335, 329, 
1245444, 336, 331, 335, 325, 
1245476, 320, 336, 332, 320, 
1245508, 336, 337, 335, 320, 
1245541, 339, 335, 335, 319, 
1245573, 338, 334, 337, 318, 
1245605, 337, 333, 337, 316, 
1245637, 335, 333, 337, 315, 
1245670, 331, 329, 337, 312, 
1245702, 325, 327, 337, 311, 
1245734, 323, 329, 338, 311, 
1245766, 331, 333, 338, 311, 
1245799, 342, 339, 339, 312, 
1245831, 348, 343, 339, 312, 
1245863, 349, 342, 339, 314, 
1245895, 349, 342, 339, 314, 
1245928, 347, 340, 339, 315, 
1245960, 345, 340, 340, 315, 
1245992, 344, 339, 340, 316, 
1246024, 342, 340, 340, 318, 
1246057, 342, 337, 341, 317, 
1246089, 342, 338, 340, 321, 
1246121, 340, 338, 339, 323, 
1246153, 339, 338, 339, 325, 
1246186, 339, 337, 339, 324, 
1246218, 338, 337, 340, 324, 
1246249, 338, 336, 339, 323, 
1246282, 337, 337, 340, 321, 
1246314, 338, 335, 339, 320, 
1246347, 336, 336, 339, 320, 
1246379, 334, 336, 339, 319, 
1246411, 334, 334, 339, 319, 
1246443, 336, 335, 340, 319, 
1246476, 336, 333, 339, 320, 
1246508, 315, 329, 337, 317, 
1246540, 332, 333, 338, 318, 
1246572, 336, 331, 338, 320, 
1246605, 337, 330, 338, 319, 
1246637, 337, 330, 340, 321, 
1246669, 334, 330, 340, 321, 
1246701, 329, 329, 339, 321, 
1246734, 324, 327, 340, 321, 
1246766, 322, 326, 339, 321, 
1246798, 327, 333, 340, 322, 
1246830, 339, 340, 340, 321, 
1246863, 348, 343, 340, 322, 
1246895, 349, 344, 340, 321, 
1246927, 348, 344, 341, 323, 
1246959, 346, 343, 340, 323, 
1246992, 344, 341, 340, 325, 
1247024, 343, 341, 340, 324, 
1247056, 342, 341, 339, 323, 
1247088, 341, 340, 339, 324, 
1247121, 341, 340, 339, 326, 
1247153, 339, 340, 340, 325, 
1247185, 339, 340, 339, 327, 
1247217, 338, 340, 339, 327, 
1247249, 338, 338, 339, 327, 
1247282, 338, 339, 340, 328, 
1247313, 336, 338, 340, 328, 
1247346, 336, 338, 339, 327, 
1247378, 335, 338, 338, 328, 
1247411, 337, 337, 339, 328, 
1247442, 337, 336, 338, 328, 
1247475, 317, 332, 336, 325, 
1247507, 333, 337, 337, 326, 
1247540, 337, 337, 338, 328, 
1247571, 337, 337, 339, 328, 
1247604, 336, 334, 339, 329, 
1247636, 334, 335, 340, 329, 
1247669, 330, 333, 339, 330, 
1247700, 325, 330, 339, 329, 
1247733, 323, 330, 339, 330, 
1247765, 328, 335, 339, 330, 
1247798, 339, 341, 339, 331, 
1247830, 347, 343, 339, 331, 
1247862, 349, 345, 340, 332, 
1247894, 349, 344, 339, 331, 
1247927, 347, 344, 339, 332, 
1247959, 344, 342, 339, 333, 
1247991, 344, 340, 339, 334, 
1248023, 344, 341, 339, 333, 
1248056, 342, 340, 339, 334, 
1248088, 340, 339, 339, 334, 
1248120, 340, 339, 339, 334, 
1248152, 339, 338, 339, 334, 
1248185, 339, 339, 339, 334, 
1248217, 338, 339, 339, 335, 
1248249, 338, 338, 339, 334, 
1248281, 337, 338, 339, 335, 
1248313, 337, 337, 338, 334, 
1248346, 334, 338, 338, 333, 
1248377, 335, 337, 338, 334, 
1248410, 337, 337, 338, 334, 
1248442, 335, 335, 338, 334, 
1248475, 317, 335, 336, 331, 
1248506, 333, 338, 338, 334, 
1248539, 336, 338, 338, 335, 
1248571, 337, 335, 340, 336, 
1248604, 335, 335, 339, 336, 
1248635, 333, 333, 339, 335, 
1248668, 330, 332, 338, 336, 
1248700, 325, 329, 339, 336, 
1248733, 323, 332, 338, 335, 
1248764, 329, 334, 339, 337, 
1248797, 340, 340, 338, 336, 
1248829, 347, 343, 339, 337, 
1248862, 349, 344, 339, 337, 
1248893, 348, 343, 339, 337, 
1248926, 347, 342, 339, 338, 
1248958, 345, 341, 338, 337, 
1248991, 345, 341, 339, 338, 
1249022, 342, 339, 340, 339, 
1249055, 342, 339, 339, 337, 
1249087, 340, 339, 339, 336, 
1249120, 339, 338, 338, 337, 
1249152, 339, 338, 338, 338, 
1249184, 338, 338, 338, 338, 
1249216, 337, 338, 339, 336, 
1249249, 337, 338, 336, 335, 
1249281, 336, 337, 338, 334, 
1249312, 337, 338, 338, 332, 
1249345, 335, 336, 338, 334, 
1249377, 333, 338, 338, 333, 
1249410, 335, 336, 338, 335, 
1249441, 336, 336, 338, 336, 
1249474, 336, 335, 338, 336, 
1249506, 316, 332, 337, 333, 
1249539, 332, 337, 337, 335, 
1249570, 336, 336, 336, 335, 
1249603, 337, 335, 339, 335, 
1249635, 337, 334, 339, 336, 
1249668, 334, 333, 340, 335, 
1249699, 330, 331, 340, 335, 
1249732, 325, 328, 338, 336, 
1249764, 322, 328, 338, 336, 
1249797, 329, 334, 337, 336, 
1249828, 339, 339, 338, 335, 
1249861, 346, 342, 338, 336, 
1249893, 349, 345, 339, 336, 
1249926, 348, 343, 339, 336, 
1249957, 346, 343, 338, 338, 
1249990, 345, 343, 338, 337, 
1250022, 343, 342, 338, 339, 
1250055, 341, 339, 338, 339, 
1250086, 341, 339, 339, 339, 
1250119, 340, 339, 340, 339, 
1250151, 339, 338, 338, 339, 
1250184, 338, 338, 338, 339, 
1250215, 338, 338, 338, 339, 
1250248, 338, 337, 338, 339, 
1250280, 337, 338, 339, 341, 
1250313, 336, 337, 338, 342, 
1250344, 335, 336, 337, 344, 
1250376, 334, 337, 338, 345, 
1250409, 335, 338, 339, 347, 
1250441, 337, 339, 338, 348, 
1250473, 332, 331, 338, 347, 
1250505, 320, 336, 334, 345, 
1250538, 336, 338, 336, 346, 
1250570, 338, 336, 337, 347, 
1250603, 338, 335, 338, 344, 
1250634, 338, 334, 338, 340, 
1250667, 335, 332, 337, 334, 
1250699, 331, 331, 337, 330, 
1250732, 327, 329, 337, 324, 
1250763, 326, 330, 336, 324, 
1250796, 335, 336, 337, 320, 
1250828, 345, 341, 337, 322, 
1250861, 349, 344, 337, 319, 
1250892, 351, 345, 339, 321, 
1250925, 349, 344, 338, 318, 
1250957, 347, 343, 338, 320, 
1250990, 344, 343, 338, 320, 
1251021, 343, 342, 339, 318, 
1251054, 341, 341, 338, 320, 
1251086, 340, 340, 338, 317, 
1251119, 339, 340, 338, 322, 
1251150, 339, 339, 339, 320, 
1251183, 337, 340, 338, 324, 
1251215, 337, 339, 337, 328, 
1251248, 337, 340, 337, 330, 
1251279, 335, 340, 335, 330, 
1251312, 336, 339, 337, 332, 
1251344, 335, 340, 338, 333, 
1251376, 333, 339, 337, 335, 
1251408, 332, 340, 338, 337, 
1251440, 335, 340, 339, 338, 
1251473, 336, 340, 339, 339, 
1251505, 322, 332, 338, 339, 
1251537, 324, 343, 337, 340, 
1251569, 333, 339, 338, 341, 
1251602, 336, 337, 339, 343, 
1251634, 336, 335, 339, 344, 
1251666, 334, 336, 339, 344, 
1251698, 331, 334, 339, 344, 
1251731, 326, 332, 339, 343, 
1251763, 322, 330, 339, 344, 
1251795, 322, 332, 339, 342, 
1251827, 333, 337, 339, 343, 
1251860, 344, 340, 339, 342, 
1251892, 348, 341, 340, 341, 
1251924, 349, 343, 339, 342, 
1251956, 348, 341, 339, 341, 
1251989, 346, 340, 339, 341, 
1252021, 343, 340, 339, 341, 
1252054, 343, 339, 338, 341, 
1252085, 342, 338, 339, 340, 
1252118, 341, 338, 339, 340, 
1252150, 340, 338, 339, 340, 
1252183, 339, 338, 339, 340, 
1252214, 339, 338, 338, 339, 
1252247, 339, 337, 339, 339, 
1252279, 338, 338, 339, 339, 
1252312, 337, 337, 339, 338, 
1252343, 337, 337, 339, 338, 
1252376, 337, 337, 338, 337, 
1252408, 335, 337, 340, 335, 
1252440, 335, 336, 338, 335, 
1252472, 337, 337, 339, 334, 
1252504, 335, 332, 337, 334, 
1252537, 317, 337, 336, 331, 
1252569, 335, 337, 337, 333, 
1252601, 337, 334, 337, 334, 
1252633, 338, 335, 339, 335, 
1252666, 337, 334, 338, 335, 
1252698, 333, 333, 339, 336, 
1252730, 329, 331, 340, 335, 
1252762, 323, 330, 339, 334, 
1252795, 321, 331, 339, 334, 
1252827, 331, 336, 340, 335, 
1252859, 342, 341, 340, 335, 
1252891, 349, 343, 340, 335, 
1252924, 352, 344, 341, 332, 
1252956, 350, 343, 339, 334, 
1252988, 348, 343, 340, 336, 
1253020, 347, 342, 340, 335, 
1253053, 345, 340, 340, 336, 
1253085, 343, 340, 339, 336, 
1253117, 342, 339, 340, 335, 
1253149, 341, 338, 339, 336, 
1253182, 340, 339, 339, 336, 
1253214, 339, 338, 339, 335, 
1253246, 338, 337, 339, 335, 
1253278, 337, 337, 339, 335, 
1253311, 337, 337, 339, 335, 
1253343, 337, 337, 340, 336, 
1253376, 335, 336, 338, 336, 
1253407, 333, 337, 338, 336, 
1253439, 334, 337, 338, 335, 
1253472, 336, 338, 338, 337, 
1253504, 335, 334, 339, 336, 
1253536, 316, 334, 336, 333, 
1253568, 334, 335, 337, 336, 
1253601, 337, 334, 338, 336, 
1253633, 336, 334, 339, 337, 
1253665, 335, 334, 338, 337, 
1253697, 333, 334, 339, 339, 
1253730, 329, 331, 339, 339, 
1253762, 324, 330, 338, 338, 
1253794, 322, 330, 340, 338, 
1253826, 329, 335, 339, 338, 
1253859, 340, 341, 339, 339, 
1253891, 348, 344, 340, 339, 
1253923, 351, 344, 339, 339, 
1253955, 349, 344, 340, 339, 
1253988, 348, 343, 339, 339, 
1254020, 346, 342, 340, 339, 
1254052, 344, 341, 339, 339, 
1254084, 343, 340, 339, 339, 
1254117, 341, 339, 340, 340, 
1254149, 340, 340, 339, 340, 
1254181, 340, 339, 338, 340, 
1254213, 341, 339, 339, 341, 
1254246, 339, 338, 339, 341, 
1254278, 337, 339, 338, 341, 
1254310, 336, 339, 339, 342, 
1254342, 336, 337, 338, 343, 
1254375, 338, 337, 338, 342, 
1254407, 336, 334, 338, 342, 
1254439, 317, 336, 336, 338, 
1254471, 334, 337, 337, 342, 
1254503, 337, 336, 338, 341, 
1254536, 337, 335, 338, 342, 
1254567, 336, 335, 338, 343, 
1254600, 333, 334, 338, 343, 
1254632, 329, 332, 339, 343, 
1254665, 324, 331, 338, 342, 
1254696, 322, 331, 339, 342, 
1254729, 330, 336, 338, 343, 
1254761, 342, 341, 339, 343, 
1254794, 349, 343, 338, 344, 
1254825, 350, 343, 338, 343, 
1254858, 349, 343, 339, 343, 
1254890, 347, 342, 338, 343, 
1254923, 346, 341, 339, 343, 
1254955, 344, 340, 338, 343, 
1254987, 343, 340, 338, 343, 
1255019, 342, 339, 338, 343, 
1255052, 341, 339, 339, 344, 
1255084, 340, 339, 338, 343, 
1255116, 340, 339, 337, 343, 
1255148, 338, 338, 338, 342, 
1255181, 338, 338, 338, 343, 
1255213, 337, 338, 338, 343, 
1255245, 338, 338, 338, 342, 
1255277, 335, 339, 338, 342, 
1255310, 335, 337, 338, 341, 
1255342, 337, 337, 339, 341, 
1255374, 337, 336, 338, 341, 
1255406, 316, 333, 336, 338, 
1255439, 331, 339, 337, 339, 
1255471, 336, 336, 338, 340, 
1255502, 337, 335, 338, 341, 
1255535, 336, 335, 338, 340, 
1255567, 335, 334, 338, 340, 
1255600, 331, 333, 338, 340, 
1255631, 325, 331, 338, 340, 
1255664, 323, 330, 338, 340, 
1255696, 328, 334, 338, 340, 
1255729, 339, 341, 339, 340, 
1255760, 346, 343, 338, 340, 
1255793, 349, 343, 338, 341, 
1255825, 349, 343, 338, 341, 
1255858, 348, 342, 338, 340, 
1255889, 346, 342, 338, 340, 
1255922, 345, 340, 339, 341, 
1255954, 343, 340, 338, 340, 
1255987, 342, 340, 338, 340, 
1256018, 341, 339, 338, 340, 
1256051, 340, 339, 338, 340, 
1256083, 339, 338, 339, 340, 
1256116, 338, 337, 338, 340, 
1256147, 338, 338, 339, 339, 
1256180, 338, 337, 338, 340, 
1256212, 337, 337, 337, 339, 
1256245, 336, 337, 337, 339, 
1256276, 335, 338, 337, 338, 
1256309, 334, 337, 337, 340, 
1256341, 336, 338, 337, 339, 
1256374, 337, 337, 337, 339, 
1256406, 320, 329, 336, 338, 
1256438, 327, 338, 336, 336, 
1256470, 335, 336, 337, 339, 
1256503, 336, 336, 337, 338, 
1256535, 337, 336, 339, 340, 
1256566, 334, 334, 338, 340, 
1256599, 331, 333, 337, 341, 
1256631, 326, 332, 338, 339, 
1256664, 323, 330, 337, 339, 
1256695, 325, 333, 338, 339, 
1256728, 336, 339, 338, 339, 
1256760, 345, 343, 338, 339, 
1256793, 352, 343, 338, 340, 
1256824, 351, 343, 338, 339, 
1256857, 347, 343, 338, 339, 
1256889, 347, 341, 338, 339, 
1256922, 346, 340, 338, 339, 
1256953, 343, 340, 338, 339, 
1256986, 342, 340, 338, 340, 
1257018, 341, 339, 338, 339, 
1257051, 342, 339, 339, 340, 
1257082, 339, 337, 338, 339, 
1257115, 339, 339, 338, 340, 
1257147, 338, 338, 338, 340, 
1257180, 337, 338, 338, 338, 
1257211, 335, 339, 338, 339, 
1257244, 335, 337, 338, 339, 
1257276, 337, 339, 338, 339, 
1257309, 336, 335, 337, 338, 
1257340, 317, 335, 337, 336, 
1257373, 333, 337, 337, 337, 
1257405, 337, 336, 339, 339, 
1257438, 337, 335, 338, 340, 
1257469, 336, 335, 338, 339, 
1257502, 333, 335, 338, 339, 
1257534, 329, 333, 338, 339, 
1257566, 324, 331, 339, 340, 
1257598, 322, 332, 339, 340, 
1257630, 329, 335, 339, 339, 
1257663, 341, 340, 339, 341, 
1257695, 347, 344, 339, 339, 
1257728, 350, 343, 338, 339, 
1257759, 350, 343, 338, 338, 
1257792, 348, 341, 339, 339, 
1257824, 345, 340, 338, 338, 
1257857, 343, 341, 338, 339, 
1257888, 342, 341, 339, 339, 
1257921, 341, 339, 338, 339, 
1257953, 340, 339, 339, 339, 
1257986, 340, 338, 338, 338, 
1258017, 338, 339, 338, 339, 
1258050, 339, 338, 338, 338, 
