37, 341, 1016, 
2044345, 334, 335, 339, 1016, 
2044379, 329, 333, 340, 1016, 
2044411, 324, 331, 340, 1016, 
2044445, 337, 337, 341, 1016, 
2044345, 334, 335, 339, 1016, 
2044379, 329, 333, 340, 1016, 
2044411, 324, 331, 340, 1016, 
2044445, 3	???b???b????bj
2044478, 339, 341, 340, 1016, 
2044512, 349, 346, 340, 1016, 
2044545, 354, 348, 341, 1016, 
2044578, 352, 347, 341, 1, 
2044608, 350, 345, 340, 1, 
2044638, 349, 345, 340, 1, 
2044668, 347, 343, 340, 1, 
2044698, 347, 343, 340, 1, 
2044729, 346, 342, 339, 2, 
2044759, 344, 341, 339, 1, 
2044789, 342, 341, 339, 1, 
2044819, 342, 340, 339, 1, 
2044850, 341, 340, 337, 1, 
2044879, 340, 341, 340, 1, 
2044910, 340, 340, 338, 0, 
2044940, 339, 339, 339, 1, 
2044969, 340, 339, 340, 1, 
2045000, 339, 339, 339, 1, 
2045030, 339, 339, 340, 0, 
2045061, 339, 339, 339, 1, 
2045090, 337, 338, 339, 1, 
2045121, 336, 337, 339, 1, 
2045151, 335, 337, 339, 1, 
2045181, 337, 338, 339, 1, 
2045211, 337, 339, 340, 1, 
2045242, 329, 330, 339, 1, 
2045272, 321, 337, 336, 1, 
2045301, 338, 338, 339, 1, 
2045332, 339, 337, 340, 1, 
2045362, 339, 338, 340, 0, 
2045392, 337, 338, 341, 1, 
2045422, 335, 338, 342, 3, 
2045453, 332, 335, 341, 1, 
2045483, 327, 332, 341, 1, 
2045513, 323, 332, 340, 0, 
2045543, 328, 335, 339, 2, 
2045574, 338, 343, 341, 1, 
2045603, 347, 347, 341, 1, 
2045633, 352, 348, 341, 1, 
2045664, 352, 348, 341, 7, 
2045693, 350, 346, 341, 14, 
2045725, 349, 345, 342, 24, 
2045756, 347, 344, 341, 29, 
2045788, 345, 344, 341, 32, 
2045818, 344, 342, 341, 34, 
2045850, 343, 341, 340, 36, 
2045881, 342, 342, 341, 38, 
2045913, 341, 341, 341, 38, 
2045943, 341, 341, 339, 41, 
2045975, 340, 341, 340, 45, 
2046006, 340, 341, 341, 48, 
2046038, 339, 339, 342, 54, 
2046068, 339, 339, 343, 58, 
2046099, 339, 339, 344, 63, 
2046131, 338, 339, 345, 73, 
2046161, 337, 339, 345, 85, 
2046193, 335, 339, 345, 95, 
2046224, 337, 339, 344, 100, 
2046257, 338, 338, 342, 106, 
2046288, 328, 330, 341, 108, 
2046321, 322, 339, 339, 107, 
2046353, 336, 338, 340, 113, 
2046386, 338, 338, 342, 119, 
2046417, 341, 336, 342, 126, 
2046450, 339, 336, 342, 133, 
2046482, 336, 335, 342, 142, 
2046515, 330, 332, 343, 156, 
2046546, 325, 330, 342, 176, 
2046579, 326, 332, 342, 180, 
2046611, 336, 338, 341, 153, 
2046644, 346, 343, 342, 160, 
2046675, 351, 347, 342, 197, 
2046708, 353, 346, 341, 204, 
2046740, 351, 345, 340, 194, 
2046773, 350, 345, 341, 182, 
2046804, 346, 344, 339, 173, 
2046837, 346, 342, 340, 169, 
2046869, 344, 342, 338, 171, 
2046901, 343, 341, 338, 173, 
2046934, 343, 341, 338, 175, 
2046965, 341, 340, 339, 167, 
2046998, 339, 339, 336, 120, 
2047030, 341, 340, 336, 90, 
2047062, 338, 339, 338, 107, 
2047093, 339, 340, 339, 131, 
2047126, 339, 339, 340, 163, 
2047158, 338, 340, 340, 196, 
2047191, 337, 339, 340, 227, 
2047222, 336, 339, 338, 253, 
2047255, 336, 340, 339, 287, 
2047287, 337, 339, 338, 301, 
2047320, 339, 340, 339, 272, 
2047351, 328, 330, 334, 242, 
2047384, 321, 339, 335, 220, 
2047416, 336, 339, 334, 210, 
2047449, 337, 337, 337, 207, 
2047480, 336, 336, 336, 207, 
2047513, 338, 336, 339, 211, 
2047545, 334, 335, 339, 215, 
2047578, 330, 333, 339, 220, 
2047609, 326, 331, 341, 227, 
2047642, 323, 332, 339, 234, 
2047674, 334, 338, 339, 243, 
2047707, 346, 344, 341, 255, 
2047738, 352, 346, 340, 262, 
2047771, 353, 346, 341, 269, 
2047803, 350, 345, 341, 277, 
2047836, 351, 344, 343, 282, 
2047867, 346, 342, 341, 282, 
2047899, 347, 343, 343, 287, 
2047932, 343, 341, 341, 297, 
2047964, 345, 343, 342, 298, 
2047996, 344, 342, 341, 283, 
2048028, 342, 341, 341, 263, 
2048061, 342, 340, 339, 242, 
2048093, 341, 342, 339, 236, 
2048125, 340, 340, 339, 241, 
2048157, 340, 339, 339, 247, 
2048190, 341, 340, 339, 249, 
2048222, 340, 340, 338, 249, 
2048254, 338, 339, 339, 250, 
2048286, 336, 340, 339, 249, 
2048319, 336, 338, 339, 250, 
2048351, 338, 340, 338, 251, 
2048384, 338, 338, 339, 253, 
2048415, 317, 334, 336, 250, 
2048448, 335, 339, 338, 255, 
2048480, 340, 339, 341, 259, 
2048513, 340, 339, 341, 262, 
2048544, 338, 337, 343, 265, 
2048577, 336, 337, 341, 268, 
2048609, 332, 335, 341, 271, 
2048642, 327, 333, 339, 273, 
2048673, 324, 332, 339, 275, 
2048706, 331, 336, 340, 276, 
2048738, 342, 342, 341, 280, 
2048771, 351, 347, 341, 283, 
2048802, 353, 347, 342, 285, 
2048835, 353, 347, 342, 288, 
2048867, 351, 346, 341, 289, 
2048900, 347, 343, 340, 290, 
2048931, 344, 343, 341, 291, 
2048963, 344, 342, 340, 293, 
2048996, 343, 341, 340, 294, 
2049028, 342, 341, 339, 295, 
2049060, 341, 341, 340, 296, 
2049092, 340, 341, 340, 298, 
2049125, 341, 340, 341, 298, 
2049157, 338, 339, 339, 299, 
2049189, 340, 340, 340, 300, 
2049221, 338, 339, 339, 301, 
2049254, 338, 339, 340, 303, 
2049286, 336, 338, 338, 304, 
2049318, 334, 338, 338, 306, 
2049350, 335, 338, 340, 308, 
2049383, 338, 339, 339, 309, 
2049415, 336, 335, 338, 310, 
2049447, 317, 337, 336, 309, 
2049479, 333, 339, 337, 312, 
2049512, 339, 339, 340, 314, 
2049544, 338, 336, 341, 317, 
2049576, 338, 336, 341, 318, 
2049608, 334, 335, 338, 318, 
2049641, 332, 333, 340, 319, 
2049673, 324, 330, 338, 318, 
2049705, 326, 332, 340, 319, 
2049737, 330, 337, 340, 322, 
2049770, 344, 342, 342, 323, 
2049802, 350, 346, 341, 324, 
2049835, 351, 346, 342, 324, 
2049866, 352, 346, 342, 325, 
2049899, 350, 344, 343, 326, 
2049931, 347, 343, 341, 326, 
2049963, 346, 342, 340, 325, 
2049995, 343, 341, 341, 324, 
2050027, 342, 340, 338, 324, 
2050060, 340, 340, 338, 325, 
2050092, 342, 339, 341, 326, 
2050124, 340, 341, 342, 329, 
2050156, 340, 340, 341, 328, 
2050189, 341, 341, 341, 326, 
2050221, 341, 341, 340, 326, 
2050253, 340, 341, 340, 326, 
2050285, 339, 341, 339, 327, 
2050318, 339, 341, 340, 327, 
2050350, 338, 340, 340, 327, 
2050382, 336, 339, 339, 325, 
2050414, 336, 338, 339, 325, 
2050447, 339, 339, 339, 325, 
2050479, 339, 339, 340, 326, 
2050511, 317, 334, 338, 324, 
2050543, 333, 342, 339, 324, 
2050576, 338, 340, 340, 324, 
2050608, 340, 339, 340, 326, 
2050640, 339, 339, 340, 328, 
2050672, 337, 338, 339, 328, 
2050705, 333, 336, 339, 330, 
2050737, 327, 333, 339, 328, 
2050769, 324, 332, 337, 327, 
2050801, 328, 336, 338, 326, 
2050834, 339, 342, 338, 326, 
2050866, 347, 345, 335, 330, 
2050898, 350, 349, 336, 336, 
2050930, 350, 351, 333, 349, 
2050963, 350, 353, 332, 362, 
2050995, 346, 351, 331, 365, 
2051026, 344, 348, 331, 363, 
2051059, 343, 349, 333, 362, 
2051091, 342, 345, 334, 357, 
2051124, 340, 343, 334, 350, 
2051155, 340, 342, 335, 344, 
2051188, 340, 342, 338, 339, 
2051220, 337, 339, 336, 335, 
2051253, 336, 337, 336, 333, 
2051284, 335, 336, 336, 330, 
2051317, 332, 336, 333, 329, 
2051349, 336, 336, 343, 327, 
2051382, 340, 339, 347, 323, 
2051414, 340, 338, 346, 321, 
2051446, 338, 336, 341, 319, 
2051478, 337, 332, 340, 317, 
2051511, 320, 328, 341, 317, 
2051543, 334, 336, 344, 316, 
2051575, 341, 335, 346, 317, 
2051607, 345, 336, 349, 318, 
2051640, 343, 333, 348, 319, 
2051672, 340, 332, 347, 318, 
2051704, 334, 329, 345, 318, 
2051736, 327, 325, 344, 318, 
2051769, 326, 325, 345, 321, 
2051801, 332, 330, 347, 321, 
2051833, 341, 336, 346, 322, 
2051865, 347, 339, 344, 323, 
2051898, 349, 341, 343, 324, 
2051930, 351, 341, 343, 324, 
2051962, 347, 341, 339, 326, 
2051994, 349, 342, 344, 328, 
2052026, 343, 340, 340, 330, 
2052059, 348, 342, 344, 333, 
2052090, 345, 342, 343, 335, 
2052123, 344, 341, 342, 337, 
2052155, 343, 340, 342, 335, 
2052188, 343, 341, 341, 334, 
2052219, 341, 339, 341, 333, 
2052252, 341, 339, 341, 333, 
2052284, 340, 339, 341, 332, 
2052317, 340, 340, 340, 331, 
2052348, 340, 338, 341, 330, 
2052381, 339, 338, 340, 330, 
2052413, 337, 338, 340, 329, 
2052446, 337, 339, 340, 330, 
2052477, 339, 339, 339, 331, 
2052510, 340, 339, 339, 330, 
2052542, 324, 330, 338, 330, 
2052575, 328, 341, 337, 328, 
2052606, 337, 339, 339, 330, 
2052639, 338, 338, 339, 332, 
2052671, 338, 337, 340, 332, 
2052704, 337, 336, 339, 333, 
2052736, 332, 335, 339, 333, 
2052768, 328, 332, 339, 334, 
2052800, 323, 331, 339, 334, 
2052833, 325, 334, 340, 334, 
2052865, 337, 340, 340, 334, 
2052897, 347, 345, 341, 335, 
2052929, 351, 347, 341, 334, 
2052962, 351, 346, 341, 335, 
2052994, 350, 344, 341, 335, 
2053026, 348, 344, 341, 335, 
2053058, 346, 343, 340, 335, 
2053090, 345, 342, 342, 336, 
2053123, 343, 341, 340, 335, 
2053154, 342, 342, 341, 335, 
2053187, 341, 342, 340, 335, 
2053219, 341, 341, 340, 336, 
2053252, 340, 340, 339, 335, 
2053283, 340, 340, 339, 335, 
2053316, 339, 339, 339, 336, 
2053348, 339, 341, 339, 336, 
2053381, 338, 339, 340, 337, 
2053412, 338, 339, 339, 336, 
2053445, 338, 340, 339, 336, 
2053477, 336, 339, 339, 336, 
2053510, 335, 338, 341, 336, 
2053541, 337, 339, 340, 337, 
2053574, 338, 339, 341, 336, 
2053606, 334, 333, 339, 335, 
2053639, 317, 337, 337, 333, 
2053670, 336, 338, 339, 335, 
2053703, 339, 338, 340, 336, 
2053735, 339, 337, 341, 336, 
2053768, 338, 336, 340, 336, 
2053799, 334, 336, 340, 336, 
2053832, 330, 334, 340, 336, 
2053864, 325, 331, 339, 336, 
2053897, 325, 332, 339, 336, 
2053928, 331, 337, 340, 336, 
2053961, 343, 343, 341, 336, 
2053993, 350, 347, 342, 336, 
2054026, 352, 346, 342, 337, 
2054057, 352, 345, 341, 339, 
2054089, 348, 345, 340, 337, 
2054122, 346, 343, 341, 338, 
2054154, 345, 342, 342, 339, 
2054187, 343, 341, 340, 338, 
2054218, 342, 342, 339, 338, 
2054251, 343, 340, 340, 338, 
2054283, 342, 340, 341, 338, 
2054316, 340, 340, 340, 338, 
2054347, 340, 342, 340, 338, 
2054380, 339, 340, 340, 338, 
2054412, 339, 341, 340, 338, 
2054445, 338, 339, 340, 338, 
2054476, 336, 339, 340, 338, 
2054509, 335, 338, 339, 339, 
2054541, 338, 339, 340, 338, 
2054574, 339, 338, 338, 337, 
2054605, 317, 334, 336, 334, 
2054638, 334, 339, 339, 335, 
2054670, 338, 338, 339, 336, 
2054703, 339, 337, 339, 337, 
2054734, 337, 337, 340, 337, 
2054767, 335, 336, 339, 338, 
2054799, 332, 333, 340, 337, 
2054832, 325, 331, 338, 338, 
2054863, 323, 332, 340, 338, 
2054896, 331, 337, 342, 337, 
2054928, 340, 342, 340, 338, 
2054961, 348, 345, 340, 338, 
2054992, 351, 346, 343, 339, 
2055025, 350, 345, 342, 338, 
2055057, 348, 344, 341, 337, 
2055090, 347, 344, 341, 340, 
2055121, 344, 341, 340, 341, 
2055153, 344, 342, 342, 343, 
2055186, 344, 341, 343, 344, 
2055218, 341, 340, 339, 344, 
2055250, 342, 340, 342, 346, 
2055282, 341, 340, 342, 346, 
2055315, 340, 339, 341, 346, 
2055347, 340, 340, 342, 346, 
2055379, 339, 339, 342, 346, 
2055411, 340, 339, 341, 344, 
2055444, 338, 339, 341, 344, 
2055476, 339, 339, 340, 342, 
2055508, 337, 338, 339, 340, 
2055540, 336, 338, 339, 340, 
2055573, 336, 338, 339, 339, 
2055605, 339, 339, 339, 339, 
2055638, 337, 334, 339, 338, 
2055669, 316, 338, 336, 335, 
2055702, 336, 339, 338, 336, 
2055734, 338, 336, 339, 337, 
2055767, 339, 336, 339, 338, 
2055798, 337, 336, 340, 338, 
2055831, 334, 335, 340, 339, 
2055863, 330, 333, 339, 339, 
2055896, 325, 331, 338, 339, 
2055927, 323, 332, 339, 338, 
2055960, 331, 337, 339, 337, 
2055992, 343, 342, 340, 338, 
2056025, 349, 345, 342, 338, 
2056056, 352, 345, 342, 338, 
2056089, 351, 344, 340, 338, 
2056121, 348, 343, 341, 338, 
2056153, 346, 342, 340, 338, 
2056185, 346, 341, 340, 339, 
2056217, 344, 341, 340, 337, 
2056250, 343, 339, 339, 337, 
2056282, 342, 341, 340, 337, 
2056314, 341, 341, 340, 338, 
2056346, 340, 341, 340, 339, 
2056379, 340, 341, 340, 339, 
2056411, 339, 341, 340, 339, 
2056443, 340, 342, 340, 340, 
2056475, 338, 341, 341, 339, 
2056508, 339, 341, 340, 338, 
2056540, 337, 340, 340, 338, 
2056572, 337, 339, 341, 338, 
2056604, 336, 340, 339, 337, 
2056637, 338, 339, 341, 336, 
2056669, 336, 335, 339, 336, 
2056701, 317, 335, 335, 333, 
2056733, 335, 338, 337, 334, 
2056766, 339, 337, 339, 335, 
2056798, 338, 335, 338, 335, 
2056830, 338, 335, 339, 336, 
2056862, 334, 334, 339, 336, 
2056895, 331, 333, 339, 336, 
2056927, 326, 331, 338, 335, 
2056960, 324, 331, 338, 336, 
2056991, 331, 337, 339, 336, 
2057024, 342, 342, 340, 337, 
2057056, 349, 345, 341, 337, 
2057089, 352, 346, 341, 337, 
2057120, 351, 345, 341, 337, 
2057153, 348, 343, 340, 337, 
2057185, 347, 343, 340, 338, 
2057217, 345, 342, 339, 337, 
2057249, 345, 342, 339, 336, 
2057281, 343, 341, 339, 336, 
2057314, 342, 339, 339, 335, 
2057346, 341, 341, 339, 335, 
2057378, 340, 340, 339, 336, 
2057410, 339, 339, 338, 335, 
2057443, 339, 339, 339, 336, 
2057475, 339, 339, 339, 335, 
2057507, 338, 339, 339, 335, 
2057539, 338, 339, 339, 334, 
2057572, 338, 340, 339, 335, 
2057604, 338, 339, 339, 334, 
2057636, 336, 338, 338, 334, 
2057668, 335, 338, 339, 334, 
2057701, 338, 339, 339, 334, 
2057733, 339, 338, 339, 334, 
2057765, 317, 330, 336, 333, 
2057797, 330, 341, 337, 332, 
2057830, 337, 338, 338, 334, 
2057862, 339, 337, 339, 335, 
2057894, 338, 337, 339, 336, 
2057926, 336, 335, 339, 336, 
2057959, 332, 333, 339, 335, 
2057991, 327, 331, 339, 335, 
2058023, 325, 329, 339, 334, 
2058055, 328, 334, 339, 334, 
2058088, 339, 341, 340, 335, 
2058120, 348, 345, 341, 336, 
2058152, 351, 346, 341, 335, 
2058184, 351, 345, 341, 336, 
2058216, 349, 344, 340, 336, 
2058249, 346, 344, 341, 336, 
2058280, 345, 343, 341, 336, 
2058313, 343, 341, 340, 336, 
2058345, 342, 341, 340, 336, 
2058378, 341, 341, 341, 336, 
2058409, 340, 341, 340, 337, 
2058442, 339, 340, 339, 336, 
2058474, 339, 339, 339, 337, 
2058507, 340, 339, 340, 336, 
2058539, 338, 339, 340, 336, 
2058571, 339, 338, 340, 336, 
2058603, 337, 339, 340, 337, 
2058636, 338, 339, 340, 337, 
2058668, 338, 338, 339, 337, 
2058700, 337, 338, 339, 336, 
2058732, 335, 338, 339, 336, 
2058765, 336, 338, 339, 336, 
2058797, 337, 338, 340, 336, 
2058829, 339, 337, 340, 335, 
2058861, 318, 329, 337, 334, 
2058894, 330, 341, 338, 333, 
2058926, 337, 339, 338, 335, 
2058958, 339, 336, 339, 336, 
2058990, 338, 336, 339, 336, 
2059023, 336, 336, 340, 337, 
2059055, 332, 333, 339, 337, 
2059087, 328, 332, 339, 336, 
2059119, 323, 330, 338, 336, 
2059152, 327, 335, 339, 337, 
2059184, 338, 340, 340, 337, 
2059216, 348, 344, 340, 337, 
2059248, 351, 345, 340, 338, 
2059280, 351, 345, 340, 337, 
2059313, 350, 344, 340, 337, 
2059344, 348, 344, 340, 337, 
2059377, 346, 342, 340, 337, 
2059409, 345, 343, 340, 337, 
2059442, 343, 341, 340, 337, 
2059473, 342, 341, 340, 337, 
2059506, 341, 340, 340, 335, 
2059538, 341, 340, 339, 337, 
2059571, 340, 339, 339, 337, 
2059602, 340, 339, 338, 337, 
2059635, 339, 339, 339, 336, 
2059667, 340, 340, 340, 336, 
2059700, 338, 339, 339, 336, 
2059731, 338, 338, 339, 336, 
2059764, 338, 338, 339, 336, 
2059796, 337, 337, 340, 336, 
2059829, 335, 338, 339, 336, 
2059860, 335, 338, 339, 336, 
2059893, 338, 338, 340, 336, 
2059925, 338, 337, 339, 337, 
2059958, 317, 334, 336, 333, 
2059990, 334, 338, 337, 334, 
2060022, 339, 337, 339, 336, 
2060054, 339, 337, 340, 337, 
2060087, 338, 336, 339, 337, 
2060119, 335, 335, 340, 337, 
2060151, 332, 334, 339, 337, 
2060183, 327, 331, 339, 338, 
2060216, 323, 331, 340, 337, 
2060248, 329, 335, 339, 338, 
2060279, 340, 342, 339, 338, 
2060312, 349, 345, 340, 338, 
2060344, 352, 346, 340, 337, 
2060377, 352, 346, 340, 338, 
2060408, 349, 344, 340, 337, 
2060441, 347, 343, 340, 338, 
2060473, 345, 343, 340, 338, 
2060506, 344, 342, 340, 338, 
2060537, 344, 341, 340, 337, 
2060570, 342, 341, 340, 337, 
2060602, 341, 341, 340, 336, 
2060635, 341, 340, 340, 338, 
2060666, 340, 338, 339, 338, 
2060699, 340, 339, 340, 338, 
2060731, 339, 338, 339, 338, 
2060764, 338, 338, 339, 337, 
2060795, 338, 338, 339, 338, 
2060828, 336, 337, 339, 337, 
2060860, 336, 338, 339, 337, 
2060893, 335, 338, 339, 338, 
2060924, 338, 338, 339, 337, 
2060957, 337, 335, 339, 337, 
2060989, 316, 336, 336, 334, 
2061022, 334, 338, 337, 336, 
2061053, 334, 336, 338, 337, 
2061086, 338, 336, 338, 337, 
2061118, 336, 336, 337, 339, 
2061151, 332, 333, 336, 339, 
2061182, 333, 334, 340, 339, 
2061215, 328, 332, 338, 340, 
2061247, 326, 333, 338, 339, 
2061280, 330, 338, 337, 338, 
2061312, 344, 344, 339, 338, 
2061343, 348, 346, 339, 340, 
2061376, 353, 346, 340, 340, 
2061408, 351, 345, 340, 341, 
2061441, 347, 343, 339, 339, 
2061472, 347, 342, 339, 339, 
2061505, 343, 340, 336, 338, 
2061537, 340, 340, 336, 337, 
2061570, 342, 340, 340, 338, 
2061601, 344, 343, 342, 339, 
2061634, 340, 341, 341, 338, 
2061666, 343, 342, 342, 337, 
2061699, 341, 342, 340, 339, 
2061730, 342, 341, 341, 339, 
2061763, 341, 341, 340, 339, 
2061795, 339, 339, 339, 337, 
2061828, 336, 338, 339, 335, 
2061859, 335, 337, 340, 336, 
2061892, 338, 337, 339, 336, 
2061924, 339, 338, 340, 334, 
2061957, 323, 329, 338, 335, 
2061988, 329, 339, 337, 333, 
2062021, 338, 337, 339, 335, 
2062053, 338, 337, 339, 336, 
2062086, 339, 337, 340, 335, 
2062117, 335, 336, 340, 335, 
2062150, 333, 335, 339, 336, 
2062182, 327, 332, 339, 335, 
2062215, 324, 331, 339, 334, 
2062246, 328, 334, 339, 336, 
2062279, 338, 338, 339, 335, 
2062311, 347, 342, 339, 337, 
2062343, 350, 344, 340, 337, 
2062375, 351, 345, 341, 339, 
2062407, 350, 345, 339, 338, 
2062440, 347, 345, 339, 338, 
2062472, 345, 342, 339, 338, 
2062504, 344, 341, 340, 338, 
2062536, 343, 342, 340, 339, 
2062569, 342, 340, 340, 338, 
2062601, 340, 340, 339, 337, 
2062633, 340, 339, 339, 337, 
2062665, 340, 339, 339, 337, 
2062698, 339, 339, 339, 338, 
2062730, 338, 338, 339, 340, 
2062763, 339, 339, 339, 338, 
2062794, 337, 338, 339, 338, 
2062827, 336, 338, 339, 337, 
2062859, 335, 338, 340, 337, 
2062892, 336, 338, 339, 338, 
2062923, 338, 339, 339, 338, 
2062956, 330, 332, 338, 337, 
2062988, 321, 340, 337, 335, 
2063021, 336, 339, 339, 337, 
2063052, 338, 337, 338, 338, 
2063085, 338, 336, 339, 338, 
2063117, 336, 335, 339, 339, 
2063150, 333, 334, 340, 338, 
2063181, 329, 332, 339, 338, 
2063214, 324, 330, 338, 337, 
2063246, 324, 332, 338, 337, 
2063279, 334, 338, 340, 338, 
2063310, 345, 343, 340, 339, 
2063343, 350, 346, 340, 339, 
2063375, 351, 346, 341, 339, 
2063407, 350, 345, 340, 340, 
2063439, 348, 344, 340, 339, 
2063471, 347, 343, 341, 339, 
2063504, 344, 342, 340, 339, 
2063536, 344, 342, 340, 339, 
2063568, 343, 341, 340, 339, 
2063600, 341, 341, 341, 339, 
2063633, 340, 341, 340, 340, 
2063665, 339, 341, 339, 339, 
2063697, 338, 339, 339, 339, 
2063729, 340, 341, 338, 340, 
2063762, 335, 339, 337, 339, 
2063794, 335, 339, 338, 339, 
2063826, 337, 340, 340, 339, 
2063858, 335, 339, 339, 339, 
2063891, 337, 340, 340, 340, 
2063923, 330, 337, 337, 341, 
2063955, 337, 339, 339, 341, 
2063987, 335, 339, 339, 344, 
2064020, 329, 329, 339, 344, 
2064052, 321, 338, 337, 344, 
2064084, 340, 336, 339, 349, 
2064116, 340, 337, 342, 353, 
2064149, 340, 335, 341, 356, 
2064181, 339, 335, 341, 362, 
2064214, 334, 334, 341, 367, 
2064245, 325, 330, 338, 372, 
2064278, 326, 328, 341, 382, 
2064310, 324, 330, 341, 392, 
2064343, 336, 337, 343, 401, 
2064374, 348, 344, 343, 407, 
2064406, 351, 346, 343, 413, 
2064439, 355, 348, 342, 415, 
2064471, 349, 350, 341, 416, 
2064503, 348, 349, 341, 420, 
2064535, 346, 348, 340, 425, 
2064568, 345, 348, 340, 437, 
2064600, 344, 348, 339, 451, 
2064632, 342, 348, 339, 471, 
2064664, 338, 346, 338, 483, 
2064697, 339, 346, 338, 494, 
2064729, 337, 344, 338, 498, 
2064761, 334, 345, 337, 501, 
2064793, 335, 346, 336, 504, 
2064826, 333, 348, 336, 507, 
2064858, 333, 350, 336, 501, 
2064890, 331, 355, 335, 497, 
2064922, 333, 372, 335, 495, 
2064955, 330, 383, 333, 490, 
2064987, 330, 388, 331, 490, 
2065019, 328, 388, 332, 489, 
2065051, 333, 383, 333, 491, 
2065084, 331, 373, 338, 493, 
2065116, 319, 359, 341, 495, 
2065148, 321, 357, 339, 498, 
2065180, 332, 348, 338, 498, 
2065213, 332, 340, 338, 496, 
2065245, 331, 336, 335, 486, 
2065277, 328, 332, 337, 477, 
2065309, 326, 329, 339, 463, 
2065342, 325, 327, 339, 456, 
2065374, 321, 325, 342, 450, 
2065406, 326, 329, 340, 435, 
2065438, 336, 330, 338, 427, 
2065470, 348, 334, 334, 417, 
2065503, 353, 334, 331, 419, 
2065534, 354, 334, 329, 419, 
2065567, 356, 332, 328, 423, 
2065599, 352, 331, 327, 418, 
2065632, 350, 330, 326, 414, 
2065664, 348, 329, 326, 409, 
2065696, 344, 328, 326, 400, 
2065728, 343, 328, 328, 390, 
2065761, 341, 326, 327, 372, 
2065793, 340, 325, 329, 361, 
2065825, 336, 327, 328, 336, 
2065857, 337, 328, 328, 323, 
2065890, 336, 328, 328, 301, 
2065922, 336, 330, 328, 280, 
2065954, 336, 329, 329, 263, 
2065986, 335, 331, 328, 240, 
2066019, 330, 329, 326, 215, 
2066051, 335, 329, 330, 212, 
2066083, 336, 329, 329, 199, 
2066115, 324, 323, 329, 193, 
2066148, 323, 333, 327, 193, 
2066180, 332, 329, 328, 196, 
2066212, 340, 330, 329, 201, 
2066244, 336, 331, 331, 207, 
2066277, 335, 331, 331, 205, 
2066309, 332, 332, 333, 213, 
2066341, 329, 332, 333, 211, 
2066373, 326, 332, 334, 213, 
2066406, 327, 335, 334, 211, 
2066438, 336, 337, 335, 214, 
2066469, 348, 341, 336, 218, 
2066502, 351, 341, 336, 225, 
2066534, 352, 342, 336, 229, 
2066567, 350, 341, 336, 236, 
2066598, 351, 341, 337, 243, 
2066631, 349, 340, 337, 247, 
2066663, 345, 339, 338, 249, 
2066696, 345, 341, 337, 250, 
2066727, 344, 339, 340, 249, 
2066760, 343, 340, 338, 247, 
2066792, 343, 340, 340, 244, 
2066825, 342, 338, 340, 244, 
2066856, 341, 339, 341, 245, 
2066889, 340, 338, 342, 244, 
2066921, 341, 339, 342, 249, 
2066954, 341, 338, 343, 249, 
2066985, 341, 339, 343, 252, 
2067018, 342, 339, 344, 254, 
2067050, 342, 338, 344, 254, 
2067083, 341, 338, 345, 258, 
2067115, 339, 338, 345, 260, 
2067147, 338, 337, 346, 261, 
2067179, 341, 338, 346, 266, 
2067212, 343, 338, 347, 271, 
2067244, 321, 333, 346, 273, 
2067276, 334, 341, 345, 277, 
2067308, 340, 338, 347, 283, 
2067341, 342, 336, 348, 286, 
2067373, 343, 336, 348, 289, 
2067405, 340, 335, 350, 291, 
2067437, 337, 334, 349, 291, 
2067470, 329, 333, 349, 291, 
2067502, 326, 334, 349, 290, 
2067533, 330, 335, 349, 293, 
2067566, 341, 339, 349, 295, 
2067598, 351, 341, 348, 295, 
2067631, 354, 343, 349, 298, 
2067662, 353, 341, 348, 299, 
2067695, 353, 341, 348, 298, 
2067727, 351, 339, 348, 301, 
2067760, 348, 339, 348, 300, 
2067791, 347, 339, 348, 300, 
2067824, 347, 338, 347, 300, 
2067856, 345, 338, 347, 301, 
2067889, 343, 338, 347, 302, 
2067920, 342, 337, 348, 303, 
2067953, 342, 337, 347, 304, 
2067985, 342, 338, 346, 306, 
2068018, 341, 337, 346, 307, 
2068049, 342, 337, 346, 310, 
2068082, 340, 337, 347, 313, 
2068114, 340, 338, 345, 315, 
2068147, 340, 337, 345, 317, 
2068178, 338, 336, 346, 320, 
2068211, 337, 336, 345, 321, 
2068243, 336, 337, 345, 321, 
2068276, 336, 337, 344, 322, 
2068307, 338, 337, 344, 324, 
2068340, 340, 336, 344, 327, 
2068372, 317, 334, 342, 329, 
2068405, 333, 338, 342, 329, 
2068436, 339, 336, 343, 331, 
2068469, 339, 334, 343, 331, 
2068501, 339, 334, 344, 331, 
2068533, 337, 335, 344, 331, 
2068566, 332, 333, 345, 331, 
2068597, 328, 333, 344, 333, 
2068630, 324, 332, 344, 332, 
2068662, 329, 335, 344, 336, 
2068695, 341, 339, 344, 336, 
2068726, 349, 341, 343, 336, 
2068759, 353, 341, 343, 336, 
2068791, 353, 341, 343, 338, 
2068824, 349, 340, 342, 336, 
2068855, 349, 341, 343, 337, 
2068888, 346, 340, 343, 338, 
2068920, 345, 339, 341, 337, 
2068953, 343, 340, 342, 339, 
2068984, 342, 340, 342, 338, 
2069017, 340, 339, 341, 340, 
2069049, 341, 339, 342, 340, 
2069082, 340, 339, 341, 338, 
2069113, 339, 338, 341, 339, 
2069146, 339, 338, 341, 340, 
2069178, 338, 339, 341, 339, 
2069211, 337, 338, 342, 338, 
2069242, 337, 338, 341, 339, 
2069275, 334, 338, 341, 339, 
2069307, 336, 339, 341, 337, 
2069340, 338, 339, 340, 337, 
2069371, 335, 336, 340, 336, 
2069404, 317, 338, 339, 334, 
2069436, 336, 336, 339, 334, 
2069469, 338, 338, 340, 335, 
2069500, 338, 336, 340, 336, 
2069533, 337, 336, 341, 337, 
2069565, 334, 336, 341, 337, 
2069597, 330, 336, 341, 337, 
2069629, 325, 333, 341, 338, 
2069661, 322, 333, 341, 338, 
2069694, 330, 337, 342, 337, 
2069726, 341, 341, 340, 337, 
2069758, 350, 343, 340, 337, 
2069790, 351, 343, 340, 337, 
2069823, 352, 343, 340, 339, 
2069855, 349, 342, 341, 338, 
2069888, 346, 341, 339, 339, 
2069919, 345, 341, 340, 339, 
2069952, 342, 339, 339, 339, 
2069984, 343, 340, 340, 340, 
2070017, 341, 340, 339, 339, 
2070048, 339, 339, 339, 338, 
2070081, 341, 340, 339, 339, 
2070113, 340, 338, 340, 337, 
2070146, 339, 339, 339, 338, 
2070177, 338, 339, 339, 337, 
2070210, 337, 338, 338, 337, 
2070242, 337, 337, 338, 337, 
2070275, 337, 339, 338, 335, 
2070306, 332, 338, 338, 335, 
2070339, 336, 338, 337, 333, 
2070371, 337, 339, 338, 332, 
2070404, 333, 333, 337, 332, 
2070435, 317, 340, 336, 330, 
2070468, 334, 337, 338, 332, 
2070500, 337, 338, 338, 333, 
2070533, 339, 336, 339, 334, 
2070564, 336, 336, 339, 335, 
2070596, 334, 335, 339, 335, 
2070629, 330, 334, 339, 336, 
2070661, 323, 331, 338, 336, 
2070693, 324, 334, 338, 335, 
2070725, 329, 338, 338, 336, 
2070758, 344, 342, 338, 335, 
2070790, 350, 342, 339, 337, 
2070822, 351, 343, 339, 338, 
2070854, 349, 342, 338, 338, 
2070887, 348, 341, 338, 337, 
2070919, 345, 341, 338, 339, 
2070951, 346, 341, 338, 338, 
2070983, 342, 339, 338, 339, 
2071016, 343, 339, 339, 339, 
2071048, 340, 339, 338, 339, 
2071080, 339, 339, 340, 340, 
2071112, 338, 339, 339, 339, 
2071145, 341, 339, 338, 339, 
2071177, 338, 339, 338, 339, 
2071209, 337, 338, 339, 340, 
2071241, 338, 338, 339, 340, 
2071274, 337, 338, 338, 339, 
2071306, 336, 338, 339, 340, 
2071339, 334, 338, 339, 341, 
2071370, 335, 338, 339, 340, 
2071403, 337, 338, 338, 340, 
2071435, 335, 334, 338, 340, 
2071468, 315, 337, 338, 339, 
2071499, 334, 337, 337, 338, 
2071532, 332, 335, 338, 340, 
2071564, 335, 335, 339, 341, 
2071597, 327, 334, 338, 343, 
2071628, 326, 331, 340, 346, 
2071660, 319, 329, 340, 350, 
2071693, 326, 336, 342, 350, 
2071725, 320, 331, 340, 349, 
2071757, 327, 335, 341, 344, 
2071789, 345, 339, 339, 335, 
2071822, 349, 342, 340, 324, 
2071854, 353, 339, 339, 306, 
2071886, 354, 340, 337, 278, 
2071918, 349, 340, 335, 253, 
2071951, 356, 341, 339, 232, 
2071983, 346, 336, 339, 220, 
2072015, 350, 337, 337, 217, 
2072047, 344, 332, 342, 224, 
2072080, 350, 329, 344, 232, 
2072112, 344, 328, 350, 246, 
2072144, 350, 333, 349, 262, 
2072176, 344, 332, 349, 287, 
2072209, 347, 336, 351, 306, 
2072241, 345, 339, 349, 323, 
2072273, 348, 343, 348, 335, 
2072305, 344, 343, 345, 343, 
2072338, 341, 344, 342, 346, 
2072370, 343, 343, 340, 350, 
2072402, 341, 342, 337, 350, 
2072434, 342, 339, 338, 353, 
2072467, 319, 335, 333, 350, 
2072499, 340, 342, 338, 351, 
2072531, 343, 338, 337, 351, 
2072563, 344, 338, 339, 351, 
2072596, 337, 336, 337, 350, 
2072628, 341, 336, 339, 349, 
2072659, 334, 332, 338, 349, 
2072692, 327, 329, 337, 351, 
2072724, 323, 328, 336, 348, 
2072757, 331, 333, 339, 350, 
2072788, 341, 338, 340, 352, 
2072821, 349, 341, 339, 353, 
2072853, 350, 342, 340, 352, 
2072886, 349, 341, 339, 351, 
2072918, 348, 341, 340, 348, 
2072950, 345, 340, 339, 345, 
2072982, 341, 338, 338, 343, 
2073015, 338, 338, 339, 344, 
2073047, 341, 339, 341, 342, 
2073079, 340, 341, 342, 342, 
2073111, 336, 340, 339, 343, 
2073144, 337, 341, 340, 342, 
2073176, 338, 341, 340, 342, 
2073208, 336, 341, 338, 341, 
2073240, 335, 341, 338, 343, 
2073273, 335, 340, 337, 344, 
2073305, 333, 340, 336, 345, 
2073337, 331, 339, 336, 345, 
2073369, 335, 341, 336, 347, 
2073402, 335, 338, 335, 349, 
2073434, 315, 330, 334, 350, 
2073466, 326, 341, 333, 348, 
2073498, 335, 339, 335, 351, 
2073531, 336, 337, 335, 353, 
2073563, 336, 337, 336, 352, 
2073595, 333, 336, 336, 352, 
2073627, 330, 334, 337, 350, 
2073660, 326, 332, 336, 349, 
2073692, 320, 332, 336, 347, 
2073723, 323, 334, 336, 342, 
2073756, 335, 341, 337, 338, 
2073788, 346, 345, 337, 337, 
2073821, 348, 345, 336, 337, 
2073852, 346, 344, 334, 337, 
2073885, 337, 342, 330, 338, 
2073917, 338, 342, 335, 339, 
2073950, 342, 343, 341, 340, 
2073981, 333, 340, 337, 340, 
2074014, 347, 343, 340, 342, 
2074046, 339, 339, 337, 341, 
2074079, 347, 343, 340, 341, 
2074110, 337, 341, 337, 339, 
2074143, 343, 343, 340, 335, 
2074175, 333, 337, 339, 332, 
2074208, 342, 340, 340, 331, 
2074240, 336, 338, 336, 332, 
2074272, 340, 340, 337, 334, 
2074304, 334, 337, 337, 337, 
2074337, 340, 338, 337, 340, 
2074369, 338, 336, 337, 346, 
2074401, 321, 328, 336, 350, 
2074433, 325, 339, 335, 353, 
2074466, 336, 337, 337, 358, 
2074498, 337, 333, 338, 361, 
2074530, 338, 331, 338, 360, 
2074562, 335, 332, 338, 359, 
2074595, 333, 333, 338, 359, 
2074627, 326, 332, 337, 364, 
2074659, 322, 332, 337, 373, 
2074691, 321, 335, 335, 376, 
2074723, 334, 342, 335, 388, 
2074756, 342, 346, 337, 388, 
2074787, 348, 349, 337, 386, 
2074820, 350, 349, 337, 389, 
2074852, 350, 350, 337, 385, 
2074885, 344, 348, 337, 386, 
2074916, 347, 349, 337, 383, 
2074949, 342, 348, 338, 379, 
2074981, 344, 348, 338, 372, 
2075014, 343, 347, 339, 364, 
2075045, 341, 346, 340, 354, 
2075078, 341, 346, 339, 344, 
2075110, 339, 345, 339, 336, 
2075143, 338, 344, 339, 332, 
2075174, 340, 345, 340, 330, 
2075207, 338, 342, 339, 333, 
2075239, 343, 343, 339, 336, 
2075272, 317, 337, 337, 343, 
2075303, 337, 343, 337, 349, 
2075336, 342, 341, 338, 357, 
2075368, 339, 339, 339, 361, 
2075401, 341, 340, 339, 362, 
2075432, 335, 338, 338, 362, 
2075465, 334, 338, 337, 361, 
2075497, 326, 336, 337, 360, 
2075530, 323, 335, 337, 357, 
2075561, 329, 339, 338, 353, 
2075594, 342, 344, 338, 348, 
2075626, 349, 345, 338, 346, 
2075659, 354, 347, 338, 343, 
2075691, 352, 344, 338, 340, 
2075723, 351, 343, 339, 337, 
2075755, 348, 341, 339, 336, 
2075787, 346, 340, 340, 335, 
2075820, 346, 340, 341, 336, 
2075851, 344, 340, 339, 339, 
2075884, 344, 339, 340, 346, 
2075916, 343, 337, 340, 346, 
2075949, 343, 337, 340, 344, 
2075980, 342, 338, 340, 340, 
2076013, 342, 337, 339, 334, 
2076045, 341, 337, 340, 330, 
2076078, 339, 336, 341, 326, 
2076109, 336, 336, 340, 324, 
2076142, 338, 337, 341, 323, 
2076174, 339, 337, 339, 321, 
2076207, 332, 330, 338, 321, 
2076238, 321, 339, 337, 319, 
2076271, 336, 336, 338, 319, 
2076303, 341, 336, 339, 321, 
2076336, 338, 335, 340, 320, 
2076367, 339, 335, 340, 319, 
2076400, 335, 333, 340, 320, 
2076432, 331, 332, 340, 321, 
2076465, 325, 331, 339, 322, 
2076496, 325, 331, 340, 323, 
2076529, 335, 336, 340, 324, 
2076561, 347, 341, 341, 323, 
2076594, 352, 343, 341, 325, 
2076625, 354, 343, 340, 324, 
2076658, 351, 343, 340, 323, 
2076690, 348, 341, 340, 323, 
2076723, 346, 341, 340, 324, 
2076754, 344, 340, 340, 326, 
2076786, 344, 340, 340, 327, 
2076819, 341, 340, 340, 330, 
2076851, 339, 339, 339, 332, 
2076883, 339, 339, 340, 334, 
2076915, 339, 338, 339, 335, 
2076948, 338, 338, 339, 336, 
2076980, 336, 337, 338, 336, 
2077012, 337, 338, 340, 335, 
2077044, 337, 338, 339, 334, 
2077077, 336, 337, 339, 334, 
2077109, 335, 338, 339, 333, 
2077142, 334, 337, 339, 334, 
2077173, 335, 338, 338, 332, 
2077206, 338, 338, 339, 331, 
2077238, 329, 330, 338, 331, 
2077271, 317, 338, 337, 330, 
2077302, 334, 336, 338, 331, 
2077335, 338, 336, 339, 331, 
2077367, 336, 335, 339, 333, 
2077400, 337, 335, 339, 334, 
2077431, 335, 334, 341, 334, 
2077464, 330, 334, 339, 333, 
2077496, 325, 332, 339, 334, 
2077529, 324, 332, 340, 335, 
2077560, 335, 337, 339, 335, 
2077593, 344, 341, 340, 336, 
2077625, 349, 343, 339, 336, 
2077658, 351, 343, 339, 336, 
2077689, 348, 342, 339, 336, 
2077722, 348, 342, 339, 337, 
2077754, 346, 340, 340, 339, 
2077787, 343, 340, 340, 338, 
2077818, 342, 342, 339, 339, 
2077850, 341, 340, 339, 339, 
2077883, 340, 340, 339, 339, 
2077915, 340, 340, 339, 339, 
2077947, 338, 340, 339, 340, 
2077979, 337, 338, 339, 340, 
2078012, 337, 338, 338, 340, 
2078044, 337, 339, 339, 340, 
2078076, 338, 338, 338, 340, 
2078108, 336, 337, 339, 341, 
2078141, 335, 337, 339, 341, 
2078173, 336, 338, 338, 340, 
2078205, 330, 337, 339, 340, 
2078237, 334, 338, 339, 339, 
2078270, 337, 338, 338, 339, 
2078302, 337, 336, 338, 338, 
2078334, 313, 334, 338, 337, 
2078366, 333, 338, 338, 337, 
2078399, 338, 337, 339, 338, 
2078431, 337, 337, 339, 337, 
2078464, 336, 337, 340, 339, 
2078495, 333, 335, 340, 339, 
2078528, 331, 333, 340, 340, 
2078560, 325, 332, 340, 340, 
2078593, 322, 333, 340, 340, 
2078624, 328, 336, 340, 338, 
2078657, 341, 342, 341, 338, 
2078689, 349, 345, 339, 335, 
2078722, 351, 345, 339, 334, 
2078753, 351, 344, 339, 336, 
2078786, 347, 344, 339, 335, 
2078818, 347, 343, 339, 334, 
2078850, 343, 342, 339, 334, 
2078882, 345, 342, 339, 334, 
2078914, 344, 341, 339, 335, 
2078947, 343, 341, 340, 335, 
2078979, 343, 341, 340, 336, 
2079011, 340, 340, 338, 337, 
2079043, 340, 340, 339, 338, 
2079076, 338, 338, 339, 338, 
2079108, 341, 339, 339, 339, 
2079140, 337, 338, 339, 339, 
2079172, 337, 339, 339, 339, 
2079205, 334, 338, 339, 340, 
2079237, 336, 339, 338, 340, 
2079269, 339, 339, 340, 340, 
2079301, 322, 330, 338, 340, 
2079334, 324, 340, 337, 338, 
2079366, 336, 337, 338, 340, 
2079398, 337, 337, 339, 341, 
2079430, 337, 336, 339, 340, 
2079463, 335, 336, 339, 341, 
2079495, 332, 335, 339, 341, 
2079527, 328, 333, 340, 342, 
2079559, 322, 332, 339, 342, 
2079592, 325, 334, 339, 343, 
2079624, 336, 340, 340, 343, 
2079656, 346, 343, 342, 341, 
2079688, 352, 345, 340, 341, 
2079721, 352, 344, 339, 340, 
2079753, 349, 343, 340, 341, 
2079785, 347, 342, 339, 340, 
2079817, 346, 341, 339, 340, 
2079850, 344, 341, 340, 340, 
2079882, 343, 341, 340, 341, 
2079913, 342, 340, 338, 341, 
2079946, 341, 341, 339, 341, 
2079978, 341, 340, 339, 341, 
2080011, 340, 339, 339, 339, 
2080043, 338, 338, 338, 338, 
2080075, 338, 338, 339, 338, 
2080107, 337, 338, 339, 337, 
2080140, 337, 339, 338, 338, 
2080172, 337, 339, 339, 338, 
2080204, 336, 337, 338, 338, 
2080236, 334, 337, 338, 338, 
2080269, 334, 338, 339, 340, 
2080301, 336, 338, 339, 341, 
2080333, 337, 337, 338, 340, 
2080365, 317, 332, 338, 340, 
2080398, 329, 339, 337, 339, 
2080430, 336, 336, 338, 340, 
2080462, 341, 336, 339, 340, 
2080494, 340, 336, 339, 340, 
2080527, 333, 333, 339, 340, 
2080559, 331, 333, 338, 341, 
2080591, 324, 330, 338, 343, 
2080623, 321, 331, 336, 343, 
2080656, 314, 330, 334, 346, 
2080688, 337, 339, 341, 350, 
2080720, 340, 341, 337, 347, 
2080752, 354, 348, 342, 336, 
2080785, 354, 345, 340, 324, 
2080817, 354, 345, 343, 319, 
2080849, 351, 344, 342, 322, 
2080881, 352, 344, 341, 331, 
2080913, 347, 340, 341, 338, 
2080946, 349, 342, 341, 342, 
2080977, 345, 341, 338, 344, 
2081010, 345, 342, 342, 344, 
2081042, 338, 339, 334, 344, 
2081075, 342, 339, 336, 347, 
2081106, 338, 337, 334, 350, 
2081139, 343, 340, 342, 355, 
2081171, 338, 338, 337, 359, 
2081204, 340, 339, 341, 364, 
2081235, 335, 339, 332, 370, 
2081268, 337, 339, 337, 382, 
2081300, 338, 338, 331, 391, 
2081333, 336, 334, 338, 393, 
2081364, 318, 332, 333, 385, 
2081397, 333, 335, 336, 378, 
2081429, 338, 334, 338, 370, 
2081462, 337, 332, 340, 360, 
2081494, 338, 334, 345, 352, 
2081526, 333, 333, 340, 344, 
2081558, 333, 333, 344, 338, 
2081591, 325, 330, 338, 332, 
2081623, 326, 332, 343, 330, 
2081655, 330, 336, 343, 328, 
2081687, 338, 341, 341, 330, 
2081720, 346, 343, 341, 331, 
2081752, 347, 343, 339, 330, 
2081784, 348, 344, 343, 329, 
2081816, 345, 342, 341, 328, 
2081849, 343, 341, 339, 322, 
2081881, 344, 342, 343, 309, 
2081913, 342, 341, 342, 303, 
2081945, 342, 343, 342, 301, 
2081977, 339, 340, 339, 303, 
2082010, 340, 341, 341, 307, 
2082041, 340, 341, 340, 310, 
2082074, 339, 339, 340, 314, 
2082106, 338, 340, 340, 319, 
2082139, 337, 339, 340, 321, 
2082170, 337, 339, 339, 322, 
2082203, 337, 339, 339, 324, 
2082235, 336, 339, 339, 326, 
2082268, 333, 337, 337, 326, 
2082299, 335, 338, 339, 328, 
2082332, 336, 337, 336, 329, 
2082364, 319, 334, 339, 327, 
2082397, 334, 341, 341, 330, 
2082428, 339, 340, 341, 331, 
2082461, 338, 339, 340, 332, 
2082493, 336, 338, 336, 334, 
2082526, 335, 337, 341, 335, 
2082557, 332, 335, 339, 335, 
2082590, 328, 333, 340, 335, 
2082622, 324, 332, 340, 336, 
2082655, 330, 335, 340, 336, 
2082686, 340, 340, 340, 337, 
2082719, 347, 344, 341, 338, 
2082751, 350, 344, 340, 339, 
2082784, 350, 344, 340, 338, 
2082816, 347, 343, 339, 337, 
2082848, 344, 341, 338, 336, 
2082880, 343, 341, 339, 336, 
2082913, 340, 340, 338, 338, 
2082945, 341, 339, 341, 338, 
2082976, 341, 340, 340, 340, 
2083009, 344, 342, 339, 339, 
2083041, 340, 340, 333, 341, 
2083074, 343, 341, 339, 342, 
2083105, 340, 340, 337, 344, 
2083138, 342, 340, 337, 347, 
2083170, 338, 338, 338, 351, 
2083203, 339, 337, 338, 354, 
2083234, 336, 334, 338, 358, 
2083267, 339, 334, 338, 361, 
2083299, 337, 333, 336, 361, 
2083332, 336, 333, 343, 364, 
2083363, 338, 334, 337, 366, 
2083396, 335, 335, 336, 368, 
2083428, 315, 335, 336, 366, 
2083461, 330, 342, 331, 368, 
2083492, 334, 343, 337, 369, 
2083525, 333, 344, 333, 370, 
2083557, 329, 345, 338, 370, 
2083590, 326, 346, 339, 370, 
2083621, 321, 347, 330, 373, 
2083654, 316, 347, 336, 378, 
2083686, 314, 348, 330, 383, 
2083719, 318, 353, 336, 387, 
2083750, 328, 360, 335, 385, 
2083783, 335, 364, 337, 385, 
2083815, 338, 366, 336, 383, 
2083848, 340, 365, 339, 380, 
2083879, 340, 364, 334, 374, 
2083912, 340, 362, 339, 367, 
2083944, 339, 361, 337, 361, 
2083977, 338, 361, 341, 356, 
2084008, 337, 360, 341, 351, 
2084040, 336, 360, 337, 348, 
2084073, 337, 358, 343, 346, 
2084105, 338, 357, 342, 344, 
2084137, 337, 355, 339, 341, 
2084169, 338, 354, 341, 340, 
2084202, 338, 353, 341, 338, 
2084234, 338, 352, 338, 337, 
2084267, 339, 350, 340, 336, 
2084298, 339, 349, 342, 336, 
2084331, 337, 347, 338, 335, 
2084363, 336, 344, 340, 334, 
2084396, 339, 344, 341, 331, 
2084427, 340, 343, 340, 328, 
2084460, 323, 333, 339, 326, 
2084492, 331, 341, 337, 324, 
2084525, 339, 338, 337, 325, 
2084556, 341, 337, 339, 327, 
2084589, 339, 336, 342, 327, 
2084621, 337, 333, 341, 327, 
2084654, 333, 332, 341, 327, 
2084685, 329, 329, 340, 328, 
2084718, 326, 327, 340, 327, 
2084750, 328, 329, 338, 327, 
2084783, 339, 336, 340, 326, 
2084814, 348, 339, 340, 326, 
2084847, 352, 340, 340, 326, 
2084879, 352, 340, 343, 326, 
2084912, 350, 338, 340, 327, 
2084943, 347, 337, 342, 327, 
2084976, 347, 336, 341, 327, 
2085008, 346, 336, 339, 325, 
2085040, 345, 334, 342, 327, 
2085072, 344, 333, 341, 327, 
2085104, 343, 333, 337, 327, 
2085137, 342, 332, 341, 326, 
2085169, 343, 332, 339, 327, 
2085201, 342, 333, 337, 327, 
2085233, 341, 331, 339, 327, 
2085266, 340, 331, 335, 327, 
2085298, 339, 330, 336, 327, 
2085330, 338, 330, 337, 327, 
2085362, 338, 330, 337, 326, 
2085395, 340, 330, 337, 327, 
2085427, 340, 329, 339, 326, 
2085459, 319, 324, 336, 324, 
2085491, 334, 332, 338, 325, 
2085524, 340, 330, 338, 326, 
2085556, 340, 329, 338, 328, 
2085588, 339, 329, 340, 328, 
2085620, 337, 328, 338, 328, 
2085653, 333, 326, 340, 329, 
2085685, 328, 325, 339, 328, 
2085718, 325, 324, 338, 327, 
2085749, 329, 328, 338, 327, 
2085782, 340, 334, 340, 327, 
2085814, 348, 338, 341, 328, 
2085847, 351, 339, 340, 328, 
2085878, 351, 339, 340, 329, 
2085911, 349, 338, 341, 329, 
2085943, 347, 337, 337, 330, 
2085976, 346, 336, 341, 330, 
2086007, 342, 335, 338, 329, 
2086040, 343, 335, 340, 330, 
2086072, 342, 335, 338, 329, 
2086104, 341, 335, 339, 329, 
2086136, 341, 335, 341, 330, 
2086168, 340, 335, 339, 330, 
2086201, 340, 333, 341, 331, 
2086233, 340, 334, 338, 332, 
2086265, 338, 333, 338, 333, 
2086297, 338, 334, 339, 335, 
2086330, 338, 334, 338, 334, 
2086362, 337, 333, 338, 333, 
2086394, 335, 334, 338, 334, 
2086426, 337, 336, 338, 334, 
2086459, 338, 335, 339, 333, 
2086491, 329, 328, 337, 332, 
2086523, 322, 336, 335, 330, 
2086555, 335, 335, 336, 331, 
2086588, 338, 334, 338, 333, 
2086620, 337, 332, 336, 332, 
2086652, 335, 332, 340, 333, 
2086684, 332, 331, 338, 333, 
2086717, 328, 330, 338, 333, 
2086749, 323, 327, 339, 333, 
2086781, 323, 329, 338, 333, 
2086813, 333, 334, 338, 333, 
2086846, 343, 339, 339, 333, 
2086878, 348, 342, 338, 333, 
2086910, 350, 342, 338, 333, 
2086942, 349, 342, 341, 332, 
2086975, 347, 339, 339, 332, 
2087007, 345, 339, 339, 333, 
2087040, 344, 339, 338, 333, 
2087071, 342, 338, 339, 333, 
2087103, 340, 338, 337, 333, 
2087136, 340, 337, 338, 333, 
2087168, 339, 337, 338, 332, 
2087200, 339, 336, 339, 333, 
2087232, 338, 337, 339, 334, 
2087265, 337, 336, 339, 333, 
2087297, 338, 336, 339, 335, 
2087329, 337, 336, 337, 334, 
2087361, 337, 336, 338, 333, 
2087394, 337, 336, 338, 333, 
2087426, 336, 335, 338, 333, 
2087458, 335, 336, 338, 334, 
2087490, 334, 336, 338, 334, 
2087523, 336, 336, 339, 336, 
2087555, 337, 335, 337, 334, 
2087587, 316, 330, 335, 333, 
2087619, 332, 337, 337, 333, 
2087652, 337, 335, 338, 334, 
2087684, 339, 334, 337, 334, 
2087716, 336, 334, 338, 336, 
2087748, 335, 331, 338, 336, 
2087781, 330, 331, 338, 337, 
2087813, 326, 330, 338, 337, 
2087845, 324, 329, 337, 335, 
2087877, 328, 332, 337, 335, 
2087910, 339, 338, 337, 334, 
2087942, 347, 342, 339, 335, 
2087974, 350, 343, 338, 335, 
2088006, 350, 342, 340, 336, 
2088039, 348, 342, 338, 336, 
2088071, 346, 341, 340, 336, 
2088103, 344, 340, 339, 335, 
2088135, 344, 340, 340, 335, 
2088167, 342, 340, 339, 335, 
2088200, 341, 339, 339, 335, 
2088231, 340, 340, 339, 335, 
2088264, 340, 338, 338, 335, 
2088296, 339, 338, 339, 335, 
2088329, 338, 337, 337, 335, 
2088360, 338, 337, 338, 335, 
2088393, 338, 337, 339, 335, 
2088425, 336, 337, 337, 335, 
2088458, 335, 338, 338, 335, 
2088489, 337, 337, 338, 335, 
2088522, 336, 334, 338, 336, 
2088554, 318, 334, 334, 332, 
2088587, 334, 337, 337, 335, 
2088619, 338, 336, 339, 335, 
2088651, 338, 336, 338, 335, 
2088683, 336, 336, 336, 336, 
2088716, 334, 335, 340, 336, 
2088748, 330, 333, 338, 336, 
2088780, 327, 331, 337, 336, 
2088812, 323, 331, 338, 336, 
2088845, 329, 335, 339, 336, 
2088877, 340, 341, 339, 336, 
2088909, 348, 344, 339, 337, 
2088941, 350, 345, 340, 338, 
2088974, 351, 344, 338, 337, 
