38, 338, 
2916517, 336, 338, 339, 338, 
2916549, 338, 338, 338, 338, 
2916582, 333, 332, 338, 338, 8, 
2916485, 334, 337, 338, 338, 
2916517, 336, 338, 339, 338, 
2916549, 338, 338, 338, 338, 
2916582, 333, 332, 338, 338, 2916614, 322, 339, 335, 335, 
2916646, 336, 337, 337, 337, 
2916678, 338, 336, 338, 339, 
2916711, 338, 336, 338, 338, 
2916743, 336, 335, 339, 337, 
2916775, 333, 334, 338, 338, 
2916807, 329, 332, 339, 338, 
2916839, 324, 332, 338, 339, 
2916872, 324, 333, 338, 339, 
2916903, 332, 337, 339, 339, 
2916936, 342, 341, 339, 339, 
2916968, 347, 343, 339, 339, 
2917001, 348, 343, 339, 340, 
2917032, 348, 342, 339, 339, 
2917065, 346, 341, 339, 339, 
2917097, 344, 340, 338, 338, 
2917130, 344, 340, 339, 338, 
2917161, 342, 339, 338, 338, 
2917194, 341, 340, 339, 338, 
2917226, 341, 338, 339, 338, 
2917259, 339, 338, 339, 338, 
2917291, 339, 338, 338, 339, 
2917323, 338, 338, 338, 338, 
2917355, 338, 338, 339, 338, 
2917388, 337, 337, 338, 338, 
2917420, 337, 338, 338, 338, 
2917452, 338, 337, 338, 339, 
2917484, 336, 337, 338, 337, 
2917517, 337, 337, 338, 338, 
2917549, 335, 337, 338, 337, 
2917581, 336, 337, 338, 337, 
2917613, 337, 338, 338, 338, 
2917646, 334, 333, 337, 338, 
2917678, 321, 339, 336, 334, 
2917710, 337, 336, 338, 339, 
2917742, 338, 336, 337, 339, 
2917775, 338, 335, 337, 338, 
2917807, 335, 334, 338, 338, 
2917838, 333, 334, 339, 338, 
2917871, 328, 333, 338, 338, 
2917903, 324, 332, 339, 338, 
2917936, 324, 332, 339, 338, 
2917967, 332, 337, 337, 340, 
2918000, 341, 341, 339, 339, 
2918032, 347, 342, 339, 337, 
2918065, 348, 343, 339, 338, 
2918096, 347, 342, 339, 339, 
2918129, 346, 342, 339, 338, 
2918161, 345, 340, 340, 339, 
2918194, 342, 340, 339, 338, 
2918225, 342, 339, 338, 339, 
2918258, 340, 339, 338, 338, 
2918290, 339, 339, 338, 338, 
2918323, 339, 338, 339, 338, 
2918354, 339, 338, 338, 338, 
2918387, 338, 338, 338, 337, 
2918419, 339, 338, 338, 339, 
2918452, 337, 336, 338, 338, 
2918483, 338, 337, 338, 338, 
2918516, 337, 337, 338, 339, 
2918548, 335, 337, 337, 338, 
2918581, 333, 338, 339, 338, 
2918612, 336, 337, 338, 339, 
2918645, 337, 338, 337, 337, 
2918677, 331, 331, 337, 337, 
2918710, 322, 338, 335, 334, 
2918742, 336, 336, 338, 337, 
2918774, 338, 336, 337, 338, 
2918806, 336, 335, 337, 338, 
2918839, 336, 335, 339, 337, 
2918871, 333, 334, 339, 337, 
2918902, 328, 332, 338, 337, 
2918935, 324, 331, 338, 338, 
2918967, 323, 333, 337, 338, 
2919000, 332, 337, 338, 338, 
2919031, 341, 341, 338, 338, 
2919064, 347, 343, 338, 338, 
2919096, 348, 343, 338, 338, 
2919129, 347, 342, 338, 338, 
2919160, 345, 342, 338, 338, 
2919193, 344, 340, 338, 338, 
2919225, 342, 340, 338, 338, 
2919258, 342, 339, 338, 337, 
2919289, 341, 339, 338, 338, 
2919322, 341, 339, 338, 338, 
2919354, 339, 340, 338, 338, 
2919387, 338, 339, 338, 338, 
2919418, 338, 339, 338, 338, 
2919451, 339, 338, 338, 338, 
2919483, 338, 338, 338, 339, 
2919516, 337, 337, 338, 338, 
2919547, 337, 337, 338, 338, 
2919580, 336, 337, 338, 339, 
2919612, 335, 337, 337, 338, 
2919645, 334, 337, 338, 338, 
2919676, 336, 338, 338, 338, 
2919709, 337, 339, 339, 338, 
2919741, 335, 333, 338, 338, 
2919774, 320, 338, 335, 334, 
2919805, 335, 338, 337, 337, 
2919838, 337, 335, 337, 339, 
2919870, 337, 335, 337, 338, 
2919902, 336, 335, 339, 339, 
2919934, 333, 335, 338, 338, 
2919966, 330, 332, 339, 338, 
2919999, 326, 330, 338, 338, 
2920031, 323, 332, 338, 338, 
2920064, 329, 336, 339, 338, 
2920095, 337, 339, 336, 341, 
2920128, 341, 341, 332, 341, 
2920160, 348, 345, 341, 341, 
2920193, 350, 346, 342, 342, 
2920224, 353, 346, 345, 342, 
2920257, 347, 344, 349, 341, 
2920289, 348, 344, 352, 340, 
2920322, 348, 343, 363, 339, 
2920353, 343, 341, 355, 340, 
2920386, 340, 340, 376, 340, 
2920418, 342, 339, 374, 338, 
2920451, 336, 338, 377, 337, 
2920482, 340, 338, 377, 339, 
2920515, 337, 337, 373, 339, 
2920547, 338, 337, 369, 338, 
2920580, 337, 337, 364, 338, 
2920611, 336, 336, 356, 337, 
2920644, 336, 337, 349, 337, 
2920676, 335, 336, 342, 336, 
2920709, 333, 337, 336, 334, 
2920740, 334, 336, 330, 334, 
2920773, 337, 335, 326, 334, 
2920805, 339, 334, 323, 334, 
2920838, 321, 328, 321, 333, 
2920869, 331, 334, 321, 334, 
2920902, 337, 333, 323, 336, 
2920934, 337, 332, 323, 336, 
2920966, 335, 333, 325, 338, 
2920998, 335, 334, 328, 338, 
2921030, 332, 332, 328, 338, 
2921063, 329, 331, 328, 338, 
2921095, 327, 331, 328, 338, 
2921127, 330, 334, 329, 336, 
2921159, 340, 338, 330, 338, 
2921192, 347, 343, 331, 337, 
2921224, 349, 342, 331, 338, 
2921256, 349, 342, 332, 338, 
2921288, 347, 342, 331, 338, 
2921321, 345, 340, 332, 338, 
2921353, 343, 339, 332, 337, 
2921385, 341, 339, 332, 338, 
2921417, 340, 338, 333, 338, 
2921450, 339, 339, 332, 338, 
2921482, 338, 339, 335, 338, 
2921515, 338, 339, 332, 337, 
2921546, 337, 338, 332, 337, 
2921579, 338, 338, 332, 338, 
2921611, 337, 338, 332, 338, 
2921644, 336, 338, 333, 338, 
2921675, 335, 337, 333, 338, 
2921708, 335, 337, 332, 339, 
2921740, 335, 338, 333, 338, 
2921773, 336, 338, 333, 338, 
2921804, 337, 337, 333, 338, 
2921837, 319, 336, 332, 334, 
2921869, 334, 337, 333, 336, 
2921902, 337, 336, 334, 338, 
2921933, 337, 336, 335, 338, 
2921965, 335, 335, 335, 339, 
2921998, 333, 334, 335, 339, 
2922030, 329, 333, 335, 338, 
2922062, 325, 331, 335, 338, 
2922094, 322, 332, 335, 337, 
2922127, 329, 335, 336, 339, 
2922159, 339, 340, 336, 338, 
2922191, 345, 343, 336, 338, 
2922223, 347, 344, 336, 339, 
2922256, 347, 342, 335, 339, 
2922288, 346, 341, 336, 338, 
2922320, 344, 339, 336, 339, 
2922352, 340, 340, 335, 339, 
2922385, 340, 339, 336, 338, 
2922417, 338, 339, 337, 338, 
2922449, 333, 338, 332, 340, 
2922481, 336, 339, 334, 340, 
2922514, 334, 340, 339, 340, 
2922546, 335, 340, 340, 340, 
2922578, 337, 341, 342, 340, 
2922610, 340, 341, 347, 339, 
2922643, 337, 340, 349, 340, 
2922675, 339, 340, 359, 339, 
2922707, 336, 340, 371, 339, 
2922739, 335, 338, 388, 338, 
2922772, 339, 339, 403, 338, 
2922804, 336, 339, 407, 338, 
2922836, 338, 336, 406, 337, 
2922868, 312, 330, 391, 335, 
2922901, 328, 337, 390, 336, 
2922933, 330, 335, 388, 338, 
2922966, 330, 335, 381, 338, 
2922997, 327, 334, 376, 338, 
2923029, 329, 334, 369, 338, 
2923062, 321, 330, 363, 337, 
2923094, 318, 328, 354, 336, 
2923126, 315, 330, 347, 335, 
2923158, 318, 332, 341, 336, 
2923191, 328, 336, 336, 335, 
2923223, 339, 342, 334, 336, 
2923255, 341, 340, 328, 337, 
2923287, 342, 340, 326, 337, 
2923320, 343, 339, 322, 337, 
2923352, 340, 338, 319, 336, 
2923384, 335, 337, 320, 337, 
2923416, 345, 339, 319, 337, 
2923449, 331, 334, 317, 337, 
2923481, 339, 338, 317, 337, 
2923513, 335, 338, 318, 337, 
2923545, 340, 339, 316, 336, 
2923578, 335, 336, 316, 336, 
2923610, 341, 339, 317, 337, 
2923642, 336, 337, 316, 337, 
2923674, 339, 337, 318, 336, 
2923707, 336, 336, 317, 336, 
2923739, 335, 336, 318, 338, 
2923771, 336, 336, 318, 336, 
2923803, 336, 335, 320, 336, 
2923836, 340, 335, 318, 336, 
2923868, 324, 336, 318, 332, 
2923900, 340, 338, 320, 335, 
2923932, 341, 335, 322, 336, 
2923965, 343, 336, 323, 336, 
2923997, 336, 334, 324, 337, 
2924028, 338, 335, 324, 337, 
2924061, 328, 330, 325, 336, 
2924093, 328, 332, 325, 336, 
2924126, 322, 330, 326, 337, 
2924157, 330, 336, 328, 337, 
2924190, 344, 341, 328, 338, 
2924222, 348, 344, 332, 339, 
2924255, 352, 344, 330, 339, 
2924286, 349, 342, 331, 338, 
2924319, 351, 342, 331, 338, 
2924351, 346, 340, 331, 338, 
2924384, 346, 341, 333, 338, 
2924416, 345, 340, 333, 338, 
2924448, 343, 338, 333, 338, 
2924480, 342, 340, 334, 338, 
2924513, 344, 341, 334, 339, 
2924545, 339, 337, 333, 338, 
2924577, 339, 337, 334, 337, 
2924609, 342, 339, 334, 338, 
2924642, 340, 338, 337, 339, 
2924674, 342, 339, 333, 338, 
2924706, 337, 337, 335, 337, 
2924738, 338, 338, 335, 338, 
2924771, 333, 336, 335, 338, 
2924803, 342, 340, 335, 338, 
2924835, 337, 335, 336, 338, 
2924867, 320, 336, 331, 333, 
2924900, 337, 337, 334, 336, 
2924932, 338, 336, 337, 337, 
2924964, 339, 334, 336, 339, 
2924996, 337, 335, 337, 338, 
2925029, 336, 335, 335, 339, 
2925061, 331, 333, 338, 339, 
2925092, 327, 331, 336, 337, 
2925125, 323, 333, 337, 338, 
2925157, 329, 334, 335, 339, 
2925190, 341, 341, 338, 339, 
2925221, 349, 344, 338, 339, 
2925254, 352, 346, 338, 340, 
2925286, 349, 343, 339, 339, 
2925319, 349, 343, 339, 341, 
2925350, 345, 341, 339, 340, 
2925383, 347, 341, 337, 339, 
2925415, 341, 339, 339, 338, 
2925448, 346, 341, 338, 339, 
2925479, 339, 339, 339, 339, 
2925512, 342, 338, 339, 339, 
2925544, 339, 338, 338, 339, 
2925577, 340, 339, 338, 339, 
2925608, 337, 338, 337, 338, 
2925641, 337, 337, 338, 339, 
2925673, 337, 337, 338, 339, 
2925706, 335, 336, 337, 338, 
2925737, 335, 337, 338, 339, 
2925770, 334, 336, 337, 338, 
2925802, 340, 337, 338, 338, 
2925835, 336, 332, 336, 338, 
2925867, 320, 337, 333, 332, 
2925899, 337, 336, 336, 338, 
2925931, 337, 335, 337, 338, 
2925964, 338, 336, 339, 338, 
2925996, 338, 335, 338, 338, 
2926028, 330, 332, 338, 338, 
2926060, 331, 332, 339, 338, 
2926092, 317, 328, 336, 337, 
2926125, 324, 332, 338, 337, 
2926156, 333, 336, 336, 337, 
2926189, 340, 340, 340, 338, 
2926221, 350, 344, 337, 339, 
2926254, 345, 343, 338, 339, 
2926285, 352, 344, 340, 339, 
2926318, 340, 339, 338, 339, 
2926350, 347, 341, 339, 339, 
2926383, 338, 338, 338, 339, 
2926414, 341, 339, 339, 338, 
2926447, 342, 340, 337, 339, 
2926479, 342, 340, 338, 339, 
2926512, 340, 340, 338, 338, 
2926543, 338, 339, 341, 339, 
2926576, 338, 339, 337, 339, 
2926608, 336, 337, 338, 338, 
2926641, 337, 336, 338, 339, 
2926672, 336, 338, 339, 338, 
2926705, 335, 337, 338, 338, 
2926737, 332, 336, 338, 338, 
2926770, 337, 338, 337, 338, 
2926801, 338, 338, 337, 338, 
2926834, 338, 335, 339, 338, 
2926866, 316, 336, 332, 334, 
2926899, 335, 335, 337, 336, 
2926930, 339, 336, 338, 337, 
2926963, 337, 335, 338, 337, 
2926995, 335, 335, 337, 339, 
2927028, 335, 336, 337, 338, 
2927059, 326, 332, 338, 338, 
2927092, 325, 329, 337, 337, 
2927124, 318, 330, 337, 337, 
2927156, 330, 336, 337, 337, 
2927188, 340, 341, 338, 338, 
2927220, 346, 344, 340, 338, 
2927253, 348, 343, 339, 339, 
2927285, 348, 344, 338, 339, 
2927318, 346, 343, 339, 340, 
2927349, 343, 340, 338, 338, 
2927382, 343, 340, 338, 338, 
2927414, 340, 339, 339, 338, 
2927447, 342, 340, 338, 338, 
2927478, 341, 339, 338, 338, 
2927511, 340, 339, 338, 338, 
2927543, 342, 340, 339, 339, 
2927576, 336, 337, 337, 338, 
2927607, 341, 339, 339, 339, 
2927640, 333, 334, 336, 338, 
2927672, 332, 336, 339, 338, 
2927705, 338, 338, 337, 338, 
2927736, 336, 337, 337, 339, 
2927769, 338, 334, 339, 338, 
2927801, 315, 334, 333, 333, 
2927834, 340, 336, 337, 338, 
2927865, 334, 333, 337, 338, 
2927898, 338, 336, 339, 339, 
2927930, 337, 336, 339, 339, 
2927963, 332, 334, 337, 339, 
2927994, 329, 334, 338, 338, 
2928027, 320, 330, 337, 338, 
2928059, 321, 331, 336, 337, 
2928092, 331, 335, 337, 338, 
2928123, 341, 340, 338, 337, 
2928155, 351, 344, 339, 338, 
2928188, 347, 343, 338, 338, 
2928220, 349, 343, 339, 340, 
2928252, 344, 342, 337, 338, 
2928284, 347, 341, 339, 338, 
2928317, 341, 339, 339, 339, 
2928349, 342, 339, 338, 338, 
2928381, 342, 338, 339, 339, 
2928413, 340, 338, 337, 339, 
2928446, 340, 339, 338, 339, 
2928478, 336, 337, 337, 338, 
2928510, 334, 338, 338, 339, 
2928542, 339, 339, 339, 340, 
2928575, 338, 339, 336, 341, 
2928607, 340, 340, 337, 342, 
2928640, 339, 339, 336, 343, 
2928671, 335, 339, 339, 344, 
2928704, 342, 340, 338, 346, 
2928736, 339, 338, 334, 346, 
2928769, 329, 331, 336, 345, 
2928800, 329, 338, 331, 342, 
2928833, 339, 336, 335, 344, 
2928865, 338, 334, 336, 343, 
2928898, 341, 336, 337, 342, 
2928929, 336, 335, 336, 341, 
2928962, 335, 333, 337, 339, 
2928994, 331, 332, 337, 338, 
2929027, 328, 330, 337, 336, 
2929058, 331, 333, 338, 335, 
2929091, 341, 336, 339, 334, 
2929123, 349, 338, 339, 333, 
2929156, 352, 339, 339, 332, 
2929187, 351, 339, 337, 332, 
2929219, 350, 338, 337, 332, 
2929252, 346, 338, 337, 334, 
2929284, 345, 338, 337, 334, 
2929316, 344, 339, 337, 334, 
2929348, 343, 340, 337, 335, 
2929381, 341, 339, 335, 334, 
2929413, 340, 339, 337, 335, 
2929445, 341, 338, 336, 336, 
2929477, 341, 340, 336, 336, 
2929510, 340, 342, 336, 336, 
2929542, 339, 342, 336, 336, 
2929574, 338, 342, 336, 337, 
2929606, 337, 341, 337, 336, 
2929639, 335, 340, 338, 337, 
2929671, 336, 340, 337, 336, 
2929703, 338, 338, 338, 336, 
2929735, 336, 335, 337, 337, 
2929768, 320, 337, 336, 333, 
2929800, 334, 337, 337, 337, 
2929832, 336, 337, 338, 337, 
2929864, 336, 337, 339, 339, 
2929897, 337, 336, 340, 339, 
2929929, 334, 335, 339, 338, 
2929961, 330, 333, 338, 339, 
2929993, 323, 331, 337, 338, 
2930026, 323, 332, 339, 337, 
2930058, 329, 337, 340, 338, 
2930091, 335, 339, 334, 339, 
2930122, 345, 344, 339, 340, 
2930155, 343, 341, 340, 339, 
2930187, 346, 345, 341, 339, 
2930219, 341, 342, 342, 338, 
2930251, 345, 343, 342, 338, 
2930283, 344, 342, 343, 338, 
2930316, 340, 339, 341, 337, 
2930348, 340, 338, 341, 339, 
2930380, 337, 339, 339, 337, 
2930412, 338, 338, 340, 338, 
2930445, 337, 336, 339, 338, 
2930477, 337, 336, 339, 336, 
2930509, 337, 336, 338, 338, 
2930541, 337, 335, 339, 336, 
2930574, 336, 335, 339, 336, 
2930606, 336, 336, 339, 337, 
2930638, 335, 335, 338, 337, 
2930670, 334, 335, 338, 337, 
2930703, 334, 335, 338, 336, 
2930735, 337, 336, 338, 336, 
2930767, 338, 336, 337, 337, 
2930799, 323, 329, 337, 336, 
2930832, 328, 338, 335, 334, 
2930864, 337, 335, 338, 336, 
2930896, 338, 334, 338, 338, 
2930928, 336, 334, 338, 337, 
2930961, 335, 334, 338, 338, 
2930993, 332, 333, 339, 337, 
2931025, 327, 331, 337, 337, 
2931057, 324, 331, 338, 338, 
2931090, 326, 333, 338, 337, 
2931122, 335, 338, 337, 338, 
2931154, 345, 342, 339, 338, 
2931186, 349, 343, 339, 338, 
2931219, 349, 344, 339, 337, 
2931251, 348, 342, 337, 337, 
2931282, 346, 342, 339, 338, 
2931315, 344, 340, 339, 338, 
2931347, 342, 339, 339, 338, 
2931380, 340, 339, 339, 338, 
2931411, 340, 338, 339, 338, 
2931444, 339, 338, 339, 338, 
2931476, 339, 338, 339, 337, 
2931509, 338, 336, 337, 338, 
2931540, 338, 338, 338, 338, 
2931573, 337, 338, 338, 340, 
2931605, 338, 338, 337, 338, 
2931638, 337, 337, 338, 337, 
2931670, 337, 338, 338, 338, 
2931702, 337, 337, 339, 337, 
2931734, 336, 337, 337, 338, 
2931767, 335, 338, 339, 337, 
2931799, 332, 336, 336, 337, 
2931831, 331, 337, 336, 338, 
2931863, 335, 337, 337, 338, 
2931896, 324, 331, 339, 337, 
2931928, 328, 341, 338, 336, 
2931960, 332, 337, 338, 339, 
2931992, 339, 339, 343, 339, 
2932025, 328, 337, 336, 340, 
2932057, 335, 337, 338, 339, 
2932089, 330, 335, 341, 340, 
2932121, 323, 333, 338, 339, 
2932154, 321, 331, 339, 339, 
2932186, 325, 334, 337, 340, 
2932218, 336, 340, 342, 338, 
2932250, 343, 343, 343, 339, 
2932282, 349, 344, 341, 339, 
2932315, 350, 344, 342, 339, 
2932346, 345, 341, 339, 338, 
2932379, 344, 341, 341, 339, 
2932411, 344, 341, 340, 339, 
2932444, 338, 338, 339, 338, 
2932475, 342, 340, 342, 338, 
2932508, 336, 337, 338, 339, 
2932540, 339, 338, 341, 337, 
2932573, 337, 336, 340, 338, 
2932604, 336, 336, 342, 336, 
2932637, 337, 335, 341, 336, 
2932669, 332, 335, 341, 337, 
2932702, 340, 338, 343, 337, 
2932733, 334, 334, 342, 337, 
2932766, 333, 334, 344, 337, 
2932798, 335, 336, 342, 337, 
2932831, 332, 334, 341, 336, 
2932862, 337, 335, 341, 337, 
2932895, 338, 336, 340, 336, 
2932927, 318, 327, 336, 335, 
2932960, 331, 337, 336, 334, 
2932992, 332, 333, 338, 337, 
2933024, 338, 335, 338, 338, 
2933056, 336, 334, 337, 338, 
2933089, 332, 333, 336, 338, 
2933121, 335, 333, 337, 338, 
2933153, 324, 330, 334, 338, 
2933185, 327, 332, 338, 337, 
2933218, 322, 330, 335, 338, 
2933250, 338, 339, 336, 338, 
2933282, 349, 344, 339, 339, 
2933314, 350, 344, 335, 340, 
2933346, 356, 346, 338, 339, 
2933379, 349, 343, 335, 339, 
2933410, 350, 343, 337, 338, 
2933443, 347, 342, 337, 339, 
2933475, 343, 340, 335, 339, 
2933508, 347, 343, 336, 339, 
2933539, 345, 341, 335, 339, 
2933572, 343, 341, 334, 340, 
2933604, 344, 341, 337, 339, 
2933637, 342, 340, 335, 339, 
2933668, 341, 340, 335, 339, 
2933701, 344, 341, 337, 339, 
2933733, 339, 340, 334, 339, 
2933766, 341, 339, 337, 339, 
2933797, 341, 339, 333, 339, 
2933830, 335, 336, 331, 339, 
2933862, 336, 336, 337, 338, 
2933895, 334, 336, 333, 338, 
2933926, 339, 338, 336, 337, 
2933959, 339, 335, 338, 338, 
2933991, 321, 336, 336, 334, 
2934024, 335, 337, 335, 337, 
2934055, 339, 334, 339, 337, 
2934088, 339, 335, 339, 337, 
2934120, 336, 334, 337, 338, 
2934153, 334, 334, 339, 337, 
2934184, 329, 331, 337, 337, 
2934217, 326, 329, 337, 337, 
2934249, 324, 330, 338, 336, 
2934282, 327, 334, 337, 337, 
2934313, 340, 339, 339, 337, 
2934345, 346, 342, 339, 337, 
2934378, 348, 342, 338, 337, 
2934410, 347, 342, 338, 337, 
2934443, 344, 340, 337, 338, 
2934474, 344, 340, 339, 337, 
2934507, 343, 339, 338, 337, 
2934539, 341, 338, 338, 338, 
2934572, 340, 339, 338, 337, 
2934603, 340, 338, 338, 337, 
2934636, 339, 338, 338, 337, 
2934668, 339, 337, 338, 337, 
2934701, 338, 337, 339, 337, 
2934732, 337, 337, 338, 337, 
2934765, 336, 337, 338, 337, 
2934797, 336, 336, 336, 337, 
2934830, 333, 337, 337, 337, 
2934861, 330, 336, 335, 338, 
2934894, 333, 337, 338, 338, 
2934926, 333, 337, 337, 338, 
2934959, 338, 339, 337, 338, 
2934990, 319, 332, 334, 336, 
2935023, 332, 340, 338, 335, 
2935055, 334, 337, 337, 337, 
2935088, 337, 338, 339, 338, 
2935119, 336, 338, 340, 339, 
2935152, 331, 336, 337, 341, 
2935184, 334, 337, 342, 340, 
2935217, 322, 332, 333, 341, 
2935248, 321, 330, 338, 340, 
2935281, 321, 333, 336, 340, 
2935313, 336, 338, 339, 340, 
2935346, 343, 342, 337, 340, 
2935377, 348, 343, 340, 340, 
2935409, 345, 341, 337, 340, 
2935442, 349, 342, 342, 341, 
2935474, 340, 340, 338, 341, 
2935506, 340, 340, 337, 340, 
2935538, 338, 342, 339, 342, 
2935571, 338, 345, 340, 341, 
2935603, 339, 350, 340, 341, 
2935635, 332, 348, 337, 340, 
2935667, 338, 351, 336, 340, 
2935700, 332, 349, 337, 340, 
2935732, 336, 350, 336, 341, 
2935764, 333, 347, 336, 340, 
2935796, 337, 346, 337, 340, 
2935829, 333, 342, 340, 340, 
2935861, 333, 342, 337, 340, 
2935894, 332, 342, 339, 340, 
2935925, 331, 343, 336, 340, 
2935958, 335, 344, 336, 340, 
2935990, 337, 344, 338, 339, 
2936023, 315, 339, 334, 335, 
2936054, 332, 341, 334, 339, 
2936087, 337, 338, 338, 340, 
2936119, 334, 335, 339, 340, 
2936152, 334, 334, 337, 340, 
2936183, 334, 332, 340, 339, 
2936216, 329, 328, 339, 339, 
2936248, 323, 326, 337, 338, 
2936281, 319, 326, 339, 339, 
2936312, 325, 329, 337, 338, 
2936345, 336, 335, 340, 339, 
2936377, 345, 339, 338, 338, 
2936409, 346, 338, 339, 338, 
2936441, 346, 338, 340, 339, 
2936473, 348, 338, 338, 339, 
2936506, 344, 336, 340, 339, 
2936538, 345, 336, 339, 338, 
2936570, 340, 335, 339, 338, 
2936602, 344, 336, 339, 338, 
2936635, 340, 334, 339, 338, 
2936667, 344, 336, 339, 338, 
2936699, 337, 334, 339, 339, 
2936731, 339, 335, 340, 338, 
2936764, 339, 334, 337, 338, 
2936796, 339, 335, 340, 338, 
2936828, 340, 335, 337, 337, 
2936860, 335, 333, 338, 338, 
2936893, 337, 334, 336, 338, 
2936925, 338, 334, 339, 338, 
2936957, 340, 336, 337, 337, 
2936989, 333, 329, 338, 337, 
2937022, 322, 336, 331, 332, 
2937054, 336, 335, 339, 336, 
2937086, 341, 334, 338, 337, 
2937118, 340, 333, 338, 337, 
2937151, 336, 331, 339, 338, 
2937183, 335, 331, 337, 337, 
2937216, 331, 330, 337, 338, 
2937247, 324, 328, 340, 337, 
2937280, 322, 329, 338, 336, 
2937312, 329, 334, 336, 337, 
2937345, 342, 340, 339, 337, 
2937376, 349, 343, 340, 337, 
2937409, 351, 343, 341, 338, 
2937441, 349, 342, 339, 337, 
2937473, 346, 341, 339, 337, 
2937505, 346, 341, 340, 337, 
2937537, 342, 339, 337, 336, 
2937570, 345, 340, 339, 336, 
2937602, 341, 338, 337, 336, 
2937634, 341, 338, 338, 337, 
2937666, 342, 339, 338, 337, 
2937699, 339, 338, 338, 336, 
2937731, 340, 337, 339, 336, 
2937763, 338, 337, 337, 336, 
2937795, 336, 336, 340, 337, 
2937828, 337, 336, 337, 336, 
2937860, 333, 335, 338, 336, 
2937892, 340, 338, 340, 336, 
2937924, 336, 336, 339, 336, 
2937957, 324, 328, 336, 335, 
2937989, 330, 337, 334, 333, 
2938021, 337, 335, 338, 337, 
2938053, 339, 335, 338, 337, 
2938086, 333, 333, 338, 337, 
2938118, 337, 334, 338, 337, 
2938150, 329, 331, 338, 337, 
2938182, 330, 331, 338, 339, 
2938215, 320, 328, 338, 337, 
2938247, 326, 333, 339, 336, 
2938279, 336, 338, 337, 336, 
2938311, 342, 342, 338, 337, 
2938344, 349, 344, 339, 336, 
2938376, 349, 344, 339, 336, 
2938408, 348, 342, 338, 335, 
2938440, 346, 342, 339, 335, 
2938472, 347, 342, 340, 334, 
2938505, 344, 341, 337, 333, 
2938536, 341, 340, 338, 332, 
2938569, 342, 340, 338, 332, 
2938601, 338, 338, 337, 332, 
2938634, 340, 339, 338, 333, 
2938665, 339, 338, 337, 333, 
2938698, 334, 336, 338, 332, 
2938730, 334, 336, 338, 332, 
2938763, 334, 337, 339, 333, 
2938795, 339, 338, 338, 334, 
2938827, 332, 330, 338, 334, 
2938859, 321, 337, 335, 330, 
2938892, 334, 336, 338, 335, 
2938924, 338, 335, 339, 337, 
2938956, 336, 334, 338, 337, 
2938988, 334, 334, 337, 337, 
2939021, 333, 333, 339, 338, 
2939053, 328, 330, 339, 338, 
2939085, 322, 328, 337, 339, 
2939117, 323, 331, 339, 338, 
2939150, 331, 336, 339, 339, 
2939182, 343, 342, 339, 340, 
2939214, 345, 343, 339, 340, 
2939246, 350, 344, 339, 340, 
2939279, 345, 341, 339, 340, 
2939311, 347, 342, 339, 340, 
2939343, 344, 340, 340, 341, 
2939375, 342, 340, 338, 341, 
2939408, 344, 340, 339, 341, 
2939440, 341, 339, 336, 341, 
2939472, 342, 339, 340, 341, 
2939504, 341, 338, 339, 340, 
2939536, 336, 337, 338, 340, 
2939569, 340, 339, 337, 341, 
2939600, 335, 336, 337, 341, 
2939633, 333, 336, 337, 342, 
2939665, 336, 337, 339, 343, 
2939698, 338, 338, 338, 345, 
2939729, 335, 333, 339, 343, 
2939762, 317, 335, 334, 337, 
2939794, 339, 338, 336, 340, 
2939827, 332, 333, 338, 340, 
2939858, 338, 335, 339, 339, 
2939891, 335, 333, 338, 338, 
2939923, 332, 333, 339, 338, 
2939956, 330, 331, 338, 338, 
2939987, 321, 328, 336, 337, 
2940020, 322, 331, 338, 337, 
2940052, 330, 334, 337, 337, 
2940085, 340, 341, 339, 337, 
2940116, 345, 343, 338, 337, 
2940149, 347, 343, 338, 336, 
2940181, 347, 342, 338, 336, 
2940214, 347, 343, 338, 336, 
2940246, 342, 340, 338, 336, 
2940278, 343, 340, 338, 336, 
2940310, 340, 339, 339, 336, 
2940343, 343, 340, 339, 336, 
2940375, 338, 338, 339, 337, 
2940407, 342, 339, 338, 336, 
2940439, 336, 337, 338, 337, 
2940472, 335, 337, 338, 337, 
2940504, 332, 335, 336, 337, 
2940535, 338, 338, 338, 339, 
2940568, 337, 336, 338, 338, 
2940600, 318, 331, 335, 335, 
2940633, 334, 337, 337, 335, 
2940664, 335, 336, 337, 337, 
2940697, 337, 336, 338, 337, 
2940729, 336, 334, 338, 336, 
2940762, 332, 333, 338, 338, 
2940793, 329, 331, 339, 338, 
2940826, 326, 330, 338, 337, 
2940858, 321, 329, 336, 338, 
2940891, 326, 334, 337, 337, 
2940922, 339, 339, 334, 337, 
2940955, 346, 343, 338, 338, 
2940987, 350, 344, 338, 338, 
2941020, 347, 343, 338, 337, 
2941051, 348, 343, 338, 338, 
2941084, 344, 342, 338, 337, 
2941116, 344, 340, 339, 337, 
2941149, 343, 339, 337, 338, 
2941180, 341, 340, 339, 338, 
2941213, 342, 339, 338, 339, 
2941245, 338, 337, 338, 338, 
2941278, 342, 340, 339, 338, 
2941309, 336, 337, 338, 338, 
2941342, 341, 339, 339, 336, 
2941374, 336, 338, 338, 337, 
2941407, 336, 336, 337, 337, 
2941438, 335, 337, 339, 337, 
2941471, 335, 336, 339, 339, 
2941503, 339, 338, 336, 337, 
2941536, 339, 336, 338, 337, 
2941568, 316, 332, 333, 333, 
2941599, 337, 338, 339, 335, 
2941632, 336, 334, 336, 335, 
2941664, 339, 337, 337, 336, 
2941697, 338, 336, 341, 335, 
2941728, 337, 335, 337, 336, 
2941761, 333, 333, 341, 336, 
2941793, 326, 331, 337, 337, 
2941826, 325, 332, 339, 337, 
2941857, 328, 333, 336, 336, 
2941890, 341, 340, 339, 337, 
2941922, 343, 341, 337, 336, 
2941955, 348, 343, 338, 336, 
2941986, 346, 343, 338, 336, 
2942019, 348, 342, 337, 336, 
2942051, 340, 341, 338, 337, 
2942084, 347, 343, 339, 338, 
2942115, 337, 339, 336, 338, 
2942148, 344, 342, 338, 338, 
2942180, 333, 336, 338, 337, 
2942213, 342, 339, 341, 338, 
2942244, 335, 336, 337, 337, 
2942277, 341, 337, 340, 337, 
2942309, 337, 337, 337, 337, 
2942342, 336, 335, 337, 336, 
2942373, 337, 335, 340, 336, 
2942406, 335, 336, 338, 336, 
2942438, 338, 336, 337, 336, 
2942471, 338, 337, 340, 337, 
2942502, 332, 330, 337, 337, 
2942535, 322, 339, 337, 336, 
2942567, 334, 337, 336, 339, 
2942599, 340, 336, 340, 338, 
2942631, 335, 336, 338, 337, 
2942663, 338, 336, 339, 339, 
2942696, 334, 335, 340, 337, 
2942728, 332, 333, 340, 338, 
2942760, 325, 329, 338, 336, 
2942792, 325, 331, 338, 336, 
2942825, 335, 337, 338, 337, 
2942857, 340, 340, 338, 337, 
2942889, 350, 343, 342, 338, 
2942921, 345, 342, 338, 339, 
2942954, 349, 342, 340, 338, 
2942986, 346, 341, 338, 338, 
2943019, 344, 341, 338, 339, 
2943050, 345, 340, 339, 338, 
2943083, 338, 337, 335, 337, 
2943115, 344, 339, 340, 338, 
2943148, 338, 337, 339, 338, 
2943179, 340, 337, 340, 337, 
2943212, 339, 337, 339, 337, 
2943244, 337, 335, 336, 336, 
2943277, 337, 335, 338, 337, 
2943308, 338, 335, 338, 337, 
2943341, 335, 335, 336, 337, 
2943373, 336, 334, 338, 336, 
2943406, 334, 334, 337, 338, 
2943437, 334, 334, 336, 340, 
2943470, 338, 335, 337, 340, 
2943502, 338, 333, 336, 339, 
2943535, 317, 334, 332, 336, 
2943566, 333, 335, 334, 339, 
2943599, 336, 334, 335, 340, 
2943631, 336, 333, 335, 340, 
2943663, 335, 333, 335, 340, 
2943695, 333, 333, 335, 339, 
2943727, 328, 331, 334, 339, 
2943760, 325, 330, 334, 339, 
2943792, 320, 330, 333, 341, 
2943824, 320, 331, 329, 339, 
2943856, 341, 341, 338, 339, 
2943889, 341, 342, 337, 340, 
2943921, 350, 345, 339, 339, 
2943953, 348, 345, 340, 338, 
2943985, 347, 345, 340, 338, 
2944018, 345, 342, 340, 338, 
2944050, 343, 341, 338, 337, 
2944082, 341, 340, 340, 339, 
2944114, 340, 340, 338, 337, 
2944147, 340, 337, 338, 337, 
2944179, 338, 337, 339, 337, 
2944211, 337, 338, 339, 338, 
2944243, 337, 337, 339, 337, 
2944276, 338, 337, 339, 337, 
2944308, 337, 336, 337, 337, 
2944340, 337, 336, 338, 338, 
2944372, 335, 335, 336, 337, 
2944405, 335, 336, 337, 337, 
2944437, 336, 337, 337, 337, 
2944470, 337, 337, 337, 338, 
2944501, 337, 336, 337, 338, 
2944534, 321, 335, 335, 334, 
2944566, 336, 336, 336, 335, 
2944599, 338, 336, 337, 337, 
2944630, 337, 336, 338, 337, 
2944662, 336, 337, 338, 339, 
2944695, 333, 335, 338, 338, 
2944727, 331, 333, 339, 338, 
2944759, 327, 332, 339, 340, 
2944791, 323, 332, 339, 338, 
2944824, 328, 337, 337, 338, 
2944856, 338, 340, 338, 337, 
2944888, 343, 344, 338, 338, 
2944920, 348, 346, 338, 338, 
2944953, 345, 346, 338, 339, 
2944985, 347, 347, 340, 339, 
2945017, 347, 346, 342, 339, 
2945049, 344, 344, 342, 339, 
2945082, 341, 343, 343, 341, 
2945114, 345, 343, 342, 340, 
2945146, 342, 343, 344, 339, 
2945178, 338, 342, 339, 340, 
2945211, 344, 342, 343, 339, 
2945243, 342, 341, 343, 339, 
2945275, 338, 340, 341, 339, 
2945307, 340, 339, 342, 339, 
2945340, 338, 337, 341, 338, 
2945372, 341, 338, 341, 339, 
2945404, 334, 331, 341, 338, 
2945436, 329, 338, 337, 335, 
2945469, 338, 336, 340, 338, 
2945501, 340, 335, 340, 337, 
2945533, 338, 335, 338, 337, 
2945565, 336, 333, 340, 337, 
2945598, 331, 332, 338, 335, 
2945630, 326, 329, 337, 332, 
2945662, 326, 329, 340, 328, 
2945694, 321, 330, 337, 329, 
2945726, 333, 337, 339, 329, 
2945759, 344, 343, 341, 333, 
2945790, 344, 343, 338, 334, 
2945823, 345, 342, 336, 336, 
2945855, 342, 340, 335, 339, 
2945888, 345, 342, 337, 339, 
2945920, 340, 339, 336, 341, 
2945952, 344, 342, 341, 343, 
2945984, 339, 339, 336, 344, 
2946017, 344, 340, 341, 343, 
2946049, 339, 340, 338, 344, 
2946081, 339, 339, 336, 344, 
2946113, 341, 340, 341, 343, 
2946146, 336, 338, 335, 343, 
2946178, 338, 340, 337, 344, 
2946210, 331, 336, 336, 342, 
2946242, 336, 339, 335, 343, 
2946275, 335, 336, 340, 342, 
2946307, 339, 338, 337, 341, 
2946339, 322, 329, 335, 338, 
2946371, 331, 339, 336, 334, 
2946404, 329, 334, 336, 336, 
2946436, 343, 337, 340, 336, 
2946468, 332, 332, 337, 336, 
2946500, 335, 335, 341, 335, 
2946533, 329, 332, 338, 335, 
2946565, 328, 331, 342, 335, 
2946597, 320, 329, 336, 335, 
2946629, 329, 334, 340, 334, 
2946662, 335, 338, 338, 335, 
2946694, 342, 341, 337, 336, 
2946725, 350, 344, 338, 336, 
2946758, 344, 341, 337, 338, 
2946790, 348, 342, 339, 337, 
2946823, 344, 340, 338, 336, 
2946854, 343, 339, 336, 336, 
2946887, 340, 339, 339, 336, 
2946919, 342, 339, 338, 337, 
2946952, 339, 338, 339, 337, 
2946983, 339, 338, 340, 336, 
2947016, 338, 337, 338, 337, 
2947048, 338, 336, 338, 335, 
2947081, 339, 338, 338, 336, 
2947112, 334, 335, 338, 335, 
2947145, 336, 337, 336, 334, 
2947177, 331, 335, 335, 336, 
2947210, 337, 338, 337, 336, 
2947241, 337, 338, 338, 336, 
2947274, 325, 329, 338, 336, 
2947306, 332, 339, 334, 333, 
2947339, 334, 336, 339, 336, 
2947371, 340, 336, 338, 338, 
2947403, 334, 335, 340, 337, 
2947435, 337, 336, 338, 337, 
2947468, 327, 331, 338, 338, 
2947500, 330, 333, 337, 338, 
2947532, 320, 327, 336, 338, 
2947564, 326, 333, 339, 338, 
2947597, 331, 337, 336, 337, 
2947629, 345, 342, 340, 338, 
2947661, 346, 342, 335, 338, 
2947693, 349, 344, 341, 338, 
2947726, 350, 343, 338, 338, 
2947758, 341, 340, 341, 339, 
2947789, 346, 340, 338, 338, 
2947822, 341, 340, 336, 338, 
2947854, 343, 341, 340, 338, 
2947887, 337, 337, 337, 338, 
2947918, 342, 339, 339, 338, 
2947951, 339, 339, 338, 338, 
2947983, 336, 337, 338, 338, 
2948016, 342, 339, 340, 338, 
2948047, 333, 336, 335, 337, 
2948080, 336, 337, 338, 337, 
2948112, 332, 337, 337, 337, 
2948145, 340, 338, 339, 338, 
2948176, 334, 337, 339, 338, 
2948209, 322, 331, 334, 335, 
2948241, 330, 337, 335, 336, 
2948274, 339, 336, 339, 338, 
2948305, 339, 334, 340, 339, 
2948338, 334, 335, 337, 338, 
2948370, 335, 334, 338, 338, 
2948403, 329, 330, 338, 338, 
2948434, 326, 329, 338, 339, 
2948467, 324, 330, 337, 338, 
2948499, 328, 334, 338, 338, 
2948532, 336, 338, 335, 338, 
2948563, 347, 343, 340, 337, 
2948596, 344, 341, 336, 339, 
2948628, 350, 343, 339, 339, 
2948661, 344, 340, 339, 338, 
2948692, 346, 342, 338, 338, 
2948725, 340, 340, 337, 338, 
2948757, 345, 341, 340, 338, 
2948789, 339, 339, 337, 338, 
2948822, 338, 338, 338, 337, 
2948853, 341, 340, 337, 337, 
2948886, 335, 336, 338, 337, 
2948918, 338, 337, 338, 337, 
2948951, 334, 337, 336, 336, 
2948982, 335, 337, 336, 338, 
2949015, 336, 336, 338, 337, 
2949047, 338, 338, 338, 337, 
2949080, 329, 330, 339, 337, 
2949111, 324, 336, 334, 333, 
2949144, 339, 337, 337, 337, 
2949176, 338, 335, 339, 336, 
2949209, 338, 336, 338, 338, 
2949240, 334, 335, 336, 338, 
2949273, 332, 333, 340, 337, 
2949305, 327, 329, 335, 337, 
2949338, 323, 328, 339, 337, 
2949369, 325, 331, 338, 337, 
2949402, 334, 337, 336, 336, 
2949434, 343, 341, 342, 337, 
2949467, 344, 343, 337, 338, 
2949498, 350, 344, 338, 338, 
2949531, 345, 341, 339, 337, 
2949563, 348, 343, 341, 338, 
2949596, 340, 340, 337, 338, 
2949627, 344, 341, 338, 337, 
2949660, 338, 339, 337, 338, 
2949692, 340, 340, 338, 339, 
2949725, 340, 338, 337, 337, 
2949756, 338, 337, 337, 336, 
2949789, 336, 336, 335, 337, 
2949821, 340, 338, 339, 337, 
2949853, 334, 337, 337, 339, 
2949885, 336, 340, 335, 339, 
2949917, 336, 339, 339, 340, 
2949950, 338, 341, 338, 341, 
2949982, 335, 334, 338, 339, 
2950014, 316, 338, 334, 334, 
2950046, 337, 337, 336, 338, 
2950079, 333, 334, 338, 337, 
2950111, 338, 334, 337, 338, 
2950144, 333, 334, 338, 337, 
2950175, 335, 333, 337, 338, 
2950208, 328, 330, 339, 338, 
2950240, 325, 328, 337, 336, 
2950273, 323, 328, 334, 335, 
2950304, 334, 335, 338, 336, 
2950337, 339, 337, 334, 336, 
2950369, 349, 343, 341, 338, 
2950402, 347, 341, 337, 338, 
2950433, 343, 340, 338, 338, 
2950466, 346, 341, 337, 339, 
2950498, 344, 341, 337, 338, 
2950531, 342, 339, 338, 338, 
2950562, 339, 338, 339, 337, 
2950595, 340, 338, 336, 337, 
2950627, 340, 338, 337, 337, 
2950660, 337, 337, 336, 336, 
2950691, 336, 335, 335, 335, 
2950724, 333, 335, 337, 337, 
2950756, 338, 338, 338, 337, 
2950789, 334, 338, 336, 338, 
2950820, 337, 335, 337, 338, 
2950852, 316, 337, 333, 334, 
2950885, 335, 337, 338, 337, 
2950917, 339, 338, 336, 338, 
2950949, 334, 335, 337, 338, 
2950981, 338, 336, 338, 339, 
2951014, 329, 332, 337, 338, 
2951046, 330, 333, 338, 338, 
2951078, 322, 329, 336, 337, 
2951110, 321, 330, 336, 337, 
2951143, 330, 336, 335, 337, 
2951175, 340, 340, 337, 337, 
2951207, 347, 343, 340, 338, 
2951239, 349, 343, 339, 338, 
2951272, 348, 341, 338, 338, 
2951304, 344, 339, 339, 339, 
2951336, 345, 340, 337, 338, 
2951368, 342, 339, 340, 338, 
2951401, 344, 340, 336, 337, 
2951433, 338, 338, 339, 338, 
2951465, 340, 339, 338, 337, 
2951497, 340, 338, 340, 339, 
2951530, 332, 335, 337, 339, 
2951562, 339, 339, 340, 338, 
2951595, 335, 337, 337, 338, 
2951626, 339, 337, 338, 337, 
2951659, 322, 331, 336, 337, 
2951691, 330, 337, 336, 335, 
2951724, 341, 336, 339, 338, 
2951755, 338, 335, 338, 338, 
2951788, 337, 335, 338, 336, 
2951820, 335, 334, 336, 337, 
2951853, 329, 333, 337, 337, 
2951884, 325, 331, 337, 338, 
2951916, 323, 330, 337, 338, 
2951949, 327, 334, 338, 339, 
2951981, 339, 340, 340, 338, 
2952013, 344, 343, 337, 338, 
2952045, 350, 344, 340, 337, 
2952078, 344, 340, 335, 338, 
2952110, 348, 341, 339, 337, 
2952142, 343, 339, 338, 337, 
2952174, 343, 340, 338, 338, 
2952207, 342, 340, 340, 339, 
2952239, 339, 340, 338, 339, 
2952271, 340, 340, 339, 338, 
2952303, 338, 339, 341, 339, 
2952336, 339, 339, 337, 339, 
2952368, 337, 339, 340, 338, 
2952400, 335, 338, 338, 338, 
2952432, 333, 336, 334, 338, 
2952465, 337, 338, 339, 339, 
2952497, 333, 332, 336, 338, 
2952529, 321, 337, 335, 334, 
2952561, 334, 336, 339, 338, 
2952594, 337, 335, 336, 339, 
2952626, 340, 336, 340, 339, 
2952658, 334, 334, 338, 338, 
2952690, 334, 334, 338, 338, 
2952723, 328, 330, 335, 337, 
2952755, 323, 329, 337, 337, 
2952787, 325, 331, 339, 337, 
2952819, 329, 334, 337, 337, 
2952852, 344, 340, 339, 337, 
2952884, 346, 341, 336, 337, 
2952915, 349, 343, 340, 337, 
2952948, 348, 341, 339, 338, 
2952980, 344, 339, 338, 337, 
2953013, 345, 340, 339, 337, 
2953044, 342, 338, 337, 336, 
2953077, 341, 338, 336, 336, 
2953109, 339, 337, 337, 337, 
2953142, 340, 338, 338, 335, 
2953174, 340, 338, 338, 334, 
2953206, 339, 338, 337, 334, 
2953238, 335, 337, 338, 334, 
2953271, 334, 337, 337, 336, 
2953303, 337, 337, 337, 335, 
2953335, 337, 337, 336, 336, 
2953367, 327, 330, 336, 336, 
2953400, 324, 338, 334, 333, 
2953432, 337, 336, 337, 336, 
2953464, 338, 335, 338, 338, 
2953496, 336, 334, 337, 338, 
2953529, 334, 334, 337, 337, 
2953561, 331, 333, 338, 338, 
2953593, 326, 331, 337, 337, 
2953625, 323, 330, 337, 336, 
2953658, 319, 331, 337, 337, 
2953690, 336, 337, 338, 336, 
2953722, 344, 342, 339, 337, 
2953754, 348, 342, 338, 337, 
2953787, 348, 341, 338, 337, 
2953819, 347, 343, 338, 337, 
2953851, 345, 340, 338, 338, 
2953883, 345, 340, 339, 339, 
2953916, 342, 340, 338, 338, 
2953948, 341, 339, 337, 338, 
2953979, 341, 338, 338, 338, 
2954012, 339, 338, 337, 338, 
2954044, 339, 339, 337, 337, 
2954077, 338, 338, 338, 338, 
2954108, 337, 337, 338, 339, 
2954141, 338, 338, 338, 339, 
2954173, 336, 337, 337, 338, 
2954206, 335, 337, 337, 338, 
2954237, 335, 337, 337, 338, 
2954270, 334, 337, 337, 338, 
2954302, 336, 337, 337, 338, 
2954335, 335, 334, 337, 338, 
2954366, 322, 336, 334, 335, 
2954399, 336, 336, 336, 337, 
2954431, 337, 335, 337, 338, 
2954464, 335, 335, 337, 339, 
2954496, 334, 336, 337, 339, 
2954528, 334, 335, 338, 338, 
2954560, 329, 334, 338, 338, 
2954593, 325, 332, 338, 337, 
2954625, 325, 332, 337, 339, 
2954657, 331, 336, 337, 338, 
2954689, 340, 340, 337, 337, 
2954722, 346, 344, 337, 338, 
2954754, 347, 343, 338, 338, 
2954786, 346, 343, 337, 338, 
2954818, 344, 341, 337, 338, 
2954851, 344, 340, 337, 338, 
2954883, 341, 340, 337, 337, 
2954915, 341, 340, 338, 338, 
2954947, 341, 339, 339, 338, 
2954979, 341, 339, 338, 339, 
2955012, 340, 338, 338, 339, 
2955043, 338, 338, 338, 338, 
2955076, 337, 338, 337, 339, 
2955108, 337, 337, 337, 338, 
2955141, 334, 336, 336, 337, 
2955172, 335, 337, 337, 339, 
2955205, 335, 338, 337, 338, 
2955237, 334, 337, 337, 338, 
2955270, 336, 337, 337, 337, 
2955301, 319, 331, 336, 336, 
2955334, 328, 338, 333, 336, 
2955366, 331, 337, 337, 338, 
2955399, 334, 337, 339, 338, 
2955430, 334, 336, 339, 339, 
2955463, 331, 335, 338, 340, 
2955495, 331, 334, 340, 339, 
2955528, 325, 332, 340, 339, 
2955559, 325, 333, 340, 338, 
2955592, 326, 334, 339, 336, 
2955624, 335, 339, 336, 339, 
2955657, 349, 344, 342, 338, 
2955688, 348, 344, 340, 338, 
2955721, 350, 344, 343, 338, 
2955753, 347, 341, 342, 338, 
2955786, 348, 342, 342, 338, 
2955817, 343, 339, 339, 336, 
2955850, 346, 340, 339, 336, 
2955882, 344, 339, 340, 335, 
2955915, 343, 339, 340, 334, 
2955947, 338, 336, 337, 333, 
2955979, 344, 338, 338, 334, 
2956011, 338, 337, 337, 331, 
2956043, 342, 337, 337, 332, 
2956076, 339, 337, 337, 331, 
2956107, 337, 335, 336, 333, 
2956140, 339, 335, 335, 333, 
2956172, 334, 337, 334, 338, 
2956205, 336, 335, 333, 340, 
2956236, 340, 337, 334, 340, 
2956269, 341, 334, 334, 340, 
2956301, 323, 335, 332, 337, 
2956334, 339, 337, 334, 340, 
2956365, 342, 336, 335, 341, 
2956398, 340, 335, 335, 341, 
2956430, 337, 334, 336, 341, 
2956463, 335, 334, 336, 341, 
2956494, 331, 331, 336, 340, 
2956527, 326, 330, 337, 338, 
2956559, 323, 332, 337, 340, 
2956592, 330, 336, 338, 339, 
2956623, 338, 339, 338, 339, 
2956656, 347, 343, 338, 335, 
2956688, 349, 343, 338, 335, 
2956721, 346, 342, 338, 334, 
2956752, 347, 342, 338, 335, 
2956785, 344, 341, 338, 335, 
2956817, 343, 339, 338, 335, 
2956850, 342, 341, 338, 335, 
2956881, 340, 339, 338, 336, 
2956914, 339, 339, 338, 337, 
2956946, 339, 338, 337, 336, 
2956979, 338, 338, 337, 337, 
2957010, 337, 338, 337, 337, 
2957042, 338, 339, 337, 338, 
2957075, 336, 337, 337, 337, 
2957107, 333, 337, 337, 338, 
2957139, 336, 337, 339, 338, 
2957171, 336, 337, 337, 336, 
2957204, 334, 334, 337, 338, 
2957236, 319, 337, 336, 334, 
2957268, 336, 337, 336, 337, 
2957300, 336, 335, 337, 337, 
2957333, 336, 335, 338, 338, 
2957365, 333, 335, 337, 338, 
2957398, 333, 334, 337, 338, 
2957429, 329, 334, 338, 339, 
2957462, 323, 331, 337, 339, 
2957494, 321, 332, 336, 340, 
2957527, 329, 336, 337, 339, 
2957558, 341, 340, 337, 340, 
2957591, 346, 342, 337, 340, 
2957623, 347, 342, 338, 341, 
2957656, 348, 342, 338, 342, 
2957687, 345, 342, 338, 342, 
2957720, 343, 340, 337, 341, 
2957752, 343, 339, 337, 341, 
2957785, 341, 340, 339, 342, 
2957816, 339, 338, 338, 340, 
2957849, 340, 338, 338, 340, 
2957881, 339, 339, 338, 340, 
2957914, 337, 337, 339, 340, 
2957945, 336, 339, 339, 339, 
2957978, 337, 337, 339, 339, 
2958010, 337, 337, 338, 339, 
2958043, 336, 336, 339, 339, 
2958074, 335, 336, 339, 339, 
2958106, 333, 337, 339, 340, 
2958139, 333, 337, 339, 339, 
2958171, 335, 337, 337, 339, 
2958203, 338, 338, 338, 339, 
2958235, 322, 330, 337, 338, 
2958268, 326, 339, 336, 336, 
2958300, 336, 336, 337, 338, 
2958332, 336, 335, 338, 339, 
2958364, 336, 335, 338, 339, 
2958397, 334, 334, 339, 339, 
2958429, 331, 332, 338, 338, 
2958461, 327, 331, 338, 337, 
2958493, 322, 331, 338, 337, 
2958526, 324, 333, 340, 337, 
2958558, 336, 338, 339, 338, 
2958590, 344, 341, 339, 337, 
2958622, 348, 342, 339, 337, 
2958655, 349, 342, 339, 339, 
2958687, 347, 341, 339, 339, 
2958720, 346, 340, 339, 338, 
2958751, 344, 339, 339, 338, 
2958784, 342, 339, 339, 338, 
2958816, 341, 338, 338, 338, 
2958849, 340, 339, 339, 339, 
2958880, 339, 338, 339, 338, 
2958913, 339, 338, 339, 338, 
2958945, 338, 338, 339, 338, 
2958978, 338, 338, 339, 338, 
2959009, 337, 337, 340, 338, 
2959042, 337, 337, 339, 337, 
2959074, 338, 338, 339, 338, 
2959106, 335, 337, 339, 338, 
2959138, 333, 337, 339, 339, 
2959170, 334, 337, 339, 338, 
2959203, 337, 338, 338, 338, 
2959235, 337, 337, 339, 338, 
2959267, 319, 332, 336, 336, 
2959299, 332, 338, 337, 337, 
2959332, 338, 336, 339, 338, 
2959364, 337, 335, 337, 337, 
2959396, 337, 335, 339, 338, 
2959428, 333, 334, 339, 338, 
2959461, 330, 333, 339, 338, 
2959493, 326, 332, 339, 338, 
2959525, 323, 331, 339, 338, 
2959557, 327, 335, 340, 338, 
2959590, 336, 339, 339, 338, 
2959622, 346, 342, 339, 339, 
2959654, 348, 344, 339, 338, 
2959686, 348, 343, 339, 338, 
2959719, 348, 341, 339, 338, 
2959751, 346, 341, 340, 338, 
2959783, 343, 340, 339, 338, 
2959815, 344, 339, 338, 338, 
2959848, 342, 339, 339, 338, 
2959880, 339, 339, 338, 338, 
2959912, 340, 339, 338, 338, 
2959944, 339, 339, 338, 338, 
2959977, 338, 338, 339, 337, 
2960009, 337, 338, 338, 337, 
2960041, 337, 337, 338, 336, 
2960073, 334, 337, 338, 337, 
2960106, 336, 338, 338, 336, 
2960138, 339, 338, 338, 337, 
2960169, 332, 332, 338, 337, 
2960202, 321, 338, 336, 333, 
2960234, 337, 337, 338, 336, 
2960267, 337, 335, 338, 337, 
2960299, 336, 336, 339, 337, 
2960331, 336, 335, 338, 337, 
2960363, 332, 334, 338, 338, 
2960396, 327, 333, 338, 337, 
2960428, 323, 331, 338, 336, 
2960460, 323, 332, 338, 336, 
2960492, 332, 337, 338, 337, 
2960525, 343, 341, 338, 336, 
2960557, 349, 344, 339, 337, 
2960589, 349, 342, 338, 337, 
2960621, 346, 343, 339, 338, 
2960654, 346, 341, 338, 338, 
2960686, 344, 340, 338, 337, 
2960718, 342, 339, 339, 337, 
2960750, 342, 340, 339, 337, 
2960783, 341, 339, 338, 337, 
2960815, 340, 338, 338, 337, 
2960847, 339, 340, 338, 337, 
2960879, 338, 338, 338, 337, 
2960912, 337, 337, 338, 337, 
2960944, 338, 337, 338, 338, 
2960976, 337, 338, 338, 337, 
2961008, 334, 338, 338, 338, 
2961041, 334, 337, 338, 338, 
2961073, 337, 338, 338, 338, 
2961105, 339, 338, 339, 338, 
2961137, 325, 329, 338, 338, 
2961169, 325, 339, 337, 335, 
2961202, 338, 336, 338, 338, 
2961233, 337, 336, 337, 338, 
2961266, 338, 336, 338, 339, 
2961298, 337, 335, 339, 338, 
2961331, 334, 333, 338, 338, 
2961362, 329, 332, 338, 338, 
2961395, 325, 331, 339, 338, 
