68, 349, 343, 339, 339, 
3436000, 349, 343, 339, 338, 
3436033, 348, 342, 339, 339, 8, 
3435935, 346, 342, 339, 338, 
3435968, 349, 343, 339, 339, 
3436000, 349, 343, 339, 338, 
3436033, 348, 342, 339, 339, 
436064, 346, 342, 339, 339, 
3436097, 345, 340, 338, 339, 
3436129, 343, 340, 338, 339, 
3436162, 342, 340, 338, 340, 
3436193, 342, 340, 338, 338, 
3436226, 340, 338, 338, 338, 
3436258, 339, 338, 337, 338, 
3436291, 339, 338, 338, 339, 
3436322, 338, 338, 339, 337, 
3436355, 337, 338, 338, 337, 
3436387, 337, 338, 338, 338, 
3436420, 337, 337, 338, 338, 
3436451, 336, 338, 338, 338, 
3436484, 334, 337, 338, 338, 
3436516, 335, 337, 338, 338, 
3436549, 337, 338, 338, 338, 
3436580, 338, 338, 338, 338, 
3436613, 320, 330, 337, 338, 
3436645, 329, 340, 336, 335, 
3436678, 338, 337, 337, 338, 
3436709, 339, 336, 337, 337, 
3436742, 336, 336, 338, 338, 
3436774, 334, 334, 338, 339, 
3436806, 331, 333, 339, 337, 
3436838, 326, 331, 338, 338, 
3436870, 321, 331, 338, 338, 
3436903, 327, 333, 338, 339, 
3436935, 338, 339, 338, 338, 
3436967, 346, 343, 339, 339, 
3436999, 349, 344, 339, 339, 
3437032, 350, 343, 339, 339, 
3437064, 349, 344, 339, 339, 
3437096, 347, 342, 339, 339, 
3437128, 344, 341, 339, 338, 
3437161, 343, 340, 339, 338, 
3437193, 342, 340, 339, 338, 
3437225, 342, 340, 339, 338, 
3437257, 340, 339, 338, 338, 
3437290, 339, 339, 339, 338, 
3437322, 339, 339, 338, 338, 
3437355, 339, 338, 339, 338, 
3437386, 337, 338, 339, 339, 
3437419, 338, 338, 338, 339, 
3437451, 336, 337, 338, 338, 
3437484, 334, 337, 339, 337, 
3437515, 333, 336, 339, 337, 
3437548, 336, 337, 339, 338, 
3437580, 337, 337, 338, 337, 
3437613, 328, 329, 338, 337, 
3437644, 325, 337, 336, 334, 
3437677, 337, 336, 337, 336, 
3437709, 337, 335, 337, 337, 
3437742, 337, 335, 338, 338, 
3437773, 335, 334, 338, 339, 
3437805, 331, 333, 338, 338, 
3437838, 327, 332, 338, 337, 
3437870, 323, 330, 338, 338, 
3437902, 324, 331, 338, 338, 
3437934, 334, 338, 339, 339, 
3437967, 346, 342, 339, 340, 
3437999, 349, 345, 339, 338, 
3438031, 349, 344, 340, 338, 
3438063, 349, 342, 339, 338, 
3438096, 347, 342, 338, 338, 
3438128, 345, 341, 339, 338, 
3438160, 343, 340, 338, 338, 
3438192, 342, 341, 339, 339, 
3438225, 341, 339, 339, 339, 
3438257, 341, 339, 338, 338, 
3438289, 340, 339, 340, 339, 
3438321, 339, 339, 338, 339, 
3438354, 338, 339, 338, 339, 
3438386, 338, 338, 338, 339, 
3438418, 336, 337, 338, 338, 
3438450, 334, 337, 338, 337, 
3438483, 335, 337, 338, 338, 
3438515, 337, 338, 338, 338, 
3438547, 337, 336, 338, 339, 
3438579, 317, 335, 336, 335, 
3438612, 334, 338, 337, 337, 
3438644, 337, 336, 337, 338, 
3438676, 337, 336, 338, 338, 
3438708, 336, 336, 338, 339, 
3438741, 333, 334, 338, 338, 
3438773, 329, 332, 338, 338, 
3438806, 324, 330, 337, 338, 
3438837, 322, 330, 338, 339, 
3438869, 328, 335, 338, 338, 
3438902, 340, 340, 338, 338, 
3438934, 347, 343, 338, 339, 
3438966, 350, 343, 338, 339, 
3438998, 349, 342, 338, 338, 
3439031, 347, 341, 339, 338, 
3439063, 345, 341, 339, 338, 
3439095, 343, 340, 339, 338, 
3439127, 341, 339, 339, 338, 
3439160, 341, 339, 340, 338, 
3439192, 340, 338, 338, 338, 
3439224, 339, 338, 338, 338, 
3439256, 338, 338, 338, 338, 
3439289, 338, 338, 339, 339, 
3439321, 337, 338, 338, 338, 
3439353, 336, 339, 338, 338, 
3439385, 336, 337, 337, 337, 
3439418, 334, 337, 337, 337, 
3439450, 334, 337, 339, 338, 
3439482, 338, 337, 338, 338, 
3439514, 338, 337, 338, 338, 
3439547, 320, 329, 336, 336, 
3439579, 329, 339, 336, 335, 
3439611, 336, 337, 337, 337, 
3439643, 336, 336, 337, 338, 
3439676, 336, 335, 338, 338, 
3439708, 334, 334, 338, 338, 
3439740, 330, 333, 338, 338, 
3439772, 326, 331, 337, 338, 
3439805, 321, 330, 337, 338, 
3439837, 325, 334, 337, 338, 
3439868, 336, 339, 337, 338, 
3439901, 345, 342, 339, 339, 
3439933, 349, 343, 339, 339, 
3439966, 349, 342, 339, 338, 
3439997, 348, 342, 338, 338, 
3440030, 345, 341, 338, 338, 
3440062, 344, 340, 339, 338, 
3440095, 343, 340, 338, 339, 
3440126, 341, 340, 338, 339, 
3440159, 340, 337, 338, 337, 
3440191, 340, 339, 339, 336, 
3440224, 339, 338, 338, 338, 
3440256, 338, 338, 338, 338, 
3440288, 338, 337, 338, 337, 
3440320, 337, 337, 338, 337, 
3440353, 336, 337, 338, 338, 
3440385, 334, 337, 338, 339, 
3440417, 337, 337, 338, 337, 
3440449, 338, 338, 338, 337, 
3440482, 323, 330, 337, 336, 
3440514, 328, 338, 336, 335, 
3440546, 336, 336, 337, 337, 
3440578, 337, 335, 339, 337, 
3440611, 336, 335, 339, 337, 
3440643, 334, 334, 338, 338, 
3440675, 330, 334, 340, 338, 
3440707, 325, 331, 338, 337, 
3440740, 322, 330, 338, 338, 
3440772, 325, 334, 338, 337, 
3440804, 337, 338, 337, 338, 
3440836, 344, 342, 337, 338, 
3440869, 348, 342, 338, 338, 
3440901, 349, 343, 337, 337, 
3440932, 348, 343, 337, 339, 
3440965, 347, 342, 338, 339, 
3440997, 345, 342, 337, 339, 
3441030, 344, 340, 337, 339, 
3441061, 342, 340, 337, 338, 
3441094, 341, 341, 337, 338, 
3441126, 341, 340, 338, 339, 
3441159, 339, 337, 337, 338, 
3441190, 338, 338, 337, 337, 
3441223, 338, 338, 336, 338, 
3441255, 337, 337, 338, 337, 
3441288, 336, 337, 338, 337, 
3441319, 334, 336, 338, 337, 
3441352, 335, 336, 338, 337, 
3441384, 336, 337, 338, 337, 
3441417, 337, 336, 338, 338, 
3441448, 318, 331, 337, 335, 
3441481, 331, 338, 337, 334, 
3441513, 337, 335, 338, 337, 
3441546, 338, 335, 340, 338, 
3441577, 335, 335, 339, 338, 
3441610, 333, 334, 339, 339, 
3441642, 329, 332, 339, 338, 
3441675, 325, 331, 339, 338, 
3441707, 321, 330, 340, 337, 
3441739, 326, 335, 340, 338, 
3441771, 338, 341, 341, 339, 
3441804, 345, 343, 341, 337, 
3441836, 349, 345, 341, 337, 
3441868, 348, 344, 340, 336, 
3441900, 347, 346, 340, 336, 
3441932, 344, 343, 339, 336, 
3441965, 342, 343, 338, 339, 
3441996, 341, 341, 338, 340, 
3442029, 341, 341, 337, 341, 
3442061, 338, 340, 336, 340, 
3442094, 339, 340, 337, 342, 
3442125, 337, 340, 336, 339, 
3442158, 337, 340, 336, 343, 
3442190, 336, 340, 336, 342, 
3442223, 336, 339, 336, 343, 
3442254, 337, 337, 336, 341, 
3442287, 335, 336, 335, 340, 
3442319, 334, 337, 336, 339, 
3442352, 337, 337, 336, 338, 
3442383, 337, 335, 336, 336, 
3442416, 312, 324, 320, 341, 
3442448, 321, 334, 332, 337, 
3442481, 344, 338, 339, 339, 
3442512, 322, 332, 326, 342, 
3442545, 345, 338, 342, 339, 
3442577, 337, 337, 341, 340, 
3442610, 335, 336, 339, 342, 
3442641, 329, 330, 343, 340, 
3442674, 325, 328, 346, 340, 
3442706, 326, 330, 349, 341, 
3442739, 335, 334, 348, 342, 
3442770, 344, 339, 351, 345, 
3442803, 346, 339, 347, 349, 
3442835, 347, 340, 344, 352, 
3442868, 344, 339, 341, 354, 
3442899, 344, 338, 339, 358, 
3442932, 343, 337, 340, 362, 
3442964, 343, 337, 339, 364, 
3442996, 343, 338, 339, 367, 
3443028, 344, 337, 339, 371, 
3443060, 344, 338, 339, 373, 
3443093, 344, 336, 339, 371, 
3443125, 346, 337, 339, 376, 
3443158, 343, 336, 340, 372, 
3443189, 343, 338, 340, 374, 
3443222, 339, 338, 339, 367, 
3443254, 340, 338, 338, 369, 
3443287, 341, 338, 338, 366, 
3443318, 338, 333, 338, 361, 
3443351, 322, 342, 336, 355, 
3443383, 338, 339, 337, 353, 
3443416, 340, 337, 338, 350, 
3443447, 339, 337, 338, 346, 
3443480, 337, 336, 338, 345, 
3443512, 334, 335, 338, 341, 
3443545, 329, 333, 337, 338, 
3443576, 323, 334, 337, 337, 
3443609, 322, 336, 337, 333, 
3443641, 331, 339, 336, 335, 
3443674, 342, 341, 337, 324, 
3443705, 348, 343, 337, 337, 
3443738, 349, 344, 337, 332, 
3443770, 350, 344, 338, 337, 
3443803, 348, 345, 337, 335, 
3443834, 346, 343, 337, 339, 
3443867, 345, 345, 337, 336, 
3443899, 344, 342, 337, 341, 
3443932, 342, 344, 338, 338, 
3443963, 341, 340, 337, 341, 
3443995, 340, 342, 338, 335, 
3444028, 339, 338, 338, 343, 
3444060, 339, 341, 338, 341, 
3444092, 338, 339, 338, 340, 
3444124, 338, 339, 339, 340, 
3444157, 337, 338, 339, 337, 
3444189, 337, 337, 339, 342, 
3444221, 334, 338, 340, 340, 
3444253, 334, 339, 339, 339, 
3444286, 337, 337, 338, 340, 
3444318, 338, 338, 338, 336, 
3444350, 316, 336, 337, 337, 
3444382, 331, 341, 337, 331, 
3444415, 336, 337, 338, 338, 
3444447, 337, 337, 337, 334, 
3444480, 336, 335, 338, 338, 
3444511, 333, 335, 338, 334, 
3444544, 331, 334, 338, 336, 
3444576, 324, 332, 338, 333, 
3444609, 321, 334, 338, 333, 
3444640, 327, 336, 337, 334, 
3444673, 339, 340, 338, 333, 
3444705, 347, 341, 339, 333, 
3444738, 350, 342, 338, 332, 
3444769, 350, 342, 338, 332, 
3444802, 349, 341, 338, 326, 
3444834, 347, 339, 339, 332, 
3444867, 345, 340, 338, 327, 
3444898, 344, 340, 339, 331, 
3444931, 342, 340, 339, 327, 
3444963, 342, 339, 340, 330, 
3444996, 342, 340, 339, 329, 
3445027, 340, 340, 339, 328, 
3445059, 339, 340, 339, 326, 
3445092, 339, 340, 339, 328, 
3445124, 338, 340, 339, 328, 
3445156, 338, 338, 340, 328, 
3445188, 338, 340, 339, 329, 
3445221, 337, 338, 339, 327, 
3445253, 335, 338, 339, 328, 
3445285, 333, 339, 339, 327, 
3445317, 336, 338, 338, 328, 
3445350, 337, 338, 339, 328, 
3445382, 332, 333, 338, 329, 
3445414, 323, 342, 337, 326, 
3445446, 338, 337, 338, 327, 
3445479, 338, 336, 338, 327, 
3445511, 337, 336, 339, 329, 
3445543, 335, 335, 339, 327, 
3445575, 332, 333, 339, 330, 
3445608, 328, 334, 339, 329, 
3445640, 323, 332, 339, 329, 
3445672, 324, 335, 338, 329, 
3445704, 333, 338, 339, 329, 
3445737, 344, 341, 339, 329, 
3445769, 349, 340, 339, 330, 
3445801, 351, 341, 340, 329, 
3445833, 349, 340, 338, 330, 
3445866, 348, 339, 338, 332, 
3445898, 346, 339, 338, 331, 
3445931, 344, 340, 339, 331, 
3445962, 343, 340, 339, 331, 
3445995, 342, 338, 339, 331, 
3446027, 341, 339, 340, 331, 
3446059, 341, 338, 339, 333, 
3446091, 339, 339, 339, 334, 
3446123, 339, 338, 339, 333, 
3446156, 339, 337, 339, 334, 
3446188, 338, 338, 338, 333, 
3446220, 337, 337, 338, 335, 
3446252, 334, 339, 339, 334, 
3446285, 334, 337, 339, 335, 
3446317, 336, 338, 339, 334, 
3446349, 338, 336, 338, 335, 
3446381, 321, 333, 338, 334, 
3446414, 328, 342, 337, 332, 
3446446, 338, 336, 339, 334, 
3446478, 338, 335, 340, 335, 
3446510, 337, 336, 340, 334, 
3446543, 335, 335, 340, 336, 
3446575, 331, 335, 339, 335, 
3446607, 326, 334, 340, 334, 
3446639, 322, 334, 339, 335, 
3446672, 326, 336, 341, 334, 
3446704, 336, 339, 340, 335, 
3446736, 346, 342, 340, 334, 
3446768, 350, 342, 340, 335, 
3446801, 351, 342, 340, 334, 
3446833, 349, 342, 340, 336, 
3446865, 348, 340, 341, 335, 
3446897, 346, 340, 340, 334, 
3446930, 344, 340, 340, 335, 
3446962, 342, 340, 340, 334, 
3446994, 342, 341, 340, 335, 
3447026, 341, 339, 341, 335, 
3447059, 339, 339, 340, 336, 
3447091, 339, 339, 341, 336, 
3447122, 339, 339, 340, 334, 
3447155, 338, 339, 339, 336, 
3447187, 339, 339, 341, 335, 
3447220, 337, 338, 339, 336, 
3447251, 336, 339, 339, 335, 
3447284, 334, 339, 339, 335, 
3447316, 334, 338, 340, 335, 
3447349, 337, 340, 339, 335, 
3447380, 338, 338, 338, 334, 
3447413, 317, 337, 337, 334, 
3447445, 331, 343, 337, 333, 
3447478, 337, 339, 339, 336, 
3447510, 338, 337, 339, 337, 
3447542, 337, 337, 339, 336, 
3447574, 334, 336, 340, 337, 
3447607, 331, 336, 341, 337, 
3447639, 326, 335, 340, 337, 
3447671, 322, 335, 339, 338, 
3447703, 327, 338, 340, 337, 
3447736, 338, 341, 340, 338, 
3447768, 347, 344, 340, 338, 
3447800, 350, 343, 340, 336, 
3447832, 350, 343, 340, 337, 
3447865, 349, 342, 340, 337, 
3447897, 347, 342, 340, 338, 
3447929, 346, 342, 339, 337, 
3447961, 343, 342, 340, 336, 
3447994, 342, 340, 339, 337, 
3448026, 341, 341, 339, 338, 
3448058, 340, 339, 339, 338, 
3448090, 340, 340, 340, 339, 
3448122, 339, 339, 339, 338, 
3448155, 339, 338, 339, 338, 
3448186, 339, 339, 339, 338, 
3448219, 337, 338, 339, 338, 
3448251, 335, 338, 340, 340, 
3448284, 334, 337, 338, 338, 
3448315, 338, 338, 339, 337, 
3448348, 339, 337, 339, 338, 
3448380, 323, 331, 339, 337, 
3448413, 330, 340, 336, 335, 
3448444, 337, 336, 338, 337, 
3448477, 337, 335, 339, 338, 
3448509, 336, 336, 339, 338, 
3448542, 334, 335, 339, 338, 
3448573, 330, 334, 339, 338, 
3448606, 327, 332, 339, 340, 
3448638, 324, 332, 339, 340, 
3448671, 325, 335, 339, 340, 
3448702, 336, 338, 338, 338, 
3448735, 345, 340, 338, 339, 
3448767, 350, 342, 338, 338, 
3448800, 350, 341, 339, 339, 
3448832, 349, 340, 338, 338, 
3448864, 348, 340, 339, 337, 
3448896, 345, 339, 339, 339, 
3448929, 344, 339, 339, 338, 
3448961, 343, 339, 339, 339, 
3448993, 342, 339, 339, 339, 
3449025, 341, 338, 339, 338, 
3449058, 340, 338, 339, 338, 
3449090, 339, 338, 338, 339, 
3449122, 337, 338, 339, 339, 
3449154, 332, 334, 336, 340, 
3449186, 337, 337, 338, 338, 
3449219, 340, 338, 338, 338, 
3449250, 336, 334, 332, 338, 
3449283, 316, 338, 327, 338, 
3449315, 328, 335, 322, 339, 
3449348, 337, 336, 328, 340, 
3449379, 336, 338, 330, 340, 
3449412, 337, 338, 333, 340, 
3449444, 332, 336, 333, 339, 
3449477, 329, 333, 334, 339, 
3449508, 328, 334, 336, 338, 
3449541, 320, 330, 334, 336, 
3449573, 331, 336, 335, 336, 
3449606, 343, 338, 340, 336, 
3449637, 349, 340, 340, 335, 
3449670, 354, 343, 343, 334, 
3449702, 354, 341, 343, 333, 
3449735, 352, 340, 344, 333, 
3449766, 346, 338, 341, 334, 
3449799, 343, 338, 340, 332, 
3449831, 345, 339, 341, 332, 
3449864, 338, 335, 338, 331, 
3449895, 338, 337, 334, 331, 
3449928, 340, 337, 343, 330, 
3449960, 339, 334, 339, 331, 
3449993, 340, 335, 340, 329, 
3450024, 340, 334, 340, 331, 
3450057, 336, 335, 338, 332, 
3450089, 336, 334, 340, 334, 
3450122, 337, 333, 339, 333, 
3450153, 337, 334, 339, 334, 
3450185, 329, 329, 339, 331, 
3450218, 319, 334, 336, 327, 
3450250, 333, 332, 337, 330, 
3450283, 333, 329, 336, 330, 
3450314, 333, 328, 336, 330, 
3450347, 333, 329, 339, 330, 
3450379, 330, 328, 338, 330, 
3450412, 327, 328, 337, 330, 
3450443, 323, 326, 337, 330, 
3450476, 321, 329, 337, 331, 
3450508, 331, 335, 339, 332, 
3450541, 342, 341, 340, 333, 
3450572, 346, 342, 338, 334, 
3450605, 349, 345, 340, 335, 
3450637, 346, 343, 339, 336, 
3450670, 346, 343, 340, 336, 
3450701, 342, 342, 340, 337, 
3450734, 339, 341, 338, 338, 
3450766, 336, 340, 339, 338, 
3450799, 338, 341, 339, 338, 
3450830, 333, 341, 338, 339, 
3450863, 334, 342, 337, 339, 
3450895, 340, 346, 342, 336, 
3450928, 342, 346, 343, 337, 
3450959, 337, 346, 341, 338, 
3450992, 338, 347, 342, 335, 
3451024, 338, 346, 339, 336, 
3451057, 339, 346, 339, 336, 
3451088, 320, 335, 337, 336, 
3451121, 326, 340, 334, 337, 
3451153, 341, 337, 340, 340, 
3451186, 338, 332, 338, 347, 
3451217, 338, 330, 339, 349, 
3451249, 330, 328, 339, 350, 
3451282, 334, 328, 340, 350, 
3451314, 309, 322, 341, 352, 
3451346, 301, 325, 343, 349, 
3451378, 292, 327, 343, 346, 
3451411, 302, 330, 345, 347, 
3451443, 311, 331, 348, 346, 
3451475, 317, 330, 350, 345, 
3451507, 327, 331, 351, 344, 
3451540, 327, 331, 354, 341, 
3451572, 333, 334, 355, 346, 
3451604, 335, 335, 355, 347, 
3451636, 336, 336, 354, 345, 
3451669, 340, 337, 352, 346, 
3451701, 341, 338, 350, 345, 
3451734, 341, 338, 346, 345, 
3451765, 346, 340, 343, 345, 
3451798, 344, 340, 340, 344, 
3451830, 346, 341, 337, 345, 
3451863, 339, 341, 336, 340, 
3451894, 347, 343, 331, 349, 
3451927, 348, 344, 332, 345, 
3451959, 342, 337, 330, 347, 
3451992, 324, 342, 328, 342, 
3452023, 349, 341, 330, 349, 
3452056, 342, 341, 333, 349, 
3452088, 344, 342, 334, 352, 
3452121, 340, 342, 335, 353, 
3452152, 336, 342, 338, 353, 
3452185, 334, 341, 338, 353, 
3452217, 327, 340, 339, 354, 
3452249, 332, 342, 340, 353, 
3452281, 340, 348, 340, 352, 
3452313, 350, 350, 342, 352, 
3452346, 356, 351, 342, 352, 
3452378, 358, 351, 341, 350, 
3452410, 357, 349, 342, 348, 
3452442, 354, 350, 342, 349, 
3452475, 353, 348, 342, 348, 
3452507, 351, 347, 342, 347, 
3452539, 347, 344, 341, 345, 
3452571, 349, 344, 341, 342, 
3452604, 348, 344, 341, 343, 
3452636, 346, 342, 341, 343, 
3452668, 342, 339, 340, 340, 
3452700, 341, 342, 340, 340, 
3452733, 339, 340, 339, 339, 
3452765, 343, 341, 340, 339, 
3452797, 347, 341, 339, 339, 
3452829, 327, 334, 337, 335, 
3452862, 335, 342, 337, 335, 
3452894, 344, 338, 338, 336, 
3452926, 342, 339, 339, 337, 
3452958, 342, 337, 339, 337, 
3452991, 337, 336, 338, 338, 
3453023, 334, 335, 339, 337, 
3453056, 325, 332, 338, 336, 
3453087, 327, 333, 338, 337, 
3453120, 327, 335, 337, 336, 
3453152, 344, 341, 338, 336, 
3453185, 347, 343, 337, 337, 
3453216, 353, 344, 338, 336, 
3453249, 355, 344, 338, 335, 
3453281, 346, 343, 337, 332, 
3453313, 350, 344, 337, 331, 
3453345, 345, 341, 336, 331, 
3453377, 346, 341, 336, 332, 
3453410, 344, 340, 338, 333, 
3453442, 342, 339, 336, 335, 
3453474, 344, 339, 337, 333, 
3453506, 340, 339, 337, 336, 
3453539, 343, 339, 336, 336, 
3453571, 339, 339, 337, 337, 
3453603, 338, 339, 337, 337, 
3453635, 341, 339, 337, 338, 
3453668, 332, 339, 337, 339, 
3453700, 332, 338, 337, 337, 
3453732, 337, 339, 337, 338, 
3453764, 338, 338, 337, 336, 
3453797, 318, 335, 337, 334, 
3453829, 333, 339, 337, 336, 
3453861, 341, 337, 338, 336, 
3453893, 341, 336, 339, 337, 
3453926, 332, 334, 338, 336, 
3453958, 336, 335, 338, 337, 
3453990, 328, 332, 338, 336, 
3454022, 327, 331, 338, 337, 
3454055, 322, 331, 338, 337, 
3454087, 330, 335, 339, 336, 
3454119, 339, 339, 338, 337, 
3454151, 350, 342, 339, 337, 
3454184, 351, 342, 339, 337, 
3454216, 348, 343, 338, 338, 
3454248, 351, 342, 339, 337, 
3454280, 349, 341, 338, 339, 
3454312, 349, 340, 339, 338, 
3454345, 344, 339, 339, 337, 
3454376, 342, 338, 340, 338, 
3454409, 345, 338, 339, 338, 
3454441, 337, 338, 338, 337, 
3454474, 342, 338, 338, 338, 
3454505, 340, 337, 338, 338, 
3454538, 339, 337, 338, 337, 
3454570, 340, 337, 338, 337, 
3454603, 337, 337, 337, 337, 
3454635, 338, 337, 338, 337, 
3454667, 334, 336, 338, 337, 
3454699, 333, 336, 337, 336, 
3454732, 336, 337, 337, 336, 
3454764, 340, 337, 338, 337, 
3454796, 323, 329, 337, 335, 
3454828, 326, 339, 335, 334, 
3454861, 337, 336, 338, 337, 
3454893, 336, 335, 337, 337, 
3454925, 338, 335, 338, 338, 
3454957, 332, 334, 336, 337, 
3454990, 330, 333, 338, 338, 
3455022, 327, 331, 337, 337, 
3455054, 321, 331, 336, 337, 
3455086, 325, 333, 337, 337, 
3455119, 335, 337, 337, 337, 
3455151, 346, 343, 338, 338, 
3455183, 353, 343, 338, 339, 
3455215, 350, 343, 337, 338, 
3455248, 352, 342, 337, 338, 
3455280, 345, 341, 337, 338, 
3455312, 349, 340, 337, 338, 
3455344, 344, 340, 337, 337, 
3455376, 344, 339, 338, 338, 
3455409, 341, 337, 338, 338, 
3455440, 340, 337, 338, 338, 
3455473, 339, 337, 338, 338, 
3455505, 337, 338, 337, 338, 
3455538, 340, 338, 337, 337, 
3455569, 336, 336, 337, 338, 
3455602, 339, 337, 338, 338, 
3455634, 338, 337, 338, 338, 
3455667, 337, 336, 337, 338, 
3455698, 333, 336, 337, 337, 
3455731, 335, 337, 338, 337, 
3455763, 336, 337, 337, 337, 
3455796, 339, 334, 337, 338, 
3455827, 316, 336, 334, 334, 
3455860, 336, 336, 336, 337, 
3455892, 340, 334, 337, 338, 
3455925, 336, 335, 337, 339, 
3455956, 338, 336, 337, 337, 
3455989, 333, 334, 338, 339, 
3456021, 327, 332, 338, 339, 
3456054, 326, 330, 338, 338, 
3456086, 320, 331, 337, 340, 
3456118, 329, 336, 338, 337, 
3456150, 340, 340, 338, 338, 
3456183, 347, 342, 338, 339, 
3456215, 351, 343, 338, 339, 
3456247, 353, 343, 339, 338, 
3456279, 347, 342, 337, 337, 
3456312, 347, 341, 338, 337, 
3456344, 343, 339, 338, 338, 
3456375, 344, 341, 338, 336, 
3456408, 341, 339, 338, 338, 
3456440, 342, 339, 337, 338, 
3456473, 340, 338, 337, 338, 
3456504, 339, 339, 337, 337, 
3456537, 339, 338, 337, 338, 
3456569, 338, 338, 338, 338, 
3456602, 338, 338, 338, 338, 
3456633, 337, 337, 338, 337, 
3456666, 336, 337, 337, 338, 
3456698, 336, 337, 337, 337, 
3456731, 332, 337, 337, 338, 
3456762, 336, 337, 337, 338, 
3456795, 338, 337, 337, 337, 
3456827, 320, 329, 337, 336, 
3456860, 331, 337, 336, 335, 
3456891, 339, 336, 337, 337, 
3456924, 338, 335, 338, 337, 
3456956, 335, 335, 338, 339, 
3456989, 334, 334, 338, 338, 
3457020, 330, 332, 338, 339, 
3457053, 325, 331, 338, 338, 
3457085, 321, 331, 337, 339, 
3457118, 325, 333, 337, 339, 
3457149, 337, 338, 338, 338, 
3457182, 343, 342, 338, 338, 
3457214, 349, 343, 338, 338, 
3457247, 350, 343, 338, 338, 
3457278, 348, 342, 339, 339, 
3457311, 346, 343, 339, 338, 
3457343, 346, 341, 339, 339, 
3457376, 344, 339, 339, 338, 
3457408, 341, 339, 338, 339, 
3457439, 336, 338, 337, 339, 
3457472, 339, 338, 338, 338, 
3457504, 336, 336, 336, 339, 
3457537, 336, 338, 337, 339, 
3457568, 333, 336, 333, 339, 
3457601, 334, 337, 339, 339, 
3457633, 334, 338, 339, 339, 
3457666, 330, 337, 339, 338, 
3457697, 337, 336, 339, 339, 
3457730, 340, 337, 341, 337, 
3457762, 333, 329, 338, 338, 
3457795, 322, 337, 338, 335, 
3457826, 343, 337, 342, 337, 
3457859, 337, 335, 341, 339, 
3457891, 343, 338, 343, 337, 
3457924, 337, 333, 343, 336, 
3457955, 337, 333, 340, 336, 
3457988, 337, 333, 343, 335, 
3458020, 328, 332, 343, 336, 
3458053, 328, 334, 341, 334, 
3458084, 341, 342, 343, 333, 
3458117, 353, 345, 343, 335, 
3458149, 355, 347, 340, 336, 
3458182, 362, 349, 335, 336, 
3458213, 359, 345, 328, 338, 
3458246, 357, 344, 328, 339, 
3458278, 350, 342, 324, 339, 
3458311, 352, 344, 327, 341, 
3458342, 344, 340, 325, 340, 
3458375, 347, 339, 329, 340, 
3458407, 342, 338, 328, 340, 
3458439, 344, 339, 331, 340, 
3458471, 338, 337, 330, 340, 
3458503, 341, 337, 332, 340, 
3458536, 332, 336, 333, 339, 
3458568, 338, 338, 332, 340, 
3458600, 337, 337, 336, 339, 
3458632, 339, 335, 334, 338, 
3458665, 320, 331, 335, 336, 
3458697, 332, 335, 332, 335, 
3458729, 337, 334, 336, 336, 
3458761, 336, 334, 337, 335, 
3458794, 333, 333, 337, 336, 
3458826, 332, 333, 338, 335, 
3458859, 329, 333, 338, 335, 
3458890, 323, 330, 337, 335, 
3458923, 318, 330, 337, 333, 
3458955, 324, 335, 338, 333, 
3458988, 336, 339, 338, 334, 
3459019, 343, 342, 338, 334, 
3459052, 346, 344, 338, 335, 
3459084, 344, 344, 338, 335, 
3459117, 344, 342, 337, 335, 
3459148, 339, 340, 335, 337, 
3459181, 338, 340, 338, 336, 
3459213, 337, 341, 337, 336, 
3459246, 341, 342, 341, 336, 
3459277, 340, 341, 341, 336, 
3459310, 338, 340, 341, 335, 
3459342, 339, 340, 342, 336, 
3459375, 339, 340, 342, 337, 
3459406, 338, 339, 343, 336, 
3459439, 337, 338, 342, 336, 
3459471, 336, 338, 341, 336, 
3459503, 333, 338, 341, 337, 
3459535, 335, 338, 341, 337, 
3459567, 337, 339, 340, 338, 
3459600, 333, 334, 339, 337, 
3459632, 319, 338, 337, 335, 
3459664, 334, 338, 338, 337, 
3459696, 337, 335, 339, 338, 
3459729, 336, 335, 338, 337, 
3459761, 335, 335, 338, 337, 
3459793, 333, 333, 338, 336, 
3459825, 328, 332, 338, 336, 
3459858, 323, 330, 338, 337, 
3459890, 322, 331, 339, 337, 
3459922, 331, 336, 338, 339, 
3459954, 341, 340, 339, 338, 
3459987, 347, 343, 339, 339, 
3460019, 349, 343, 341, 339, 
3460051, 349, 343, 339, 339, 
3460083, 346, 342, 340, 339, 
3460116, 345, 341, 340, 339, 
3460148, 344, 341, 338, 338, 
3460180, 343, 340, 339, 338, 
3460212, 342, 340, 340, 339, 
3460245, 340, 339, 339, 339, 
3460277, 340, 339, 339, 340, 
3460310, 339, 338, 339, 338, 
3460341, 339, 339, 339, 339, 
3460374, 338, 338, 339, 338, 
3460406, 338, 338, 339, 339, 
3460439, 337, 338, 339, 339, 
3460470, 336, 337, 339, 338, 
3460502, 334, 337, 339, 339, 
3460535, 336, 338, 339, 339, 
3460567, 339, 338, 340, 339, 
3460599, 333, 333, 339, 339, 
3460631, 321, 339, 337, 336, 
3460664, 335, 337, 340, 340, 
3460696, 337, 337, 340, 341, 
3460728, 336, 336, 341, 341, 
3460760, 333, 336, 340, 341, 
3460793, 330, 334, 341, 339, 
3460825, 329, 334, 341, 341, 
3460857, 319, 332, 339, 340, 
3460889, 322, 335, 338, 341, 
3460922, 325, 337, 335, 340, 
3460954, 344, 344, 340, 340, 
3460986, 347, 344, 338, 341, 
3461018, 350, 345, 337, 341, 
3461051, 352, 344, 339, 342, 
3461083, 347, 341, 339, 344, 
3461115, 343, 336, 335, 346, 
3461147, 339, 333, 332, 348, 
3461180, 336, 331, 333, 351, 
3461212, 336, 331, 333, 350, 
3461244, 335, 331, 333, 354, 
3461276, 333, 332, 334, 355, 
3461309, 335, 331, 336, 356, 
3461341, 335, 332, 337, 356, 
3461373, 337, 334, 338, 354, 
3461405, 338, 335, 338, 354, 
3461438, 338, 337, 339, 351, 
3461470, 339, 339, 341, 349, 
3461502, 343, 340, 341, 347, 
3461534, 345, 341, 342, 344, 
3461566, 339, 336, 342, 343, 
3461599, 331, 344, 340, 338, 
3461630, 344, 341, 342, 339, 
3461663, 345, 339, 343, 339, 
3461695, 343, 339, 344, 338, 
3461728, 339, 338, 343, 338, 
3461760, 336, 338, 342, 338, 
3461792, 330, 337, 342, 338, 
3461824, 326, 336, 343, 337, 
3461857, 325, 336, 342, 337, 
3461889, 334, 340, 343, 336, 
3461921, 344, 343, 342, 336, 
3461953, 348, 345, 343, 336, 
3461986, 349, 343, 341, 335, 
3462018, 349, 343, 342, 335, 
3462050, 347, 342, 341, 335, 
3462082, 345, 340, 342, 335, 
3462115, 343, 340, 341, 335, 
3462147, 343, 340, 342, 336, 
3462179, 342, 339, 341, 336, 
3462211, 341, 339, 342, 336, 
3462244, 339, 338, 341, 336, 
3462276, 339, 339, 341, 335, 
3462308, 337, 337, 341, 336, 
3462340, 335, 338, 340, 336, 
3462373, 335, 340, 340, 335, 
3462405, 337, 337, 340, 336, 
3462437, 339, 336, 341, 336, 
3462469, 318, 335, 339, 334, 
3462502, 333, 340, 340, 334, 
3462534, 337, 336, 342, 336, 
3462565, 338, 336, 342, 337, 
3462598, 335, 335, 342, 337, 
3462630, 333, 333, 341, 337, 
3462663, 330, 333, 341, 337, 
3462694, 324, 333, 341, 337, 
3462727, 321, 332, 340, 337, 
3462759, 327, 337, 340, 338, 
3462792, 340, 339, 340, 337, 
3462823, 346, 341, 340, 337, 
3462856, 350, 342, 340, 338, 
3462888, 349, 341, 339, 337, 
3462921, 348, 339, 338, 337, 
3462952, 345, 339, 339, 337, 
3462985, 344, 339, 338, 337, 
3463017, 342, 339, 338, 337, 
3463050, 341, 339, 338, 337, 
3463081, 340, 339, 338, 337, 
3463114, 339, 338, 337, 337, 
3463146, 338, 338, 338, 337, 
3463179, 338, 338, 338, 337, 
3463211, 338, 337, 338, 337, 
3463243, 337, 337, 337, 337, 
3463275, 337, 336, 337, 336, 
3463308, 336, 337, 337, 337, 
3463340, 334, 338, 338, 337, 
3463372, 333, 338, 337, 337, 
3463404, 337, 338, 337, 337, 
3463437, 337, 337, 336, 336, 
3463469, 319, 332, 336, 336, 
3463501, 328, 341, 335, 334, 
3463533, 336, 338, 337, 336, 
3463566, 336, 336, 337, 337, 
3463598, 336, 336, 339, 338, 
3463629, 333, 334, 338, 336, 
3463662, 330, 333, 336, 338, 
3463694, 324, 332, 337, 337, 
3463727, 320, 332, 337, 338, 
3463758, 325, 336, 337, 338, 
3463791, 336, 339, 337, 337, 
3463823, 345, 340, 338, 338, 
3463856, 349, 341, 338, 338, 
3463887, 349, 342, 338, 338, 
3463920, 348, 339, 338, 339, 
3463952, 347, 340, 338, 338, 
3463985, 345, 339, 338, 337, 
3464016, 341, 339, 337, 338, 
3464049, 340, 339, 339, 338, 
3464081, 341, 339, 338, 339, 
3464114, 340, 338, 338, 338, 
3464145, 339, 339, 337, 339, 
3464178, 338, 338, 338, 338, 
3464210, 338, 338, 337, 338, 
3464243, 337, 338, 337, 339, 
3464274, 337, 338, 338, 338, 
3464307, 336, 338, 337, 338, 
3464339, 335, 337, 337, 338, 
3464372, 333, 337, 337, 338, 
3464403, 334, 338, 337, 338, 
3464436, 336, 338, 336, 338, 
3464468, 337, 336, 337, 337, 
3464501, 317, 334, 337, 336, 
3464532, 332, 339, 336, 335, 
3464565, 337, 336, 337, 337, 
3464597, 336, 335, 337, 338, 
3464629, 335, 335, 338, 338, 
3464662, 333, 334, 338, 338, 
3464693, 329, 334, 338, 337, 
3464726, 324, 332, 338, 339, 
3464758, 321, 333, 338, 338, 
3464791, 327, 335, 338, 338, 
3464822, 337, 338, 337, 337, 
3464855, 345, 341, 338, 337, 
3464887, 349, 341, 338, 338, 
3464920, 348, 342, 338, 338, 
3464951, 346, 341, 338, 337, 
3464984, 345, 340, 338, 337, 
3465016, 344, 339, 337, 337, 
3465049, 343, 339, 337, 338, 
3465080, 341, 339, 338, 338, 
3465113, 341, 339, 338, 338, 
3465145, 339, 338, 337, 337, 
3465178, 339, 338, 338, 337, 
3465209, 338, 338, 338, 338, 
3465242, 338, 338, 337, 337, 
3465274, 337, 338, 337, 338, 
3465307, 335, 337, 337, 338, 
3465338, 333, 337, 337, 337, 
3465371, 336, 338, 337, 338, 
3465403, 338, 338, 337, 337, 
3465436, 330, 331, 337, 337, 
3465467, 323, 342, 335, 335, 
3465500, 337, 337, 337, 337, 
3465532, 337, 336, 338, 337, 
3465565, 337, 335, 338, 338, 
3465596, 335, 335, 338, 338, 
3465629, 331, 334, 338, 338, 
3465661, 327, 333, 338, 338, 
3465693, 322, 332, 338, 338, 
3465725, 323, 334, 338, 338, 
3465757, 334, 338, 338, 338, 
3465790, 345, 341, 339, 339, 
3465822, 349, 341, 338, 338, 
3465854, 350, 341, 338, 338, 
3465886, 348, 341, 338, 338, 
3465919, 347, 341, 338, 338, 
3465951, 345, 339, 338, 339, 
3465984, 342, 340, 338, 338, 
3466015, 341, 339, 338, 337, 
3466048, 341, 338, 338, 338, 
3466080, 339, 338, 337, 337, 
3466113, 339, 337, 338, 337, 
3466144, 338, 339, 338, 338, 
3466177, 338, 338, 338, 338, 
3466209, 337, 338, 338, 338, 
3466242, 335, 337, 339, 338, 
3466273, 334, 337, 339, 338, 
3466306, 336, 337, 339, 338, 
3466338, 339, 338, 338, 338, 
3466371, 335, 333, 337, 337, 
3466402, 322, 339, 336, 336, 
3466435, 337, 337, 337, 337, 
3466467, 338, 336, 337, 337, 
3466500, 336, 335, 338, 338, 
3466531, 334, 334, 338, 339, 
3466564, 332, 335, 338, 338, 
3466596, 328, 333, 338, 338, 
3466629, 324, 332, 339, 338, 
3466660, 323, 333, 338, 339, 
3466692, 331, 338, 338, 337, 
3466725, 342, 340, 338, 337, 
3466757, 347, 342, 339, 337, 
3466789, 350, 342, 338, 338, 
3466821, 347, 341, 336, 338, 
3466854, 340, 339, 334, 340, 
3466886, 342, 341, 337, 339, 
3466918, 334, 334, 333, 340, 
3466950, 341, 340, 337, 340, 
3466983, 336, 339, 333, 339, 
3467015, 340, 341, 342, 339, 
3467047, 340, 339, 345, 341, 
3467079, 342, 340, 343, 339, 
3467112, 336, 339, 337, 339, 
3467144, 340, 340, 338, 339, 
3467176, 337, 339, 335, 338, 
3467208, 341, 340, 336, 337, 
3467241, 340, 338, 335, 337, 
3467273, 340, 335, 333, 336, 
3467305, 318, 335, 327, 334, 
3467337, 334, 335, 329, 335, 
3467370, 337, 334, 333, 337, 
3467402, 337, 335, 333, 337, 
3467435, 335, 335, 333, 338, 
3467466, 335, 337, 337, 336, 
3467499, 329, 334, 335, 335, 
3467531, 324, 332, 336, 332, 
3467564, 322, 330, 337, 332, 
3467595, 328, 334, 336, 333, 
3467628, 338, 339, 336, 334, 
3467660, 344, 340, 337, 336, 
3467693, 345, 340, 336, 336, 
3467724, 344, 339, 336, 337, 
3467756, 343, 338, 335, 336, 
3467789, 342, 339, 337, 337, 
3467821, 340, 340, 339, 338, 
3467853, 339, 340, 338, 338, 
3467885, 338, 340, 338, 340, 
3467918, 337, 340, 339, 338, 
3467950, 338, 340, 340, 337, 
3467982, 338, 339, 341, 336, 
3468014, 337, 339, 340, 336, 
3468047, 337, 339, 340, 335, 
3468079, 336, 338, 340, 335, 
3468111, 335, 337, 339, 335, 
3468143, 334, 337, 339, 334, 
3468176, 334, 336, 339, 335, 
3468208, 335, 337, 338, 335, 
3468240, 337, 337, 339, 336, 
3468272, 321, 329, 338, 337, 
3468305, 328, 337, 336, 335, 
3468337, 336, 336, 337, 336, 
3468369, 337, 335, 337, 337, 
3468401, 336, 336, 338, 336, 
3468434, 335, 334, 339, 336, 
3468466, 331, 333, 339, 336, 
3468498, 329, 331, 339, 337, 
3468530, 323, 331, 338, 335, 
3468563, 327, 335, 338, 336, 
3468595, 336, 338, 339, 336, 
3468627, 346, 343, 340, 336, 
3468659, 349, 343, 340, 336, 
3468692, 348, 344, 339, 335, 
3468724, 347, 342, 340, 337, 
3468755, 345, 341, 339, 337, 
3468788, 343, 339, 338, 336, 
3468820, 341, 339, 338, 337, 
3468853, 334, 337, 335, 336, 
3468884, 330, 337, 339, 336, 
3468917, 343, 340, 340, 337, 
3468949, 341, 339, 340, 338, 
3468982, 345, 340, 340, 338, 
3469014, 343, 341, 343, 339, 
3469046, 342, 339, 339, 342, 
3469078, 343, 341, 341, 344, 
3469111, 336, 339, 336, 347, 
3469143, 340, 340, 338, 346, 
3469175, 340, 339, 335, 347, 
3469207, 343, 339, 337, 345, 
3469240, 322, 330, 331, 344, 
3469272, 331, 341, 331, 341, 
3469304, 340, 341, 331, 343, 
3469336, 336, 342, 332, 343, 
3469369, 344, 349, 339, 343, 
3469401, 333, 349, 335, 341, 
3469433, 335, 349, 335, 342, 
3469465, 325, 344, 334, 342, 
3469498, 323, 343, 335, 342, 
3469530, 325, 343, 332, 341, 
3469562, 335, 347, 333, 341, 
3469594, 346, 350, 335, 340, 
3469627, 344, 348, 334, 342, 
3469659, 350, 347, 339, 340, 
3469691, 343, 342, 333, 340, 
3469723, 346, 340, 341, 340, 
3469756, 342, 338, 336, 339, 
3469788, 342, 338, 340, 339, 
3469819, 340, 335, 338, 339, 
3469852, 341, 336, 340, 338, 
3469884, 338, 334, 336, 338, 
3469917, 337, 334, 338, 337, 
3469948, 336, 333, 341, 337, 
3469981, 337, 333, 339, 338, 
3470013, 334, 332, 342, 337, 
3470046, 336, 333, 340, 336, 
3470077, 330, 332, 338, 337, 
3470110, 337, 334, 342, 337, 
3470142, 334, 332, 338, 336, 
3470175, 334, 327, 341, 336, 
3470206, 320, 331, 336, 332, 
3470239, 337, 332, 340, 335, 
3470271, 337, 331, 340, 336, 
3470304, 333, 330, 337, 336, 
3470336, 338, 331, 342, 336, 
3470368, 329, 328, 338, 335, 
3470400, 329, 328, 342, 335, 
3470433, 321, 326, 337, 334, 
3470465, 325, 329, 339, 335, 
3470497, 330, 333, 337, 337, 
3470529, 343, 338, 339, 336, 
3470562, 346, 339, 340, 336, 
3470594, 350, 341, 340, 336, 
3470626, 348, 340, 338, 337, 
3470658, 346, 340, 340, 336, 
3470691, 344, 339, 337, 336, 
3470723, 344, 339, 340, 336, 
3470755, 340, 337, 339, 337, 
3470787, 342, 338, 338, 336, 
3470819, 340, 337, 341, 336, 
3470852, 340, 337, 340, 336, 
3470883, 338, 337, 339, 336, 
3470916, 340, 336, 339, 336, 
3470948, 336, 335, 338, 336, 
3470981, 336, 335, 339, 337, 
3471012, 333, 335, 338, 337, 
3471045, 338, 336, 339, 336, 
3471077, 337, 334, 337, 336, 
3471110, 317, 331, 335, 334, 
3471141, 331, 336, 336, 335, 
3471174, 338, 334, 339, 336, 
3471206, 334, 333, 336, 336, 
3471239, 337, 334, 342, 335, 
3471270, 332, 333, 337, 336, 
3471303, 330, 331, 338, 336, 
3471335, 322, 327, 337, 335, 
3471368, 323, 330, 336, 335, 
3471399, 325, 333, 337, 336, 
3471432, 340, 339, 339, 336, 
3471464, 343, 341, 337, 337, 
3471497, 348, 343, 339, 337, 
3471528, 351, 343, 339, 337, 
3471561, 344, 340, 337, 337, 
3471593, 347, 341, 340, 337, 
3471626, 343, 340, 338, 336, 
3471657, 342, 339, 338, 336, 
3471690, 340, 338, 339, 337, 
3471722, 339, 338, 337, 337, 
3471755, 339, 338, 339, 337, 
3471787, 337, 337, 338, 337, 
3471819, 338, 337, 338, 337, 
3471851, 336, 338, 337, 337, 
3471883, 339, 337, 338, 337, 
3471916, 335, 336, 339, 337, 
3471947, 336, 336, 337, 337, 
3471980, 333, 336, 338, 337, 
3472012, 338, 337, 338, 336, 
3472045, 336, 337, 338, 337, 
3472076, 319, 330, 334, 334, 
3472109, 329, 338, 336, 335, 
3472141, 337, 336, 338, 337, 
3472174, 336, 334, 336, 336, 
3472205, 336, 334, 339, 336, 
3472238, 331, 332, 336, 337, 
3472270, 331, 333, 338, 337, 
3472303, 324, 328, 339, 336, 
3472334, 321, 328, 336, 336, 
3472367, 324, 331, 334, 336, 
3472399, 338, 339, 338, 337, 
3472432, 346, 342, 338, 337, 
3472463, 349, 344, 340, 337, 
3472496, 349, 343, 339, 337, 
3472528, 347, 342, 339, 337, 
3472561, 347, 341, 337, 339, 
3472592, 342, 340, 339, 337, 
3472625, 343, 340, 337, 338, 
3472657, 339, 339, 338, 337, 
3472690, 343, 339, 338, 337, 
3472721, 337, 337, 338, 338, 
3472754, 339, 340, 340, 338, 
3472786, 337, 338, 337, 336, 
3472819, 338, 337, 337, 337, 
3472850, 338, 337, 338, 337, 
3472882, 335, 337, 339, 337, 
3472915, 338, 337, 336, 336, 
3472947, 331, 335, 337, 336, 
3472979, 337, 337, 338, 336, 
3473011, 334, 337, 336, 337, 
3473044, 338, 336, 337, 336, 
3473076, 317, 330, 334, 334, 
3473108, 331, 337, 337, 334, 
3473140, 337, 335, 336, 336, 
3473173, 337, 335, 338, 336, 
3473205, 335, 334, 338, 336, 
3473238, 334, 333, 336, 336, 
3473269, 328, 331, 340, 335, 
3473302, 324, 329, 338, 336, 
3473334, 323, 329, 336, 336, 
3473367, 325, 333, 341, 336, 
3473398, 338, 339, 337, 337, 
3473431, 344, 344, 338, 337, 
3473463, 350, 344, 338, 337, 
3473496, 347, 342, 338, 338, 
3473527, 347, 342, 338, 337, 
3473560, 346, 341, 339, 337, 
3473592, 344, 340, 339, 336, 
3473625, 341, 339, 337, 335, 
3473656, 342, 339, 338, 337, 
3473689, 341, 338, 339, 336, 
3473721, 338, 339, 339, 336, 
3473754, 342, 338, 339, 336, 
3473785, 337, 338, 336, 337, 
3473818, 338, 337, 337, 337, 
3473850, 334, 336, 337, 336, 
3473883, 336, 337, 337, 337, 
3473914, 334, 337, 335, 337, 
3473946, 339, 339, 337, 338, 
3473979, 335, 333, 338, 338, 
3474011, 322, 336, 336, 335, 
3474043, 336, 336, 336, 337, 
3474075, 338, 335, 337, 338, 
3474108, 336, 335, 339, 339, 
3474140, 335, 334, 338, 338, 
3474172, 331, 333, 339, 338, 
3474204, 327, 331, 335, 338, 
3474237, 322, 329, 338, 338, 
3474269, 320, 330, 336, 338, 
3474301, 331, 335, 337, 338, 
3474333, 340, 341, 337, 338, 
3474366, 349, 344, 339, 338, 
3474398, 345, 342, 338, 338, 
3474430, 349, 343, 338, 339, 
3474462, 345, 342, 338, 338, 
3474495, 345, 343, 340, 338, 
3474527, 343, 341, 338, 338, 
