37, 337, 338, 
629627, 336, 334, 337, 339, 
629659, 316, 332, 335, 336, 
629690, 329, 338, 336, 336, 
629722, 335, 335, 337, 338, 
629752, 336, 335, 337, 338, 
629784, 336, 333, 337, 338, 
629815, 333, 333, 337, 338, 
629847, 329, 332, 337, 337, 
629877, 324, 330, 337, 336, 
629909, 322, 331, 337, 337, 
629940, 325, 333, 337, 336, 
629970, 336, 338, 338, 337, 
630002, 345, 340, 338, 337, 
630033, 348, 342, 338, 337, 
630065, 348, 341, 338, 337, 
630095, 347, 340, 338, 336, 
630127, 346, 340, 338, 336, 
630158, 343, 339, 339, 336, 
630190, 342, 338, 338, 336, 
630220, 340, 338, 338, 336, 
630252, 341, 338, 338, 338, 
630283, 340, 338, 338, 337, 
630315, 339, 337, 339, 338, 
630345, 338, 337, 338, 337, 
630377, 337, 336, 338, 337, 
630408, 335, 337, 337, 337, 
630439, 335, 337, 337, 336, 
630470, 337, 337, 337, 335, 
630501, 337, 335, 337, 338, 
630533, 317, 334, 335, 332, 
630563, 332, 336, 335, 334, 
630595, 336, 335, 337, 337, 
630626, 336, 335, 338, 338, 
630658, 336, 335, 337, 337, 
630688, 332, 333, 338, 338, 
630720, 329, 332, 339, 337, 
630751, 324, 330, 338, 337, 
630782, 322, 331, 337, 337, 
630813, 329, 335, 338, 337, 
630845, 340, 339, 338, 337, 
630876, 347, 342, 338, 338, 
630907, 349, 343, 338, 337, 
630938, 348, 342, 338, 337, 
630969, 346, 341, 336, 337, 
631001, 345, 340, 338, 336, 
631031, 344, 339, 338, 337, 
631063, 343, 339, 338, 336, 
631094, 340, 339, 339, 337, 
631126, 340, 338, 338, 336, 
631156, 339, 338, 339, 337, 
631188, 338, 338, 338, 337, 
631219, 337, 338, 338, 338, 
631250, 337, 337, 337, 336, 
631281, 334, 337, 337, 336, 
631313, 336, 338, 337, 336, 
631344, 338, 337, 337, 335, 
631375, 334, 332, 335, 335, 
631406, 318, 338, 334, 332, 
631438, 332, 336, 336, 335, 
631469, 336, 335, 337, 336, 
631499, 336, 333, 337, 337, 
631531, 335, 334, 337, 338, 
631562, 332, 333, 337, 337, 
631593, 329, 332, 338, 338, 
631624, 324, 330, 337, 339, 
631656, 323, 332, 337, 336, 
631687, 331, 336, 337, 339, 
631718, 341, 340, 337, 338, 
631749, 346, 344, 339, 338, 
631781, 350, 343, 339, 338, 
631812, 347, 341, 338, 338, 
631843, 345, 341, 339, 338, 
631874, 343, 340, 338, 338, 
631906, 342, 340, 338, 337, 
631937, 341, 339, 338, 337, 
631967, 340, 339, 338, 337, 
631999, 339, 340, 338, 336, 
632030, 338, 338, 338, 336, 
632061, 337, 338, 338, 335, 
632092, 337, 338, 338, 337, 
632124, 337, 337, 337, 336, 
632155, 336, 337, 338, 337, 
632186, 333, 337, 338, 338, 
632217, 336, 337, 337, 335, 
632249, 336, 336, 338, 337, 
632280, 331, 331, 337, 336, 
632311, 317, 340, 335, 332, 
632342, 334, 336, 335, 336, 
632374, 336, 336, 337, 336, 
632404, 336, 334, 338, 337, 
632436, 335, 334, 339, 337, 
632467, 332, 334, 337, 335, 
632498, 328, 331, 337, 339, 
632529, 323, 330, 337, 339, 
632560, 322, 332, 337, 338, 
632592, 331, 336, 337, 338, 
632623, 342, 340, 337, 338, 
632654, 347, 341, 338, 337, 
632685, 349, 342, 337, 337, 
632717, 348, 341, 338, 338, 
632748, 347, 341, 339, 338, 
632779, 345, 341, 337, 337, 
632810, 343, 340, 338, 338, 
632842, 343, 339, 338, 336, 
632872, 341, 339, 338, 337, 
632904, 341, 339, 338, 337, 
632935, 340, 338, 338, 335, 
632966, 338, 337, 337, 336, 
632997, 338, 337, 337, 337, 
633028, 338, 337, 337, 337, 
633060, 337, 337, 337, 338, 
633091, 336, 336, 337, 337, 
633122, 334, 337, 336, 337, 
633153, 334, 336, 336, 337, 
633185, 335, 336, 337, 337, 
633216, 337, 338, 337, 338, 
633247, 329, 330, 336, 336, 
633278, 320, 339, 335, 336, 
633310, 334, 336, 337, 338, 
633340, 336, 334, 337, 337, 
633372, 336, 334, 337, 337, 
633403, 336, 335, 337, 337, 
633435, 332, 334, 338, 337, 
633465, 327, 331, 338, 337, 
633496, 322, 330, 337, 336, 
633528, 322, 332, 337, 336, 
633559, 333, 337, 337, 336, 
633590, 342, 340, 338, 336, 
633621, 348, 342, 338, 338, 
633653, 349, 343, 339, 338, 
633683, 348, 341, 339, 337, 
633715, 346, 341, 339, 338, 
633746, 345, 340, 338, 336, 
633778, 343, 339, 338, 338, 
633808, 341, 339, 339, 337, 
633840, 340, 339, 338, 337, 
633871, 339, 338, 338, 337, 
633903, 338, 338, 339, 337, 
633933, 337, 337, 338, 336, 
633964, 338, 338, 336, 337, 
633996, 338, 337, 337, 337, 
634027, 337, 337, 338, 336, 
634058, 336, 337, 337, 337, 
634089, 335, 337, 337, 336, 
634121, 333, 337, 337, 336, 
634151, 335, 336, 338, 336, 
634183, 336, 337, 338, 336, 
634214, 333, 332, 337, 336, 
634246, 317, 338, 335, 333, 
634276, 334, 336, 336, 336, 
634308, 336, 334, 337, 336, 
634339, 336, 336, 338, 337, 
634371, 335, 335, 337, 336, 
634401, 332, 333, 336, 337, 
634433, 328, 332, 338, 337, 
634464, 323, 331, 338, 336, 
634494, 322, 332, 337, 337, 
634526, 330, 336, 337, 337, 
634557, 341, 340, 337, 337, 
634589, 347, 343, 338, 337, 
634619, 349, 343, 338, 338, 
634651, 348, 342, 337, 337, 
634682, 348, 341, 337, 338, 
634714, 344, 340, 337, 337, 
634744, 344, 340, 337, 337, 
634776, 341, 340, 337, 338, 
634807, 341, 339, 339, 337, 
634839, 339, 338, 338, 337, 
634869, 339, 338, 337, 336, 
634901, 338, 338, 338, 338, 
634932, 338, 337, 338, 337, 
634962, 337, 338, 337, 336, 
634994, 338, 337, 337, 337, 
635025, 336, 338, 337, 337, 
635057, 336, 337, 337, 337, 
635087, 335, 337, 337, 336, 
635119, 334, 337, 336, 336, 
635150, 333, 336, 338, 337, 
635182, 335, 336, 337, 336, 
635212, 337, 336, 337, 337, 
635244, 323, 329, 337, 336, 
635275, 324, 340, 335, 334, 
635307, 334, 336, 337, 336, 
635337, 336, 336, 338, 338, 
635369, 336, 334, 338, 337, 
635400, 335, 333, 337, 337, 
635431, 332, 333, 338, 338, 
635462, 326, 331, 337, 336, 
635493, 322, 329, 338, 337, 
635525, 323, 332, 337, 336, 
635555, 335, 337, 338, 339, 
635587, 344, 340, 338, 338, 
635618, 348, 342, 338, 338, 
635650, 349, 342, 338, 337, 
635680, 348, 342, 338, 338, 
635712, 346, 341, 338, 340, 
635743, 344, 340, 338, 337, 
635774, 343, 340, 338, 337, 
635805, 342, 340, 338, 337, 
635837, 341, 338, 339, 337, 
635868, 340, 338, 339, 337, 
635899, 339, 337, 337, 337, 
635930, 339, 338, 336, 337, 
635961, 336, 337, 336, 337, 
635993, 337, 337, 337, 336, 
636023, 337, 337, 337, 338, 
636055, 336, 337, 338, 337, 
636086, 336, 337, 337, 336, 
636118, 335, 336, 338, 337, 
636148, 335, 338, 337, 336, 
636180, 334, 336, 338, 336, 
636211, 336, 336, 337, 336, 
636242, 336, 335, 338, 337, 
636273, 315, 333, 337, 334, 
636305, 330, 338, 336, 335, 
636336, 335, 335, 337, 336, 
636367, 336, 335, 338, 336, 
636398, 335, 334, 337, 337, 
636430, 333, 333, 337, 336, 
636461, 330, 332, 338, 337, 
636491, 324, 330, 336, 337, 
636523, 320, 331, 337, 337, 
636554, 325, 335, 337, 336, 
636585, 337, 338, 338, 337, 
636616, 345, 341, 338, 338, 
636648, 350, 342, 338, 339, 
636679, 349, 342, 338, 338, 
636710, 348, 341, 338, 338, 
636741, 345, 340, 338, 339, 
636773, 345, 339, 338, 338, 
636804, 342, 339, 339, 338, 
636835, 341, 338, 338, 338, 
636866, 341, 338, 338, 337, 
636898, 339, 338, 338, 337, 
636929, 339, 337, 338, 337, 
636959, 338, 337, 338, 337, 
636991, 338, 337, 338, 338, 
637022, 337, 338, 338, 337, 
637053, 337, 337, 337, 338, 
637084, 336, 337, 337, 337, 
637116, 334, 337, 337, 337, 
637147, 334, 337, 337, 337, 
637178, 336, 337, 337, 337, 
637209, 336, 335, 337, 337, 
637241, 316, 335, 334, 334, 
637272, 331, 336, 336, 334, 
637303, 335, 335, 337, 337, 
637334, 336, 334, 337, 337, 
637366, 335, 336, 338, 338, 
637396, 332, 334, 337, 337, 
637428, 329, 332, 338, 337, 
637459, 324, 332, 338, 337, 
637490, 321, 331, 339, 337, 
637521, 327, 334, 338, 337, 
637552, 340, 339, 337, 336, 
637584, 347, 343, 338, 337, 
637615, 349, 342, 337, 337, 
637646, 349, 342, 337, 336, 
637677, 347, 343, 337, 338, 
637709, 345, 341, 337, 336, 
637740, 343, 339, 337, 336, 
637771, 343, 339, 337, 338, 
637802, 341, 339, 337, 337, 
637834, 340, 339, 337, 337, 
637864, 339, 338, 338, 336, 
637896, 339, 339, 337, 336, 
637927, 338, 338, 337, 337, 
637958, 338, 338, 337, 338, 
637989, 337, 337, 337, 337, 
638020, 334, 338, 338, 337, 
638052, 334, 337, 337, 337, 
638083, 336, 337, 337, 337, 
638114, 336, 335, 338, 337, 
638145, 317, 332, 336, 335, 
638177, 330, 338, 336, 335, 
638208, 335, 335, 337, 337, 
638239, 336, 334, 337, 337, 
638270, 336, 334, 337, 337, 
638302, 333, 333, 337, 337, 
638332, 330, 332, 338, 337, 
638364, 324, 331, 337, 335, 
638395, 321, 331, 337, 336, 
638427, 326, 333, 337, 335, 
638457, 338, 338, 337, 335, 
638488, 345, 341, 339, 337, 
638520, 349, 341, 339, 336, 
638551, 349, 341, 339, 336, 
638582, 347, 341, 338, 337, 
638613, 345, 341, 338, 339, 
638645, 343, 340, 338, 338, 
638675, 342, 339, 338, 339, 
638707, 342, 340, 338, 338, 
638738, 341, 339, 338, 338, 
638770, 340, 339, 338, 338, 
638800, 337, 338, 337, 337, 
638832, 339, 338, 337, 337, 
638863, 337, 337, 337, 336, 
638895, 337, 338, 337, 336, 
638925, 336, 337, 335, 337, 
638956, 335, 337, 336, 337, 
638988, 333, 337, 337, 335, 
639019, 335, 338, 335, 335, 
639050, 336, 339, 335, 335, 
639081, 335, 340, 335, 336, 
639113, 316, 351, 332, 332, 
639143, 332, 355, 334, 335, 
639175, 336, 354, 335, 337, 
639206, 337, 352, 334, 339, 
639238, 336, 349, 334, 340, 
639268, 333, 345, 334, 341, 
639300, 329, 341, 334, 342, 
639331, 323, 338, 335, 345, 
639363, 320, 338, 335, 343, 
639393, 328, 341, 336, 345, 
639425, 339, 343, 336, 346, 
639456, 346, 344, 336, 346, 
639486, 349, 342, 337, 345, 
639518, 349, 341, 335, 343, 
639549, 347, 339, 336, 339, 
639581, 345, 337, 336, 335, 
639611, 343, 336, 335, 335, 
639643, 342, 336, 336, 334, 
639674, 341, 334, 335, 334, 
639706, 340, 334, 336, 335, 
639736, 339, 334, 335, 336, 
639768, 339, 334, 336, 336, 
639799, 339, 333, 336, 337, 
639831, 337, 333, 336, 336, 
639861, 337, 333, 335, 336, 
639893, 337, 333, 337, 336, 
639924, 336, 333, 337, 336, 
639954, 336, 333, 336, 335, 
639986, 333, 333, 336, 335, 
640017, 333, 333, 336, 336, 
640049, 335, 333, 337, 337, 
640079, 336, 334, 337, 336, 
640111, 323, 326, 337, 336, 
640142, 324, 336, 335, 334, 
640174, 334, 333, 337, 336, 
640204, 336, 332, 339, 337, 
640236, 336, 332, 338, 336, 
640267, 334, 331, 338, 336, 
640299, 331, 329, 338, 336, 
640329, 327, 328, 340, 336, 
640361, 321, 328, 339, 337, 
640392, 323, 330, 339, 336, 
640423, 333, 336, 339, 337, 
640454, 343, 339, 339, 336, 
640485, 348, 340, 339, 336, 
640517, 349, 341, 339, 336, 
640547, 348, 340, 340, 336, 
640579, 346, 339, 340, 336, 
640610, 345, 340, 339, 336, 
640642, 342, 340, 339, 337, 
640672, 341, 344, 340, 337, 
640704, 340, 346, 339, 337, 
640735, 340, 349, 340, 337, 
640766, 339, 350, 340, 337, 
640797, 338, 351, 339, 338, 
640829, 336, 349, 340, 338, 
640860, 337, 347, 340, 336, 
640891, 337, 346, 340, 336, 
640922, 337, 343, 340, 336, 
640953, 335, 341, 339, 336, 
640985, 334, 339, 338, 335, 
641015, 335, 337, 338, 336, 
641047, 337, 336, 339, 337, 
641078, 322, 328, 337, 335, 
641110, 327, 336, 337, 333, 
641140, 336, 333, 338, 336, 
641172, 336, 333, 340, 337, 
641203, 336, 332, 340, 339, 
641234, 334, 331, 340, 338, 
641265, 331, 330, 340, 338, 
641297, 326, 328, 340, 338, 
641328, 322, 327, 340, 338, 
641359, 325, 329, 340, 337, 
641390, 335, 334, 341, 337, 
641422, 345, 338, 340, 337, 
641453, 349, 340, 341, 337, 
641483, 350, 339, 341, 337, 
641515, 348, 339, 340, 337, 
641546, 347, 338, 340, 337, 
641577, 345, 338, 340, 337, 
641608, 342, 338, 339, 338, 
641640, 342, 339, 341, 337, 
641671, 341, 340, 339, 337, 
641702, 340, 340, 340, 337, 
641733, 338, 340, 340, 337, 
641765, 338, 339, 339, 337, 
641796, 337, 338, 340, 337, 
641827, 337, 338, 339, 336, 
641858, 336, 337, 340, 335, 
641890, 336, 336, 338, 335, 
641921, 335, 335, 338, 335, 
641951, 333, 336, 338, 336, 
641983, 335, 335, 338, 337, 
642014, 337, 334, 339, 337, 
642045, 334, 330, 339, 336, 
642076, 316, 336, 336, 334, 
642108, 333, 334, 337, 336, 
642139, 336, 333, 336, 337, 
642170, 336, 333, 338, 337, 
642201, 334, 333, 338, 336, 
642233, 333, 331, 338, 337, 
642264, 329, 330, 338, 337, 
642295, 324, 329, 338, 337, 
642326, 322, 329, 339, 336, 
642358, 329, 334, 337, 336, 
642388, 340, 339, 339, 336, 
642420, 346, 340, 338, 338, 
642451, 348, 341, 339, 337, 
642482, 348, 340, 339, 337, 
642513, 346, 339, 339, 336, 
642544, 345, 338, 338, 335, 
642576, 343, 337, 338, 332, 
642607, 342, 338, 338, 337, 
642638, 340, 337, 340, 342, 
642669, 340, 337, 339, 343, 
642701, 339, 336, 338, 345, 
642732, 338, 336, 338, 341, 
642763, 337, 336, 338, 336, 
642794, 337, 336, 338, 334, 
642826, 337, 337, 338, 334, 
642856, 336, 336, 338, 334, 
642888, 336, 335, 338, 336, 
642919, 336, 337, 337, 337, 
642950, 333, 337, 337, 338, 
642981, 335, 336, 337, 337, 
643012, 337, 336, 338, 336, 
643044, 333, 331, 337, 334, 
643075, 317, 338, 335, 332, 
643106, 333, 336, 336, 334, 
643137, 336, 334, 337, 335, 
643169, 336, 333, 337, 336, 
643200, 335, 333, 337, 337, 
643231, 332, 332, 338, 337, 
643262, 328, 330, 337, 337, 
643294, 323, 328, 337, 336, 
643324, 322, 331, 338, 336, 
643356, 330, 334, 339, 336, 
643387, 343, 339, 338, 336, 
643419, 348, 342, 338, 338, 
643449, 350, 342, 339, 341, 
643480, 348, 342, 338, 340, 
643512, 346, 340, 338, 339, 
643543, 345, 339, 338, 337, 
643574, 344, 340, 338, 336, 
643605, 342, 338, 338, 337, 
643637, 341, 339, 338, 338, 
643667, 341, 337, 338, 336, 
643699, 340, 338, 338, 338, 
643730, 338, 338, 338, 338, 
643762, 338, 337, 338, 338, 
643792, 338, 336, 338, 341, 
643824, 337, 336, 337, 341, 
643855, 335, 337, 337, 339, 
643887, 334, 336, 338, 337, 
643917, 334, 335, 337, 336, 
643948, 336, 336, 337, 335, 
643980, 336, 334, 337, 334, 
644011, 315, 332, 335, 331, 
644042, 331, 335, 335, 332, 
644073, 336, 335, 337, 334, 
644105, 336, 334, 337, 334, 
644135, 336, 334, 338, 336, 
644167, 333, 334, 338, 339, 
644198, 330, 333, 338, 343, 
644230, 324, 330, 337, 342, 
644260, 321, 331, 338, 344, 
644292, 327, 335, 338, 341, 
644323, 339, 339, 338, 339, 
644355, 347, 342, 338, 335, 
644385, 349, 343, 338, 333, 
644417, 350, 343, 339, 334, 
644448, 348, 342, 338, 333, 
644478, 345, 341, 338, 333, 
644510, 344, 341, 338, 332, 
644541, 343, 340, 338, 332, 
644573, 342, 339, 338, 332, 
644603, 342, 339, 338, 332, 
644635, 339, 337, 338, 333, 
644666, 340, 337, 338, 335, 
644698, 338, 337, 338, 336, 
644728, 337, 337, 338, 336, 
644760, 337, 337, 339, 336, 
644791, 337, 336, 338, 337, 
644823, 335, 336, 337, 337, 
644853, 334, 337, 337, 338, 
644885, 336, 336, 337, 337, 
644916, 337, 336, 337, 338, 
644946, 330, 330, 337, 339, 
644978, 320, 340, 335, 336, 
645009, 334, 337, 337, 338, 
645041, 336, 336, 337, 339, 
645071, 336, 334, 337, 339, 
645103, 335, 334, 337, 338, 
645134, 333, 333, 337, 338, 
645166, 327, 331, 337, 338, 
645196, 323, 330, 337, 337, 
645228, 322, 333, 338, 338, 
645259, 332, 337, 337, 339, 
645291, 342, 339, 338, 338, 
645321, 349, 342, 339, 340, 
645353, 350, 342, 338, 340, 
645384, 349, 341, 338, 339, 
645415, 347, 341, 338, 339, 
645446, 345, 341, 338, 339, 
645477, 343, 339, 338, 338, 
645509, 342, 339, 339, 339, 
645539, 341, 340, 338, 339, 
645571, 341, 339, 338, 338, 
645602, 339, 338, 338, 339, 
645634, 338, 338, 338, 339, 
645664, 338, 338, 337, 338, 
645696, 338, 337, 337, 338, 
645727, 337, 337, 337, 338, 
645758, 337, 336, 337, 338, 
645789, 336, 337, 337, 337, 
645821, 335, 337, 338, 337, 
645852, 333, 337, 338, 337, 
645883, 336, 337, 337, 337, 
645914, 337, 338, 338, 338, 
645945, 327, 330, 338, 337, 
645977, 322, 340, 335, 334, 
646007, 334, 337, 338, 337, 
646039, 336, 335, 338, 337, 
646070, 336, 334, 337, 337, 
646102, 335, 334, 339, 339, 
646132, 332, 333, 338, 337, 
646164, 327, 331, 338, 337, 
646195, 322, 330, 336, 338, 
646226, 323, 333, 338, 336, 
646257, 332, 337, 338, 337, 
646289, 343, 340, 339, 337, 
646320, 348, 342, 338, 338, 
646351, 349, 341, 338, 338, 
646382, 348, 341, 338, 337, 
646414, 346, 341, 338, 337, 
646445, 344, 340, 338, 339, 
646475, 343, 339, 338, 339, 
646507, 342, 339, 338, 337, 
646538, 341, 339, 338, 337, 
646569, 339, 338, 337, 337, 
646600, 339, 338, 337, 337, 
646632, 339, 339, 338, 339, 
646663, 338, 337, 338, 336, 
646694, 337, 338, 338, 339, 
646725, 336, 337, 338, 338, 
646757, 336, 337, 336, 339, 
646788, 334, 336, 338, 337, 
646819, 333, 338, 337, 338, 
646850, 335, 337, 338, 339, 
646882, 336, 337, 337, 338, 
646913, 334, 334, 337, 336, 
646943, 316, 336, 334, 334, 
646975, 333, 335, 336, 336, 
647006, 335, 334, 337, 339, 
647037, 337, 334, 339, 339, 
647068, 335, 335, 339, 339, 
647100, 333, 335, 337, 339, 
647131, 329, 332, 337, 339, 
647162, 322, 330, 337, 339, 
647193, 319, 330, 337, 340, 
647225, 327, 335, 336, 343, 
647256, 338, 334, 336, 338, 
647287, 342, 334, 335, 341, 
647318, 350, 336, 335, 344, 
647350, 346, 332, 333, 339, 
647380, 345, 333, 332, 345, 
647412, 344, 334, 333, 347, 
647443, 341, 336, 332, 349, 
647474, 338, 336, 330, 349, 
647505, 339, 338, 328, 354, 
647536, 336, 338, 326, 357, 
647568, 340, 342, 326, 358, 
647599, 333, 341, 324, 361, 
647630, 339, 345, 323, 360, 
647661, 336, 346, 321, 360, 
647693, 333, 346, 319, 367, 
647724, 337, 348, 318, 365, 
647755, 330, 348, 316, 365, 
647786, 329, 350, 312, 357, 
647818, 331, 350, 315, 364, 
647848, 331, 350, 317, 374, 
647880, 331, 349, 318, 385, 
647911, 310, 350, 317, 377, 
647942, 327, 351, 320, 385, 
647973, 330, 349, 322, 381, 
648004, 330, 348, 323, 381, 
648036, 329, 348, 327, 377, 
648067, 326, 348, 331, 375, 
648098, 322, 349, 335, 376, 
648129, 322, 347, 338, 380, 
648161, 315, 347, 337, 379, 
648192, 319, 349, 337, 390, 
648223, 330, 351, 336, 381, 
648254, 338, 352, 337, 390, 
648286, 351, 354, 335, 384, 
648316, 343, 351, 333, 382, 
648348, 347, 350, 332, 377, 
648379, 338, 348, 332, 374, 
648411, 342, 347, 332, 370, 
648441, 336, 345, 331, 367, 
648472, 343, 344, 330, 356, 
648504, 335, 342, 329, 353, 
648535, 343, 340, 329, 350, 
648566, 340, 340, 328, 339, 
648597, 338, 337, 327, 340, 
648629, 341, 337, 327, 337, 
648659, 336, 334, 327, 322, 
648691, 341, 336, 328, 334, 
648722, 339, 334, 328, 325, 
648754, 338, 333, 329, 327, 
648784, 338, 333, 329, 323, 
648816, 336, 332, 329, 320, 
648847, 337, 332, 331, 321, 
648879, 340, 332, 332, 317, 
648909, 341, 332, 333, 320, 
648940, 324, 327, 334, 313, 
648972, 324, 333, 334, 313, 
649003, 342, 333, 338, 317, 
649034, 332, 328, 338, 312, 
649065, 342, 332, 340, 317, 
649097, 332, 328, 341, 312, 
649127, 331, 329, 342, 316, 
649159, 329, 329, 343, 314, 
649190, 314, 324, 343, 316, 
649222, 328, 329, 344, 314, 
649252, 332, 331, 345, 315, 
649284, 353, 337, 346, 317, 
649315, 351, 336, 345, 317, 
649347, 350, 334, 346, 316, 
649377, 353, 336, 347, 317, 
649409, 343, 333, 346, 315, 
649440, 355, 336, 346, 318, 
649470, 336, 332, 347, 316, 
649502, 350, 335, 346, 313, 
649533, 339, 332, 347, 318, 
649565, 338, 332, 346, 317, 
649595, 347, 334, 347, 318, 
649627, 333, 331, 346, 319, 
649658, 346, 334, 346, 319, 
649690, 331, 330, 346, 321, 
649720, 341, 332, 346, 319, 
649752, 339, 332, 346, 321, 
649783, 341, 333, 346, 318, 
649815, 339, 332, 347, 318, 
649845, 335, 331, 346, 320, 
649877, 338, 334, 347, 324, 
649908, 330, 330, 346, 320, 
649938, 335, 332, 346, 326, 
649970, 334, 328, 345, 317, 
650001, 317, 333, 344, 318, 
650033, 334, 332, 346, 325, 
650063, 332, 330, 345, 323, 
650095, 342, 333, 347, 326, 
650126, 329, 329, 345, 323, 
650158, 340, 332, 346, 324, 
650188, 327, 329, 347, 325, 
650220, 323, 328, 347, 325, 
650251, 324, 330, 347, 324, 
650283, 327, 332, 347, 326, 
650313, 345, 338, 345, 325, 
650345, 345, 338, 346, 326, 
650376, 352, 340, 347, 326, 
650407, 353, 340, 345, 329, 
650438, 341, 336, 345, 327, 
650469, 353, 340, 346, 334, 
650501, 334, 334, 345, 327, 
650531, 350, 339, 345, 332, 
650563, 341, 336, 344, 329, 
650594, 338, 335, 344, 326, 
650626, 342, 337, 345, 335, 
650656, 334, 334, 343, 326, 
650688, 342, 337, 344, 333, 
650719, 335, 333, 343, 329, 
650750, 340, 336, 343, 327, 
650781, 340, 337, 344, 332, 
650813, 333, 334, 342, 325, 
650844, 340, 337, 342, 329, 
650875, 330, 333, 341, 328, 
650906, 345, 339, 343, 330, 
650937, 329, 329, 340, 326, 
650969, 321, 337, 339, 327, 
650999, 334, 335, 340, 330, 
651031, 336, 332, 339, 329, 
651062, 342, 335, 340, 331, 
651094, 333, 330, 340, 330, 
651124, 338, 335, 340, 331, 
651156, 329, 331, 340, 333, 
651187, 322, 329, 340, 330, 
651218, 328, 333, 340, 336, 
651249, 327, 334, 340, 331, 
651281, 347, 339, 340, 334, 
651312, 344, 338, 340, 335, 
651343, 347, 338, 339, 331, 
651374, 353, 339, 341, 336, 
651406, 342, 336, 340, 334, 
651437, 349, 338, 339, 335, 
651467, 342, 337, 340, 336, 
651499, 344, 337, 339, 333, 
651530, 345, 338, 340, 338, 
651561, 339, 337, 339, 334, 
651592, 341, 338, 339, 331, 
651624, 335, 335, 339, 335, 
651655, 340, 338, 339, 336, 
651686, 336, 337, 340, 336, 
651717, 336, 336, 340, 333, 
651749, 339, 337, 339, 336, 
651780, 336, 337, 339, 333, 
651811, 336, 336, 339, 336, 
651842, 335, 336, 339, 334, 
651874, 336, 336, 339, 334, 
651905, 336, 332, 339, 335, 
651935, 335, 327, 339, 334, 
651967, 319, 331, 338, 331, 
651998, 330, 329, 339, 336, 
652029, 338, 331, 340, 334, 
652060, 337, 332, 340, 337, 
652092, 334, 332, 339, 332, 
652123, 339, 334, 341, 339, 
652154, 326, 332, 339, 334, 
652185, 329, 333, 340, 335, 
652217, 315, 330, 339, 334, 
652248, 332, 338, 340, 335, 
652279, 338, 339, 340, 337, 
652310, 345, 341, 340, 337, 
652342, 353, 343, 340, 339, 
652372, 346, 341, 339, 335, 
652404, 351, 342, 338, 337, 
652435, 338, 338, 339, 336, 
652466, 345, 340, 340, 337, 
652497, 343, 340, 339, 337, 
652528, 339, 337, 338, 334, 
652560, 341, 338, 339, 334, 
652591, 339, 338, 340, 340, 
652622, 340, 339, 339, 335, 
652653, 338, 337, 339, 337, 
652685, 337, 338, 338, 336, 
652716, 338, 337, 339, 337, 
652747, 336, 337, 338, 336, 
652778, 338, 338, 338, 333, 
652810, 330, 335, 338, 336, 
652840, 341, 339, 338, 332, 
652872, 332, 337, 338, 338, 
652903, 331, 335, 338, 332, 
652934, 341, 339, 339, 339, 
652965, 324, 329, 337, 337, 
652996, 326, 342, 337, 334, 
653028, 330, 336, 338, 337, 
653059, 334, 334, 337, 336, 
653090, 340, 336, 338, 336, 
653121, 332, 333, 338, 339, 
653153, 337, 335, 338, 335, 
653184, 323, 329, 339, 336, 
653215, 320, 328, 338, 335, 
653246, 326, 332, 337, 337, 
653278, 329, 334, 339, 336, 
653308, 348, 339, 339, 337, 
653340, 349, 340, 340, 340, 
653371, 346, 339, 339, 337, 
653403, 356, 343, 338, 338, 
653433, 342, 339, 338, 336, 
653464, 347, 340, 338, 339, 
653496, 342, 340, 339, 340, 
653527, 339, 338, 338, 340, 
653558, 346, 339, 339, 339, 
653589, 334, 337, 338, 340, 
653621, 343, 339, 339, 338, 
653651, 335, 337, 338, 343, 
653683, 337, 337, 338, 339, 
653714, 342, 339, 337, 340, 
653746, 333, 336, 339, 343, 
653776, 340, 340, 338, 339, 
653808, 338, 338, 339, 341, 
653839, 332, 337, 337, 340, 
653871, 336, 338, 337, 336, 
653901, 337, 337, 338, 338, 
653932, 336, 337, 338, 337, 
653964, 320, 333, 337, 335, 
653995, 331, 337, 338, 331, 
654026, 337, 336, 339, 326, 
654057, 338, 335, 342, 329, 
654089, 337, 336, 342, 325, 
654119, 334, 335, 343, 323, 
654151, 335, 335, 346, 324, 
654182, 329, 332, 345, 322, 
654214, 325, 331, 345, 324, 
654244, 330, 333, 347, 325, 
654276, 341, 340, 345, 322, 
654307, 353, 340, 345, 326, 
654339, 355, 342, 345, 327, 
654369, 355, 342, 345, 325, 
654401, 355, 342, 344, 327, 
654432, 352, 342, 343, 327, 
654462, 349, 340, 342, 327, 
654494, 348, 341, 343, 328, 
654525, 346, 339, 343, 330, 
654557, 345, 339, 343, 331, 
654587, 344, 339, 341, 332, 
654619, 343, 339, 343, 333, 
654650, 341, 338, 342, 335, 
654682, 342, 337, 341, 335, 
654712, 339, 338, 341, 336, 
654744, 340, 338, 340, 336, 
654775, 338, 337, 340, 337, 
654807, 337, 335, 338, 338, 
654837, 336, 335, 339, 340, 
654869, 336, 335, 337, 341, 
654900, 337, 335, 337, 341, 
654930, 337, 334, 338, 343, 
654962, 316, 334, 334, 339, 
654993, 331, 338, 335, 341, 
655025, 336, 335, 337, 341, 
655055, 338, 335, 337, 341, 
655087, 337, 335, 336, 341, 
655118, 335, 334, 337, 340, 
655150, 330, 333, 336, 341, 
655180, 325, 331, 336, 339, 
655212, 320, 330, 336, 339, 
655243, 324, 334, 337, 338, 
655275, 336, 339, 337, 338, 
655305, 345, 341, 337, 338, 
655337, 347, 343, 337, 338, 
655368, 347, 342, 337, 337, 
655399, 347, 342, 337, 337, 
655430, 344, 342, 337, 336, 
655461, 342, 340, 337, 336, 
655493, 340, 339, 337, 336, 
655523, 340, 339, 336, 336, 
655555, 339, 339, 336, 337, 
655586, 337, 339, 336, 336, 
655618, 337, 338, 336, 336, 
655648, 337, 337, 336, 335, 
655680, 336, 338, 335, 335, 
655711, 336, 337, 335, 334, 
655742, 336, 337, 335, 334, 
655773, 336, 337, 336, 334, 
655805, 334, 338, 335, 333, 
655836, 332, 337, 335, 331, 
655867, 332, 337, 335, 331, 
655898, 334, 337, 337, 330, 
655929, 335, 335, 335, 328, 
655961, 315, 331, 333, 326, 
655991, 327, 338, 334, 328, 
656023, 333, 335, 335, 331, 
656054, 335, 334, 336, 332, 
656086, 334, 335, 336, 335, 
656116, 332, 333, 336, 335, 
656148, 329, 333, 336, 336, 
656179, 324, 331, 336, 337, 
656210, 319, 331, 335, 337, 
656241, 324, 333, 334, 338, 
656273, 335, 340, 334, 338, 
656304, 344, 343, 334, 340, 
656335, 348, 346, 334, 341, 
656366, 347, 346, 332, 342, 
656398, 346, 346, 330, 343, 
656429, 344, 345, 330, 343, 
656459, 343, 344, 330, 344, 
656491, 341, 347, 327, 345, 
656522, 339, 343, 327, 345, 
656553, 338, 347, 324, 345, 
656584, 337, 347, 325, 346, 
656616, 335, 349, 325, 346, 
656647, 337, 352, 324, 349, 
656678, 337, 355, 328, 351, 
656709, 338, 360, 329, 353, 
656741, 337, 358, 324, 352, 
656772, 335, 361, 325, 353, 
656803, 333, 359, 323, 354, 
656834, 334, 359, 323, 355, 
656866, 336, 361, 324, 355, 
656897, 329, 356, 324, 355, 
656927, 319, 365, 322, 353, 
656959, 332, 367, 322, 355, 
656990, 335, 373, 327, 355, 
657021, 334, 371, 328, 354, 
657052, 334, 375, 329, 354, 
657084, 332, 372, 329, 352, 
657115, 327, 374, 331, 350, 
657146, 321, 366, 326, 349, 
657177, 321, 366, 334, 349, 
657209, 331, 364, 335, 348, 
657240, 340, 366, 336, 349, 
657271, 345, 363, 334, 349, 
657302, 346, 358, 339, 350, 
657334, 346, 354, 338, 354, 
657364, 344, 349, 340, 361, 
657396, 343, 347, 336, 362, 
657427, 343, 343, 343, 360, 
657458, 342, 344, 340, 358, 
657489, 341, 341, 339, 353, 
657520, 340, 341, 340, 351, 
657552, 339, 336, 337, 348, 
657583, 339, 335, 338, 345, 
657614, 339, 334, 341, 342, 
657645, 339, 332, 340, 340, 
657677, 339, 333, 342, 339, 
657708, 337, 329, 342, 337, 
657739, 336, 329, 341, 337, 
657770, 337, 329, 341, 335, 
657802, 338, 325, 341, 335, 
657832, 335, 324, 340, 334, 
657864, 322, 326, 339, 330, 
657895, 336, 326, 340, 332, 
657926, 339, 325, 343, 333, 
657957, 340, 325, 342, 333, 
657988, 338, 323, 342, 333, 
658020, 337, 324, 341, 333, 
658051, 332, 320, 340, 332, 
658082, 327, 320, 343, 332, 
658113, 326, 320, 341, 334, 
658145, 333, 323, 345, 333, 
658176, 343, 327, 340, 332, 
658207, 348, 331, 342, 333, 
658238, 350, 332, 342, 332, 
658270, 350, 331, 343, 333, 
658300, 348, 331, 345, 333, 
658332, 346, 330, 345, 332, 
658363, 345, 329, 342, 333, 
658395, 344, 330, 343, 333, 
658425, 343, 329, 343, 333, 
658456, 342, 329, 344, 334, 
658488, 341, 329, 345, 334, 
658519, 340, 330, 343, 333, 
658550, 340, 329, 343, 333, 
658581, 340, 330, 346, 333, 
658613, 338, 329, 342, 332, 
658643, 339, 330, 346, 334, 
658675, 339, 331, 340, 333, 
658706, 339, 331, 345, 333, 
658738, 338, 330, 346, 333, 
658768, 337, 332, 342, 332, 
658800, 336, 331, 344, 332, 
658831, 338, 331, 344, 333, 
658863, 339, 331, 343, 333, 
658893, 322, 325, 342, 333, 
658924, 330, 335, 340, 331, 
658956, 337, 331, 342, 333, 
658987, 339, 331, 340, 333, 
659018, 339, 332, 342, 334, 
659049, 337, 329, 343, 332, 
659081, 333, 330, 341, 334, 
659111, 328, 327, 341, 334, 
659143, 324, 328, 343, 334, 
659174, 327, 328, 343, 334, 
659206, 337, 334, 343, 334, 
659236, 346, 337, 342, 335, 
659268, 349, 339, 344, 335, 
659299, 349, 339, 342, 335, 
659331, 349, 339, 343, 335, 
659361, 347, 338, 342, 335, 
659393, 345, 338, 342, 335, 
659424, 344, 336, 341, 335, 
659454, 342, 336, 341, 335, 
659486, 341, 335, 341, 335, 
659517, 341, 337, 340, 335, 
659549, 340, 337, 341, 335, 
659579, 339, 338, 339, 336, 
659611, 341, 337, 339, 335, 
659642, 338, 335, 340, 334, 
659674, 340, 337, 341, 337, 
659704, 339, 337, 340, 336, 
659736, 338, 335, 340, 335, 
659767, 338, 336, 340, 336, 
659799, 337, 337, 340, 336, 
659829, 336, 335, 341, 335, 
659861, 335, 335, 339, 335, 
659892, 336, 336, 339, 336, 
659922, 338, 335, 340, 336, 
659954, 327, 329, 340, 336, 
659985, 324, 339, 337, 334, 
660017, 336, 335, 340, 335, 
660047, 337, 335, 337, 337, 
660079, 337, 334, 339, 337, 
660110, 337, 334, 341, 337, 
660142, 333, 333, 337, 337, 
660172, 330, 331, 341, 337, 
660204, 324, 328, 337, 337, 
660235, 324, 331, 342, 339, 
660267, 334, 336, 340, 338, 
660297, 344, 340, 339, 339, 
660329, 348, 342, 341, 338, 
660360, 349, 341, 341, 338, 
660391, 350, 340, 340, 338, 
660422, 347, 341, 342, 338, 
660453, 345, 339, 338, 338, 
660485, 344, 341, 339, 338, 
660515, 342, 338, 340, 337, 
660547, 341, 339, 339, 337, 
660578, 341, 339, 339, 338, 
660610, 340, 337, 340, 338, 
660640, 339, 336, 341, 338, 
660672, 339, 338, 339, 338, 
660703, 339, 338, 339, 338, 
660734, 339, 337, 339, 338, 
660765, 337, 338, 339, 338, 
660797, 335, 336, 339, 338, 
660828, 337, 336, 338, 337, 
660859, 338, 336, 339, 338, 
660890, 334, 330, 338, 338, 
660921, 320, 336, 337, 336, 
660953, 335, 336, 337, 336, 
660983, 337, 333, 339, 338, 
661015, 338, 332, 339, 338, 
661046, 337, 333, 339, 338, 
661078, 334, 331, 338, 338, 
661108, 329, 329, 338, 339, 
661140, 324, 329, 337, 337, 
661171, 323, 330, 339, 337, 
661202, 331, 334, 338, 338, 
661233, 342, 339, 341, 340, 
661265, 349, 342, 340, 340, 
661296, 350, 340, 340, 339, 
661327, 350, 342, 341, 339, 
661358, 347, 339, 338, 338, 
661390, 345, 339, 339, 338, 
661421, 344, 339, 337, 338, 
661451, 342, 341, 339, 338, 
661483, 341, 339, 338, 338, 
661514, 341, 339, 341, 338, 
661545, 340, 338, 338, 338, 
661576, 339, 339, 339, 339, 
661608, 339, 338, 341, 338, 
661639, 339, 337, 340, 339, 
661670, 338, 339, 339, 338, 
661701, 337, 338, 338, 338, 
661733, 337, 338, 338, 338, 
661764, 337, 339, 339, 338, 
661795, 335, 339, 339, 338, 
661826, 334, 338, 338, 337, 
661858, 336, 338, 339, 338, 
661889, 338, 337, 339, 338, 
661919, 325, 331, 338, 337, 
661951, 326, 340, 336, 336, 
661982, 336, 339, 339, 338, 
662013, 337, 336, 339, 339, 
662044, 337, 335, 336, 339, 
662076, 336, 336, 340, 339, 
662107, 333, 334, 336, 338, 
662138, 329, 333, 340, 337, 
662169, 324, 331, 338, 337, 
662201, 325, 333, 339, 336, 
662232, 335, 337, 340, 339, 
662263, 343, 343, 339, 338, 
662294, 348, 343, 340, 338, 
662326, 350, 344, 340, 339, 
662356, 348, 343, 339, 339, 
662388, 347, 343, 340, 339, 
662419, 344, 340, 338, 339, 
662450, 344, 341, 339, 338, 
662481, 342, 339, 340, 338, 
662512, 341, 341, 339, 338, 
662544, 340, 340, 340, 336, 
662575, 339, 338, 339, 336, 
662606, 339, 339, 340, 335, 
662637, 339, 339, 340, 336, 
662669, 339, 339, 338, 331, 
662700, 339, 339, 339, 334, 
662731, 338, 340, 341, 331, 
662762, 338, 343, 340, 331, 
662794, 339, 345, 340, 329, 
662824, 338, 345, 339, 332, 
662856, 337, 343, 338, 328, 
662887, 335, 342, 338, 332, 
662918, 336, 341, 336, 331, 
662949, 338, 339, 334, 333, 
662980, 336, 334, 334, 331, 
663012, 318, 338, 333, 330, 
663043, 334, 335, 335, 332, 
663074, 337, 331, 337, 335, 
663105, 337, 330, 340, 335, 
663137, 335, 328, 340, 335, 
663168, 334, 325, 340, 338, 
663199, 330, 322, 340, 336, 
663230, 323, 319, 340, 336, 
663262, 320, 318, 341, 343, 
663292, 326, 323, 341, 343, 
663324, 339, 329, 342, 341, 
663355, 346, 332, 341, 339, 
663387, 350, 334, 340, 340, 
663417, 350, 336, 341, 336, 
663448, 349, 336, 341, 338, 
663480, 347, 335, 340, 339, 
663511, 345, 336, 340, 337, 
663542, 344, 335, 339, 341, 
663573, 343, 334, 339, 341, 
663605, 341, 334, 338, 339, 
663635, 339, 334, 338, 340, 
663667, 339, 334, 339, 343, 
663698, 338, 334, 340, 342, 
663730, 338, 334, 338, 341, 
663760, 337, 334, 338, 342, 
663792, 338, 335, 338, 341, 
663823, 337, 334, 338, 341, 
663855, 337, 334, 338, 341, 
663885, 336, 334, 337, 340, 
663916, 334, 335, 338, 340, 
663948, 336, 334, 338, 339, 
663979, 336, 335, 337, 338, 
664010, 335, 331, 338, 340, 
664041, 317, 333, 336, 339, 
664073, 333, 334, 337, 340, 
664103, 336, 333, 337, 341, 
664135, 337, 333, 339, 343, 
664166, 337, 333, 340, 342, 
664198, 333, 333, 339, 342, 
664228, 330, 330, 338, 342, 
664260, 324, 328, 339, 342, 
664291, 322, 327, 339, 343, 
664323, 328, 333, 339, 344, 
664353, 339, 338, 339, 344, 
664385, 347, 342, 339, 343, 
664416, 350, 344, 339, 346, 
664446, 350, 343, 338, 344, 
664478, 348, 344, 338, 345, 
664509, 346, 340, 338, 344, 
664541, 344, 338, 338, 344, 
664571, 343, 338, 338, 346, 
664603, 343, 337, 338, 343, 
664634, 340, 337, 338, 344, 
664666, 339, 336, 338, 341, 
664696, 338, 336, 337, 342, 
664728, 338, 336, 337, 342, 
664759, 338, 337, 337, 341, 
664791, 338, 337, 337, 341, 
664821, 336, 339, 337, 340, 
664853, 334, 340, 337, 338, 
664884, 335, 340, 337, 339, 
664914, 337, 341, 337, 337, 
664946, 336, 340, 337, 337, 
664977, 316, 339, 336, 331, 
665009, 331, 341, 336, 332, 
665039, 336, 340, 337, 333, 
665071, 337, 339, 338, 334, 
665102, 335, 339, 337, 334, 
665134, 334, 338, 337, 335, 
665164, 330, 337, 338, 336, 
665196, 325, 335, 338, 334, 
665227, 322, 334, 338, 335, 
665259, 326, 338, 338, 337, 
665289, 338, 343, 339, 335, 
665321, 347, 347, 338, 337, 
665352, 350, 348, 339, 338, 
665383, 350, 347, 338, 338, 
665414, 349, 347, 338, 338, 
665445, 346, 346, 338, 338, 
665477, 345, 345, 338, 337, 
665507, 344, 345, 338, 337, 
665539, 342, 344, 339, 338, 
665570, 341, 343, 338, 339, 
665602, 340, 342, 338, 338, 
665632, 340, 342, 338, 338, 
665664, 339, 341, 338, 337, 
665695, 338, 341, 338, 337, 
665726, 338, 340, 338, 338, 
665757, 337, 340, 338, 337, 
665789, 337, 340, 338, 338, 
665820, 336, 340, 337, 337, 
665851, 334, 341, 337, 339, 
665882, 336, 340, 337, 336, 
665913, 338, 341, 338, 338, 
665945, 328, 333, 337, 338, 
665975, 321, 342, 336, 335, 
666007, 335, 339, 337, 338, 
666038, 337, 337, 338, 338, 
666070, 337, 337, 338, 337, 
666100, 336, 337, 338, 339, 
666132, 333, 336, 339, 338, 
666163, 328, 335, 338, 338, 
666194, 323, 333, 338, 338, 
666225, 322, 334, 338, 337, 
666257, 332, 338, 339, 337, 
666288, 344, 343, 339, 337, 
666319, 349, 345, 339, 338, 
666350, 351, 346, 339, 338, 
666382, 350, 343, 339, 337, 
666413, 348, 344, 339, 338, 
666443, 346, 343, 338, 339, 
666475, 345, 342, 339, 339, 
666506, 343, 340, 338, 338, 
666537, 342, 341, 338, 339, 
666568, 341, 340, 338, 339, 
666600, 339, 340, 338, 339, 
666631, 340, 340, 338, 338, 
666662, 339, 339, 338, 338, 
666693, 337, 339, 338, 339, 
666725, 337, 339, 338, 339, 
666756, 338, 337, 338, 338, 
666787, 337, 338, 338, 338, 
666818, 336, 338, 338, 338, 
666850, 334, 336, 337, 337, 
666881, 336, 338, 338, 338, 
666911, 338, 338, 338, 338, 
666943, 332, 333, 337, 337, 
666974, 317, 338, 336, 337, 
667005, 335, 335, 338, 337, 
667036, 336, 334, 338, 339, 
667068, 337, 334, 339, 339, 
667099, 335, 336, 339, 339, 
667130, 333, 335, 338, 338, 
667161, 328, 333, 338, 339, 
667193, 322, 331, 339, 338, 
667224, 321, 332, 338, 339, 
667255, 330, 338, 339, 339, 
667286, 341, 344, 338, 337, 
667318, 349, 348, 339, 341, 
667348, 350, 347, 339, 339, 
667380, 350, 347, 339, 340, 
667411, 347, 346, 339, 339, 
667442, 346, 345, 340, 341, 
667473, 345, 344, 339, 339, 
667504, 344, 343, 340, 339, 
667536, 343, 343, 339, 339, 
667567, 341, 343, 339, 339, 
667598, 340, 341, 339, 341, 
667629, 339, 340, 339, 339, 
667661, 341, 341, 338, 338, 
667692, 340, 340, 339, 339, 
667723, 338, 339, 338, 338, 
667754, 336, 339, 340, 338, 
667786, 335, 338, 338, 339, 
667816, 338, 339, 338, 339, 
667848, 339, 339, 337, 338, 
667879, 326, 330, 338, 338, 
667910, 323, 340, 336, 334, 
667941, 335, 338, 337, 338, 
667972, 337, 336, 338, 339, 
668004, 337, 337, 338, 338, 
668035, 335, 337, 339, 339, 
668066, 332, 335, 338, 338, 
668097, 327, 334, 338, 338, 
668129, 321, 331, 338, 338, 
668160, 323, 333, 338, 337, 
668191, 333, 338, 338, 338, 
668222, 344, 344, 339, 340, 
668254, 349, 345, 339, 339, 
668284, 351, 345, 340, 340, 
668316, 350, 344, 339, 341, 
668347, 347, 343, 339, 339, 
668379, 346, 342, 338, 339, 
668409, 344, 342, 339, 339, 
668440, 343, 341, 339, 340, 
668472, 342, 341, 338, 340, 
668503, 340, 339, 339, 339, 
668534, 340, 340, 338, 339, 
668565, 339, 340, 339, 340, 
668597, 339, 340, 338, 338, 
668627, 338, 338, 338, 339, 
668659, 337, 339, 338, 339, 
668690, 337, 338, 338, 338, 
668722, 337, 338, 338, 339, 
668752, 336, 338, 338, 339, 
668784, 335, 339, 338, 338, 
668815, 335, 337, 339, 338, 
668847, 337, 338, 339, 337, 
668877, 335, 334, 338, 338, 
668908, 314, 336, 335, 333, 
668940, 331, 338, 337, 336, 
668971, 336, 336, 338, 338, 
669002, 338, 336, 338, 338, 
669033, 336, 335, 338, 337, 
669065, 334, 335, 338, 337, 
669095, 330, 333, 337, 338, 
669127, 325, 331, 337, 338, 
669158, 321, 331, 338, 337, 
669190, 328, 336, 338, 339, 
669220, 340, 340, 339, 338, 
669252, 347, 342, 339, 339, 
669283, 350, 344, 339, 340, 
669315, 350, 344, 339, 340, 
669345, 349, 343, 339, 339, 
669377, 346, 341, 338, 339, 
669408, 344, 341, 338, 338, 
669438, 343, 341, 339, 339, 
669470, 342, 341, 339, 340, 
669501, 341, 340, 338, 338, 
669533, 340, 340, 339, 337, 
669563, 339, 339, 339, 339, 
669595, 339, 339, 339, 339, 
669626, 338, 338, 339, 339, 
669658, 339, 338, 338, 337, 
669688, 337, 338, 338, 339, 
669720, 337, 338, 338, 338, 
669751, 337, 337, 339, 338, 
669783, 336, 338, 338, 337, 
669813, 335, 337, 338, 335, 
669845, 335, 337, 338, 339, 
669876, 337, 338, 338, 338, 
669906, 337, 337, 338, 336, 
669938, 316, 331, 336, 335, 
669969, 329, 338, 336, 336, 
670001, 336, 336, 339, 337, 
670031, 336, 335, 338, 338, 
670063, 337, 336, 338, 338, 
670094, 334, 333, 338, 338, 
670126, 331, 336, 338, 337, 
670156, 326, 331, 338, 336, 
670188, 321, 331, 339, 337, 
670219, 325, 333, 339, 336, 
670251, 337, 340, 340, 337, 
670281, 346, 344, 340, 337, 
670313, 351, 344, 340, 337, 
670344, 350, 345, 340, 337, 
670375, 349, 342, 339, 338, 
670406, 347, 344, 339, 336, 
670437, 346, 341, 339, 337, 
670469, 344, 342, 339, 336, 
670499, 343, 341, 340, 336, 
670531, 342, 342, 339, 336, 
670562, 341, 339, 338, 336, 
670594, 340, 340, 339, 337, 
670624, 340, 340, 339, 338, 
670656, 337, 338, 338, 338, 
670687, 339, 337, 338, 339, 
670718, 337, 336, 337, 337, 
670749, 336, 336, 338, 338, 
670781, 335, 336, 337, 337, 
670812, 337, 335, 338, 339, 
670843, 338, 335, 337, 338, 
670874, 325, 328, 336, 337, 
670905, 324, 338, 335, 336, 
670937, 336, 335, 337, 337, 
670967, 338, 335, 337, 338, 
670999, 337, 334, 338, 339, 
671030, 335, 335, 338, 338, 
671062, 332, 334, 338, 339, 
671092, 328, 332, 338, 338, 
671124, 322, 330, 338, 340, 
671155, 323, 333, 338, 338, 
671186, 333, 338, 340, 339, 
671217, 343, 341, 339, 339, 
671249, 349, 343, 339, 338, 
671280, 350, 344, 339, 341, 
671311, 349, 343, 339, 339, 
671342, 347, 342, 340, 338, 
671374, 345, 342, 339, 338, 
671405, 343, 341, 338, 338, 
671435, 343, 340, 339, 339, 
671467, 341, 341, 339, 339, 
671498, 340, 340, 339, 338, 
671529, 340, 339, 339, 339, 
671560, 338, 338, 338, 337, 
671592, 338, 338, 339, 339, 
671623, 338, 339, 338, 339, 
671654, 337, 338, 338, 337, 
671685, 337, 337, 338, 337, 
671717, 336, 337, 338, 338, 
671748, 337, 337, 338, 337, 
671779, 335, 333, 338, 337, 
671810, 334, 333, 338, 337, 
671842, 335, 329, 337, 334, 
671873, 337, 322, 338, 338, 
671903, 334, 315, 337, 336, 
671935, 316, 313, 336, 333, 
671966, 331, 312, 337, 337, 
671997, 337, 315, 338, 336, 
672028, 336, 318, 337, 338, 
672060, 336, 324, 338, 338, 
672091, 332, 329, 337, 337, 
672122, 329, 332, 337, 338, 
672153, 325, 334, 339, 339, 
672185, 322, 337, 338, 339, 
672216, 328, 341, 338, 339, 
672247, 339, 346, 338, 340, 
672278, 348, 347, 338, 340, 
672310, 349, 347, 339, 341, 
672340, 349, 345, 339, 343, 
672372, 349, 345, 338, 342, 
672403, 345, 344, 338, 343, 
672434, 344, 344, 338, 341, 
672465, 343, 345, 338, 340, 
672496, 342, 345, 338, 341, 
672528, 341, 345, 338, 340, 
672559, 341, 346, 338, 338, 
672590, 340, 346, 338, 340, 
672621, 339, 346, 338, 339, 
672653, 338, 347, 338, 338, 
672684, 337, 346, 338, 338, 
672715, 338, 347, 338, 338, 
672746, 337, 347, 338, 338, 
672778, 338, 346, 338, 338, 
672808, 336, 346, 338, 337, 
672840, 335, 346, 338, 338, 
672871, 334, 346, 339, 338, 
672902, 336, 345, 339, 338, 
672933, 337, 344, 337, 338, 
672964, 325, 338, 337, 338, 
672996, 324, 345, 336, 337, 
673027, 336, 340, 338, 338, 
673058, 336, 341, 338, 338, 
673089, 337, 340, 339, 339, 
673121, 335, 339, 339, 340, 
673152, 332, 338, 339, 339, 
673183, 328, 336, 338, 338, 
673214, 324, 335, 339, 339, 
673246, 324, 337, 339, 338, 
673276, 331, 339, 339, 338, 
673308, 344, 346, 340, 338, 
673339, 349, 345, 338, 339, 
673371, 351, 345, 338, 338, 
673401, 350, 344, 339, 339, 
673432, 348, 342, 338, 338, 
673464, 346, 342, 339, 338, 
673495, 345, 341, 339, 338, 
673526, 342, 340, 339, 338, 
673557, 342, 339, 338, 338, 
673589, 341, 340, 338, 338, 
673619, 340, 338, 338, 338, 
673651, 340, 339, 338, 338, 
673682, 339, 339, 338, 338, 
673714, 338, 338, 338, 337, 
673744, 339, 337, 338, 337, 
673776, 338, 338, 339, 337, 
673807, 337, 339, 338, 337, 
673839, 337, 338, 339, 337, 
673869, 335, 338, 339, 336, 
673900, 335, 337, 338, 337, 
673932, 336, 337, 338, 336, 
673963, 337, 336, 339, 338, 
673994, 323, 330, 338, 336, 
674025, 325, 339, 336, 335, 
674057, 335, 336, 338, 336, 
674087, 338, 335, 338, 337, 
674119, 337, 334, 339, 338, 
674150, 336, 334, 339, 337, 
674182, 332, 333, 339, 337, 
674212, 329, 333, 339, 337, 
674244, 323, 331, 339, 337, 
674275, 323, 332, 339, 336, 
674307, 334, 337, 340, 338, 
674337, 344, 339, 339, 338, 
674369, 349, 341, 339, 337, 
674400, 351, 341, 340, 338, 
674430, 348, 341, 339, 337, 
674462, 347, 340, 339, 338, 
674493, 347, 340, 339, 338, 
674525, 344, 339, 339, 338, 
674555, 343, 338, 340, 337, 
674587, 341, 338, 340, 337, 
674618, 341, 338, 339, 338, 
674650, 339, 338, 339, 338, 
674680, 339, 338, 339, 337, 
674712, 339, 337, 338, 337, 
674743, 338, 337, 338, 337, 
674775, 338, 338, 339, 338, 
674805, 337, 337, 338, 338, 
674837, 337, 338, 337, 337, 
674868, 336, 337, 338, 337, 
674898, 337, 337, 339, 338, 
674930, 336, 336, 338, 337, 
674961, 335, 337, 338, 338, 
674993, 334, 337, 338, 337, 
675023, 335, 338, 339, 338, 
675055, 337, 337, 338, 338, 
675086, 329, 331, 337, 337, 
675118, 321, 341, 337, 335, 
675148, 334, 337, 337, 337, 
675180, 338, 336, 338, 337, 
675211, 337, 335, 338, 337, 
675243, 336, 334, 338, 337, 
675273, 332, 333, 338, 337, 
675305, 328, 333, 338, 337, 
675336, 323, 331, 338, 338, 
675367, 322, 332, 338, 336, 
675398, 331, 337, 338, 338, 
675429, 342, 340, 339, 338, 
675461, 349, 341, 339, 338, 
675491, 351, 342, 339, 339, 
675523, 350, 341, 339, 338, 
675554, 349, 340, 339, 338, 
675586, 346, 339, 339, 338, 
675616, 344, 339, 339, 338, 
675648, 344, 339, 339, 338, 
675679, 342, 338, 339, 338, 
675710, 341, 338, 339, 339, 
675741, 340, 338, 339, 338, 
675773, 339, 338, 339, 338, 
675804, 338, 339, 339, 338, 
675835, 340, 339, 339, 339, 
675866, 336, 337, 338, 338, 
675897, 337, 337, 338, 338, 
675929, 338, 338, 340, 338, 
675959, 336, 337, 338, 338, 
675991, 336, 337, 338, 337, 
676022, 335, 337, 338, 337, 
676054, 334, 337, 338, 339, 
676084, 335, 338, 338, 339, 
676116, 337, 338, 338, 338, 
676147, 334, 334, 337, 337, 
676178, 317, 337, 336, 337, 
676209, 333, 336, 337, 336, 
676241, 336, 335, 338, 338, 
676272, 336, 335, 338, 338, 
676303, 336, 336, 338, 338, 
676334, 334, 335, 339, 340, 
676366, 329, 335, 340, 338, 
676397, 324, 333, 338, 338, 
676427, 322, 332, 338, 338, 
676459, 328, 336, 339, 338, 
676490, 342, 341, 338, 338, 
676521, 349, 343, 338, 338, 
676552, 350, 343, 339, 338, 
676584, 351, 343, 338, 337, 
676615, 349, 343, 340, 338, 
676646, 346, 341, 338, 338, 
676677, 345, 340, 339, 339, 
676709, 344, 340, 339, 339, 
676740, 342, 340, 338, 338, 
676771, 341, 339, 340, 338, 
676802, 340, 339, 338, 338, 
676834, 340, 339, 339, 338, 
676865, 339, 338, 338, 338, 
676895, 337, 338, 338, 338, 
676927, 339, 338, 338, 338, 
676958, 337, 338, 338, 338, 
676989, 337, 337, 339, 339, 
677020, 336, 337, 337, 338, 
677052, 334, 337, 338, 336, 
677083, 335, 337, 338, 337, 
677114, 336, 337, 338, 338, 
