6365, 331, 331, 336, 339, 
3016396, 327, 330, 336, 339, 
3016429???b???b???b???bj
3016461, 331, 336, 337, 339, 
3016494, 334, 340, 338, 339, 
3016525, 336, 341, 338, 338, 
3016558, 337, 341, 338, 337, 
3016590, 339, 341, 339, 337, 
3016623, 340, 340, 339, 338, 
3016654, 341, 341, 339, 337, 
3016687, 341, 338, 340, 337, 
3016719, 340, 337, 341, 336, 
3016752, 344, 338, 342, 337, 
3016783, 346, 336, 342, 337, 
3016816, 345, 333, 341, 337, 
3016848, 328, 328, 339, 335, 
3016880, 339, 332, 339, 336, 
3016912, 340, 330, 341, 337, 
3016944, 339, 331, 342, 339, 
3016977, 339, 331, 341, 340, 
3017009, 334, 330, 343, 340, 
3017041, 328, 329, 342, 341, 
3017073, 324, 329, 342, 341, 
3017106, 326, 330, 344, 341, 
3017138, 334, 334, 343, 340, 
3017170, 352, 337, 343, 338, 
3017202, 366, 340, 343, 338, 
3017235, 374, 340, 342, 337, 
3017267, 376, 342, 344, 339, 
3017299, 433, 339, 344, 336, 
3017331, 469, 340, 345, 337, 
3017364, 468, 339, 347, 335, 
3017396, 456, 338, 349, 334, 
3017428, 437, 339, 351, 336, 
3017460, 422, 338, 351, 335, 
3017493, 410, 339, 349, 337, 
3017525, 398, 333, 349, 338, 
3017558, 396, 340, 345, 335, 
3017589, 406, 339, 346, 338, 
3017622, 397, 339, 347, 339, 
3017654, 385, 338, 349, 340, 
3017687, 370, 337, 352, 340, 
3017718, 357, 336, 354, 340, 
3017751, 342, 335, 353, 340, 
3017783, 329, 331, 352, 340, 
3017816, 326, 336, 350, 338, 
3017847, 329, 338, 350, 339, 
3017880, 333, 340, 349, 337, 
3017912, 331, 340, 347, 335, 
3017944, 330, 340, 346, 335, 
3017976, 327, 339, 344, 335, 
3018008, 324, 337, 343, 336, 
3018041, 322, 338, 343, 337, 
3018073, 321, 339, 342, 338, 
3018105, 319, 340, 342, 340, 
3018137, 317, 341, 342, 341, 
3018170, 316, 342, 342, 341, 
3018202, 317, 343, 341, 342, 
3018234, 319, 343, 339, 342, 
3018266, 320, 342, 339, 341, 
3018299, 302, 334, 337, 338, 
3018331, 313, 342, 336, 338, 
3018363, 320, 338, 336, 339, 
3018395, 322, 336, 336, 339, 
3018428, 321, 336, 336, 340, 
3018460, 319, 335, 337, 339, 
3018492, 315, 333, 335, 339, 
3018524, 309, 332, 335, 339, 
3018557, 310, 331, 335, 340, 
3018589, 319, 336, 335, 340, 
3018621, 329, 340, 335, 339, 
3018653, 335, 343, 336, 339, 
3018686, 339, 343, 335, 338, 
3018718, 338, 342, 334, 338, 
3018750, 337, 340, 334, 338, 
3018782, 336, 340, 334, 337, 
3018815, 333, 339, 335, 337, 
3018847, 331, 340, 335, 337, 
3018880, 331, 340, 336, 337, 
3018911, 330, 339, 336, 338, 
3018943, 333, 339, 337, 339, 
3018976, 340, 339, 337, 339, 
3019008, 341, 341, 338, 339, 
3019040, 347, 339, 337, 339, 
3019072, 355, 342, 338, 339, 
3019105, 360, 341, 338, 339, 
3019137, 341, 333, 337, 338, 
3019169, 344, 342, 335, 336, 
3019201, 346, 339, 337, 340, 
3019234, 345, 338, 337, 340, 
3019266, 340, 337, 338, 339, 
3019298, 335, 336, 337, 339, 
3019330, 329, 334, 337, 339, 
3019363, 321, 333, 337, 339, 
3019395, 316, 332, 337, 339, 
3019427, 319, 336, 337, 339, 
3019459, 329, 340, 337, 338, 
3019492, 335, 342, 338, 339, 
3019524, 336, 342, 338, 338, 
3019556, 335, 343, 338, 337, 
3019588, 333, 341, 337, 338, 
3019621, 331, 340, 338, 337, 
3019653, 329, 340, 338, 337, 
3019685, 327, 339, 338, 338, 
3019717, 326, 339, 337, 338, 
3019750, 323, 337, 336, 337, 
3019782, 322, 337, 336, 337, 
3019814, 323, 337, 335, 338, 
3019846, 326, 339, 336, 337, 
3019879, 326, 336, 336, 337, 
3019911, 306, 336, 334, 335, 
3019943, 323, 337, 336, 336, 
3019975, 326, 335, 338, 338, 
3020007, 327, 335, 338, 338, 
3020040, 325, 334, 341, 339, 
3020071, 323, 334, 339, 338, 
3020104, 319, 332, 340, 338, 
3020136, 314, 330, 340, 338, 
3020169, 315, 331, 341, 338, 
3020200, 324, 336, 341, 337, 
3020233, 335, 341, 342, 337, 
3020265, 340, 343, 342, 337, 
3020298, 341, 343, 342, 338, 
3020329, 341, 344, 343, 338, 
3020362, 340, 342, 343, 338, 
3020394, 338, 341, 344, 338, 
3020427, 337, 341, 344, 338, 
3020459, 336, 340, 345, 338, 
3020491, 336, 340, 346, 337, 
3020523, 335, 340, 346, 338, 
3020556, 333, 339, 345, 338, 
3020588, 329, 340, 345, 338, 
3020620, 332, 340, 344, 338, 
3020652, 336, 339, 343, 338, 
3020685, 333, 335, 341, 338, 
3020717, 315, 337, 337, 334, 
3020749, 332, 338, 338, 337, 
3020781, 335, 339, 339, 338, 
3020814, 333, 336, 337, 339, 
3020846, 331, 335, 338, 338, 
3020878, 329, 334, 336, 338, 
3020910, 325, 332, 336, 338, 
3020943, 321, 331, 335, 337, 
3020975, 322, 333, 334, 338, 
3021006, 332, 337, 334, 338, 
3021039, 343, 342, 334, 338, 
3021071, 349, 344, 335, 339, 
3021104, 349, 344, 335, 337, 
3021135, 347, 343, 335, 339, 
3021168, 345, 343, 335, 338, 
3021200, 343, 342, 335, 338, 
3021233, 341, 342, 335, 338, 
3021264, 340, 342, 336, 337, 
3021297, 339, 340, 335, 337, 
3021329, 338, 341, 335, 337, 
3021362, 336, 339, 334, 336, 
3021393, 336, 341, 335, 338, 
3021426, 335, 339, 335, 336, 
3021458, 334, 339, 334, 338, 
3021491, 332, 339, 335, 337, 
3021522, 331, 338, 335, 337, 
3021555, 335, 340, 337, 338, 
3021587, 336, 338, 336, 338, 
3021620, 320, 330, 335, 337, 
3021651, 324, 341, 334, 335, 
3021684, 335, 338, 335, 339, 
3021716, 335, 336, 336, 339, 
3021749, 334, 335, 336, 339, 
3021780, 332, 334, 336, 339, 
3021813, 329, 334, 337, 339, 
3021845, 322, 331, 335, 338, 
3021878, 320, 330, 336, 338, 
3021910, 324, 334, 336, 339, 
3021942, 335, 338, 336, 338, 
3021974, 345, 342, 336, 339, 
3022007, 348, 344, 337, 339, 
3022039, 347, 343, 336, 339, 
3022070, 347, 342, 336, 339, 
3022103, 344, 341, 336, 338, 
3022135, 343, 340, 336, 339, 
3022168, 342, 340, 336, 339, 
3022199, 340, 339, 336, 339, 
3022232, 338, 339, 337, 339, 
3022264, 338, 338, 336, 339, 
3022297, 337, 338, 336, 338, 
3022328, 338, 338, 336, 339, 
3022361, 337, 337, 336, 338, 
3022393, 336, 338, 336, 338, 
3022426, 335, 337, 336, 338, 
3022457, 332, 336, 336, 338, 
3022490, 334, 336, 336, 338, 
3022522, 337, 338, 336, 339, 
3022555, 336, 334, 337, 338, 
3022586, 316, 337, 334, 336, 
3022619, 335, 337, 336, 337, 
3022651, 336, 335, 336, 339, 
3022684, 336, 335, 336, 338, 
3022715, 333, 334, 336, 338, 
3022748, 331, 333, 337, 339, 
3022780, 325, 332, 337, 339, 
3022813, 322, 330, 337, 338, 
3022844, 320, 331, 336, 338, 
3022877, 329, 336, 337, 338, 
3022909, 340, 342, 337, 339, 
3022942, 347, 343, 338, 339, 
3022973, 348, 343, 337, 339, 
3023006, 348, 343, 337, 340, 
3023038, 347, 341, 338, 339, 
3023070, 344, 341, 337, 339, 
3023102, 344, 341, 337, 339, 
3023134, 342, 340, 337, 339, 
3023167, 341, 339, 337, 339, 
3023199, 340, 339, 337, 338, 
3023232, 340, 338, 338, 340, 
3023263, 338, 338, 337, 339, 
3023296, 337, 337, 337, 338, 
3023328, 337, 338, 338, 338, 
3023361, 337, 337, 337, 338, 
3023392, 336, 337, 337, 338, 
3023425, 334, 336, 337, 339, 
3023457, 332, 337, 337, 339, 
3023490, 333, 337, 337, 338, 
3023521, 336, 337, 337, 337, 
3023554, 337, 337, 337, 338, 
3023586, 314, 332, 335, 336, 
3023619, 331, 339, 336, 336, 
3023650, 335, 336, 337, 338, 
3023683, 335, 335, 337, 339, 
3023715, 335, 334, 338, 339, 
3023748, 330, 334, 337, 339, 
3023779, 329, 332, 337, 338, 
3023812, 323, 330, 337, 338, 
3023844, 321, 330, 337, 339, 
3023877, 327, 335, 337, 339, 
3023908, 339, 341, 338, 338, 
3023941, 346, 343, 338, 339, 
3023973, 349, 344, 338, 338, 
3024006, 348, 343, 338, 339, 
3024037, 348, 342, 338, 338, 
3024070, 345, 342, 337, 340, 
3024102, 344, 341, 337, 338, 
3024134, 343, 340, 337, 337, 
3024166, 342, 339, 338, 338, 
3024198, 340, 339, 338, 338, 
3024231, 339, 339, 338, 338, 
3024263, 338, 339, 338, 338, 
3024295, 338, 338, 338, 337, 
3024327, 337, 338, 338, 336, 
3024360, 337, 337, 337, 338, 
3024392, 337, 337, 338, 337, 
3024424, 336, 337, 337, 337, 
3024456, 334, 337, 337, 337, 
3024489, 332, 336, 337, 337, 
3024521, 335, 337, 337, 337, 
3024553, 337, 338, 338, 337, 
3024585, 332, 330, 338, 337, 
3024618, 319, 338, 334, 334, 
3024650, 335, 336, 337, 337, 
3024683, 337, 335, 338, 338, 
3024714, 336, 335, 338, 338, 
3024747, 334, 334, 338, 339, 
3024779, 331, 333, 338, 339, 
3024812, 326, 331, 339, 337, 
3024843, 322, 330, 337, 337, 
3024876, 322, 333, 338, 337, 
3024908, 333, 337, 337, 338, 
3024941, 343, 341, 338, 338, 
3024972, 350, 344, 338, 337, 
3025005, 349, 343, 339, 339, 
3025037, 348, 342, 338, 338, 
3025070, 346, 341, 338, 338, 
3025101, 344, 341, 337, 338, 
3025133, 342, 341, 338, 339, 
3025166, 343, 340, 338, 338, 
3025198, 341, 339, 338, 338, 
3025230, 340, 339, 339, 338, 
3025262, 339, 338, 338, 337, 
3025295, 337, 338, 338, 338, 
3025327, 337, 338, 337, 338, 
3025359, 337, 339, 337, 338, 
3025391, 336, 338, 338, 338, 
3025424, 336, 337, 338, 338, 
3025456, 336, 337, 337, 338, 
3025488, 333, 337, 338, 338, 
3025520, 332, 336, 338, 338, 
3025553, 335, 337, 337, 339, 
3025585, 337, 338, 338, 339, 
3025617, 335, 334, 337, 337, 
3025649, 316, 337, 334, 334, 
3025682, 335, 337, 338, 337, 
3025714, 337, 336, 337, 337, 
3025746, 337, 335, 339, 338, 
3025778, 335, 334, 337, 338, 
3025811, 331, 333, 338, 338, 
3025843, 327, 332, 338, 338, 
3025875, 321, 330, 337, 339, 
3025907, 321, 332, 339, 337, 
3025940, 330, 338, 339, 338, 
3025972, 343, 342, 337, 338, 
3026004, 348, 343, 338, 338, 
3026036, 350, 345, 339, 338, 
3026069, 349, 342, 339, 337, 
3026101, 348, 343, 339, 338, 
3026134, 346, 341, 339, 338, 
3026165, 344, 341, 339, 339, 
3026197, 342, 340, 339, 338, 
3026230, 341, 340, 338, 339, 
3026262, 340, 339, 338, 338, 
3026294, 339, 338, 339, 338, 
3026326, 339, 338, 339, 338, 
3026359, 339, 338, 338, 338, 
3026391, 338, 338, 339, 338, 
3026423, 337, 337, 338, 338, 
3026455, 337, 338, 338, 338, 
3026488, 336, 337, 338, 338, 
3026520, 336, 337, 337, 338, 
3026552, 333, 337, 338, 338, 
3026584, 335, 337, 338, 339, 
3026617, 339, 338, 338, 337, 
3026649, 335, 334, 336, 337, 
3026681, 316, 338, 335, 334, 
3026713, 335, 337, 337, 337, 
3026746, 337, 336, 338, 337, 
3026778, 336, 334, 338, 338, 
3026810, 335, 335, 339, 338, 
3026842, 332, 333, 338, 339, 
3026875, 327, 331, 339, 338, 
3026907, 323, 330, 340, 339, 
3026939, 322, 331, 338, 339, 
3026971, 332, 337, 339, 338, 
3027004, 343, 342, 338, 340, 
3027036, 349, 343, 338, 339, 
3027068, 350, 344, 337, 338, 
3027100, 349, 343, 337, 339, 
3027133, 348, 341, 337, 338, 
3027165, 346, 341, 337, 338, 
3027196, 345, 340, 337, 338, 
3027229, 343, 339, 338, 338, 
3027261, 340, 338, 337, 337, 
3027294, 339, 338, 337, 339, 
3027325, 339, 337, 337, 338, 
3027358, 339, 338, 337, 338, 
3027390, 339, 338, 338, 338, 
3027423, 338, 337, 337, 338, 
3027454, 337, 337, 337, 339, 
3027487, 335, 335, 337, 337, 
3027519, 333, 335, 337, 338, 
3027552, 335, 335, 337, 337, 
3027584, 339, 336, 337, 336, 
3027616, 336, 332, 336, 336, 
3027648, 319, 335, 336, 333, 
3027681, 336, 335, 337, 336, 
3027713, 339, 335, 338, 337, 
3027745, 337, 334, 339, 337, 
3027777, 335, 334, 340, 338, 
3027810, 332, 333, 339, 338, 
3027842, 329, 331, 339, 340, 
3027874, 324, 330, 339, 338, 
3027906, 322, 331, 340, 338, 
3027939, 331, 336, 339, 338, 
3027971, 341, 340, 338, 339, 
3028003, 348, 343, 339, 339, 
3028035, 349, 344, 338, 340, 
3028068, 347, 343, 338, 339, 
3028100, 345, 340, 339, 338, 
3028132, 342, 339, 337, 338, 
3028164, 342, 336, 337, 338, 
3028197, 342, 336, 337, 338, 
3028229, 340, 336, 337, 338, 
3028260, 340, 337, 337, 339, 
3028293, 339, 338, 338, 338, 
3028325, 339, 339, 338, 339, 
3028358, 338, 339, 338, 338, 
3028389, 337, 339, 338, 339, 
3028422, 337, 338, 338, 338, 
3028454, 335, 338, 339, 338, 
3028487, 333, 338, 338, 337, 
3028518, 334, 338, 338, 337, 
3028551, 336, 339, 339, 338, 
3028583, 337, 339, 339, 338, 
3028616, 319, 332, 338, 336, 
3028647, 329, 342, 336, 338, 
3028680, 337, 338, 338, 338, 
3028712, 336, 337, 338, 338, 
3028745, 335, 335, 338, 339, 
3028776, 334, 334, 338, 338, 
3028809, 329, 334, 339, 338, 
3028841, 325, 332, 339, 338, 
3028874, 317, 330, 336, 340, 
3028905, 317, 331, 335, 340, 
3028938, 338, 342, 339, 340, 
3028970, 348, 346, 339, 340, 
3029003, 352, 347, 339, 338, 
3029035, 352, 348, 339, 338, 
3029067, 348, 345, 338, 338, 
3029099, 348, 345, 340, 337, 
3029132, 344, 343, 338, 337, 
3029164, 345, 342, 343, 336, 
3029196, 338, 340, 337, 337, 
3029228, 342, 339, 338, 337, 
3029260, 339, 338, 335, 337, 
3029293, 347, 341, 345, 338, 
3029324, 339, 340, 338, 339, 
3029357, 341, 338, 341, 338, 
3029389, 339, 338, 342, 337, 
3029422, 340, 338, 344, 337, 
3029453, 339, 339, 342, 337, 
3029486, 338, 338, 343, 337, 
3029518, 336, 338, 340, 337, 
3029551, 331, 336, 334, 337, 
3029582, 334, 337, 334, 336, 
3029615, 334, 337, 332, 336, 
3029647, 331, 330, 338, 336, 
3029680, 324, 336, 332, 332, 
3029711, 337, 336, 335, 336, 
3029744, 337, 335, 337, 336, 
3029776, 336, 335, 336, 335, 
3029809, 337, 335, 340, 335, 
3029840, 332, 336, 339, 336, 
3029873, 329, 333, 340, 335, 
3029905, 323, 332, 339, 336, 
3029938, 322, 334, 337, 336, 
3029969, 336, 341, 343, 337, 
3030002, 340, 344, 341, 338, 
3030034, 348, 350, 341, 339, 
3030067, 346, 351, 341, 338, 
3030098, 346, 349, 343, 338, 
3030131, 346, 348, 341, 338, 
3030163, 341, 346, 342, 339, 
3030196, 344, 344, 344, 339, 
3030227, 343, 344, 340, 339, 
3030260, 342, 342, 340, 339, 
3030292, 342, 342, 336, 340, 
3030324, 338, 340, 333, 339, 
3030356, 339, 340, 336, 339, 
3030388, 335, 338, 332, 339, 
3030421, 336, 337, 332, 339, 
3030453, 340, 338, 332, 339, 
3030486, 340, 337, 332, 340, 
3030517, 323, 331, 331, 336, 
3030550, 337, 336, 333, 339, 
3030582, 339, 335, 334, 339, 
3030615, 339, 334, 335, 339, 
3030646, 334, 332, 335, 339, 
3030679, 335, 333, 336, 340, 
3030711, 327, 330, 335, 339, 
3030744, 327, 329, 335, 339, 
3030775, 323, 329, 336, 339, 
3030808, 331, 333, 338, 340, 
3030840, 341, 339, 337, 340, 
3030873, 346, 342, 337, 338, 
3030904, 347, 341, 338, 339, 
3030937, 348, 342, 339, 339, 
3030969, 345, 340, 338, 339, 
3031002, 346, 341, 340, 339, 
3031033, 344, 340, 337, 339, 
3031066, 343, 340, 339, 338, 
3031098, 338, 339, 338, 339, 
3031131, 342, 339, 337, 339, 
3031162, 338, 338, 338, 338, 
3031195, 339, 338, 339, 338, 
3031227, 333, 336, 336, 339, 
3031260, 339, 338, 341, 338, 
3031291, 334, 335, 335, 339, 
3031323, 338, 336, 338, 337, 
3031356, 317, 333, 335, 335, 
3031388, 337, 338, 336, 336, 
3031420, 335, 335, 338, 337, 
3031452, 337, 335, 340, 338, 
3031485, 338, 335, 338, 339, 
3031517, 334, 334, 340, 338, 
3031549, 329, 330, 338, 338, 
3031581, 323, 329, 335, 337, 
3031614, 324, 331, 338, 337, 
3031646, 332, 334, 336, 339, 
3031678, 340, 340, 340, 338, 
3031710, 347, 344, 340, 338, 
3031743, 347, 343, 341, 339, 
3031775, 349, 343, 340, 339, 
3031808, 344, 342, 339, 339, 
3031839, 344, 340, 339, 338, 
3031872, 343, 339, 338, 338, 
3031904, 341, 339, 341, 338, 
3031937, 342, 339, 338, 337, 
3031968, 338, 338, 341, 339, 
3032001, 341, 338, 339, 338, 
3032033, 336, 337, 339, 337, 
3032066, 339, 338, 339, 338, 
3032097, 335, 336, 335, 337, 
3032130, 334, 336, 340, 337, 
3032162, 336, 337, 338, 339, 
3032195, 338, 338, 341, 338, 
3032226, 331, 331, 337, 337, 
3032259, 324, 336, 336, 335, 
3032291, 334, 337, 338, 337, 
3032324, 338, 336, 338, 338, 
3032355, 334, 333, 337, 338, 
3032387, 336, 335, 339, 338, 
3032420, 332, 332, 336, 338, 
3032452, 328, 331, 339, 337, 
3032484, 323, 330, 337, 337, 
3032516, 322, 331, 340, 338, 
3032549, 336, 337, 338, 338, 
3032581, 341, 341, 339, 339, 
3032613, 348, 343, 341, 339, 
3032645, 348, 343, 338, 338, 
3032678, 347, 342, 341, 338, 
3032710, 346, 341, 338, 339, 
3032742, 343, 340, 338, 338, 
3032774, 342, 339, 340, 338, 
3032807, 339, 339, 338, 338, 
3032839, 341, 338, 340, 338, 
3032871, 338, 338, 337, 337, 
3032903, 340, 338, 340, 338, 
3032936, 338, 338, 338, 338, 
3032968, 339, 339, 340, 338, 
3033000, 337, 337, 338, 338, 
3033032, 337, 337, 340, 338, 
3033065, 337, 337, 339, 338, 
3033097, 337, 338, 338, 337, 
3033129, 336, 337, 338, 337, 
3033161, 336, 337, 337, 339, 
3033194, 336, 336, 341, 339, 
3033226, 336, 336, 336, 337, 
3033259, 333, 336, 340, 338, 
3033290, 332, 336, 338, 339, 
3033323, 338, 339, 338, 338, 
3033355, 335, 336, 338, 337, 
3033387, 319, 332, 334, 333, 
3033419, 330, 338, 336, 336, 
3033451, 337, 336, 338, 337, 
3033484, 337, 336, 336, 338, 
3033516, 336, 334, 339, 337, 
3033548, 336, 334, 338, 338, 
3033580, 331, 332, 338, 338, 
3033613, 325, 329, 336, 337, 
3033645, 324, 330, 338, 337, 
3033677, 328, 334, 337, 338, 
3033709, 339, 339, 338, 337, 
3033742, 347, 344, 338, 338, 
3033774, 346, 343, 338, 338, 
3033806, 350, 344, 339, 338, 
3033838, 346, 341, 338, 339, 
3033871, 345, 340, 338, 337, 
3033903, 344, 340, 339, 337, 
3033935, 341, 338, 337, 338, 
3033967, 342, 339, 339, 337, 
3034000, 337, 339, 337, 337, 
3034032, 341, 339, 340, 338, 
3034064, 338, 339, 338, 338, 
3034096, 339, 339, 340, 338, 
3034129, 338, 338, 336, 338, 
3034161, 339, 338, 339, 337, 
3034193, 337, 337, 337, 338, 
3034225, 335, 336, 339, 337, 
3034258, 336, 337, 338, 338, 
3034290, 340, 338, 341, 339, 
3034322, 336, 337, 336, 339, 
3034354, 323, 333, 337, 336, 
3034387, 332, 337, 336, 336, 
3034419, 338, 338, 337, 339, 
3034450, 335, 336, 339, 338, 
3034483, 337, 335, 338, 338, 
3034515, 333, 334, 338, 339, 
3034548, 330, 334, 340, 338, 
3034579, 326, 331, 341, 338, 
3034612, 323, 331, 337, 338, 
3034644, 330, 336, 338, 338, 
3034677, 339, 343, 338, 339, 
3034708, 346, 344, 338, 339, 
3034741, 349, 345, 340, 339, 
3034773, 348, 344, 338, 338, 
3034806, 347, 342, 339, 338, 
3034838, 343, 341, 338, 337, 
3034870, 344, 340, 338, 338, 
3034902, 342, 341, 341, 338, 
3034935, 341, 340, 341, 339, 
3034967, 340, 339, 339, 339, 
3034999, 339, 339, 339, 339, 
3035031, 336, 337, 338, 339, 
3035064, 338, 339, 340, 337, 
3035096, 333, 336, 337, 337, 
3035128, 333, 336, 336, 337, 
3035160, 332, 336, 333, 337, 
3035193, 337, 337, 335, 337, 
3035225, 342, 339, 343, 337, 
3035257, 327, 328, 335, 337, 
3035289, 329, 338, 338, 335, 
3035322, 336, 337, 336, 337, 
3035354, 338, 336, 337, 340, 
3035386, 336, 334, 335, 339, 
3035418, 336, 335, 340, 340, 
3035450, 333, 334, 335, 339, 
3035483, 330, 331, 341, 340, 
3035514, 324, 328, 333, 339, 
3035547, 327, 331, 339, 339, 
3035579, 336, 338, 338, 339, 
3035612, 345, 341, 340, 340, 
3035643, 348, 344, 338, 340, 
3035676, 348, 342, 340, 339, 
3035708, 347, 343, 339, 339, 
3035741, 346, 341, 339, 339, 
3035772, 344, 341, 338, 338, 
3035805, 340, 338, 337, 337, 
3035837, 342, 340, 341, 338, 
3035870, 338, 337, 338, 337, 
3035901, 339, 338, 337, 337, 
3035934, 337, 337, 339, 338, 
3035966, 339, 339, 337, 339, 
3035999, 333, 339, 338, 338, 
3036030, 334, 337, 337, 338, 
3036063, 337, 339, 338, 338, 
3036095, 335, 338, 340, 338, 
3036128, 336, 340, 339, 339, 
3036160, 335, 338, 340, 338, 
3036192, 337, 339, 340, 338, 
3036224, 336, 338, 337, 338, 
3036257, 336, 338, 338, 338, 
3036289, 335, 338, 340, 338, 
3036321, 334, 338, 338, 337, 
3036353, 339, 339, 338, 337, 
3036386, 334, 334, 339, 337, 
3036418, 319, 337, 335, 334, 
3036450, 335, 339, 338, 337, 
3036482, 334, 336, 337, 338, 
3036514, 336, 336, 338, 338, 
3036547, 334, 335, 337, 338, 
3036578, 331, 332, 337, 338, 
3036611, 326, 330, 337, 336, 
3036643, 325, 330, 337, 336, 
3036676, 324, 332, 338, 336, 
3036707, 333, 337, 339, 336, 
3036740, 341, 341, 338, 337, 
3036772, 350, 344, 339, 338, 
3036805, 347, 342, 337, 337, 
3036836, 350, 343, 340, 339, 
3036869, 346, 341, 339, 338, 
3036901, 345, 341, 338, 337, 
3036934, 344, 339, 338, 337, 
3036965, 340, 338, 338, 337, 
3036998, 342, 338, 340, 337, 
3037030, 339, 337, 338, 337, 
3037063, 340, 337, 339, 337, 
3037094, 336, 336, 337, 336, 
3037127, 339, 336, 337, 336, 
3037159, 339, 337, 340, 337, 
3037192, 338, 336, 339, 336, 
3037223, 336, 336, 340, 338, 
3037256, 337, 337, 340, 336, 
3037288, 333, 336, 337, 337, 
3037321, 335, 337, 339, 337, 
3037352, 334, 337, 338, 337, 
3037385, 334, 337, 337, 338, 
3037417, 334, 337, 339, 337, 
3037450, 335, 337, 337, 338, 
3037481, 338, 340, 339, 340, 
3037513, 337, 338, 339, 338, 
3037546, 316, 338, 334, 337, 
3037578, 335, 339, 336, 336, 
3037611, 333, 337, 334, 339, 
3037642, 336, 336, 334, 342, 
3037675, 329, 334, 336, 342, 
3037707, 333, 333, 334, 341, 
3037740, 325, 333, 336, 343, 
3037771, 321, 330, 335, 341, 
3037804, 317, 329, 335, 342, 
3037836, 328, 337, 337, 341, 
3037869, 338, 340, 336, 341, 
3037900, 346, 342, 336, 341, 
3037933, 351, 343, 336, 341, 
3037965, 349, 342, 336, 341, 
3037998, 347, 341, 337, 340, 
3038029, 349, 340, 337, 340, 
3038062, 347, 339, 337, 339, 
3038094, 346, 339, 337, 340, 
3038127, 346, 339, 337, 338, 
3038158, 344, 338, 337, 338, 
3038191, 343, 338, 338, 339, 
3038223, 340, 338, 337, 338, 
3038256, 341, 338, 337, 338, 
3038287, 340, 338, 337, 338, 
3038320, 339, 337, 337, 338, 
3038352, 337, 337, 337, 337, 
3038385, 336, 336, 337, 337, 
3038416, 337, 337, 338, 338, 
3038449, 339, 337, 337, 337, 
3038481, 335, 332, 337, 338, 
3038514, 321, 338, 336, 334, 
3038545, 337, 337, 337, 337, 
3038577, 339, 336, 337, 337, 
3038610, 338, 336, 337, 337, 
3038642, 336, 336, 338, 337, 
3038674, 333, 332, 338, 337, 
3038706, 328, 333, 338, 337, 
3038739, 323, 330, 339, 337, 
3038771, 322, 333, 339, 337, 
3038803, 332, 337, 340, 337, 
3038835, 343, 341, 342, 337, 
3038868, 349, 343, 342, 337, 
3038900, 350, 343, 342, 337, 
3038932, 349, 342, 343, 338, 
3038964, 347, 341, 344, 337, 
3038997, 345, 340, 345, 337, 
3039029, 344, 339, 344, 337, 
3039062, 342, 339, 344, 337, 
3039093, 341, 338, 344, 337, 
3039126, 340, 338, 345, 337, 
3039158, 339, 338, 345, 337, 
3039191, 338, 337, 345, 337, 
3039222, 337, 337, 344, 337, 
3039255, 337, 337, 342, 338, 
3039287, 336, 337, 342, 337, 
3039320, 337, 336, 342, 337, 
3039351, 337, 336, 340, 338, 
3039384, 337, 336, 340, 337, 
3039416, 336, 336, 340, 338, 
3039449, 335, 336, 339, 338, 
3039480, 333, 336, 338, 337, 
3039513, 333, 336, 338, 338, 
3039545, 336, 336, 338, 337, 
3039577, 338, 338, 337, 337, 
3039609, 320, 329, 336, 336, 
3039641, 326, 340, 335, 334, 
3039674, 335, 336, 337, 337, 
3039706, 337, 334, 337, 337, 
3039738, 336, 333, 337, 338, 
3039770, 334, 332, 337, 337, 
3039803, 330, 330, 337, 338, 
3039835, 326, 330, 336, 337, 
3039867, 321, 330, 336, 337, 
3039899, 323, 332, 337, 337, 
3039932, 336, 339, 337, 338, 
3039964, 346, 341, 337, 340, 
3039996, 349, 342, 338, 338, 
3040028, 351, 341, 338, 339, 
3040061, 349, 340, 338, 338, 
3040093, 346, 339, 338, 338, 
3040125, 344, 339, 338, 338, 
3040157, 343, 339, 337, 338, 
3040190, 342, 339, 337, 337, 
3040222, 341, 339, 338, 338, 
3040254, 340, 338, 338, 339, 
3040286, 339, 338, 337, 339, 
3040319, 338, 338, 337, 338, 
3040351, 337, 338, 337, 339, 
3040384, 337, 338, 337, 338, 
3040415, 337, 338, 337, 338, 
3040448, 336, 336, 337, 338, 
3040480, 334, 337, 336, 338, 
3040513, 335, 337, 337, 338, 
3040544, 338, 338, 337, 336, 
3040577, 338, 337, 337, 337, 
3040609, 318, 332, 335, 336, 
3040641, 332, 339, 335, 337, 
3040673, 337, 336, 337, 337, 
3040705, 337, 335, 336, 338, 
3040738, 335, 336, 336, 338, 
3040770, 333, 334, 337, 338, 
3040802, 329, 333, 338, 338, 
3040834, 324, 331, 337, 338, 
3040867, 320, 331, 338, 338, 
3040899, 326, 335, 337, 337, 
3040931, 338, 340, 338, 337, 
3040963, 346, 342, 337, 337, 
3040996, 349, 343, 337, 337, 
3041028, 349, 343, 338, 337, 
3041060, 347, 342, 337, 337, 
3041092, 345, 340, 338, 337, 
3041125, 344, 339, 337, 337, 
3041157, 342, 339, 338, 338, 
3041189, 341, 339, 337, 338, 
3041221, 340, 338, 337, 338, 
3041254, 340, 339, 338, 338, 
3041286, 338, 338, 337, 339, 
3041318, 338, 339, 337, 338, 
3041350, 338, 338, 337, 337, 
3041383, 336, 337, 337, 338, 
3041415, 333, 338, 336, 337, 
3041447, 334, 336, 338, 337, 
3041479, 336, 337, 337, 338, 
3041512, 339, 337, 336, 336, 
3041544, 319, 330, 335, 335, 
3041576, 327, 340, 335, 334, 
3041608, 336, 336, 337, 336, 
3041640, 336, 335, 338, 336, 
3041673, 336, 335, 338, 337, 
3041704, 334, 334, 338, 337, 
3041737, 330, 332, 338, 337, 
3041769, 324, 331, 340, 337, 
3041802, 320, 330, 338, 338, 
3041833, 324, 334, 337, 337, 
3041866, 338, 339, 338, 339, 
3041898, 346, 342, 338, 338, 
3041931, 350, 342, 339, 337, 
3041963, 351, 342, 338, 337, 
3041995, 349, 342, 338, 337, 
3042027, 347, 340, 337, 339, 
3042060, 346, 340, 338, 338, 
3042092, 343, 339, 338, 339, 
3042124, 342, 338, 338, 338, 
3042156, 340, 339, 338, 338, 
3042189, 340, 338, 337, 337, 
3042221, 339, 337, 338, 336, 
3042253, 338, 337, 338, 337, 
3042285, 337, 337, 338, 338, 
3042318, 337, 338, 337, 339, 
3042350, 337, 336, 338, 337, 
3042382, 337, 337, 337, 337, 
3042414, 337, 336, 338, 337, 
3042447, 334, 336, 337, 337, 
3042479, 333, 337, 338, 338, 
3042511, 335, 338, 338, 337, 
3042543, 337, 337, 337, 339, 
3042576, 326, 329, 337, 337, 
3042608, 322, 338, 336, 336, 
3042640, 335, 336, 337, 336, 
3042672, 336, 335, 338, 336, 
3042704, 335, 335, 337, 338, 
3042737, 333, 335, 337, 337, 
3042768, 331, 333, 338, 337, 
3042801, 326, 331, 337, 337, 
3042833, 321, 330, 338, 338, 
3042866, 323, 333, 337, 337, 
3042897, 334, 338, 339, 338, 
3042930, 344, 342, 338, 337, 
3042962, 349, 343, 338, 338, 
3042995, 348, 342, 337, 338, 
3043026, 348, 342, 338, 338, 
3043059, 346, 341, 338, 338, 
3043091, 345, 341, 339, 338, 
3043124, 344, 340, 338, 338, 
3043155, 341, 340, 338, 339, 
3043188, 341, 339, 338, 338, 
3043220, 339, 338, 338, 338, 
3043253, 338, 338, 337, 338, 
3043284, 337, 338, 338, 338, 
3043317, 336, 337, 336, 338, 
3043349, 337, 338, 338, 338, 
3043382, 336, 337, 337, 338, 
3043414, 333, 335, 336, 338, 
3043446, 336, 338, 339, 338, 
3043478, 337, 338, 337, 337, 
3043511, 338, 337, 337, 336, 
3043543, 318, 333, 336, 335, 
3043575, 330, 338, 333, 335, 
3043607, 331, 333, 325, 338, 
3043640, 338, 336, 335, 337, 
3043672, 337, 334, 333, 338, 
3043703, 335, 334, 339, 337, 
3043736, 335, 334, 340, 336, 
3043768, 329, 330, 339, 337, 
3043801, 325, 329, 338, 336, 
3043832, 328, 332, 338, 336, 
3043865, 340, 336, 337, 337, 
3043897, 345, 340, 337, 337, 
3043930, 349, 341, 338, 338, 
3043961, 349, 342, 340, 339, 
3043994, 348, 342, 340, 340, 
3044026, 346, 342, 339, 340, 
3044059, 343, 341, 340, 340, 
3044090, 342, 340, 338, 338, 
3044123, 341, 339, 340, 336, 
3044155, 341, 339, 339, 337, 
3044188, 339, 338, 338, 337, 
3044219, 339, 337, 337, 337, 
3044252, 338, 337, 338, 337, 
3044284, 337, 336, 337, 337, 
3044317, 336, 335, 337, 338, 
3044348, 336, 335, 338, 336, 
3044381, 336, 335, 337, 337, 
3044413, 334, 334, 337, 337, 
3044446, 332, 335, 338, 337, 
3044477, 333, 335, 336, 336, 
3044510, 334, 335, 335, 336, 
3044542, 333, 331, 335, 337, 
3044575, 316, 336, 334, 334, 
3044606, 333, 337, 335, 336, 
3044639, 333, 335, 333, 338, 
3044671, 337, 337, 340, 338, 
3044704, 336, 336, 342, 339, 
3044736, 335, 336, 337, 339, 
3044767, 331, 334, 339, 340, 
3044800, 326, 334, 339, 339, 
3044832, 325, 335, 339, 339, 
3044865, 331, 341, 337, 339, 
3044896, 343, 346, 338, 339, 
3044929, 349, 352, 336, 340, 
3044961, 354, 353, 334, 341, 
3044994, 350, 352, 332, 342, 
3045025, 350, 351, 334, 343, 
3045058, 345, 353, 330, 344, 
3045090, 344, 352, 334, 345, 
3045123, 342, 351, 329, 346, 
3045154, 336, 350, 328, 346, 
3045187, 338, 353, 327, 348, 
3045219, 336, 357, 328, 349, 
3045252, 336, 356, 326, 353, 
3045283, 337, 355, 328, 356, 
3045316, 336, 352, 324, 357, 
3045348, 336, 349, 333, 358, 
3045381, 336, 346, 328, 356, 
3045412, 335, 341, 332, 357, 
3045445, 333, 338, 333, 355, 
3045477, 333, 336, 337, 354, 
3045510, 334, 335, 332, 350, 
3045541, 337, 335, 340, 346, 
3045574, 321, 323, 335, 344, 
3045606, 324, 333, 336, 338, 
3045639, 335, 331, 336, 340, 
3045670, 335, 330, 340, 339, 
3045703, 335, 329, 338, 340, 
3045735, 331, 328, 338, 339, 
3045767, 332, 327, 345, 338, 
3045799, 325, 325, 335, 337, 
3045831, 322, 322, 341, 337, 
3045864, 324, 326, 339, 335, 
3045896, 335, 333, 341, 335, 
3045928, 346, 338, 343, 335, 
3045960, 346, 340, 339, 334, 
3045993, 349, 340, 343, 334, 
3046025, 347, 339, 341, 335, 
3046057, 344, 338, 339, 334, 
3046089, 344, 338, 342, 333, 
3046122, 343, 337, 340, 332, 
3046154, 342, 337, 341, 331, 
3046187, 340, 336, 340, 332, 
3046218, 340, 336, 342, 332, 
3046251, 338, 335, 340, 332, 
3046283, 338, 334, 339, 333, 
3046316, 338, 335, 339, 335, 
3046347, 338, 334, 339, 335, 
3046380, 337, 334, 341, 337, 
3046412, 335, 333, 341, 336, 
3046445, 333, 333, 338, 336, 
3046476, 338, 335, 340, 336, 
3046509, 338, 334, 339, 336, 
3046541, 320, 325, 339, 334, 
3046574, 327, 336, 338, 334, 
3046605, 337, 335, 338, 336, 
3046638, 338, 334, 343, 337, 
3046670, 335, 331, 340, 337, 
3046703, 337, 332, 344, 337, 
3046734, 329, 329, 342, 337, 
3046767, 326, 327, 339, 337, 
3046799, 320, 327, 341, 336, 
3046831, 324, 329, 336, 336, 
3046863, 335, 337, 340, 336, 
3046895, 348, 342, 338, 335, 
3046928, 348, 342, 340, 334, 
3046960, 350, 343, 338, 335, 
3046992, 348, 341, 337, 335, 
3047024, 346, 341, 341, 334, 
3047057, 343, 340, 337, 335, 
3047089, 342, 339, 339, 335, 
3047121, 341, 339, 337, 335, 
3047153, 340, 338, 341, 336, 
3047186, 340, 338, 336, 335, 
3047218, 338, 337, 340, 335, 
3047250, 338, 337, 339, 335, 
3047282, 338, 337, 340, 335, 
3047315, 335, 336, 336, 335, 
3047347, 338, 337, 343, 335, 
3047379, 334, 335, 336, 334, 
3047411, 334, 335, 343, 335, 
3047444, 334, 336, 336, 335, 
3047476, 338, 337, 344, 336, 
3047508, 337, 334, 336, 335, 
3047540, 316, 333, 339, 331, 
3047573, 333, 336, 333, 333, 
3047605, 337, 334, 340, 335, 
3047638, 337, 335, 340, 336, 
3047669, 331, 332, 341, 336, 
3047702, 335, 332, 341, 337, 
3047734, 327, 330, 337, 337, 
3047767, 325, 328, 338, 336, 
3047798, 321, 327, 336, 336, 
3047830, 326, 334, 331, 335, 
3047863, 340, 341, 340, 337, 
3047895, 347, 343, 343, 337, 
3047927, 350, 343, 337, 336, 
3047959, 350, 344, 345, 336, 
3047992, 348, 343, 339, 335, 
3048024, 347, 341, 340, 336, 
3048056, 344, 341, 342, 335, 
3048088, 341, 339, 341, 335, 
3048121, 339, 339, 338, 335, 
3048153, 341, 338, 342, 335, 
3048185, 337, 338, 338, 336, 
3048217, 338, 338, 339, 336, 
3048250, 337, 337, 338, 335, 
3048282, 333, 337, 337, 335, 
3048314, 338, 337, 338, 335, 
3048346, 336, 336, 338, 335, 
3048379, 337, 336, 336, 335, 
3048411, 335, 336, 337, 336, 
3048443, 335, 336, 340, 335, 
3048475, 335, 336, 336, 336, 
3048508, 337, 337, 339, 335, 
3048540, 334, 330, 340, 335, 
3048572, 320, 335, 333, 331, 
3048604, 334, 336, 336, 335, 
3048637, 338, 336, 338, 336, 
3048669, 336, 335, 340, 336, 
3048701, 335, 335, 338, 337, 
3048733, 331, 334, 338, 338, 
3048766, 327, 330, 337, 338, 
3048798, 323, 329, 338, 338, 
3048830, 322, 330, 336, 338, 
3048862, 333, 336, 337, 338, 
3048894, 342, 343, 338, 337, 
3048927, 350, 345, 340, 338, 
3048958, 347, 344, 336, 337, 
3048991, 348, 344, 340, 339, 
3049023, 345, 342, 341, 338, 
3049056, 343, 341, 337, 338, 
3049088, 343, 341, 337, 337, 
3049120, 341, 340, 337, 337, 
3049152, 341, 339, 339, 338, 
3049185, 338, 339, 337, 337, 
3049217, 339, 339, 336, 337, 
3049249, 339, 338, 338, 337, 
3049281, 338, 337, 340, 337, 
3049314, 336, 337, 337, 337, 
3049346, 336, 337, 340, 337, 
3049378, 337, 337, 336, 336, 
3049410, 332, 335, 337, 337, 
3049443, 336, 337, 336, 336, 
3049475, 338, 337, 337, 336, 
3049507, 335, 331, 336, 336, 
3049539, 318, 335, 331, 332, 
3049572, 336, 337, 334, 335, 
3049604, 337, 335, 340, 336, 
3049636, 336, 334, 340, 338, 
3049668, 334, 333, 337, 336, 
3049701, 333, 332, 339, 336, 
3049733, 327, 331, 338, 336, 
3049765, 323, 327, 337, 336, 
3049797, 322, 329, 339, 337, 
3049830, 331, 336, 339, 336, 
3049862, 342, 343, 337, 336, 
3049893, 347, 344, 340, 336, 
3049926, 349, 345, 342, 337, 
3049958, 349, 344, 338, 336, 
3049991, 346, 343, 339, 337, 
3050022, 345, 343, 340, 337, 
3050055, 342, 340, 336, 337, 
3050087, 342, 340, 337, 337, 
3050120, 340, 339, 337, 337, 
3050151, 339, 340, 338, 337, 
3050184, 339, 338, 338, 338, 
3050216, 339, 339, 336, 338, 
3050249, 338, 338, 339, 341, 
3050280, 338, 337, 339, 341, 
3050313, 336, 337, 337, 341, 
3050345, 337, 338, 339, 341, 
3050378, 335, 336, 338, 340, 
3050409, 334, 336, 338, 339, 
3050442, 335, 336, 337, 340, 
3050474, 338, 338, 338, 339, 
