5??b???b???b???b???bj
2157078, 349, 344, 344, 337, 
2157110, 351, 345, 343, 338, 
2157143, 350, 345, 343, 338, 
2157174, 348, 344, 341, 340, 
2157207, 347, 343, 341, 341, 
2157239, 345, 343, 341, 340, 
2157272, 345, 343, 341, 341, 
2157303, 344, 342, 340, 341, 
2157336, 343, 342, 341, 343, 
2157368, 342, 341, 340, 344, 
2157401, 341, 340, 340, 346, 
2157432, 340, 341, 340, 345, 
2157465, 340, 340, 340, 344, 
2157497, 337, 339, 339, 342, 
2157530, 335, 338, 339, 341, 
2157561, 335, 339, 339, 340, 
2157594, 337, 339, 339, 341, 
2157626, 338, 338, 337, 339, 
2157659, 315, 330, 336, 335, 
2157690, 330, 339, 338, 335, 
2157722, 337, 339, 338, 336, 
2157755, 337, 336, 338, 336, 
2157787, 336, 336, 338, 336, 
2157819, 334, 334, 338, 336, 
2157851, 330, 332, 338, 335, 
2157884, 325, 331, 337, 335, 
2157916, 322, 329, 337, 335, 
2157948, 327, 334, 338, 335, 
2157980, 340, 341, 339, 336, 
2158013, 348, 345, 339, 336, 
2158045, 350, 346, 338, 336, 
2158077, 350, 345, 339, 335, 
2158109, 349, 345, 339, 337, 
2158142, 346, 343, 338, 337, 
2158174, 345, 343, 337, 337, 
2158206, 345, 342, 338, 338, 
2158238, 342, 341, 339, 337, 
2158271, 341, 339, 339, 336, 
2158303, 341, 340, 338, 337, 
2158336, 340, 339, 338, 337, 
2158367, 339, 339, 338, 337, 
2158400, 338, 339, 339, 337, 
2158432, 338, 338, 338, 338, 
2158465, 337, 337, 338, 337, 
2158496, 335, 337, 338, 337, 
2158529, 335, 337, 338, 336, 
2158561, 338, 337, 338, 339, 
2158594, 339, 338, 339, 338, 
2158625, 322, 327, 337, 336, 
2158658, 325, 338, 336, 334, 
2158690, 336, 337, 338, 337, 
2158722, 338, 336, 338, 338, 
2158754, 338, 334, 339, 338, 
2158786, 335, 336, 339, 338, 
2158819, 333, 333, 338, 338, 
2158851, 327, 330, 338, 337, 
2158883, 323, 328, 338, 337, 
2158915, 325, 332, 338, 337, 
2158948, 337, 339, 339, 337, 
2158980, 347, 344, 341, 339, 
2159012, 350, 344, 340, 337, 
2159044, 351, 346, 340, 338, 
2159077, 349, 344, 340, 339, 
2159109, 348, 343, 339, 338, 
2159141, 345, 342, 339, 339, 
2159173, 344, 341, 340, 338, 
2159206, 343, 342, 339, 337, 
2159238, 341, 341, 339, 337, 
2159270, 340, 339, 338, 336, 
2159302, 339, 339, 338, 337, 
2159335, 340, 340, 338, 337, 
2159367, 338, 340, 337, 337, 
2159399, 335, 338, 335, 337, 
2159431, 337, 337, 337, 337, 
2159464, 334, 339, 337, 338, 
2159496, 333, 338, 337, 339, 
2159528, 337, 339, 336, 339, 
2159560, 338, 338, 336, 340, 
2159593, 321, 328, 337, 338, 
2159625, 327, 338, 336, 337, 
2159657, 334, 336, 336, 339, 
2159689, 337, 336, 338, 341, 
2159722, 334, 335, 337, 341, 
2159754, 335, 335, 337, 341, 
2159785, 330, 334, 337, 343, 
2159818, 323, 329, 335, 343, 
2159850, 322, 330, 337, 345, 
2159883, 326, 333, 338, 346, 
2159915, 337, 339, 339, 346, 
2159947, 345, 341, 339, 345, 
2159979, 349, 343, 339, 344, 
2160012, 348, 343, 339, 343, 
2160044, 347, 342, 338, 342, 
2160076, 345, 341, 338, 341, 
2160108, 344, 340, 337, 340, 
2160141, 343, 339, 338, 339, 
2160173, 341, 339, 338, 340, 
2160205, 342, 339, 337, 339, 
2160237, 340, 338, 338, 339, 
2160270, 341, 337, 338, 339, 
2160302, 339, 338, 339, 340, 
2160334, 337, 338, 338, 339, 
2160366, 337, 338, 338, 339, 
2160399, 338, 337, 338, 338, 
2160431, 340, 338, 338, 338, 
2160463, 336, 333, 338, 337, 
2160495, 319, 337, 335, 335, 
2160528, 337, 338, 337, 337, 
2160560, 338, 336, 337, 337, 
2160592, 338, 336, 339, 338, 
2160624, 337, 336, 339, 339, 
2160657, 334, 334, 339, 339, 
2160689, 330, 332, 338, 338, 
2160721, 325, 331, 338, 338, 
2160753, 324, 332, 339, 338, 
2160785, 333, 337, 339, 339, 
2160818, 344, 342, 340, 339, 
2160849, 350, 346, 339, 339, 
2160882, 351, 344, 339, 339, 
2160914, 349, 343, 339, 339, 
2160947, 347, 342, 339, 339, 
2160978, 345, 342, 339, 339, 
2161011, 344, 340, 339, 340, 
2161043, 343, 342, 339, 338, 
2161076, 342, 340, 339, 339, 
2161107, 341, 340, 339, 339, 
2161140, 340, 339, 338, 341, 
2161172, 339, 339, 339, 339, 
2161205, 339, 338, 339, 340, 
2161236, 338, 338, 339, 339, 
2161269, 339, 338, 339, 339, 
2161301, 337, 338, 338, 338, 
2161334, 335, 338, 339, 339, 
2161366, 336, 338, 338, 338, 
2161398, 337, 338, 339, 338, 
2161430, 337, 335, 338, 338, 
2161463, 316, 335, 336, 337, 
2161495, 333, 338, 337, 337, 
2161527, 337, 337, 339, 337, 
2161559, 338, 335, 339, 338, 
2161592, 336, 335, 339, 338, 
2161624, 334, 336, 339, 338, 
2161656, 330, 330, 339, 338, 
2161688, 325, 330, 339, 338, 
2161721, 323, 331, 339, 338, 
2161753, 331, 337, 339, 339, 
2161785, 343, 341, 340, 338, 
2161817, 349, 344, 340, 338, 
2161849, 350, 344, 341, 340, 
2161882, 349, 344, 340, 338, 
2161913, 349, 343, 340, 339, 
2161946, 346, 343, 340, 339, 
2161978, 346, 341, 340, 339, 
2162011, 343, 341, 340, 339, 
2162042, 343, 340, 339, 339, 
2162075, 341, 340, 339, 340, 
2162107, 340, 340, 339, 339, 
2162140, 340, 338, 339, 338, 
2162171, 339, 339, 340, 338, 
2162204, 338, 338, 339, 338, 
2162236, 338, 339, 339, 339, 
2162269, 339, 339, 339, 339, 
2162300, 337, 339, 338, 340, 
2162333, 336, 338, 338, 337, 
2162365, 335, 338, 338, 338, 
2162398, 335, 339, 338, 338, 
2162429, 336, 339, 338, 337, 
2162462, 337, 337, 338, 338, 
2162494, 316, 331, 336, 335, 
2162527, 330, 339, 337, 336, 
2162558, 337, 337, 339, 338, 
2162591, 339, 336, 338, 338, 
2162623, 337, 336, 340, 338, 
2162656, 335, 334, 339, 338, 
2162688, 332, 334, 340, 338, 
2162720, 326, 331, 339, 338, 
2162752, 323, 330, 339, 338, 
2162785, 329, 335, 339, 338, 
2162817, 339, 341, 340, 338, 
2162848, 347, 344, 340, 338, 
2162881, 351, 346, 340, 337, 
2162913, 350, 344, 340, 339, 
2162946, 348, 343, 340, 339, 
2162977, 346, 342, 340, 339, 
2163010, 345, 341, 340, 339, 
2163042, 343, 341, 340, 338, 
2163075, 342, 340, 341, 338, 
2163106, 341, 341, 340, 338, 
2163139, 341, 340, 339, 337, 
2163171, 340, 340, 340, 339, 
2163204, 339, 339, 339, 338, 
2163235, 338, 339, 339, 339, 
2163268, 338, 338, 339, 339, 
2163300, 336, 338, 339, 338, 
2163333, 334, 337, 339, 339, 
2163364, 335, 337, 338, 339, 
2163397, 338, 339, 340, 338, 
2163429, 334, 333, 338, 337, 
2163462, 317, 336, 336, 335, 
2163493, 335, 337, 338, 336, 
2163526, 337, 336, 339, 338, 
2163558, 339, 336, 338, 338, 
2163591, 337, 335, 339, 338, 
2163622, 334, 334, 339, 339, 
2163655, 330, 332, 338, 338, 
2163687, 325, 331, 339, 338, 
2163720, 323, 330, 338, 339, 
2163751, 332, 337, 339, 339, 
2163784, 344, 342, 339, 339, 
2163816, 349, 344, 339, 340, 
2163849, 351, 345, 340, 339, 
2163880, 350, 344, 339, 339, 
2163912, 347, 343, 340, 339, 
2163945, 345, 342, 340, 339, 
2163977, 345, 341, 339, 339, 
2164009, 343, 341, 339, 339, 
2164041, 343, 341, 340, 339, 
2164074, 341, 341, 340, 340, 
2164106, 341, 341, 339, 339, 
2164139, 339, 339, 339, 339, 
2164170, 338, 339, 339, 339, 
2164203, 338, 340, 339, 339, 
2164235, 338, 339, 338, 339, 
2164268, 338, 339, 338, 338, 
2164299, 336, 338, 339, 338, 
2164332, 335, 339, 338, 338, 
2164364, 335, 338, 339, 338, 
2164397, 339, 339, 340, 339, 
2164428, 338, 336, 338, 338, 
2164461, 315, 333, 335, 336, 
2164493, 333, 339, 337, 336, 
2164526, 337, 337, 338, 338, 
2164557, 339, 337, 338, 338, 
2164590, 337, 336, 339, 339, 
2164622, 335, 334, 339, 339, 
2164655, 331, 333, 339, 339, 
2164686, 327, 330, 339, 339, 
2164719, 323, 331, 339, 338, 
2164751, 329, 336, 339, 338, 
2164784, 341, 342, 339, 338, 
2164815, 349, 344, 340, 339, 
2164848, 350, 345, 340, 339, 
2164880, 351, 344, 340, 339, 
2164912, 349, 344, 340, 339, 
2164944, 347, 342, 340, 339, 
2164976, 345, 343, 339, 339, 
2165009, 343, 341, 339, 339, 
2165041, 342, 341, 339, 339, 
2165073, 341, 340, 340, 339, 
2165105, 340, 340, 339, 339, 
2165138, 339, 339, 340, 338, 
2165170, 339, 340, 339, 340, 
2165202, 338, 339, 339, 340, 
2165234, 338, 339, 338, 339, 
2165267, 337, 338, 338, 338, 
2165299, 338, 338, 338, 339, 
2165331, 336, 338, 338, 338, 
2165363, 335, 337, 339, 338, 
2165396, 335, 337, 338, 338, 
2165428, 337, 338, 338, 338, 
2165460, 337, 337, 337, 338, 
2165492, 314, 330, 336, 336, 
2165525, 331, 338, 337, 336, 
2165557, 337, 337, 338, 337, 
2165590, 338, 336, 338, 338, 
2165621, 337, 336, 338, 338, 
2165654, 336, 335, 339, 338, 
2165686, 330, 333, 338, 338, 
2165719, 326, 330, 340, 338, 
2165750, 323, 330, 339, 338, 
2165783, 327, 335, 339, 339, 
2165815, 339, 340, 339, 339, 
2165848, 347, 344, 338, 339, 
2165879, 350, 345, 339, 339, 
2165912, 350, 344, 340, 339, 
2165944, 349, 343, 339, 339, 
2165976, 346, 342, 340, 339, 
2166008, 345, 342, 339, 339, 
2166040, 344, 342, 339, 339, 
2166073, 343, 342, 339, 338, 
2166105, 341, 340, 339, 339, 
2166137, 341, 340, 340, 339, 
2166169, 340, 340, 340, 339, 
2166202, 339, 339, 339, 339, 
2166234, 339, 340, 340, 341, 
2166266, 339, 339, 339, 340, 
2166298, 336, 338, 338, 339, 
2166331, 336, 338, 339, 339, 
2166363, 337, 338, 339, 339, 
2166395, 338, 338, 339, 339, 
2166427, 331, 331, 339, 338, 
2166460, 321, 339, 337, 336, 
2166492, 336, 338, 338, 337, 
2166524, 337, 336, 338, 338, 
2166556, 338, 336, 339, 338, 
2166589, 336, 335, 340, 339, 
2166621, 334, 334, 339, 338, 
2166653, 328, 332, 339, 339, 
2166685, 323, 331, 338, 339, 
2166718, 324, 332, 339, 339, 
2166750, 334, 338, 339, 338, 
2166782, 346, 343, 338, 339, 
2166814, 349, 345, 340, 339, 
2166847, 350, 344, 340, 339, 
2166879, 348, 343, 340, 339, 
2166912, 347, 343, 341, 340, 
2166943, 346, 341, 340, 338, 
2166975, 344, 341, 340, 340, 
2167008, 343, 340, 340, 339, 
2167040, 342, 340, 340, 339, 
2167072, 341, 340, 340, 339, 
2167104, 340, 339, 341, 339, 
2167137, 339, 338, 339, 339, 
2167169, 339, 338, 339, 339, 
2167201, 338, 337, 339, 338, 
2167233, 338, 338, 339, 338, 
2167266, 338, 338, 339, 338, 
2167298, 335, 338, 339, 338, 
2167330, 335, 336, 339, 338, 
2167362, 337, 339, 339, 338, 
2167395, 338, 338, 338, 338, 
2167427, 318, 330, 337, 337, 
2167459, 329, 340, 337, 336, 
2167491, 337, 337, 338, 337, 
2167524, 338, 336, 339, 338, 
2167556, 337, 335, 339, 339, 
2167588, 335, 334, 340, 338, 
2167620, 332, 332, 339, 338, 
2167653, 327, 330, 339, 338, 
2167685, 324, 330, 339, 337, 
2167717, 328, 334, 339, 338, 
2167749, 339, 339, 340, 339, 
2167782, 348, 345, 340, 338, 
2167814, 351, 345, 340, 339, 
2167846, 351, 344, 340, 338, 
2167878, 350, 344, 340, 339, 
2167911, 347, 342, 339, 339, 
2167943, 345, 341, 340, 339, 
2167975, 343, 343, 339, 340, 
2168007, 342, 341, 340, 339, 
2168039, 341, 341, 339, 339, 
2168072, 340, 341, 340, 339, 
2168103, 340, 342, 340, 338, 
2168136, 340, 340, 340, 338, 
2168168, 339, 340, 339, 338, 
2168201, 338, 338, 339, 338, 
2168232, 338, 339, 340, 338, 
2168265, 337, 339, 339, 337, 
2168297, 336, 339, 338, 338, 
2168330, 334, 337, 338, 338, 
2168361, 337, 339, 338, 339, 
2168394, 338, 338, 338, 338, 
2168426, 322, 329, 338, 337, 
2168459, 326, 340, 336, 335, 
2168491, 336, 338, 338, 337, 
2168523, 337, 336, 338, 337, 
2168555, 337, 335, 338, 338, 
2168588, 335, 335, 339, 338, 
2168620, 331, 333, 339, 338, 
2168652, 327, 331, 339, 338, 
2168684, 323, 330, 340, 339, 
2168717, 326, 333, 339, 339, 
2168749, 337, 340, 339, 341, 
2168781, 344, 343, 337, 339, 
2168813, 346, 344, 332, 339, 
2168846, 349, 347, 335, 340, 
2168878, 349, 347, 340, 340, 
2168910, 345, 346, 342, 341, 
2168942, 346, 347, 342, 343, 
2168975, 343, 345, 341, 346, 
2169007, 344, 345, 343, 350, 
2169038, 342, 344, 341, 354, 
2169071, 341, 341, 339, 359, 
2169103, 341, 342, 342, 361, 
2169136, 339, 341, 340, 363, 
2169167, 339, 340, 341, 364, 
2169200, 339, 336, 341, 364, 
2169232, 336, 333, 339, 365, 
2169265, 335, 333, 339, 365, 
2169296, 337, 334, 339, 368, 
2169329, 339, 334, 339, 372, 
2169361, 317, 331, 337, 379, 
2169394, 331, 340, 338, 386, 
2169425, 337, 339, 339, 393, 
2169458, 339, 338, 340, 395, 
2169490, 337, 339, 340, 393, 
2169523, 336, 339, 339, 385, 
2169554, 331, 337, 340, 377, 
2169587, 326, 336, 339, 369, 
2169619, 323, 335, 339, 364, 
2169652, 328, 338, 339, 367, 
2169683, 341, 344, 339, 369, 
2169716, 349, 345, 339, 367, 
2169748, 352, 346, 339, 362, 
2169781, 351, 345, 339, 356, 
2169812, 349, 344, 339, 350, 
2169845, 348, 342, 339, 344, 
2169877, 345, 342, 339, 340, 
2169910, 344, 342, 338, 337, 
2169942, 343, 340, 339, 335, 
2169974, 342, 340, 339, 332, 
2170006, 341, 340, 338, 329, 
2170039, 339, 339, 338, 330, 
2170071, 339, 340, 338, 327, 
2170102, 338, 338, 338, 327, 
2170135, 339, 339, 338, 326, 
2170167, 338, 338, 338, 325, 
2170200, 338, 338, 338, 325, 
2170231, 336, 338, 338, 324, 
2170264, 334, 337, 338, 324, 
2170296, 334, 338, 338, 324, 
2170329, 337, 337, 337, 323, 
2170360, 336, 334, 337, 322, 
2170393, 314, 336, 334, 320, 
2170425, 333, 338, 337, 321, 
2170458, 337, 336, 338, 322, 
2170489, 338, 335, 338, 323, 
2170522, 337, 334, 339, 323, 
2170554, 335, 334, 339, 324, 
2170587, 330, 332, 339, 323, 
2170618, 325, 331, 338, 323, 
2170651, 322, 331, 338, 323, 
2170683, 330, 336, 338, 323, 
2170716, 342, 340, 340, 323, 
2170747, 349, 343, 339, 322, 
2170780, 352, 343, 339, 324, 
2170812, 350, 343, 339, 324, 
2170845, 349, 342, 338, 325, 
2170876, 345, 341, 339, 325, 
2170909, 344, 340, 338, 327, 
2170941, 343, 340, 338, 326, 
2170974, 342, 340, 338, 326, 
2171005, 341, 339, 338, 327, 
2171038, 340, 339, 338, 327, 
2171070, 339, 338, 340, 329, 
2171102, 339, 338, 340, 329, 
2171134, 338, 339, 339, 328, 
2171166, 338, 338, 339, 328, 
2171199, 338, 338, 339, 328, 
2171231, 337, 338, 339, 328, 
2171264, 336, 337, 338, 329, 
2171295, 336, 338, 339, 329, 
2171328, 336, 338, 340, 331, 
2171360, 337, 338, 339, 331, 
2171393, 338, 339, 338, 332, 
2171424, 332, 332, 339, 332, 
2171457, 319, 339, 336, 330, 
2171489, 336, 337, 337, 331, 
2171522, 338, 336, 338, 332, 
2171553, 337, 337, 339, 333, 
2171586, 336, 336, 339, 333, 
2171618, 333, 335, 339, 334, 
2171651, 329, 332, 338, 337, 
2171682, 324, 331, 338, 338, 
2171715, 325, 333, 339, 338, 
2171747, 334, 338, 338, 339, 
2171780, 344, 342, 340, 337, 
2171811, 350, 343, 339, 336, 
2171844, 351, 342, 339, 336, 
2171876, 350, 342, 339, 335, 
2171909, 348, 341, 340, 334, 
2171940, 345, 340, 339, 334, 
2171973, 344, 340, 340, 333, 
2172005, 343, 340, 339, 333, 
2172038, 342, 340, 339, 332, 
2172069, 341, 340, 339, 333, 
2172102, 340, 339, 339, 332, 
2172134, 340, 339, 340, 333, 
2172166, 339, 339, 339, 332, 
2172198, 339, 339, 339, 334, 
2172230, 337, 338, 339, 332, 
2172263, 335, 338, 339, 333, 
2172295, 336, 338, 340, 332, 
2172327, 338, 338, 340, 332, 
2172359, 330, 331, 338, 332, 
2172392, 320, 340, 336, 330, 
2172424, 336, 338, 338, 331, 
2172456, 338, 336, 339, 332, 
2172488, 338, 336, 340, 333, 
2172521, 336, 336, 340, 333, 
2172553, 333, 335, 339, 333, 
2172585, 326, 332, 339, 333, 
2172617, 323, 331, 339, 333, 
2172650, 324, 333, 339, 334, 
2172682, 335, 338, 339, 334, 
2172715, 345, 343, 339, 334, 
2172746, 351, 344, 340, 334, 
2172779, 352, 344, 339, 335, 
2172811, 350, 344, 339, 334, 
2172844, 348, 342, 340, 334, 
2172875, 346, 341, 340, 334, 
2172908, 344, 341, 340, 335, 
2172940, 343, 342, 340, 335, 
2172973, 343, 340, 339, 335, 
2173004, 341, 339, 340, 335, 
2173037, 340, 339, 340, 335, 
2173069, 339, 340, 339, 335, 
2173102, 339, 340, 339, 336, 
2173133, 338, 339, 339, 336, 
2173165, 337, 338, 339, 335, 
2173198, 336, 338, 339, 336, 
2173230, 337, 338, 338, 336, 
2173262, 335, 338, 339, 336, 
2173294, 335, 340, 339, 336, 
2173327, 338, 339, 339, 337, 
2173359, 339, 340, 339, 337, 
2173391, 329, 332, 339, 336, 
2173423, 321, 342, 337, 332, 
2173456, 336, 338, 338, 335, 
2173488, 338, 337, 339, 336, 
2173520, 338, 336, 339, 336, 
2173552, 336, 335, 340, 336, 
2173585, 334, 333, 340, 336, 
2173617, 328, 332, 339, 337, 
2173649, 323, 330, 338, 336, 
2173681, 323, 332, 338, 335, 
2173714, 335, 338, 339, 336, 
2173746, 345, 343, 340, 337, 
2173778, 350, 344, 340, 337, 
2173810, 351, 343, 339, 337, 
2173843, 350, 343, 340, 337, 
2173875, 348, 342, 339, 337, 
2173907, 346, 339, 339, 337, 
2173939, 344, 339, 340, 337, 
2173972, 342, 338, 339, 337, 
2174004, 342, 336, 340, 338, 
2174036, 340, 335, 339, 337, 
2174068, 340, 336, 339, 337, 
2174101, 339, 336, 339, 337, 
2174133, 339, 336, 339, 337, 
2174166, 338, 337, 340, 337, 
2174197, 338, 337, 339, 337, 
2174229, 337, 337, 339, 337, 
2174262, 337, 338, 338, 338, 
2174294, 337, 340, 339, 337, 
2174326, 336, 338, 340, 338, 
2174358, 335, 339, 339, 337, 
2174391, 335, 338, 339, 339, 
2174423, 338, 338, 339, 338, 
2174455, 335, 336, 338, 338, 
2174487, 309, 330, 336, 336, 
2174520, 332, 339, 337, 338, 
2174552, 335, 339, 338, 342, 
2174584, 340, 339, 339, 342, 
2174616, 336, 337, 338, 344, 
2174649, 336, 338, 340, 344, 
2174681, 322, 332, 332, 344, 
2174713, 328, 334, 339, 343, 
2174745, 323, 331, 334, 342, 
2174778, 331, 336, 338, 341, 
2174810, 343, 342, 340, 340, 
2174842, 350, 345, 341, 338, 
2174874, 353, 346, 340, 335, 
2174907, 351, 344, 340, 334, 
2174939, 349, 342, 341, 335, 
2174971, 347, 342, 341, 335, 
2175003, 347, 342, 342, 335, 
2175036, 345, 342, 342, 336, 
2175068, 343, 341, 341, 334, 
2175100, 342, 341, 339, 333, 
2175132, 341, 340, 338, 334, 
2175165, 339, 340, 338, 333, 
2175197, 340, 341, 339, 333, 
2175228, 341, 340, 340, 331, 
2175261, 339, 340, 339, 331, 
2175293, 339, 339, 339, 330, 
2175326, 337, 337, 339, 329, 
2175357, 336, 336, 338, 329, 
2175390, 337, 337, 339, 328, 
2175422, 338, 338, 338, 329, 
2175455, 330, 328, 337, 328, 
2175486, 320, 335, 335, 326, 
2175519, 335, 335, 337, 331, 
2175551, 337, 335, 338, 332, 
2175584, 337, 334, 339, 333, 
2175616, 335, 333, 338, 334, 
2175648, 332, 333, 339, 335, 
2175680, 327, 330, 338, 335, 
2175713, 323, 328, 338, 335, 
2175745, 323, 330, 337, 336, 
2175777, 334, 336, 338, 337, 
2175809, 343, 341, 339, 337, 
2175842, 348, 343, 339, 338, 
2175874, 350, 344, 339, 339, 
2175906, 348, 342, 339, 339, 
2175938, 347, 341, 340, 339, 
2175971, 345, 340, 339, 339, 
2176003, 344, 340, 339, 338, 
2176035, 342, 340, 340, 339, 
2176067, 341, 340, 339, 340, 
2176100, 340, 339, 339, 341, 
2176132, 341, 340, 340, 340, 
2176164, 339, 339, 340, 341, 
2176196, 338, 339, 340, 341, 
2176229, 338, 339, 339, 343, 
2176261, 337, 340, 340, 343, 
2176292, 337, 339, 340, 344, 
2176325, 335, 339, 340, 342, 
2176357, 333, 338, 339, 343, 
2176390, 337, 338, 339, 344, 
2176421, 338, 339, 339, 343, 
2176454, 327, 331, 339, 341, 
2176486, 322, 340, 336, 339, 
2176519, 335, 338, 338, 342, 
2176550, 339, 336, 339, 342, 
2176583, 337, 335, 339, 341, 
2176615, 334, 336, 338, 342, 
2176648, 332, 333, 338, 341, 
2176679, 327, 331, 339, 341, 
2176712, 323, 330, 339, 340, 
2176744, 324, 333, 338, 341, 
2176777, 335, 340, 339, 342, 
2176808, 345, 343, 340, 342, 
2176841, 350, 345, 340, 342, 
2176873, 351, 345, 340, 342, 
2176906, 349, 345, 340, 342, 
2176937, 347, 341, 340, 341, 
2176970, 344, 342, 341, 342, 
2177002, 344, 342, 340, 341, 
2177035, 343, 342, 339, 341, 
2177067, 341, 341, 338, 342, 
2177099, 339, 338, 338, 341, 
2177131, 339, 340, 338, 341, 
2177164, 334, 337, 335, 341, 
2177196, 323, 335, 328, 341, 
2177228, 336, 341, 336, 343, 
2177260, 340, 343, 341, 345, 
2177292, 342, 343, 342, 344, 
2177325, 341, 342, 343, 344, 
2177356, 339, 341, 342, 342, 
2177389, 339, 340, 343, 341, 
2177421, 340, 339, 341, 341, 
2177454, 340, 337, 342, 340, 
2177485, 316, 334, 337, 338, 
2177518, 335, 338, 340, 340, 
2177550, 338, 336, 339, 342, 
2177583, 339, 335, 340, 343, 
2177614, 339, 334, 340, 342, 
2177647, 336, 333, 339, 344, 
2177679, 333, 332, 340, 345, 
2177712, 325, 330, 338, 347, 
2177743, 323, 329, 337, 348, 
2177776, 330, 335, 339, 348, 
2177808, 341, 340, 340, 350, 
2177841, 351, 346, 341, 352, 
2177872, 352, 344, 340, 354, 
2177905, 352, 344, 341, 357, 
2177937, 351, 343, 340, 359, 
2177970, 348, 342, 339, 360, 
2178001, 346, 341, 338, 359, 
2178034, 345, 341, 337, 358, 
2178066, 344, 341, 337, 356, 
2178099, 343, 340, 336, 353, 
2178130, 342, 340, 335, 351, 
2178163, 341, 338, 336, 348, 
2178195, 340, 338, 336, 347, 
2178228, 339, 338, 336, 344, 
2178259, 338, 339, 336, 343, 
2178292, 338, 338, 337, 342, 
2178324, 337, 338, 337, 341, 
2178356, 336, 338, 338, 339, 
2178388, 334, 338, 337, 338, 
2178420, 336, 340, 338, 338, 
2178453, 338, 339, 339, 337, 
2178485, 335, 336, 339, 336, 
2178518, 317, 336, 335, 332, 
2178549, 336, 339, 338, 333, 
2178582, 340, 339, 339, 335, 
2178614, 338, 337, 341, 334, 
2178647, 336, 338, 340, 334, 
2178678, 333, 336, 340, 334, 
2178711, 329, 333, 340, 335, 
2178743, 325, 332, 339, 334, 
2178776, 323, 331, 340, 333, 
2178807, 332, 337, 340, 334, 
2178840, 343, 343, 340, 333, 
2178872, 350, 346, 341, 334, 
2178905, 351, 347, 341, 333, 
2178936, 350, 346, 341, 333, 
2178969, 348, 345, 341, 334, 
2179001, 347, 343, 341, 333, 
2179034, 345, 343, 341, 332, 
2179065, 343, 342, 341, 333, 
2179098, 342, 341, 341, 333, 
2179130, 341, 341, 341, 334, 
2179163, 340, 340, 341, 334, 
2179194, 340, 341, 340, 335, 
2179227, 338, 340, 341, 336, 
2179259, 338, 339, 341, 336, 
2179292, 338, 339, 341, 335, 
2179323, 336, 338, 339, 336, 
2179355, 334, 338, 341, 336, 
2179388, 336, 338, 340, 338, 
2179420, 338, 339, 340, 336, 
2179452, 334, 332, 339, 335, 
2179484, 316, 336, 336, 331, 
2179517, 335, 339, 339, 334, 
2179549, 338, 337, 340, 335, 
2179581, 338, 336, 340, 336, 
2179613, 337, 335, 340, 336, 
2179646, 335, 334, 340, 335, 
2179678, 330, 332, 340, 335, 
2179710, 324, 329, 340, 335, 
2179742, 323, 331, 339, 336, 
2179775, 332, 336, 340, 335, 
2179807, 343, 343, 340, 337, 
2179840, 350, 346, 341, 338, 
2179871, 351, 348, 341, 338, 
2179904, 350, 346, 341, 337, 
2179936, 348, 344, 341, 338, 
2179969, 347, 343, 340, 338, 
2180000, 345, 342, 340, 339, 
2180033, 344, 342, 341, 337, 
2180065, 342, 341, 340, 337, 
2180098, 341, 341, 341, 338, 
2180129, 340, 340, 340, 337, 
2180162, 339, 339, 340, 337, 
2180194, 338, 339, 340, 338, 
2180227, 339, 338, 340, 338, 
2180258, 338, 338, 340, 337, 
2180291, 337, 339, 339, 337, 
2180323, 335, 338, 340, 336, 
2180356, 334, 337, 339, 337, 
2180387, 338, 338, 340, 338, 
2180419, 339, 338, 339, 337, 
2180452, 315, 329, 337, 334, 
2180484, 330, 340, 337, 334, 
2180516, 337, 337, 338, 337, 
2180548, 340, 336, 340, 338, 
2180581, 338, 335, 339, 338, 
2180613, 335, 335, 341, 338, 
2180645, 332, 332, 339, 338, 
2180677, 326, 331, 339, 339, 
2180710, 324, 328, 338, 338, 
2180742, 328, 333, 339, 338, 
2180774, 340, 340, 340, 339, 
2180806, 348, 345, 341, 339, 
2180839, 351, 346, 341, 339, 
2180871, 351, 346, 341, 339, 
2180903, 350, 345, 340, 339, 
2180935, 348, 343, 340, 340, 
2180968, 345, 343, 340, 339, 
2181000, 345, 342, 340, 340, 
2181032, 343, 341, 340, 339, 
2181064, 342, 340, 340, 339, 
2181097, 341, 341, 339, 339, 
2181129, 340, 339, 339, 339, 
2181161, 339, 340, 339, 339, 
2181193, 339, 339, 339, 339, 
2181226, 338, 339, 340, 339, 
2181258, 338, 338, 339, 339, 
2181291, 336, 337, 339, 337, 
2181322, 334, 337, 339, 339, 
2181355, 337, 337, 338, 339, 
2181387, 339, 338, 339, 338, 
2181419, 323, 327, 339, 339, 
2181451, 324, 338, 336, 335, 
2181483, 337, 337, 338, 336, 
2181516, 339, 336, 339, 338, 
2181548, 338, 336, 339, 339, 
2181580, 336, 336, 339, 338, 
2181612, 332, 333, 339, 340, 
2181645, 328, 330, 340, 339, 
2181677, 323, 329, 339, 339, 
2181709, 326, 333, 339, 339, 
2181741, 337, 340, 339, 339, 
2181774, 347, 344, 340, 339, 
2181806, 351, 347, 340, 339, 
2181838, 351, 346, 339, 338, 
2181870, 350, 345, 340, 339, 
2181903, 348, 344, 340, 340, 
2181935, 346, 343, 339, 339, 
2181967, 345, 341, 340, 340, 
2181999, 344, 341, 341, 340, 
2182032, 343, 341, 339, 339, 
2182064, 342, 340, 340, 341, 
2182096, 341, 340, 340, 340, 
2182128, 340, 340, 340, 340, 
2182161, 338, 340, 339, 340, 
2182193, 336, 337, 339, 340, 
2182225, 337, 339, 341, 340, 
2182257, 339, 339, 340, 340, 
2182290, 337, 335, 339, 340, 
2182322, 315, 334, 336, 336, 
2182354, 335, 338, 338, 338, 
2182386, 338, 337, 339, 340, 
2182419, 338, 336, 339, 339, 
2182451, 336, 336, 340, 340, 
2182482, 334, 334, 339, 340, 
2182515, 329, 332, 339, 341, 
2182547, 324, 330, 338, 339, 
2182580, 323, 330, 338, 339, 
2182611, 332, 337, 339, 339, 
2182644, 343, 342, 340, 339, 
2182676, 349, 346, 340, 339, 
2182709, 351, 346, 340, 340, 
2182740, 350, 346, 341, 340, 
2182773, 348, 345, 340, 339, 
2182805, 346, 343, 341, 339, 
2182838, 344, 342, 340, 340, 
2182870, 343, 341, 340, 340, 
2182902, 342, 341, 340, 339, 
2182934, 341, 340, 340, 339, 
2182967, 340, 339, 339, 338, 
2182999, 339, 339, 339, 338, 
2183031, 339, 338, 340, 338, 
2183063, 338, 337, 339, 339, 
2183096, 335, 337, 339, 339, 
2183128, 337, 336, 338, 338, 
2183160, 337, 337, 339, 338, 
2183192, 338, 337, 338, 339, 
2183225, 318, 328, 337, 336, 
2183257, 328, 337, 336, 335, 
2183289, 336, 336, 339, 338, 
2183321, 339, 337, 339, 339, 
2183354, 338, 336, 339, 339, 
2183386, 336, 335, 338, 339, 
2183418, 331, 333, 338, 338, 
2183450, 327, 330, 337, 338, 
2183482, 323, 329, 338, 338, 
2183515, 329, 334, 338, 339, 
2183546, 339, 340, 339, 338, 
2183579, 347, 346, 341, 340, 
2183611, 351, 347, 340, 339, 
2183644, 350, 346, 340, 340, 
2183675, 350, 346, 341, 339, 
2183708, 347, 344, 340, 339, 
2183740, 345, 344, 340, 338, 
2183773, 343, 342, 340, 337, 
2183804, 342, 341, 340, 337, 
2183837, 342, 340, 340, 336, 
2183869, 342, 340, 340, 337, 
2183902, 341, 339, 340, 336, 
2183933, 339, 339, 340, 336, 
2183966, 339, 339, 340, 337, 
2183998, 338, 338, 339, 337, 
2184031, 337, 339, 340, 339, 
2184062, 336, 339, 338, 338, 
2184095, 334, 339, 338, 340, 
2184127, 335, 340, 337, 340, 
2184160, 338, 340, 338, 341, 
2184192, 329, 332, 336, 341, 
2184224, 319, 340, 334, 339, 
2184256, 335, 340, 337, 342, 
2184289, 336, 338, 336, 342, 
2184321, 337, 337, 339, 343, 
2184353, 336, 336, 338, 343, 
2184385, 333, 335, 338, 344, 
2184418, 328, 332, 338, 343, 
2184450, 321, 329, 336, 345, 
2184482, 322, 331, 337, 344, 
2184514, 332, 338, 338, 344, 
2184546, 344, 342, 338, 346, 
2184579, 346, 343, 336, 346, 
2184610, 350, 345, 339, 347, 
2184643, 349, 344, 340, 348, 
2184675, 347, 343, 340, 347, 
2184708, 346, 342, 340, 344, 
2184739, 344, 340, 340, 343, 
2184772, 342, 339, 339, 342, 
2184804, 342, 339, 339, 342, 
2184837, 340, 338, 340, 340, 
2184868, 339, 338, 339, 340, 
2184901, 340, 337, 339, 339, 
2184933, 339, 338, 340, 339, 
2184966, 338, 337, 339, 338, 
2184997, 339, 337, 339, 339, 
2185030, 338, 337, 338, 339, 
2185062, 338, 337, 340, 340, 
2185095, 337, 338, 339, 339, 
2185126, 333, 336, 338, 339, 
2185159, 336, 338, 340, 341, 
2185191, 340, 340, 339, 345, 
2185224, 340, 337, 339, 346, 
2185255, 316, 333, 337, 343, 
2185288, 333, 339, 337, 343, 
2185320, 339, 337, 338, 341, 
2185353, 339, 336, 339, 342, 
2185384, 337, 334, 339, 340, 
2185417, 335, 333, 339, 340, 
2185449, 331, 332, 339, 338, 
2185482, 325, 329, 339, 338, 
2185513, 322, 329, 340, 337, 
2185545, 329, 334, 340, 337, 
2185578, 340, 341, 340, 337, 
2185610, 349, 344, 341, 337, 
2185643, 351, 344, 342, 336, 
2185674, 350, 344, 340, 337, 
2185707, 348, 343, 340, 337, 
2185739, 346, 342, 340, 336, 
2185772, 345, 341, 340, 337, 
2185803, 344, 341, 340, 338, 
2185836, 343, 342, 340, 337, 
2185868, 341, 340, 339, 337, 
2185901, 339, 339, 339, 336, 
2185932, 338, 339, 337, 337, 
2185965, 332, 337, 336, 337, 
2185997, 334, 337, 331, 337, 
2186030, 336, 338, 332, 338, 
2186061, 341, 341, 343, 338, 
2186094, 334, 338, 335, 339, 
2186126, 343, 343, 346, 338, 
2186159, 338, 340, 343, 338, 
2186190, 338, 341, 343, 337, 
2186223, 336, 340, 342, 336, 
2186255, 336, 338, 340, 336, 
2186288, 337, 338, 341, 335, 
2186319, 316, 332, 338, 333, 
2186352, 332, 338, 342, 334, 
2186384, 339, 336, 340, 335, 
2186417, 338, 337, 341, 335, 
2186448, 336, 335, 342, 336, 
2186481, 338, 335, 342, 337, 
2186513, 331, 334, 340, 336, 
2186546, 327, 332, 340, 335, 
2186577, 324, 331, 340, 336, 
2186609, 330, 336, 339, 336, 
2186642, 343, 343, 341, 337, 
2186674, 348, 345, 340, 338, 
2186706, 353, 347, 342, 338, 
2186738, 350, 347, 340, 338, 
2186771, 351, 345, 341, 338, 
2186803, 346, 343, 340, 338, 
2186835, 346, 344, 339, 337, 
2186867, 346, 343, 340, 338, 
2186900, 341, 341, 339, 337, 
2186932, 343, 342, 339, 339, 
2186964, 343, 342, 341, 338, 
2186996, 339, 340, 339, 338, 
2187029, 341, 340, 338, 338, 
2187061, 340, 340, 340, 338, 
2187094, 337, 338, 339, 338, 
2187125, 338, 340, 339, 337, 
2187158, 336, 338, 339, 338, 
2187190, 340, 339, 339, 338, 
2187223, 339, 339, 339, 338, 
2187254, 322, 330, 337, 337, 
2187287, 329, 339, 336, 335, 
2187319, 340, 338, 339, 338, 
2187352, 339, 336, 338, 338, 
2187383, 341, 337, 338, 338, 
2187416, 336, 335, 339, 339, 
2187448, 331, 334, 337, 338, 
2187481, 327, 331, 338, 338, 
2187512, 322, 329, 337, 338, 
2187545, 328, 334, 338, 339, 
2187577, 339, 339, 337, 339, 
2187609, 347, 344, 339, 340, 
2187641, 353, 346, 340, 340, 
2187673, 352, 345, 340, 340, 
2187706, 350, 345, 340, 340, 
2187738, 348, 344, 339, 340, 
2187770, 345, 343, 339, 341, 
2187802, 344, 341, 338, 340, 
2187835, 344, 341, 338, 340, 
2187867, 343, 341, 337, 341, 
2187899, 340, 340, 337, 343, 
2187931, 339, 339, 338, 343, 
2187964, 339, 340, 340, 345, 
2187996, 340, 340, 341, 345, 
2188028, 339, 339, 341, 347, 
2188060, 339, 339, 340, 346, 
2188093, 336, 337, 340, 346, 
2188125, 335, 337, 341, 347, 
2188157, 335, 337, 342, 348, 
2188189, 338, 338, 343, 347, 
2188222, 339, 341, 344, 343, 
2188254, 339, 338, 341, 333, 
2188286, 316, 337, 338, 325, 
2188318, 335, 341, 339, 325, 
2188351, 337, 339, 337, 324, 
2188383, 337, 338, 337, 322, 
2188416, 335, 336, 336, 324, 
2188447, 332, 335, 336, 325, 
2188480, 329, 333, 335, 326, 
2188512, 323, 331, 335, 329, 
2188545, 321, 331, 336, 333, 
2188576, 329, 337, 338, 335, 
2188609, 340, 342, 338, 337, 
2188641, 347, 346, 339, 340, 
2188673, 349, 345, 339, 341, 
2188705, 348, 344, 338, 342, 
2188737, 347, 342, 338, 344, 
2188770, 345, 341, 338, 344, 
2188802, 344, 341, 339, 345, 
2188834, 343, 340, 338, 343, 
2188866, 343, 340, 338, 343, 
2188899, 341, 339, 338, 342, 
2188931, 341, 340, 338, 342, 
2188963, 340, 339, 338, 343, 
2188995, 339, 339, 339, 342, 
2189028, 338, 337, 338, 342, 
2189060, 338, 339, 338, 342, 
2189092, 338, 338, 339, 343, 
2189124, 337, 337, 338, 344, 
2189157, 337, 338, 338, 345, 
2189189, 336, 337, 338, 346, 
2189221, 335, 338, 338, 347, 
2189253, 336, 339, 338, 347, 
2189286, 337, 340, 338, 349, 
2189318, 329, 332, 337, 347, 
2189350, 321, 341, 336, 345, 
2189382, 335, 340, 338, 346, 
2189415, 338, 340, 338, 346, 
2189447, 338, 339, 338, 345, 
2189479, 336, 337, 339, 344, 
2189511, 333, 336, 338, 343, 
2189544, 330, 334, 338, 342, 
2189576, 325, 331, 338, 340, 
2189608, 324, 334, 340, 340, 
2189640, 335, 338, 338, 341, 
2189672, 344, 342, 340, 341, 
2189705, 350, 344, 340, 338, 
2189736, 351, 344, 340, 339, 
2189769, 350, 343, 339, 340, 
2189801, 348, 342, 339, 340, 
2189834, 346, 342, 341, 339, 
2189865, 345, 342, 341, 338, 
2189898, 344, 339, 340, 338, 
2189930, 343, 339, 340, 338, 
2189963, 342, 338, 340, 338, 
2189995, 342, 338, 340, 337, 
2190027, 340, 338, 340, 338, 
2190059, 341, 338, 340, 338, 
2190092, 340, 338, 340, 338, 
2190124, 339, 336, 340, 337, 
2190156, 339, 336, 339, 338, 
2190188, 339, 338, 339, 337, 
2190221, 338, 337, 339, 336, 
2190253, 336, 337, 340, 337, 
2190285, 335, 336, 339, 336, 
2190317, 337, 336, 340, 335, 
2190350, 338, 337, 340, 335, 
2190382, 323, 329, 338, 334, 
2190414, 327, 338, 337, 332, 
2190446, 337, 336, 339, 334, 
2190479, 338, 336, 339, 336, 
2190511, 337, 335, 340, 336, 
2190543, 336, 335, 339, 335, 
2190575, 332, 333, 339, 336, 
2190608, 328, 331, 338, 337, 
2190640, 324, 330, 338, 335, 
2190672, 328, 333, 339, 336, 
2190704, 337, 338, 340, 336, 
2190736, 346, 342, 340, 337, 
2190769, 350, 344, 339, 338, 
2190800, 350, 343, 338, 337, 
2190833, 349, 342, 339, 338, 
2190865, 346, 341, 339, 337, 
2190898, 345, 341, 338, 339, 
2190929, 343, 340, 338, 343, 
2190962, 340, 340, 335, 352, 
2190994, 342, 342, 337, 358, 
2191027, 341, 342, 338, 365, 
2191058, 339, 341, 337, 370, 
2191091, 338, 340, 335, 373, 
2191123, 333, 338, 331, 376, 
2191156, 336, 339, 335, 374, 
2191187, 329, 336, 326, 367, 
2191220, 339, 341, 339, 357, 
2191252, 311, 326, 326, 346, 
2191285, 351, 345, 344, 336, 
2191316, 343, 343, 342, 328, 
2191349, 346, 342, 345, 319, 
2191381, 321, 335, 342, 312, 
2191414, 334, 338, 342, 311, 
2191446, 340, 337, 342, 312, 
2191478, 340, 334, 343, 312, 
2191510, 338, 333, 344, 315, 
2191543, 337, 332, 342, 317, 
2191575, 334, 331, 343, 319, 
2191607, 330, 329, 342, 321, 
2191639, 325, 329, 340, 324, 
2191672, 332, 335, 342, 327, 
2191704, 342, 342, 343, 330, 
2191735, 348, 344, 342, 331, 
2191768, 349, 343, 340, 332, 
2191800, 349, 345, 340, 335, 
2191833, 347, 342, 338, 333, 
2191864, 344, 342, 340, 333, 
2191897, 345, 343, 342, 334, 
2191929, 343, 342, 340, 334, 
2191962, 344, 342, 340, 335, 
2191993, 341, 343, 342, 336, 
2192026, 343, 342, 339, 336, 
2192058, 343, 341, 342, 337, 
2192091, 339, 340, 340, 338, 
2192122, 338, 339, 340, 338, 
2192155, 340, 340, 342, 339, 
2192187, 339, 339, 340, 339, 
2192220, 338, 338, 340, 338, 
2192251, 336, 340, 340, 338, 
2192284, 335, 337, 339, 339, 
2192316, 337, 338, 341, 338, 
2192349, 339, 339, 340, 339, 
2192380, 336, 335, 338, 338, 
2192413, 316, 337, 335, 336, 
2192445, 334, 340, 338, 339, 
2192478, 335, 337, 338, 340, 
2192509, 338, 337, 339, 341, 
2192542, 339, 338, 341, 341, 
2192574, 335, 337, 340, 340, 
2192607, 329, 334, 339, 340, 
2192638, 324, 332, 340, 341, 
2192671, 322, 332, 339, 340, 
2192703, 329, 337, 340, 340, 
2192736, 342, 343, 341, 340, 
2192768, 348, 346, 341, 339, 
2192799, 351, 345, 341, 340, 
2192832, 350, 344, 340, 338, 
2192864, 348, 342, 340, 338, 
2192897, 346, 341, 340, 338, 
2192928, 344, 341, 340, 337, 
2192961, 343, 340, 340, 337, 
2192993, 341, 339, 340, 338, 
2193026, 340, 339, 339, 338, 
2193057, 340, 340, 339, 338, 
2193090, 340, 338, 339, 338, 
2193122, 338, 338, 339, 339, 
2193155, 338, 338, 339, 339, 
2193186, 337, 339, 338, 339, 
2193219, 337, 338, 338, 340, 
2193251, 336, 338, 338, 340, 
2193284, 337, 339, 339, 340, 
2193315, 336, 337, 339, 340, 
2193348, 335, 339, 338, 341, 
2193380, 335, 339, 339, 342, 
2193413, 337, 340, 338, 343, 
2193444, 337, 339, 339, 343, 
2193477, 314, 336, 337, 340, 
2193509, 332, 341, 338, 341, 
2193542, 336, 339, 339, 342, 
2193573, 337, 338, 340, 342, 
2193606, 336, 337, 339, 342, 
2193638, 333, 337, 339, 342, 
2193671, 329, 333, 338, 343, 
2193702, 326, 332, 339, 342, 
2193735, 322, 331, 339, 344, 
2193767, 330, 337, 340, 343, 
2193799, 342, 342, 341, 343, 
2193831, 349, 345, 341, 343, 
2193863, 351, 346, 341, 340, 
2193896, 351, 345, 341, 339, 
2193928, 348, 343, 339, 337, 
2193960, 347, 341, 340, 337, 
2193992, 344, 341, 340, 337, 
2194025, 343, 340, 340, 337, 
2194057, 342, 340, 339, 337, 
2194089, 342, 339, 340, 336, 
2194121, 340, 338, 338, 336, 
2194154, 340, 338, 339, 336, 
2194186, 339, 337, 338, 337, 
2194219, 339, 337, 338, 338, 
2194250, 338, 338, 339, 337, 
2194283, 338, 337, 338, 337, 
2194315, 339, 338, 338, 337, 
2194348, 338, 337, 337, 338, 
2194379, 338, 337, 338, 338, 
2194412, 336, 336, 338, 337, 
2194444, 334, 337, 338, 337, 
2194477, 336, 337, 339, 337, 
2194508, 338, 337, 339, 337, 
2194541, 328, 329, 337, 337, 
2194573, 322, 336, 336, 335, 
2194606, 336, 336, 337, 337, 
2194637, 338, 336, 338, 339, 
2194670, 338, 335, 339, 338, 
2194702, 337, 334, 339, 338, 
2194735, 332, 333, 339, 338, 
2194766, 329, 332, 339, 338, 
2194799, 324, 330, 339, 339, 
2194831, 326, 333, 338, 339, 
2194863, 335, 338, 339, 339, 
2194895, 345, 344, 340, 339, 
2194927, 350, 345, 339, 339, 
2194960, 351, 345, 339, 339, 
2194992, 350, 344, 340, 339, 
2195024, 348, 344, 340, 338, 
2195056, 347, 342, 339, 339, 
2195089, 344, 341, 340, 338, 
2195121, 343, 340, 338, 338, 
2195153, 342, 341, 339, 338, 
2195185, 341, 340, 340, 338, 
2195218, 340, 338, 339, 338, 
2195250, 339, 338, 339, 337, 
2195282, 340, 338, 340, 337, 
2195314, 339, 338, 339, 338, 
2195347, 338, 337, 339, 338, 
2195379, 338, 338, 339, 338, 
2195411, 335, 339, 339, 338, 
2195443, 336, 337, 339, 338, 
2195476, 338, 339, 339, 339, 
2195508, 338, 337, 339, 339, 
2195540, 318, 331, 336, 336, 
2195572, 331, 338, 337, 336, 
2195605, 336, 337, 338, 338, 
2195637, 338, 336, 339, 338, 
2195670, 338, 336, 338, 340, 
2195701, 335, 336, 338, 339, 
2195734, 331, 334, 338, 339, 
2195766, 326, 332, 338, 338, 
2195799, 323, 331, 338, 338, 
2195830, 328, 335, 338, 338, 
2195862, 340, 340, 339, 339, 
2195895, 348, 344, 339, 339, 
2195927, 351, 345, 339, 339, 
2195959, 351, 345, 340, 339, 
2195991, 349, 344, 339, 339, 
2196024, 348, 343, 339, 339, 
2196056, 345, 341, 339, 338, 
2196088, 344, 341, 341, 340, 
2196120, 342, 341, 340, 339, 
2196153, 341, 339, 339, 339, 
2196185, 340, 339, 339, 339, 
2196217, 340, 339, 340, 339, 
2196249, 339, 338, 339, 339, 
2196282, 339, 339, 338, 339, 
2196314, 339, 339, 339, 339, 
2196346, 337, 338, 338, 339, 
2196378, 337, 338, 339, 340, 
2196411, 336, 338, 339, 339, 
2196443, 335, 338, 339, 338, 
2196475, 336, 338, 338, 339, 
2196507, 339, 338, 339, 339, 
2196540, 335, 334, 338, 338, 
2196572, 317, 337, 336, 336, 
2196604, 336, 339, 337, 337, 
2196636, 339, 337, 338, 339, 
2196669, 337, 336, 338, 338, 
2196701, 337, 336, 340, 339, 
2196733, 334, 335, 339, 339, 
2196765, 330, 332, 338, 338, 
2196798, 325, 331, 339, 338, 
2196830, 324, 332, 340, 339, 
2196862, 331, 337, 339, 340, 
2196894, 342, 343, 338, 339, 
2196926, 351, 345, 340, 339, 
2196959, 351, 345, 340, 339, 
2196990, 350, 344, 339, 340, 
2197023, 348, 343, 340, 340, 
2197055, 346, 343, 340, 339, 
2197088, 345, 342, 341, 341, 
2197120, 344, 341, 339, 339, 
2197152, 343, 341, 339, 339, 
2197184, 340, 341, 339, 339, 
2197217, 341, 341, 338, 339, 
2197249, 340, 340, 338, 339, 
2197281, 339, 339, 338, 339, 
2197313, 339, 339, 340, 340, 
2197346, 339, 339, 340, 339, 
2197378, 337, 338, 339, 339, 
2197410, 338, 338, 340, 338, 
2197442, 336, 338, 339, 338, 
2197475, 334, 338, 339, 338, 
2197507, 336, 337, 339, 338, 
2197539, 338, 337, 339, 338, 
2197571, 334, 333, 339, 338, 
2197604, 316, 336, 338, 336, 
2197636, 334, 337, 338, 338, 
2197668, 338, 337, 339, 338, 
2197700, 337, 336, 339, 339, 
2197733, 337, 335, 339, 340, 
2197765, 334, 335, 340, 341, 
2197797, 331, 333, 339, 339, 
2197829, 324, 331, 338, 339, 
2197862, 323, 331, 339, 339, 
2197894, 332, 337, 339, 340, 
2197925, 343, 342, 339, 340, 
2197958, 349, 346, 340, 340, 
2197990, 352, 347, 340, 342, 
2198023, 350, 344, 339, 342, 
2198054, 348, 344, 340, 343, 
2198087, 347, 343, 339, 342, 
2198119, 344, 343, 339, 342, 
2198152, 343, 341, 339, 342, 
2198183, 343, 340, 340, 342, 
2198216, 342, 340, 340, 341, 
2198248, 341, 339, 339, 340, 
2198281, 340, 339, 339, 340, 
2198312, 338, 339, 339, 340, 
2198345, 338, 338, 338, 340, 
2198377, 338, 338, 339, 339, 
2198410, 337, 337, 339, 339, 
2198441, 338, 338, 340, 339, 
2198474, 338, 337, 339, 339, 
2198506, 337, 338, 339, 339, 
2198539, 336, 338, 340, 339, 
2198571, 336, 338, 340, 338, 
2198603, 338, 338, 340, 338, 
2198635, 337, 335, 338, 337, 
2198668, 316, 333, 336, 334, 
2198700, 334, 337, 337, 334, 
2198732, 338, 335, 339, 336, 
2198764, 339, 334, 339, 336, 
2198797, 337, 333, 339, 336, 
2198829, 334, 334, 339, 337, 
2198861, 331, 332, 340, 339, 
2198893, 325, 330, 339, 337, 
2198926, 323, 330, 339, 338, 
2198958, 330, 335, 340, 338, 
2198989, 341, 341, 341, 337, 
2199022, 350, 343, 341, 337, 
2199054, 352, 346, 342, 338, 
2199087, 351, 343, 340, 337, 
2199118, 349, 343, 341, 336, 
2199151, 347, 342, 340, 336, 
2199183, 345, 341, 340, 336, 
2199216, 344, 341, 340, 337, 
2199247, 342, 341, 340, 339, 
2199280, 342, 340, 340, 337, 
2199312, 341, 341, 340, 337, 
2199345, 340, 340, 340, 338, 
2199376, 340, 340, 340, 338, 
2199409, 338, 339, 339, 337, 
2199441, 338, 338, 339, 338, 
2199474, 336, 337, 337, 337, 
2199505, 334, 337, 336, 338, 
2199538, 337, 339, 337, 337, 
2199570, 338, 340, 341, 338, 
2199603, 336, 338, 340, 338, 
2199634, 334, 338, 339, 338, 
2199667, 337, 340, 338, 338, 
2199699, 339, 339, 338, 337, 
2199732, 320, 328, 336, 337, 
2199763, 324, 339, 333, 335, 
2199796, 333, 336, 334, 337, 
2199828, 337, 334, 334, 338, 
2199861, 334, 333, 335, 340, 
2199892, 337, 335, 339, 340, 
2199925, 333, 335, 342, 341, 
2199957, 327, 331, 337, 340, 
2199989, 326, 331, 341, 341, 
2200022, 327, 333, 338, 340, 
2200053, 339, 341, 340, 342, 
2200086, 349, 344, 338, 343, 
2200118, 354, 347, 343, 344, 
2200151, 353, 346, 341, 345, 
2200182, 352, 345, 341, 348, 
2200215, 350, 344, 341, 350, 
2200247, 348, 343, 340, 351, 
2200280, 344, 342, 339, 352, 
2200311, 342, 341, 340, 353, 
2200344, 342, 341, 339, 352, 
2200376, 340, 340, 338, 353, 
2200409, 339, 340, 339, 354, 
2200440, 339, 340, 338, 355, 
2200473, 337, 339, 338, 355, 
2200505, 337, 339, 340, 357, 
2200538, 337, 339, 337, 358, 
2200569, 336, 339, 340, 358, 
2200602, 336, 338, 339, 357, 
2200634, 335, 337, 337, 354, 
2200667, 334, 338, 338, 353, 
2200698, 336, 338, 337, 349, 
2200731, 338, 338, 337, 346, 
2200763, 324, 329, 335, 340, 
2200796, 326, 338, 336, 334, 
2200827, 338, 338, 338, 333, 
2200860, 339, 337, 339, 330, 
2200892, 339, 337, 340, 329, 
2200925, 336, 335, 339, 328, 
2200956, 332, 334, 340, 328, 
2200989, 328, 332, 338, 328, 
2201021, 324, 331, 340, 329, 
2201053, 325, 333, 338, 329, 
2201085, 337, 341, 340, 330, 
2201117, 346, 344, 339, 331, 
2201150, 349, 345, 340, 332, 
2201182, 350, 345, 339, 334, 
2201214, 347, 344, 339, 333, 
2201246, 346, 342, 341, 333, 
2201279, 344, 341, 341, 333, 
2201311, 344, 343, 340, 332, 
2201344, 342, 341, 340, 331, 
2201375, 341, 341, 340, 331, 
2201408, 340, 341, 338, 331, 
2201440, 340, 340, 340, 331, 
2201473, 340, 340, 341, 331, 
2201504, 338, 339, 340, 331, 
2201537, 337, 339, 341, 331, 
2201569, 336, 338, 339, 332, 
2201602, 336, 338, 341, 332, 
2201633, 338, 338, 339, 332, 
2201666, 338, 339, 341, 333, 
2201698, 331, 332, 338, 333, 
2201731, 321, 337, 335, 329, 
2201762, 336, 338, 339, 332, 
2201795, 337, 336, 339, 335, 
2201827, 338, 336, 339, 334, 
2201860, 335, 336, 338, 335, 
2201891, 333, 334, 340, 335, 
2201924, 329, 331, 338, 334, 
2201956, 325, 330, 339, 335, 
2201989, 323, 332, 338, 335, 
2202020, 334, 338, 340, 335, 
2202052, 345, 343, 339, 335, 
2202085, 349, 345, 340, 337, 
2202117, 350, 346, 340, 337, 
2202149, 347, 344, 339, 339, 
2202181, 347, 343, 340, 337, 
2202214, 345, 342, 340, 337, 
2202246, 343, 341, 342, 337, 
2202278, 342, 341, 339, 337, 
2202310, 342, 341, 342, 337, 
2202343, 341, 340, 339, 337, 
2202375, 339, 340, 340, 336, 
2202407, 339, 339, 339, 337, 
2202439, 339, 338, 340, 337, 
2202472, 338, 339, 340, 336, 
2202504, 337, 338, 340, 337, 
2202536, 337, 338, 339, 338, 
2202568, 336, 337, 340, 337, 
2202601, 335, 338, 338, 337, 
2202633, 335, 337, 339, 337, 
2202665, 338, 338, 340, 337, 
2202697, 336, 336, 339, 338, 
2202730, 314, 333, 335, 334, 
2202762, 333, 339, 338, 337, 
2202795, 336, 337, 337, 337, 
2202826, 338, 336, 340, 337, 
2202859, 336, 335, 337, 338, 
2202891, 335, 335, 340, 339, 
2202924, 331, 332, 338, 338, 
2202955, 325, 330, 338, 337, 
2202988, 323, 331, 338, 337, 
2203020, 329, 335, 339, 338, 
2203053, 340, 341, 341, 339, 
2203084, 349, 345, 339, 338, 
2203116, 350, 346, 340, 338, 
2203149, 350, 345, 340, 340, 
2203181, 348, 345, 341, 339, 
2203213, 346, 342, 340, 339, 
2203245, 344, 342, 340, 339, 
2203278, 343, 341, 340, 339, 
2203310, 342, 341, 339, 339, 
2203342, 342, 340, 340, 339, 
2203374, 341, 340, 338, 339, 
2203407, 339, 339, 338, 338, 
2203439, 340, 339, 339, 339, 
2203471, 338, 338, 339, 339, 
2203503, 338, 338, 339, 338, 
2203536, 339, 338, 339, 339, 
2203568, 338, 338, 340, 339, 
2203600, 338, 338, 339, 339, 
2203632, 337, 337, 340, 338, 
2203665, 336, 337, 339, 339, 
2203697, 334, 337, 339, 339, 
2203729, 337, 338, 340, 339, 
2203761, 339, 338, 338, 338, 
2203794, 322, 328, 338, 337, 
2203826, 326, 339, 336, 335, 
2203858, 337, 337, 339, 339, 
2203890, 339, 337, 340, 339, 
2203923, 338, 336, 339, 340, 
2203955, 336, 335, 339, 340, 
2203987, 333, 333, 338, 338, 
2204019, 328, 330, 338, 338, 
2204052, 323, 329, 337, 337, 
2204084, 326, 333, 338, 338, 
2204115, 337, 339, 338, 339, 
2204148, 348, 344, 340, 339, 
2204180, 350, 345, 339, 339, 
2204213, 351, 345, 340, 339, 
2204244, 349, 344, 339, 338, 
2204277, 348, 344, 340, 339, 
2204309, 345, 342, 339, 338, 
2204342, 344, 341, 339, 339, 
2204374, 343, 341, 341, 339, 
2204406, 341, 341, 339, 338, 
2204438, 341, 339, 340, 339, 
2204471, 340, 339, 341, 340, 
2204503, 339, 339, 339, 339, 
2204535, 340, 339, 340, 339, 
2204567, 338, 338, 339, 339, 
2204600, 339, 338, 341, 339, 
2204632, 337, 338, 339, 340, 
2204664, 337, 338, 339, 340, 
2204696, 336, 337, 339, 338, 
2204729, 336, 337, 339, 338, 
2204761, 336, 338, 339, 339, 
2204793, 338, 339, 339, 338, 
2204825, 334, 333, 339, 337, 
2204858, 319, 335, 338, 335, 
2204890, 336, 337, 338, 337, 
2204922, 339, 337, 339, 338, 
2204954, 338, 336, 338, 338, 
2204987, 336, 336, 340, 339, 
2205019, 334, 336, 339, 338, 
2205051, 330, 333, 339, 338, 
2205083, 324, 330, 338, 339, 
2205116, 325, 331, 339, 338, 
2205148, 332, 337, 339, 338, 
2205179, 343, 342, 339, 338, 
2205212, 350, 345, 338, 338, 
2205244, 351, 345, 340, 338, 
2205277, 350, 344, 337, 339, 
2205308, 348, 344, 340, 339, 
2205341, 345, 342, 339, 339, 
2205373, 345, 342, 340, 340, 
2205406, 342, 341, 337, 339, 
2205437, 342, 341, 340, 339, 
2205470, 340, 340, 337, 339, 
2205502, 340, 341, 340, 339, 
2205535, 340, 340, 338, 338, 
