 341, 339, 339, 
1316855, 345, 341, 339, 339, 
1316888, 344, 340, 339, 338, 
1316920, 343, 339,342, 339, 340, 
1316824, 347, 341, 339, 339, 
1316855, 345, 341, 339, 339, 
1316888, 344, 340, 339, 338, 
1316920, 343, 339,?&b???bj
1316953, 341, 338, 338, 338, 
1316984, 340, 338, 339, 338, 
1317017, 340, 338, 338, 337, 
1317049, 339, 337, 338, 337, 
1317082, 338, 338, 339, 338, 
1317113, 338, 339, 338, 338, 
1317146, 337, 338, 338, 338, 
1317178, 337, 337, 338, 338, 
1317211, 337, 337, 338, 337, 
1317242, 334, 338, 337, 337, 
1317275, 333, 337, 338, 337, 
1317307, 335, 337, 339, 338, 
1317340, 338, 337, 338, 337, 
1317371, 321, 329, 337, 336, 
1317403, 327, 342, 337, 335, 
1317436, 335, 336, 336, 337, 
1317468, 336, 335, 338, 337, 
1317500, 337, 334, 338, 338, 
1317532, 335, 335, 338, 338, 
1317565, 332, 332, 338, 338, 
1317597, 327, 331, 338, 338, 
1317629, 323, 331, 338, 337, 
1317661, 326, 334, 338, 338, 
1317694, 337, 339, 338, 338, 
1317726, 345, 342, 339, 338, 
1317758, 349, 342, 338, 338, 
1317790, 349, 342, 339, 338, 
1317823, 348, 341, 338, 338, 
1317855, 346, 340, 338, 338, 
1317888, 345, 340, 338, 338, 
1317919, 344, 340, 338, 337, 
1317952, 342, 340, 338, 338, 
1317984, 341, 339, 338, 338, 
1318017, 341, 339, 339, 338, 
1318048, 339, 338, 338, 337, 
1318081, 337, 338, 337, 337, 
1318113, 338, 337, 337, 338, 
1318146, 337, 338, 338, 338, 
1318177, 337, 337, 338, 338, 
1318210, 336, 338, 338, 338, 
1318242, 335, 337, 337, 337, 
1318275, 333, 337, 337, 337, 
1318306, 336, 337, 337, 338, 
1318339, 336, 337, 337, 337, 
1318371, 321, 329, 336, 336, 
1318404, 327, 340, 336, 336, 
1318435, 335, 337, 337, 337, 
1318467, 337, 335, 336, 338, 
1318500, 335, 335, 338, 338, 
1318532, 335, 334, 339, 338, 
1318564, 331, 333, 337, 338, 
1318596, 326, 331, 337, 338, 
1318629, 322, 331, 338, 338, 
1318661, 327, 334, 337, 339, 
1318693, 337, 339, 338, 340, 
1318725, 345, 342, 338, 338, 
1318758, 349, 343, 338, 340, 
1318790, 350, 342, 338, 339, 
1318822, 348, 342, 338, 339, 
1318854, 346, 340, 338, 338, 
1318887, 344, 340, 338, 337, 
1318919, 343, 339, 338, 338, 
1318951, 341, 339, 338, 337, 
1318983, 340, 338, 337, 337, 
1319016, 340, 338, 338, 337, 
1319048, 338, 338, 338, 338, 
1319080, 338, 337, 337, 337, 
1319112, 337, 338, 338, 337, 
1319145, 337, 337, 338, 336, 
1319177, 336, 337, 338, 337, 
1319209, 335, 339, 338, 337, 
1319241, 335, 338, 337, 337, 
1319274, 336, 338, 337, 338, 
1319306, 337, 337, 338, 338, 
1319339, 321, 330, 337, 337, 
1319370, 327, 342, 336, 335, 
1319403, 336, 337, 335, 337, 
1319435, 339, 336, 337, 337, 
1319467, 336, 338, 337, 338, 
1319499, 335, 334, 338, 339, 
1319531, 331, 333, 338, 338, 
1319564, 326, 332, 337, 337, 
1319596, 322, 330, 338, 338, 
1319628, 326, 334, 338, 337, 
1319660, 338, 339, 338, 339, 
1319693, 346, 342, 339, 339, 
1319725, 349, 343, 338, 339, 
1319757, 349, 342, 338, 337, 
1319789, 347, 342, 338, 339, 
1319822, 345, 341, 338, 338, 
1319854, 345, 340, 338, 338, 
1319886, 343, 340, 337, 337, 
1319918, 342, 339, 338, 337, 
1319951, 340, 339, 338, 337, 
1319983, 339, 339, 338, 337, 
1320015, 338, 338, 338, 337, 
1320047, 338, 338, 338, 337, 
1320080, 337, 337, 337, 337, 
1320112, 336, 337, 338, 337, 
1320144, 337, 337, 338, 337, 
1320176, 336, 337, 338, 336, 
1320209, 335, 337, 338, 336, 
1320241, 333, 336, 338, 336, 
1320273, 336, 337, 339, 336, 
1320305, 337, 337, 339, 336, 
1320338, 324, 329, 338, 336, 
1320370, 325, 340, 336, 335, 
1320402, 335, 337, 337, 336, 
1320434, 337, 336, 337, 338, 
1320467, 335, 335, 338, 340, 
1320499, 334, 335, 338, 342, 
1320530, 331, 334, 338, 344, 
1320563, 325, 333, 338, 348, 
1320595, 321, 332, 338, 351, 
1320628, 324, 336, 338, 356, 
1320659, 336, 343, 339, 360, 
1320692, 346, 346, 339, 364, 
1320724, 349, 349, 339, 365, 
1320757, 348, 348, 339, 366, 
1320788, 347, 347, 338, 364, 
1320821, 345, 346, 338, 364, 
1320853, 344, 345, 338, 361, 
1320886, 342, 344, 338, 359, 
1320918, 341, 343, 338, 356, 
1320950, 340, 342, 338, 352, 
1320982, 339, 342, 338, 348, 
1321015, 339, 340, 337, 345, 
1321047, 338, 339, 337, 342, 
1321079, 338, 339, 338, 341, 
1321111, 339, 338, 337, 337, 
1321144, 337, 337, 338, 337, 
1321176, 337, 337, 338, 335, 
1321208, 337, 336, 337, 334, 
1321240, 336, 336, 337, 331, 
1321273, 334, 336, 337, 330, 
1321305, 336, 336, 338, 330, 
1321337, 337, 336, 337, 330, 
1321369, 327, 328, 336, 329, 
1321402, 323, 338, 335, 326, 
1321434, 335, 336, 337, 329, 
1321466, 337, 334, 339, 330, 
1321498, 336, 333, 338, 332, 
1321530, 335, 333, 338, 331, 
1321563, 331, 332, 338, 331, 
1321594, 327, 329, 337, 331, 
1321627, 322, 327, 337, 331, 
1321659, 324, 331, 337, 332, 
1321692, 334, 336, 337, 332, 
1321723, 344, 340, 338, 334, 
1321756, 349, 342, 338, 334, 
1321788, 349, 343, 338, 334, 
1321821, 348, 341, 338, 335, 
1321852, 345, 340, 337, 334, 
1321885, 345, 340, 337, 334, 
1321917, 342, 339, 338, 334, 
1321950, 342, 339, 339, 334, 
1321981, 342, 339, 338, 334, 
1322014, 339, 336, 339, 331, 
1322046, 339, 337, 337, 332, 
1322079, 338, 337, 338, 332, 
1322110, 337, 335, 338, 332, 
1322143, 337, 336, 337, 333, 
1322175, 336, 336, 338, 332, 
1322208, 336, 336, 338, 332, 
1322240, 336, 336, 337, 332, 
1322272, 333, 336, 337, 332, 
1322304, 333, 336, 337, 332, 
1322337, 336, 335, 338, 332, 
1322369, 337, 335, 337, 331, 
1322401, 319, 327, 337, 332, 
1322433, 328, 337, 335, 330, 
1322466, 336, 335, 338, 332, 
1322498, 337, 335, 338, 334, 
1322530, 337, 334, 337, 335, 
1322562, 335, 334, 338, 334, 
1322594, 330, 333, 339, 336, 
1322627, 326, 330, 338, 335, 
1322658, 323, 329, 339, 335, 
1322691, 326, 333, 338, 335, 
1322723, 339, 338, 339, 334, 
1322756, 347, 343, 339, 336, 
1322787, 350, 345, 338, 335, 
1322820, 350, 344, 339, 336, 
1322852, 347, 343, 339, 336, 
1322885, 347, 342, 339, 336, 
1322916, 345, 341, 339, 336, 
1322949, 343, 340, 338, 336, 
1322981, 343, 339, 339, 336, 
1323014, 341, 339, 339, 336, 
1323045, 340, 340, 339, 337, 
1323078, 339, 339, 339, 335, 
1323110, 339, 339, 338, 335, 
1323143, 338, 338, 339, 335, 
1323174, 339, 338, 338, 336, 
1323207, 337, 337, 338, 336, 
1323239, 337, 337, 338, 335, 
1323272, 334, 337, 338, 334, 
1323303, 334, 337, 337, 335, 
1323336, 336, 337, 339, 336, 
1323368, 336, 335, 336, 337, 
1323401, 315, 332, 335, 332, 
1323432, 331, 338, 336, 333, 
1323465, 336, 336, 337, 336, 
1323497, 337, 336, 338, 337, 
1323530, 335, 334, 339, 337, 
1323561, 334, 333, 339, 337, 
1323593, 330, 332, 338, 337, 
1323626, 324, 329, 338, 336, 
1323658, 322, 330, 338, 336, 
1323691, 329, 334, 338, 337, 
1323722, 340, 341, 338, 337, 
1323755, 347, 342, 339, 338, 
1323787, 349, 344, 340, 338, 
1323820, 349, 343, 340, 338, 
1323851, 348, 341, 339, 338, 
1323884, 345, 342, 339, 338, 
1323916, 343, 341, 339, 338, 
1323949, 342, 340, 338, 338, 
1323980, 341, 340, 339, 338, 
1324013, 341, 339, 338, 338, 
1324045, 339, 339, 339, 338, 
1324078, 339, 339, 339, 337, 
1324109, 338, 338, 339, 337, 
1324142, 337, 337, 338, 338, 
1324174, 338, 337, 338, 337, 
1324207, 337, 338, 338, 337, 
1324238, 336, 337, 338, 337, 
1324271, 334, 337, 338, 337, 
1324303, 334, 336, 338, 337, 
1324336, 337, 336, 339, 337, 
1324367, 337, 337, 338, 337, 
1324400, 317, 330, 336, 334, 
1324432, 330, 338, 336, 335, 
1324465, 335, 335, 337, 336, 
1324496, 336, 336, 338, 337, 
1324529, 335, 335, 338, 337, 
1324561, 333, 333, 338, 338, 
1324594, 329, 332, 338, 338, 
1324625, 324, 329, 337, 337, 
1324657, 321, 329, 338, 338, 
1324690, 326, 334, 338, 337, 
1324722, 338, 339, 338, 339, 
1324754, 347, 343, 338, 338, 
1324786, 351, 344, 340, 338, 
1324819, 349, 343, 339, 339, 
1324851, 348, 342, 340, 338, 
1324883, 346, 342, 339, 338, 
1324915, 345, 340, 339, 338, 
1324948, 343, 340, 339, 336, 
1324980, 341, 340, 339, 338, 
1325012, 341, 339, 338, 338, 
1325044, 341, 339, 338, 338, 
1325077, 340, 338, 338, 339, 
1325109, 339, 338, 338, 337, 
1325142, 338, 338, 338, 337, 
1325173, 338, 337, 338, 336, 
1325206, 338, 337, 338, 337, 
1325238, 336, 337, 338, 336, 
1325271, 335, 338, 337, 336, 
1325302, 334, 337, 337, 338, 
1325335, 335, 337, 337, 337, 
1325367, 337, 337, 338, 337, 
1325400, 325, 329, 337, 337, 
1325431, 324, 340, 335, 335, 
1325464, 334, 336, 337, 337, 
1325496, 337, 336, 339, 339, 
1325529, 336, 335, 339, 338, 
1325560, 335, 334, 339, 339, 
1325593, 332, 333, 338, 338, 
1325625, 327, 331, 338, 338, 
1325657, 323, 329, 339, 337, 
1325689, 325, 333, 338, 337, 
1325721, 336, 339, 338, 337, 
1325754, 346, 343, 339, 339, 
1325786, 350, 345, 338, 338, 
1325818, 350, 343, 339, 338, 
1325850, 349, 342, 339, 338, 
1325883, 346, 341, 339, 338, 
1325915, 345, 341, 339, 338, 
1325947, 343, 341, 340, 339, 
1325979, 342, 340, 338, 339, 
1326012, 341, 339, 338, 338, 
1326044, 340, 339, 339, 338, 
1326076, 339, 338, 339, 338, 
1326108, 339, 338, 338, 338, 
1326141, 338, 339, 338, 338, 
1326173, 337, 337, 338, 338, 
1326205, 337, 338, 339, 338, 
1326237, 337, 337, 338, 337, 
1326270, 336, 337, 337, 338, 
1326302, 334, 337, 339, 338, 
1326334, 334, 337, 337, 337, 
1326366, 337, 338, 338, 339, 
1326399, 335, 335, 337, 338, 
1326431, 313, 335, 335, 334, 
1326464, 331, 338, 337, 337, 
1326495, 336, 336, 338, 336, 
1326528, 338, 334, 337, 336, 
1326560, 335, 333, 339, 336, 
1326593, 333, 332, 339, 335, 
1326624, 330, 331, 338, 333, 
1326657, 324, 329, 338, 333, 
1326689, 324, 331, 339, 334, 
1326721, 331, 334, 339, 333, 
1326753, 342, 339, 338, 335, 
1326785, 349, 342, 339, 335, 
1326818, 351, 343, 338, 333, 
1326850, 349, 343, 339, 336, 
1326882, 347, 342, 338, 336, 
1326914, 347, 340, 340, 336, 
1326947, 344, 340, 339, 336, 
1326979, 343, 339, 339, 336, 
1327011, 341, 337, 338, 336, 
1327043, 340, 337, 339, 336, 
1327076, 339, 336, 338, 335, 
1327108, 339, 336, 339, 335, 
1327140, 339, 336, 339, 335, 
1327172, 337, 337, 339, 335, 
1327205, 337, 336, 338, 336, 
1327237, 336, 336, 338, 337, 
1327269, 335, 337, 338, 337, 
1327301, 333, 338, 338, 337, 
1327334, 334, 337, 338, 336, 
1327366, 336, 338, 338, 337, 
1327398, 336, 336, 338, 336, 
1327430, 316, 334, 336, 334, 
1327463, 330, 340, 337, 335, 
1327495, 336, 337, 337, 336, 
1327527, 337, 336, 338, 337, 
1327559, 336, 335, 338, 337, 
1327592, 334, 333, 338, 337, 
1327624, 329, 332, 338, 336, 
1327656, 325, 330, 338, 337, 
1327688, 322, 330, 339, 337, 
1327720, 327, 335, 339, 338, 
1327753, 340, 340, 340, 338, 
1327784, 347, 343, 339, 338, 
1327817, 349, 343, 339, 338, 
1327849, 349, 344, 339, 337, 
1327882, 348, 343, 339, 339, 
1327913, 346, 341, 338, 339, 
1327946, 345, 341, 338, 339, 
1327978, 343, 341, 338, 340, 
1328011, 342, 340, 338, 341, 
1328043, 341, 339, 338, 340, 
1328075, 340, 339, 338, 341, 
1328107, 339, 339, 339, 341, 
1328140, 338, 338, 338, 342, 
1328172, 338, 339, 339, 344, 
1328204, 338, 340, 338, 346, 
1328236, 338, 339, 339, 347, 
1328269, 337, 340, 338, 348, 
1328301, 336, 340, 337, 349, 
1328333, 334, 340, 340, 352, 
1328365, 336, 341, 338, 353, 
1328398, 337, 341, 337, 355, 
1328430, 325, 332, 338, 355, 
1328462, 324, 345, 334, 354, 
1328494, 335, 342, 336, 358, 
1328527, 337, 342, 338, 361, 
1328559, 336, 342, 338, 362, 
1328591, 335, 341, 337, 363, 
1328623, 331, 339, 338, 363, 
1328656, 326, 338, 337, 363, 
1328688, 323, 337, 336, 362, 
1328720, 324, 340, 336, 361, 
1328752, 335, 344, 336, 360, 
1328784, 345, 347, 337, 358, 
1328817, 349, 347, 338, 355, 
1328848, 349, 345, 337, 353, 
1328881, 348, 343, 337, 350, 
1328913, 346, 342, 337, 347, 
1328946, 344, 340, 338, 344, 
1328977, 343, 338, 337, 342, 
1329010, 341, 337, 337, 339, 
1329042, 341, 337, 338, 338, 
1329075, 340, 336, 337, 335, 
1329106, 339, 335, 336, 334, 
1329139, 339, 336, 337, 332, 
1329171, 337, 335, 337, 330, 
1329204, 337, 336, 338, 331, 
1329235, 337, 335, 338, 330, 
1329268, 336, 335, 338, 330, 
1329300, 337, 336, 338, 329, 
1329333, 336, 336, 338, 330, 
1329364, 334, 337, 337, 330, 
1329397, 334, 336, 338, 330, 
1329429, 336, 337, 339, 332, 
1329462, 336, 336, 339, 332, 
1329494, 317, 332, 336, 330, 
1329526, 330, 338, 336, 330, 
1329558, 335, 335, 337, 332, 
1329591, 336, 334, 338, 331, 
1329623, 335, 333, 338, 332, 
1329655, 333, 333, 338, 331, 
1329687, 329, 331, 339, 331, 
1329720, 325, 329, 338, 331, 
1329752, 321, 329, 338, 330, 
1329783, 327, 334, 338, 330, 
1329816, 338, 338, 339, 330, 
1329848, 346, 341, 338, 331, 
1329881, 348, 341, 339, 331, 
1329912, 349, 341, 338, 331, 
1329945, 347, 341, 339, 331, 
1329977, 345, 340, 338, 331, 
1330010, 344, 339, 338, 331, 
1330041, 342, 338, 338, 331, 
1330074, 341, 338, 338, 331, 
1330106, 341, 338, 338, 332, 
1330139, 340, 338, 338, 333, 
1330170, 338, 337, 337, 332, 
1330203, 338, 336, 338, 333, 
1330235, 337, 337, 338, 332, 
1330268, 337, 336, 338, 331, 
1330299, 337, 336, 338, 331, 
1330332, 337, 336, 338, 332, 
1330364, 336, 336, 337, 332, 
1330397, 335, 336, 337, 332, 
1330428, 334, 336, 338, 331, 
1330461, 335, 336, 337, 332, 
1330493, 336, 336, 338, 333, 
1330526, 335, 333, 337, 332, 
1330557, 317, 337, 334, 329, 
1330590, 331, 336, 337, 332, 
1330622, 336, 335, 337, 333, 
1330655, 337, 333, 338, 334, 
1330686, 336, 332, 338, 334, 
1330719, 333, 332, 338, 335, 
1330751, 329, 332, 338, 335, 
1330784, 324, 330, 338, 336, 
1330816, 322, 330, 339, 335, 
1330847, 330, 335, 338, 335, 
1330880, 341, 339, 338, 335, 
1330912, 348, 341, 338, 335, 
1330945, 349, 342, 338, 336, 
1330976, 348, 342, 338, 336, 
1331009, 347, 341, 338, 336, 
1331041, 345, 340, 338, 336, 
1331074, 345, 339, 337, 337, 
1331105, 342, 338, 338, 336, 
1331138, 341, 338, 338, 337, 
1331170, 339, 339, 338, 336, 
1331203, 339, 338, 338, 335, 
1331234, 339, 337, 337, 336, 
1331267, 338, 337, 337, 337, 
1331299, 337, 337, 337, 336, 
1331332, 337, 336, 337, 337, 
1331363, 337, 338, 337, 336, 
1331396, 336, 336, 338, 337, 
1331428, 336, 336, 337, 338, 
1331461, 335, 336, 337, 337, 
1331492, 333, 336, 337, 337, 
1331525, 336, 336, 338, 337, 
1331557, 337, 337, 337, 337, 
1331590, 322, 328, 336, 336, 
1331621, 326, 340, 334, 333, 
1331654, 335, 335, 336, 336, 
1331686, 336, 334, 337, 336, 
1331719, 336, 334, 338, 337, 
1331750, 334, 333, 338, 337, 
1331783, 331, 333, 338, 337, 
1331815, 326, 330, 339, 336, 
1331847, 322, 329, 338, 336, 
1331879, 325, 333, 338, 336, 
1331911, 336, 338, 338, 337, 
1331944, 345, 342, 338, 336, 
1331976, 350, 343, 339, 336, 
1332008, 349, 342, 338, 336, 
1332040, 347, 341, 338, 336, 
1332073, 345, 341, 338, 336, 
1332105, 344, 341, 338, 336, 
1332137, 342, 339, 337, 338, 
1332169, 342, 339, 338, 336, 
1332202, 341, 339, 339, 336, 
1332234, 339, 338, 338, 336, 
1332267, 338, 338, 338, 336, 
1332298, 338, 338, 338, 336, 
1332331, 338, 338, 338, 336, 
1332363, 337, 337, 338, 336, 
1332396, 337, 337, 338, 336, 
1332427, 337, 337, 338, 336, 
1332460, 336, 337, 337, 336, 
1332492, 334, 337, 338, 335, 
1332525, 334, 337, 338, 336, 
1332556, 336, 338, 339, 337, 
1332589, 337, 337, 338, 336, 
1332621, 321, 329, 337, 336, 
1332654, 327, 338, 335, 334, 
1332685, 335, 336, 337, 336, 
1332718, 336, 334, 337, 338, 
1332750, 336, 334, 338, 337, 
1332783, 334, 333, 338, 337, 
1332814, 330, 333, 338, 337, 
1332847, 326, 331, 338, 337, 
1332879, 322, 330, 338, 337, 
1332911, 325, 334, 338, 337, 
1332943, 337, 340, 338, 336, 
1332975, 345, 342, 337, 336, 
1333008, 349, 343, 338, 337, 
1333040, 349, 343, 337, 336, 
1333072, 347, 341, 337, 337, 
1333104, 345, 341, 338, 338, 
1333137, 344, 341, 337, 337, 
1333169, 343, 340, 339, 337, 
1333201, 341, 339, 339, 337, 
1333233, 341, 338, 339, 337, 
1333266, 339, 339, 338, 337, 
1333298, 339, 338, 338, 337, 
1333330, 338, 338, 338, 339, 
1333362, 338, 338, 338, 337, 
1333395, 337, 337, 338, 338, 
1333427, 337, 337, 338, 338, 
1333459, 336, 337, 337, 337, 
1333491, 337, 337, 339, 337, 
1333524, 335, 337, 337, 337, 
1333556, 335, 336, 337, 336, 
1333588, 333, 337, 337, 338, 
1333620, 335, 338, 338, 338, 
1333653, 336, 337, 337, 338, 
1333685, 328, 330, 337, 338, 
1333718, 321, 341, 335, 334, 
1333749, 334, 337, 336, 337, 
1333782, 336, 336, 337, 338, 
1333814, 336, 335, 337, 337, 
1333847, 335, 334, 338, 337, 
1333878, 332, 333, 338, 339, 
1333910, 327, 332, 338, 338, 
1333943, 323, 330, 337, 337, 
1333975, 324, 334, 337, 338, 
1334007, 335, 338, 338, 337, 
1334039, 344, 341, 338, 339, 
1334072, 348, 343, 338, 337, 
1334104, 349, 343, 338, 337, 
1334136, 347, 342, 339, 337, 
1334168, 347, 341, 338, 338, 
1334201, 343, 340, 338, 338, 
1334233, 342, 339, 339, 338, 
1334265, 341, 339, 337, 338, 
1334297, 341, 338, 338, 338, 
1334330, 339, 338, 337, 338, 
1334362, 337, 338, 338, 338, 
1334394, 338, 338, 338, 337, 
1334426, 338, 337, 337, 338, 
1334459, 337, 339, 338, 337, 
1334491, 337, 338, 338, 338, 
1334523, 336, 336, 339, 337, 
1334555, 337, 337, 337, 337, 
1334588, 337, 338, 337, 337, 
1334620, 336, 336, 337, 337, 
1334652, 334, 336, 337, 337, 
1334684, 333, 337, 337, 337, 
1334717, 334, 337, 337, 337, 
1334749, 337, 337, 337, 337, 
1334781, 334, 332, 336, 336, 
1334813, 318, 338, 332, 334, 
1334846, 333, 337, 336, 336, 
1334878, 335, 334, 337, 336, 
1334910, 336, 333, 337, 337, 
1334942, 334, 333, 338, 338, 
1334974, 332, 333, 337, 338, 
1335007, 327, 331, 338, 337, 
1335038, 323, 329, 338, 337, 
1335071, 322, 331, 337, 337, 
1335103, 332, 336, 337, 337, 
1335136, 342, 340, 339, 336, 
1335168, 348, 343, 337, 336, 
1335200, 349, 342, 337, 337, 
1335232, 349, 341, 338, 336, 
1335265, 346, 340, 338, 335, 
1335297, 344, 339, 337, 335, 
1335329, 344, 339, 337, 336, 
1335361, 342, 339, 337, 335, 
1335394, 341, 338, 337, 337, 
1335426, 339, 337, 337, 336, 
1335458, 338, 337, 337, 337, 
1335490, 338, 337, 337, 337, 
1335523, 337, 337, 337, 337, 
1335555, 338, 338, 339, 339, 
1335587, 337, 337, 338, 339, 
1335619, 337, 337, 338, 339, 
1335652, 336, 336, 337, 339, 
1335684, 335, 337, 338, 339, 
1335716, 335, 336, 336, 336, 
1335748, 334, 338, 337, 339, 
1335781, 336, 338, 337, 338, 
1335813, 330, 331, 337, 337, 
1335845, 319, 339, 334, 335, 
1335877, 334, 337, 337, 335, 
1335910, 338, 336, 338, 336, 
1335942, 336, 336, 338, 334, 
1335973, 335, 336, 339, 334, 
1336006, 332, 335, 339, 333, 
1336038, 327, 333, 338, 334, 
1336071, 323, 331, 339, 333, 
1336102, 323, 334, 338, 333, 
1336135, 333, 338, 338, 335, 
1336167, 344, 342, 338, 335, 
1336200, 350, 344, 338, 335, 
1336231, 352, 344, 339, 336, 
1336264, 350, 343, 339, 337, 
1336296, 346, 342, 339, 337, 
1336329, 345, 341, 339, 336, 
1336360, 344, 340, 338, 336, 
1336393, 342, 340, 339, 337, 
1336425, 342, 339, 338, 337, 
1336458, 340, 339, 338, 338, 
1336489, 339, 338, 339, 337, 
1336522, 339, 338, 338, 336, 
1336554, 338, 338, 338, 337, 
1336587, 337, 337, 338, 336, 
1336619, 337, 337, 338, 337, 
1336651, 337, 338, 338, 338, 
1336683, 336, 336, 338, 339, 
1336716, 336, 337, 336, 337, 
1336748, 334, 337, 338, 336, 
1336780, 336, 337, 338, 337, 
1336812, 338, 337, 337, 337, 
1336845, 326, 328, 337, 336, 
1336877, 323, 340, 336, 334, 
1336909, 335, 336, 336, 336, 
1336941, 337, 335, 337, 338, 
1336974, 336, 333, 337, 337, 
1337006, 335, 333, 338, 338, 
1337037, 331, 332, 338, 338, 
1337070, 327, 330, 338, 338, 
1337102, 321, 329, 338, 338, 
1337135, 323, 331, 338, 339, 
1337166, 334, 337, 338, 339, 
1337199, 342, 341, 339, 340, 
1337231, 348, 342, 338, 340, 
1337264, 349, 342, 338, 341, 
1337295, 347, 341, 339, 338, 
1337328, 346, 339, 339, 337, 
1337360, 343, 338, 339, 336, 
1337393, 343, 338, 338, 336, 
1337424, 341, 338, 339, 336, 
1337457, 340, 337, 338, 335, 
1337489, 339, 338, 338, 336, 
1337522, 340, 339, 338, 336, 
1337553, 338, 338, 338, 336, 
1337586, 337, 338, 337, 337, 
1337618, 336, 339, 338, 339, 
1337651, 335, 340, 339, 340, 
1337682, 336, 339, 338, 340, 
1337715, 336, 339, 338, 340, 
1337747, 335, 338, 337, 338, 
1337780, 333, 338, 338, 339, 
1337811, 335, 338, 338, 339, 
1337844, 336, 337, 339, 339, 
1337876, 330, 331, 337, 337, 
1337909, 318, 340, 335, 336, 
1337940, 333, 338, 337, 337, 
1337973, 337, 335, 338, 337, 
1338005, 336, 334, 337, 337, 
1338037, 335, 334, 338, 339, 
1338070, 332, 333, 337, 339, 
1338101, 327, 331, 337, 339, 
1338134, 322, 329, 338, 340, 
1338166, 321, 331, 339, 342, 
1338199, 332, 336, 338, 341, 
1338230, 343, 341, 338, 341, 
1338263, 349, 343, 339, 345, 
1338295, 351, 344, 339, 346, 
1338328, 349, 343, 339, 347, 
1338359, 347, 342, 339, 349, 
1338392, 345, 341, 338, 350, 
1338424, 343, 341, 339, 351, 
1338457, 342, 341, 338, 350, 
1338488, 341, 340, 338, 351, 
1338521, 340, 339, 337, 351, 
1338553, 339, 339, 337, 350, 
1338586, 339, 339, 338, 352, 
1338617, 338, 340, 337, 355, 
1338650, 338, 339, 337, 353, 
1338682, 337, 340, 337, 354, 
1338715, 337, 340, 337, 355, 
1338746, 336, 339, 337, 354, 
1338779, 336, 339, 337, 356, 
1338811, 333, 339, 337, 356, 
1338844, 334, 336, 337, 358, 
1338875, 336, 334, 338, 362, 
1338908, 331, 324, 337, 364, 
1338940, 315, 329, 335, 362, 
1338973, 333, 325, 336, 366, 
1339004, 337, 322, 336, 365, 
1339037, 336, 320, 337, 367, 
1339069, 333, 320, 336, 365, 
1339101, 332, 323, 337, 366, 
1339133, 327, 325, 337, 365, 
1339165, 321, 327, 337, 365, 
1339198, 321, 332, 337, 367, 
1339230, 331, 339, 337, 368, 
1339262, 341, 346, 337, 368, 
1339294, 351, 349, 337, 368, 
1339327, 350, 350, 336, 367, 
1339359, 350, 350, 337, 368, 
1339392, 348, 350, 337, 367, 
1339423, 347, 351, 337, 369, 
1339456, 344, 349, 337, 366, 
1339488, 341, 349, 338, 370, 
1339521, 342, 349, 337, 370, 
1339552, 340, 349, 336, 371, 
1339585, 340, 348, 337, 373, 
1339617, 338, 347, 337, 373, 
1339650, 338, 347, 336, 370, 
1339681, 338, 345, 337, 372, 
1339714, 338, 346, 337, 370, 
1339746, 336, 346, 336, 368, 
1339779, 333, 345, 336, 365, 
1339810, 335, 345, 337, 362, 
1339843, 334, 344, 337, 359, 
1339875, 337, 342, 337, 354, 
1339908, 315, 340, 334, 347, 
1339939, 332, 343, 336, 341, 
1339972, 337, 342, 338, 339, 
1340004, 337, 341, 338, 335, 
1340037, 336, 339, 338, 330, 
1340068, 335, 338, 338, 326, 
1340100, 329, 337, 339, 322, 
1340133, 324, 335, 339, 318, 
1340165, 322, 333, 339, 316, 
1340197, 329, 335, 339, 312, 
1340229, 341, 341, 339, 308, 
1340262, 349, 343, 339, 307, 
1340294, 350, 344, 340, 304, 
1340326, 351, 342, 340, 302, 
1340358, 348, 341, 339, 300, 
1340391, 346, 340, 339, 299, 
1340423, 345, 339, 339, 299, 
1340455, 342, 337, 336, 300, 
1340487, 343, 338, 339, 301, 
1340520, 340, 336, 339, 304, 
1340552, 340, 336, 338, 304, 
1340584, 339, 336, 339, 305, 
1340616, 339, 335, 339, 306, 
1340649, 339, 336, 339, 307, 
1340681, 336, 335, 338, 309, 
1340713, 334, 335, 337, 310, 
1340745, 333, 336, 338, 309, 
1340778, 336, 335, 338, 309, 
1340810, 337, 335, 339, 310, 
1340843, 321, 328, 337, 312, 
1340874, 325, 337, 336, 312, 
1340907, 336, 335, 337, 315, 
1340939, 337, 333, 337, 318, 
1340972, 336, 334, 338, 319, 
1341003, 333, 332, 339, 320, 
1341036, 331, 331, 339, 321, 
1341068, 325, 329, 339, 322, 
1341101, 320, 328, 339, 323, 
1341132, 324, 331, 340, 324, 
1341164, 336, 337, 339, 324, 
1341197, 343, 338, 339, 324, 
1341229, 350, 341, 340, 326, 
1341261, 349, 340, 339, 325, 
1341293, 348, 340, 339, 325, 
1341326, 346, 337, 339, 324, 
1341358, 345, 339, 339, 324, 
1341390, 343, 337, 339, 324, 
1341422, 342, 337, 339, 324, 
1341455, 341, 337, 339, 325, 
1341487, 340, 336, 338, 324, 
1341519, 339, 336, 339, 325, 
1341551, 339, 337, 339, 325, 
1341584, 337, 336, 340, 325, 
1341616, 338, 336, 338, 326, 
1341648, 337, 336, 339, 326, 
1341680, 335, 336, 339, 326, 
1341713, 334, 336, 339, 327, 
1341745, 336, 335, 339, 327, 
1341777, 338, 335, 338, 327, 
1341809, 327, 329, 338, 328, 
1341842, 322, 339, 336, 326, 
1341874, 336, 335, 337, 328, 
1341906, 336, 333, 338, 329, 
1341938, 337, 334, 338, 329, 
1341971, 335, 332, 338, 331, 
1342003, 331, 332, 338, 331, 
1342035, 326, 331, 338, 331, 
1342067, 321, 328, 339, 332, 
1342100, 323, 332, 338, 331, 
1342132, 333, 336, 339, 332, 
1342163, 344, 341, 339, 332, 
1342196, 350, 341, 338, 332, 
1342228, 350, 341, 338, 333, 
1342261, 349, 340, 339, 334, 
1342292, 346, 339, 337, 333, 
1342325, 345, 339, 338, 333, 
1342357, 343, 339, 338, 333, 
1342390, 342, 339, 338, 334, 
1342422, 341, 338, 339, 335, 
1342454, 340, 338, 338, 335, 
1342486, 339, 337, 338, 335, 
1342519, 339, 337, 338, 336, 
1342551, 337, 337, 338, 336, 
1342583, 337, 336, 337, 336, 
1342615, 337, 336, 337, 336, 
1342648, 335, 336, 337, 334, 
1342680, 335, 338, 338, 334, 
1342712, 333, 339, 337, 334, 
1342744, 335, 337, 338, 337, 
1342777, 337, 336, 338, 336, 
1342809, 322, 328, 336, 335, 
1342841, 324, 337, 335, 334, 
1342873, 336, 335, 337, 336, 
1342906, 336, 334, 338, 337, 
1342938, 335, 334, 337, 339, 
1342970, 334, 333, 338, 337, 
1343002, 331, 333, 338, 338, 
1343035, 325, 330, 339, 338, 
1343067, 320, 328, 339, 340, 
1343099, 324, 332, 338, 339, 
1343131, 336, 340, 338, 339, 
1343164, 346, 341, 338, 339, 
1343196, 350, 342, 338, 339, 
1343227, 350, 343, 337, 339, 
1343260, 348, 342, 338, 339, 
1343292, 346, 341, 338, 340, 
1343325, 344, 340, 337, 343, 
1343356, 343, 340, 339, 343, 
1343389, 341, 339, 338, 343, 
1343421, 342, 339, 338, 342, 
1343454, 342, 339, 338, 342, 
1343485, 339, 338, 338, 341, 
1343518, 338, 338, 339, 340, 
1343550, 336, 338, 338, 339, 
1343583, 335, 338, 338, 340, 
1343614, 335, 338, 337, 338, 
1343647, 338, 337, 338, 338, 
1343679, 331, 331, 337, 338, 
1343712, 318, 338, 336, 334, 
1343744, 335, 337, 336, 336, 
1343776, 337, 335, 338, 337, 
1343808, 337, 335, 338, 336, 
1343841, 337, 336, 338, 337, 
1343873, 331, 333, 339, 337, 
1343905, 326, 332, 338, 337, 
1343937, 321, 331, 338, 336, 
1343970, 321, 332, 338, 336, 
1344002, 335, 338, 339, 336, 
1344034, 344, 342, 337, 336, 
1344066, 349, 343, 338, 336, 
1344099, 350, 343, 338, 337, 
1344131, 349, 343, 337, 337, 
1344163, 346, 341, 338, 336, 
1344195, 345, 341, 338, 337, 
1344227, 343, 340, 338, 337, 
1344260, 342, 340, 338, 339, 
1344291, 341, 339, 338, 337, 
1344324, 340, 339, 338, 337, 
1344356, 339, 338, 339, 337, 
1344389, 339, 338, 338, 336, 
1344420, 338, 336, 338, 337, 
1344453, 338, 335, 338, 336, 
1344485, 336, 339, 338, 336, 
1344518, 334, 336, 338, 338, 
1344549, 336, 337, 339, 336, 
1344582, 337, 336, 338, 336, 
1344614, 336, 335, 338, 337, 
1344647, 315, 335, 336, 333, 
1344678, 332, 338, 336, 335, 
1344711, 336, 335, 337, 336, 
1344743, 336, 335, 338, 337, 
1344776, 336, 334, 337, 336, 
1344807, 334, 334, 337, 336, 
1344840, 329, 333, 338, 336, 
1344872, 324, 331, 337, 336, 
1344905, 320, 331, 338, 336, 
1344936, 328, 336, 338, 337, 
1344969, 341, 339, 338, 336, 
1345001, 347, 340, 338, 336, 
1345034, 350, 341, 338, 337, 
1345065, 349, 341, 338, 336, 
1345098, 348, 341, 339, 336, 
1345130, 347, 340, 339, 336, 
1345163, 344, 339, 338, 336, 
1345195, 343, 340, 338, 336, 
1345227, 342, 338, 338, 335, 
1345259, 341, 340, 338, 333, 
1345291, 340, 338, 339, 333, 
1345324, 339, 338, 339, 331, 
1345355, 339, 338, 339, 331, 
1345388, 339, 336, 339, 331, 
1345420, 337, 337, 339, 332, 
1345453, 337, 336, 338, 334, 
1345484, 335, 337, 338, 335, 
1345517, 334, 337, 339, 336, 
1345549, 337, 337, 339, 337, 
1345582, 337, 335, 339, 337, 
1345613, 315, 331, 336, 334, 
1345646, 330, 338, 338, 335, 
1345678, 335, 335, 338, 335, 
1345711, 336, 332, 337, 335, 
1345742, 336, 334, 339, 335, 
1345775, 334, 331, 338, 334, 
1345807, 329, 330, 337, 335, 
1345840, 324, 329, 338, 335, 
1345871, 321, 329, 337, 335, 
1345904, 326, 333, 338, 336, 
1345936, 338, 339, 339, 336, 
1345969, 346, 341, 338, 336, 
1346000, 349, 341, 338, 336, 
1346033, 350, 342, 338, 338, 
1346065, 347, 342, 338, 338, 
1346098, 347, 341, 338, 339, 
1346129, 345, 340, 338, 341, 
1346162, 343, 339, 338, 340, 
1346194, 341, 340, 338, 341, 
1346227, 340, 338, 338, 340, 
1346258, 340, 339, 338, 341, 
1346290, 338, 338, 339, 340, 
1346323, 338, 339, 338, 341, 
1346355, 337, 337, 338, 341, 
1346387, 337, 338, 338, 340, 
1346419, 337, 337, 338, 341, 
1346452, 337, 337, 339, 342, 
1346484, 335, 337, 338, 343, 
1346516, 334, 336, 338, 344, 
1346548, 335, 337, 338, 345, 
1346581, 337, 336, 338, 346, 
1346613, 327, 329, 337, 347, 
1346646, 320, 339, 335, 346, 
1346677, 334, 336, 337, 348, 
1346710, 337, 335, 337, 350, 
1346742, 338, 334, 338, 351, 
1346775, 335, 333, 337, 352, 
1346806, 332, 331, 338, 352, 
1346839, 327, 329, 338, 350, 
1346871, 322, 325, 339, 342, 
1346904, 323, 327, 339, 336, 
1346935, 334, 331, 339, 336, 
1346968, 343, 335, 339, 337, 
1347000, 348, 338, 341, 338, 
1347033, 349, 341, 338, 339, 
1347064, 348, 341, 338, 324, 
1347097, 346, 343, 339, 320, 
1347129, 344, 342, 337, 313, 
1347162, 342, 343, 337, 308, 
1347193, 341, 343, 335, 298, 
1347226, 340, 343, 334, 302, 
1347258, 338, 344, 334, 314, 
1347291, 337, 343, 332, 331, 
1347322, 337, 342, 330, 346, 
1347354, 336, 335, 329, 360, 
1347387, 335, 334, 328, 370, 
1347419, 333, 333, 325, 382, 
1347451, 332, 334, 324, 397, 
1347483, 334, 337, 324, 404, 
1347516, 333, 335, 323, 408, 
1347548, 314, 337, 320, 408, 
1347580, 329, 342, 319, 407, 
1347612, 330, 342, 323, 408, 
1347645, 331, 342, 322, 405, 
1347677, 329, 343, 323, 402, 
1347709, 327, 341, 327, 399, 
1347741, 324, 346, 325, 396, 
1347774, 319, 341, 327, 392, 
1347806, 317, 344, 326, 391, 
1347838, 324, 346, 327, 386, 
1347870, 333, 350, 325, 380, 
1347903, 337, 350, 327, 373, 
1347935, 339, 348, 328, 368, 
1347968, 337, 350, 329, 365, 
1347999, 335, 347, 329, 361, 
1348032, 334, 352, 328, 358, 
1348064, 331, 349, 324, 354, 
1348097, 330, 351, 327, 351, 
1348128, 328, 352, 328, 347, 
1348161, 326, 349, 330, 344, 
1348193, 325, 346, 339, 339, 
1348226, 324, 342, 339, 336, 
1348257, 325, 343, 347, 333, 
1348290, 323, 339, 345, 329, 
1348322, 322, 340, 348, 330, 
1348354, 322, 340, 345, 335, 
1348386, 325, 341, 342, 335, 
1348418, 324, 339, 342, 334, 
1348451, 308, 338, 338, 330, 
1348483, 319, 343, 335, 327, 
1348515, 322, 341, 331, 322, 
1348547, 322, 339, 335, 321, 
1348580, 320, 332, 327, 318, 
1348612, 319, 340, 330, 316, 
1348644, 315, 334, 328, 316, 
1348676, 310, 338, 326, 320, 
1348709, 308, 334, 320, 321, 
1348741, 312, 340, 319, 323, 
1348773, 319, 342, 314, 327, 
1348805, 328, 346, 319, 330, 
1348838, 329, 346, 316, 330, 
1348870, 329, 344, 313, 328, 
1348902, 327, 346, 314, 327, 
1348934, 327, 344, 310, 326, 
1348967, 326, 344, 311, 323, 
1348999, 326, 344, 307, 322, 
1349031, 327, 341, 309, 320, 
1349063, 327, 343, 307, 321, 
1349096, 328, 341, 308, 321, 
1349128, 328, 342, 309, 320, 
1349160, 330, 339, 310, 320, 
1349192, 328, 339, 313, 319, 
1349225, 329, 336, 313, 319, 
1349257, 327, 338, 316, 320, 
1349289, 329, 338, 320, 319, 
1349321, 330, 335, 320, 318, 
1349354, 332, 336, 327, 320, 
1349386, 326, 331, 327, 319, 
1349417, 320, 339, 332, 319, 
1349450, 330, 337, 331, 321, 
1349482, 332, 334, 335, 322, 
1349515, 333, 334, 339, 323, 
1349547, 331, 331, 342, 323, 
1349579, 331, 332, 342, 323, 
1349611, 329, 330, 343, 321, 
1349644, 325, 328, 345, 322, 
1349676, 327, 330, 347, 321, 
1349708, 336, 335, 349, 323, 
1349740, 345, 337, 349, 323, 
1349773, 350, 338, 351, 324, 
1349805, 352, 338, 353, 325, 
1349837, 351, 338, 354, 325, 
1349869, 351, 337, 355, 326, 
1349902, 350, 335, 356, 326, 
1349934, 350, 336, 357, 327, 
1349966, 351, 335, 357, 326, 
1349998, 350, 333, 357, 326, 
1350031, 350, 334, 357, 327, 
1350063, 350, 333, 359, 326, 
1350095, 350, 333, 359, 328, 
1350127, 349, 333, 357, 329, 
1350160, 350, 331, 360, 329, 
1350192, 350, 332, 357, 330, 
1350224, 349, 332, 355, 331, 
1350256, 349, 331, 357, 331, 
1350289, 348, 331, 355, 331, 
1350321, 349, 330, 356, 333, 
1350353, 349, 330, 356, 332, 
1350385, 348, 326, 356, 331, 
1350417, 332, 330, 352, 329, 
1350450, 347, 333, 355, 331, 
1350481, 348, 331, 354, 331, 
1350514, 348, 330, 354, 333, 
1350546, 346, 330, 353, 332, 
1350579, 344, 330, 351, 332, 
1350610, 340, 328, 351, 332, 
1350643, 336, 328, 350, 331, 
1350675, 335, 328, 350, 332, 
1350708, 340, 332, 351, 332, 
1350739, 350, 337, 350, 333, 
1350772, 355, 339, 349, 333, 
1350804, 356, 339, 350, 334, 
1350837, 355, 339, 349, 333, 
1350868, 353, 337, 348, 334, 
1350901, 353, 336, 350, 333, 
1350933, 350, 337, 348, 333, 
1350966, 349, 336, 348, 334, 
1350998, 348, 336, 348, 335, 
1351030, 347, 336, 346, 334, 
1351062, 346, 336, 346, 334, 
1351095, 345, 335, 347, 335, 
1351127, 345, 336, 347, 335, 
1351159, 344, 337, 344, 334, 
1351191, 344, 336, 346, 334, 
1351224, 344, 337, 345, 335, 
1351256, 343, 336, 345, 334, 
1351288, 341, 336, 345, 334, 
1351320, 341, 337, 346, 335, 
1351353, 342, 336, 344, 335, 
1351385, 342, 335, 345, 335, 
1351417, 327, 333, 343, 333, 
1351449, 338, 339, 342, 334, 
1351481, 341, 336, 344, 335, 
1351514, 342, 335, 344, 336, 
1351545, 341, 334, 344, 336, 
1351578, 340, 332, 343, 337, 
1351610, 336, 333, 344, 335, 
1351643, 334, 331, 345, 336, 
1351674, 330, 329, 343, 336, 
1351707, 334, 334, 344, 336, 
1351739, 343, 338, 343, 336, 
1351772, 349, 340, 343, 335, 
1351803, 353, 341, 343, 335, 
1351836, 351, 339, 342, 337, 
1351868, 349, 339, 343, 336, 
1351901, 347, 338, 343, 336, 
1351932, 346, 337, 341, 336, 
1351965, 345, 336, 343, 336, 
1351997, 344, 336, 343, 336, 
1352030, 343, 335, 343, 336, 
1352061, 342, 334, 341, 336, 
1352094, 341, 335, 340, 336, 
1352126, 340, 334, 342, 335, 
1352159, 340, 335, 342, 336, 
1352190, 339, 335, 342, 336, 
1352223, 336, 334, 342, 335, 
1352255, 337, 335, 341, 335, 
1352288, 338, 336, 339, 335, 
1352320, 338, 333, 340, 335, 
1352352, 322, 335, 338, 333, 
1352384, 335, 338, 338, 334, 
1352417, 338, 335, 339, 335, 
1352449, 338, 333, 341, 336, 
1352480, 337, 333, 341, 336, 
1352513, 335, 332, 337, 336, 
1352545, 332, 331, 340, 336, 
1352578, 327, 328, 339, 335, 
1352609, 327, 331, 338, 336, 
1352642, 332, 335, 339, 335, 
1352674, 341, 340, 340, 335, 
1352707, 347, 342, 341, 336, 
1352738, 348, 341, 340, 336, 
1352771, 347, 341, 339, 337, 
1352803, 345, 339, 339, 336, 
1352836, 344, 339, 339, 336, 
1352867, 343, 336, 339, 336, 
1352900, 343, 338, 340, 336, 
1352932, 342, 336, 338, 336, 
1352965, 341, 336, 340, 336, 
1352996, 340, 337, 340, 336, 
1353029, 339, 337, 340, 336, 
1353061, 338, 336, 339, 337, 
1353094, 337, 336, 339, 336, 
1353125, 338, 335, 340, 336, 
1353158, 337, 338, 339, 336, 
1353190, 334, 337, 338, 335, 
1353223, 335, 337, 339, 335, 
1353254, 337, 339, 339, 335, 
1353287, 331, 332, 338, 335, 
1353319, 321, 340, 338, 335, 
1353352, 333, 338, 336, 335, 
1353383, 336, 337, 339, 335, 
1353416, 335, 336, 338, 336, 
1353448, 335, 335, 340, 335, 
1353481, 332, 333, 340, 336, 
1353512, 330, 332, 340, 335, 
1353544, 325, 332, 340, 336, 
1353577, 325, 333, 340, 335, 
1353609, 333, 337, 339, 335, 
1353641, 342, 341, 340, 335, 
1353673, 346, 342, 338, 337, 
1353706, 347, 342, 341, 336, 
1353738, 347, 342, 340, 336, 
1353771, 345, 341, 339, 336, 
1353802, 344, 340, 341, 337, 
1353835, 343, 340, 339, 336, 
1353867, 342, 339, 340, 336, 
1353900, 341, 339, 339, 336, 
