80, 336, 333, 337, 339, 
4856883, 334, 332 338, 337, 338, 
4856785, 337, 336, 337, 338, 
4856818, 337, 334, 337, 339, 
4856850, 336, 333, 337, 339, 
4856883, 334, 332,???b???bj
4856914, 332, 332, 337, 337, 
4856947, 329, 329, 337, 339, 
4856979, 330, 332, 338, 339, 
4857012, 336, 336, 338, 338, 
4857043, 340, 340, 338, 338, 
4857076, 342, 341, 341, 338, 
4857108, 343, 340, 338, 337, 
4857141, 342, 340, 337, 337, 
4857172, 340, 340, 337, 337, 
4857205, 340, 340, 337, 337, 
4857237, 340, 339, 338, 336, 
4857270, 339, 339, 337, 337, 
4857302, 337, 338, 337, 336, 
4857334, 338, 337, 336, 335, 
4857366, 336, 337, 336, 335, 
4857399, 336, 336, 336, 335, 
4857431, 334, 336, 336, 335, 
4857462, 335, 336, 336, 336, 
4857495, 334, 333, 335, 336, 
4857527, 327, 335, 334, 332, 
4857560, 335, 337, 336, 336, 
4857591, 335, 334, 336, 336, 
4857624, 335, 334, 336, 336, 
4857656, 333, 332, 335, 336, 
4857689, 332, 332, 335, 335, 
4857720, 329, 330, 334, 334, 
4857753, 328, 327, 334, 334, 
4857785, 326, 329, 334, 335, 
4857818, 332, 334, 335, 335, 
4857849, 338, 338, 336, 337, 
4857882, 342, 340, 337, 336, 
4857914, 341, 340, 337, 335, 
4857947, 340, 339, 336, 336, 
4857978, 339, 339, 336, 336, 
4858011, 339, 338, 336, 336, 
4858043, 338, 337, 337, 335, 
4858076, 337, 336, 336, 335, 
4858107, 338, 337, 337, 334, 
4858140, 337, 337, 337, 335, 
4858172, 337, 337, 337, 337, 
4858205, 337, 337, 337, 336, 
4858236, 335, 336, 337, 336, 
4858269, 335, 336, 336, 335, 
4858301, 334, 336, 337, 337, 
4858334, 336, 336, 337, 338, 
4858365, 336, 337, 337, 338, 
4858398, 332, 330, 336, 337, 
4858430, 330, 340, 336, 337, 
4858462, 336, 338, 336, 338, 
4858494, 336, 335, 336, 338, 
4858526, 336, 333, 336, 337, 
4858559, 334, 333, 337, 337, 
4858591, 332, 331, 336, 336, 
4858624, 330, 330, 336, 336, 
4858655, 328, 330, 336, 336, 
4858688, 328, 331, 336, 335, 
4858720, 334, 336, 337, 336, 
4858753, 340, 339, 338, 337, 
4858784, 343, 341, 339, 338, 
4858817, 343, 341, 339, 337, 
4858849, 342, 341, 338, 338, 
4858882, 341, 340, 338, 338, 
4858913, 340, 340, 337, 337, 
4858946, 340, 339, 337, 338, 
4858978, 339, 339, 337, 338, 
4859011, 338, 338, 337, 337, 
4859042, 337, 338, 337, 338, 
4859075, 338, 337, 337, 337, 
4859107, 338, 337, 337, 336, 
4859140, 337, 337, 337, 337, 
4859171, 338, 337, 337, 337, 
4859204, 336, 335, 336, 337, 
4859236, 335, 338, 336, 336, 
4859269, 335, 336, 338, 336, 
4859300, 336, 337, 337, 336, 
4859333, 330, 330, 336, 335, 
4859365, 330, 339, 335, 334, 
4859398, 336, 337, 337, 336, 
4859429, 337, 335, 337, 337, 
4859462, 335, 335, 337, 336, 
4859494, 335, 333, 338, 336, 
4859526, 333, 333, 336, 336, 
4859558, 330, 331, 336, 334, 
4859590, 326, 330, 336, 336, 
4859623, 325, 332, 336, 335, 
4859655, 331, 337, 337, 337, 
4859687, 337, 340, 337, 337, 
4859719, 340, 342, 339, 338, 
4859752, 341, 342, 338, 337, 
4859784, 340, 341, 338, 337, 
4859816, 341, 341, 337, 339, 
4859848, 338, 340, 338, 338, 
4859881, 339, 339, 337, 338, 
4859913, 338, 341, 338, 338, 
4859945, 338, 341, 338, 342, 
4859977, 338, 340, 338, 350, 
4860010, 338, 339, 338, 351, 
4860042, 337, 339, 338, 353, 
4860075, 336, 339, 339, 351, 
4860106, 336, 339, 339, 345, 
4860139, 335, 338, 337, 343, 
4860171, 335, 338, 336, 341, 
4860204, 335, 336, 336, 339, 
4860235, 336, 338, 338, 338, 
4860268, 334, 333, 335, 337, 
4860300, 329, 340, 334, 334, 
4860333, 336, 339, 337, 335, 
4860364, 336, 337, 337, 335, 
4860397, 336, 334, 336, 335, 
4860429, 334, 333, 336, 336, 
4860462, 333, 333, 336, 335, 
4860493, 331, 330, 336, 336, 
4860525, 330, 329, 336, 335, 
4860558, 329, 331, 336, 335, 
4860590, 335, 336, 337, 336, 
4860622, 342, 340, 338, 338, 
4860654, 346, 341, 337, 338, 
4860687, 351, 341, 338, 339, 
4860719, 351, 342, 338, 340, 
4860751, 348, 342, 338, 338, 
4860783, 343, 341, 338, 338, 
4860816, 339, 341, 338, 339, 
4860848, 336, 340, 338, 338, 
4860880, 335, 339, 338, 338, 
4860912, 334, 338, 338, 337, 
4860945, 333, 338, 338, 337, 
4860977, 334, 337, 338, 336, 
4861009, 334, 337, 338, 336, 
4861041, 334, 337, 338, 336, 
4861074, 334, 337, 337, 336, 
4861106, 334, 337, 337, 335, 
4861138, 334, 336, 337, 335, 
4861170, 335, 337, 337, 337, 
4861203, 336, 337, 339, 336, 
4861235, 326, 329, 336, 335, 
4861267, 334, 341, 337, 334, 
4861299, 337, 338, 337, 335, 
4861332, 337, 336, 337, 336, 
4861364, 336, 334, 337, 336, 
4861396, 334, 333, 338, 336, 
4861428, 332, 332, 338, 337, 
4861461, 331, 329, 336, 335, 
4861493, 329, 328, 336, 335, 
4861526, 331, 333, 337, 335, 
4861557, 338, 338, 339, 336, 
4861589, 343, 341, 339, 337, 
4861622, 344, 343, 339, 336, 
4861654, 344, 342, 340, 337, 
4861686, 343, 342, 339, 337, 
4861718, 342, 341, 339, 338, 
4861751, 342, 339, 339, 337, 
4861783, 340, 338, 339, 335, 
4861815, 341, 339, 339, 336, 
4861847, 340, 338, 339, 336, 
4861880, 339, 338, 338, 336, 
4861912, 338, 338, 339, 338, 
4861944, 338, 336, 339, 336, 
4861976, 338, 337, 339, 336, 
4862009, 337, 337, 337, 336, 
4862041, 335, 335, 337, 336, 
4862073, 336, 332, 337, 338, 
4862105, 337, 328, 338, 345, 
4862138, 332, 321, 337, 335, 
4862170, 332, 332, 336, 317, 
4862202, 337, 331, 337, 307, 
4862234, 336, 331, 338, 305, 
4862267, 336, 331, 337, 308, 
4862299, 335, 332, 337, 314, 
4862331, 334, 332, 337, 318, 
4862363, 331, 331, 337, 322, 
4862396, 329, 331, 336, 326, 
4862428, 330, 334, 337, 332, 
4862460, 336, 339, 338, 338, 
4862492, 342, 343, 339, 341, 
4862525, 344, 345, 339, 344, 
4862557, 345, 344, 339, 346, 
4862588, 344, 344, 339, 346, 
4862621, 344, 343, 340, 347, 
4862653, 342, 342, 339, 347, 
4862686, 341, 341, 339, 346, 
4862717, 341, 341, 339, 345, 
4862750, 340, 341, 339, 346, 
4862782, 340, 340, 338, 344, 
4862815, 339, 340, 339, 345, 
4862846, 341, 339, 339, 345, 
4862879, 338, 339, 338, 344, 
4862911, 337, 338, 337, 344, 
4862944, 336, 338, 338, 343, 
4862976, 339, 338, 337, 342, 
4863008, 339, 338, 338, 343, 
4863040, 331, 331, 336, 342, 
4863073, 335, 342, 335, 338, 
4863105, 338, 338, 336, 341, 
4863137, 337, 336, 337, 343, 
4863169, 336, 336, 338, 341, 
4863202, 335, 334, 337, 340, 
4863234, 333, 334, 337, 340, 
4863266, 330, 331, 337, 341, 
4863298, 329, 330, 337, 341, 
4863331, 331, 333, 338, 341, 
4863363, 337, 339, 338, 341, 
4863395, 343, 342, 340, 341, 
4863427, 344, 344, 340, 342, 
4863460, 345, 342, 339, 342, 
4863492, 343, 342, 339, 341, 
4863524, 343, 341, 339, 341, 
4863556, 341, 341, 339, 341, 
4863589, 341, 342, 339, 340, 
4863621, 340, 340, 340, 341, 
4863652, 338, 340, 339, 340, 
4863685, 339, 339, 339, 340, 
4863717, 339, 338, 339, 339, 
4863750, 337, 338, 338, 339, 
4863781, 336, 338, 338, 339, 
4863814, 337, 338, 338, 339, 
4863846, 339, 338, 337, 340, 
4863879, 337, 337, 338, 340, 
4863910, 327, 334, 335, 337, 
4863943, 338, 340, 337, 338, 
4863975, 338, 337, 337, 339, 
4864008, 336, 335, 338, 339, 
4864039, 335, 335, 338, 340, 
4864072, 334, 334, 338, 339, 
4864104, 332, 332, 337, 339, 
4864137, 329, 330, 337, 340, 
4864168, 328, 331, 338, 338, 
4864201, 333, 335, 338, 339, 
4864233, 340, 341, 340, 339, 
4864266, 343, 343, 339, 339, 
4864297, 344, 344, 339, 339, 
4864330, 344, 342, 339, 339, 
4864362, 343, 342, 339, 339, 
4864395, 342, 341, 339, 339, 
4864427, 341, 340, 339, 338, 
4864459, 341, 339, 338, 338, 
4864491, 340, 340, 338, 339, 
4864524, 339, 339, 339, 338, 
4864556, 339, 339, 339, 339, 
4864588, 338, 338, 337, 338, 
4864620, 337, 338, 337, 336, 
4864652, 337, 337, 337, 336, 
4864685, 338, 338, 338, 338, 
4864716, 338, 337, 338, 338, 
4864749, 327, 332, 336, 336, 
4864781, 337, 340, 336, 336, 
4864814, 337, 336, 337, 338, 
4864845, 336, 335, 338, 339, 
4864878, 334, 334, 338, 338, 
4864910, 332, 333, 338, 338, 
4864943, 331, 332, 338, 338, 
4864974, 328, 331, 337, 338, 
4865007, 328, 331, 337, 338, 
4865039, 332, 336, 339, 338, 
4865072, 339, 341, 338, 339, 
4865103, 343, 344, 340, 338, 
4865136, 344, 346, 339, 339, 
4865168, 344, 343, 339, 339, 
4865201, 343, 344, 338, 339, 
4865232, 342, 345, 339, 340, 
4865265, 341, 344, 339, 341, 
4865297, 341, 343, 339, 339, 
4865330, 340, 342, 338, 339, 
4865361, 340, 341, 339, 340, 
4865394, 340, 341, 338, 341, 
4865426, 340, 342, 338, 339, 
4865459, 337, 342, 337, 339, 
4865490, 337, 341, 337, 339, 
4865523, 337, 339, 338, 340, 
4865555, 337, 337, 340, 340, 
4865588, 326, 333, 336, 336, 
4865619, 338, 339, 338, 337, 
4865652, 341, 336, 338, 338, 
4865684, 342, 333, 338, 338, 
4865716, 343, 332, 338, 338, 
4865748, 338, 331, 338, 337, 
4865780, 335, 330, 339, 338, 
4865813, 331, 328, 337, 337, 
4865845, 329, 328, 337, 336, 
4865878, 332, 334, 338, 337, 
4865909, 338, 337, 339, 337, 
4865942, 342, 339, 339, 337, 
4865974, 340, 345, 339, 336, 
4866007, 337, 349, 339, 337, 
4866038, 334, 350, 339, 337, 
4866071, 332, 349, 339, 336, 
4866103, 331, 347, 339, 337, 
4866136, 331, 344, 339, 336, 
4866167, 332, 343, 339, 337, 
4866200, 331, 340, 339, 337, 
4866232, 333, 338, 339, 336, 
4866265, 333, 335, 338, 337, 
4866296, 332, 335, 338, 336, 
4866329, 332, 335, 338, 335, 
4866361, 332, 335, 337, 335, 
4866394, 334, 334, 338, 336, 
4866425, 333, 332, 338, 336, 
4866458, 326, 334, 336, 334, 
4866490, 335, 337, 337, 336, 
4866523, 336, 333, 337, 336, 
4866554, 334, 332, 338, 337, 
4866587, 334, 332, 338, 337, 
4866619, 332, 331, 338, 336, 
4866652, 332, 330, 337, 336, 
4866683, 329, 330, 337, 336, 
4866715, 329, 330, 337, 334, 
4866748, 334, 336, 338, 336, 
4866780, 341, 341, 339, 337, 
4866812, 344, 343, 339, 336, 
4866844, 345, 343, 340, 336, 
4866877, 345, 343, 339, 337, 
4866909, 344, 342, 339, 338, 
4866941, 343, 342, 339, 337, 
4866973, 342, 342, 339, 337, 
4867006, 342, 340, 339, 339, 
4867038, 340, 340, 339, 338, 
4867070, 339, 339, 339, 338, 
4867102, 339, 339, 339, 338, 
4867135, 339, 338, 339, 338, 
4867167, 339, 338, 339, 338, 
4867200, 339, 338, 337, 338, 
4867231, 337, 338, 337, 337, 
4867264, 338, 338, 338, 339, 
4867296, 339, 337, 338, 339, 
4867329, 332, 331, 337, 339, 
4867360, 335, 341, 337, 337, 
4867393, 338, 338, 338, 339, 
4867425, 338, 336, 338, 339, 
4867458, 336, 334, 338, 339, 
4867489, 336, 334, 338, 339, 
4867522, 333, 333, 338, 339, 
4867554, 332, 331, 337, 340, 
4867587, 329, 331, 337, 338, 
4867618, 332, 334, 337, 338, 
4867651, 338, 339, 339, 339, 
4867683, 344, 342, 339, 340, 
4867716, 346, 343, 340, 339, 
4867747, 345, 343, 339, 340, 
4867779, 344, 342, 339, 340, 
4867812, 343, 341, 339, 339, 
4867844, 342, 340, 340, 339, 
4867876, 342, 340, 339, 339, 
4867908, 341, 339, 339, 339, 
4867941, 341, 339, 340, 339, 
4867973, 340, 340, 340, 339, 
4868005, 339, 339, 339, 339, 
4868037, 339, 338, 339, 338, 
4868070, 338, 338, 338, 338, 
4868102, 337, 338, 337, 337, 
4868134, 337, 336, 338, 337, 
4868166, 336, 337, 338, 338, 
4868199, 338, 336, 338, 339, 
4868231, 328, 330, 336, 337, 
4868263, 337, 342, 336, 337, 
4868295, 338, 337, 338, 339, 
4868328, 339, 335, 339, 339, 
4868360, 336, 334, 338, 339, 
4868392, 335, 334, 339, 340, 
4868424, 332, 331, 338, 339, 
4868457, 329, 330, 337, 338, 
4868489, 329, 331, 337, 338, 
4868521, 333, 334, 338, 337, 
4868553, 340, 339, 338, 338, 
4868586, 344, 343, 339, 339, 
4868618, 345, 344, 340, 339, 
4868651, 346, 342, 339, 338, 
4868682, 343, 341, 340, 338, 
4868715, 343, 340, 339, 338, 
4868747, 342, 340, 339, 338, 
4868779, 341, 339, 339, 338, 
4868811, 341, 338, 339, 338, 
4868843, 340, 339, 340, 338, 
4868876, 339, 337, 339, 337, 
4868908, 339, 337, 339, 339, 
4868940, 339, 338, 339, 338, 
4868972, 338, 338, 338, 339, 
4869005, 337, 338, 338, 338, 
4869037, 336, 338, 338, 339, 
4869069, 339, 339, 339, 338, 
4869101, 338, 339, 338, 340, 
4869134, 327, 332, 336, 336, 
4869166, 337, 341, 336, 336, 
4869198, 337, 337, 337, 338, 
4869230, 336, 335, 338, 339, 
4869263, 335, 333, 338, 340, 
4869295, 334, 332, 338, 342, 
4869327, 331, 331, 336, 342, 
4869359, 328, 330, 337, 346, 
4869392, 327, 329, 337, 348, 
4869424, 331, 334, 336, 350, 
4869456, 339, 340, 338, 353, 
4869488, 343, 344, 338, 354, 
4869521, 345, 344, 337, 356, 
4869553, 345, 344, 338, 355, 
4869585, 344, 343, 338, 355, 
4869617, 343, 343, 337, 352, 
4869650, 343, 341, 338, 352, 
4869682, 341, 341, 338, 348, 
4869714, 341, 341, 338, 349, 
4869746, 340, 340, 338, 346, 
4869779, 341, 341, 338, 345, 
4869811, 340, 340, 338, 344, 
4869842, 339, 339, 338, 342, 
4869875, 339, 338, 338, 341, 
4869907, 337, 338, 337, 339, 
4869940, 336, 337, 337, 338, 
4869971, 337, 338, 338, 338, 
4870004, 339, 338, 338, 337, 
4870036, 331, 330, 338, 338, 
4870069, 332, 341, 335, 333, 
4870100, 338, 338, 338, 335, 
4870133, 337, 336, 338, 336, 
4870165, 337, 336, 339, 336, 
4870198, 335, 334, 338, 335, 
4870230, 334, 334, 338, 336, 
4870262, 330, 331, 338, 335, 
4870294, 328, 330, 339, 335, 
4870327, 330, 333, 338, 333, 
4870359, 338, 340, 339, 334, 
4870391, 343, 343, 340, 335, 
4870423, 346, 345, 340, 333, 
4870456, 346, 345, 339, 336, 
4870488, 346, 344, 340, 335, 
4870520, 345, 343, 340, 335, 
4870552, 345, 343, 339, 335, 
4870585, 344, 342, 339, 333, 
4870617, 343, 341, 340, 335, 
4870649, 343, 341, 340, 335, 
4870681, 342, 341, 340, 335, 
4870714, 341, 340, 341, 335, 
4870746, 339, 341, 341, 335, 
4870778, 339, 340, 341, 336, 
4870810, 337, 339, 341, 334, 
4870842, 335, 339, 340, 334, 
4870875, 334, 339, 340, 335, 
4870906, 336, 340, 341, 336, 
4870939, 336, 341, 341, 338, 
4870971, 323, 333, 340, 334, 
4871004, 335, 342, 339, 335, 
4871035, 334, 340, 341, 338, 
4871068, 335, 338, 341, 339, 
4871100, 333, 340, 341, 338, 
4871133, 332, 338, 341, 339, 
4871164, 331, 337, 342, 338, 
4871197, 327, 334, 342, 339, 
4871229, 326, 334, 342, 338, 
4871262, 331, 339, 342, 337, 
4871293, 339, 345, 341, 338, 
4871326, 344, 348, 342, 337, 
4871358, 345, 349, 342, 337, 
4871391, 344, 348, 341, 336, 
4871422, 343, 347, 341, 336, 
4871455, 344, 346, 342, 336, 
4871487, 343, 344, 341, 336, 
4871520, 341, 341, 340, 336, 
4871552, 340, 343, 341, 335, 
4871584, 339, 341, 341, 335, 
4871616, 339, 341, 341, 337, 
4871649, 339, 339, 341, 337, 
4871681, 339, 339, 339, 337, 
4871713, 338, 338, 338, 336, 
4871745, 336, 337, 338, 336, 
4871778, 338, 337, 339, 335, 
4871810, 338, 336, 340, 337, 
4871842, 326, 330, 337, 334, 
4871874, 336, 337, 336, 333, 
4871906, 337, 335, 338, 338, 
4871939, 337, 335, 339, 338, 
4871970, 336, 333, 339, 337, 
4872003, 335, 332, 338, 337, 
4872035, 332, 330, 339, 337, 
4872068, 328, 327, 337, 337, 
4872099, 327, 328, 337, 337, 
4872132, 332, 332, 338, 337, 
4872164, 340, 338, 338, 338, 
4872197, 345, 341, 338, 337, 
4872228, 346, 342, 338, 338, 
4872261, 346, 341, 338, 338, 
4872293, 344, 341, 338, 338, 
4872326, 343, 340, 338, 338, 
4872357, 342, 339, 338, 338, 
4872390, 341, 339, 339, 338, 
4872422, 341, 338, 338, 338, 
4872455, 340, 337, 338, 338, 
4872486, 340, 337, 338, 336, 
4872519, 339, 337, 337, 337, 
4872551, 338, 337, 338, 339, 
4872584, 338, 336, 337, 338, 
4872615, 337, 337, 336, 336, 
4872648, 336, 336, 338, 337, 
4872680, 338, 336, 338, 337, 
4872713, 337, 333, 339, 337, 
4872744, 326, 332, 334, 333, 
4872777, 338, 336, 336, 337, 
4872809, 336, 334, 338, 338, 
4872842, 336, 333, 338, 339, 
4872873, 335, 332, 337, 339, 
4872905, 333, 331, 337, 339, 
4872938, 331, 330, 337, 339, 
4872970, 327, 328, 336, 336, 
4873003, 327, 328, 337, 337, 
4873034, 333, 334, 337, 337, 
4873067, 341, 339, 339, 337, 
4873099, 344, 342, 338, 338, 
4873132, 346, 343, 338, 339, 
4873163, 345, 342, 339, 338, 
4873196, 343, 341, 338, 338, 
4873228, 343, 341, 337, 339, 
4873261, 340, 339, 338, 338, 
4873292, 341, 339, 338, 337, 
4873325, 340, 338, 339, 339, 
4873357, 339, 337, 337, 337, 
4873390, 339, 337, 338, 337, 
4873421, 338, 338, 338, 337, 
4873454, 337, 336, 337, 338, 
4873486, 337, 335, 338, 338, 
4873519, 337, 335, 337, 337, 
4873550, 335, 335, 336, 336, 
4873583, 336, 334, 337, 337, 
4873615, 337, 334, 338, 338, 
4873648, 337, 333, 337, 337, 
4873679, 327, 329, 334, 334, 
4873712, 336, 336, 337, 336, 
4873744, 337, 334, 337, 338, 
4873777, 336, 332, 338, 339, 
4873808, 334, 332, 338, 339, 
4873841, 333, 331, 338, 338, 
4873873, 332, 330, 337, 339, 
4873906, 328, 327, 337, 339, 
4873937, 327, 328, 337, 338, 
4873969, 333, 334, 338, 337, 
4874002, 341, 340, 338, 338, 
4874034, 345, 342, 339, 338, 
4874066, 347, 343, 339, 339, 
4874098, 346, 343, 339, 339, 
4874131, 346, 343, 339, 340, 
4874163, 345, 341, 339, 339, 
4874195, 343, 340, 338, 338, 
4874227, 342, 341, 338, 339, 
4874260, 341, 340, 338, 338, 
4874292, 339, 339, 338, 339, 
4874324, 339, 338, 338, 339, 
4874356, 338, 339, 338, 339, 
4874389, 337, 338, 337, 338, 
4874421, 337, 338, 338, 338, 
4874454, 337, 337, 339, 338, 
4874485, 335, 337, 336, 337, 
4874518, 335, 337, 337, 337, 
4874550, 337, 338, 337, 338, 
4874583, 337, 337, 338, 338, 
4874614, 326, 329, 337, 337, 
4874647, 334, 338, 336, 336, 
4874679, 336, 337, 337, 337, 
4874712, 336, 335, 338, 339, 
4874743, 334, 334, 338, 339, 
4874776, 333, 333, 338, 339, 
4874808, 331, 333, 338, 338, 
4874841, 328, 331, 339, 338, 
4874872, 326, 329, 339, 337, 
4874905, 330, 333, 340, 338, 
4874937, 338, 339, 340, 338, 
4874969, 344, 343, 340, 339, 
4875001, 346, 343, 340, 339, 
4875033, 345, 343, 340, 340, 
4875066, 344, 343, 339, 338, 
4875098, 343, 341, 339, 339, 
4875130, 343, 341, 339, 338, 
4875162, 341, 339, 338, 338, 
4875195, 340, 339, 338, 338, 
4875227, 339, 339, 339, 338, 
4875259, 339, 338, 338, 338, 
4875291, 339, 338, 338, 337, 
4875324, 338, 338, 338, 339, 
4875356, 337, 338, 339, 338, 
4875388, 336, 336, 338, 337, 
4875420, 338, 338, 339, 339, 
4875453, 339, 337, 339, 339, 
4875485, 332, 331, 339, 338, 
4875517, 332, 338, 336, 335, 
4875549, 337, 336, 337, 338, 
4875582, 337, 334, 338, 338, 
4875614, 336, 335, 338, 339, 
4875646, 335, 334, 338, 340, 
4875678, 333, 334, 338, 339, 
4875711, 330, 331, 338, 338, 
4875743, 328, 330, 338, 339, 
4875776, 331, 332, 338, 338, 
4875807, 339, 339, 338, 339, 
4875840, 345, 343, 339, 339, 
4875872, 346, 344, 339, 339, 
4875905, 346, 343, 338, 339, 
4875936, 344, 343, 338, 339, 
4875969, 343, 342, 338, 339, 
4876001, 342, 341, 339, 340, 
4876033, 341, 340, 338, 339, 
4876065, 341, 340, 338, 339, 
4876097, 340, 340, 337, 340, 
4876130, 340, 339, 337, 338, 
4876162, 339, 339, 337, 338, 
4876194, 339, 339, 338, 338, 
4876226, 337, 338, 337, 337, 
4876259, 336, 336, 337, 335, 
4876291, 337, 338, 338, 337, 
4876323, 338, 338, 338, 336, 
4876355, 329, 331, 338, 335, 
4876388, 334, 339, 336, 333, 
4876420, 337, 337, 338, 334, 
4876452, 337, 336, 340, 336, 
4876484, 336, 335, 339, 335, 
4876517, 335, 335, 339, 336, 
4876549, 333, 335, 339, 334, 
4876581, 330, 334, 338, 337, 
4876613, 328, 336, 338, 336, 
4876646, 331, 344, 337, 336, 
4876678, 339, 352, 338, 337, 
4876710, 344, 352, 338, 334, 
4876742, 348, 354, 338, 339, 
4876775, 346, 349, 338, 337, 
4876807, 346, 347, 338, 340, 
4876839, 344, 344, 338, 340, 
4876871, 344, 342, 337, 340, 
4876904, 343, 341, 338, 339, 
4876936, 343, 338, 337, 340, 
4876968, 342, 336, 337, 338, 
4877000, 343, 334, 337, 339, 
4877032, 343, 333, 337, 339, 
4877065, 343, 332, 337, 337, 
4877096, 340, 331, 339, 339, 
4877129, 338, 331, 333, 334, 
4877161, 338, 333, 333, 336, 
4877194, 339, 334, 334, 337, 
4877225, 336, 331, 333, 337, 
4877258, 330, 335, 330, 334, 
4877290, 336, 336, 332, 335, 
4877323, 336, 332, 335, 335, 
4877355, 336, 332, 335, 336, 
4877387, 335, 332, 336, 336, 
4877419, 332, 331, 337, 336, 
4877452, 329, 329, 338, 336, 
4877484, 325, 328, 339, 337, 
4877516, 327, 330, 339, 337, 
4877548, 334, 335, 339, 337, 
4877581, 341, 340, 341, 340, 
4877613, 344, 342, 341, 340, 
4877645, 345, 342, 341, 340, 
4877677, 344, 343, 342, 340, 
4877710, 343, 341, 341, 340, 
4877742, 342, 340, 339, 340, 
4877774, 342, 339, 340, 341, 
4877806, 340, 338, 339, 340, 
4877839, 340, 338, 339, 339, 
4877871, 340, 338, 338, 339, 
4877903, 339, 338, 339, 340, 
4877935, 339, 338, 338, 339, 
4877968, 337, 338, 338, 339, 
4878000, 337, 339, 338, 338, 
4878032, 336, 338, 337, 337, 
4878064, 337, 339, 337, 338, 
4878096, 339, 338, 338, 338, 
4878129, 334, 332, 338, 337, 
4878160, 330, 340, 336, 335, 
4878193, 338, 339, 338, 338, 
4878225, 338, 336, 339, 338, 
4878258, 336, 336, 338, 338, 
4878289, 335, 335, 338, 341, 
4878322, 333, 334, 338, 338, 
4878354, 330, 332, 339, 339, 
4878387, 328, 331, 338, 340, 
4878418, 329, 332, 338, 340, 
4878451, 336, 339, 338, 340, 
4878483, 342, 341, 339, 340, 
4878516, 346, 344, 339, 340, 
4878547, 345, 344, 340, 340, 
4878580, 345, 344, 339, 340, 
4878612, 344, 342, 339, 340, 
4878645, 342, 341, 339, 341, 
4878676, 342, 341, 339, 339, 
4878709, 340, 339, 340, 339, 
4878741, 340, 340, 339, 340, 
4878774, 340, 338, 341, 340, 
4878806, 340, 337, 339, 340, 
4878838, 338, 337, 339, 341, 
4878870, 338, 339, 338, 339, 
4878903, 337, 338, 338, 339, 
4878935, 335, 337, 338, 339, 
4878967, 338, 337, 339, 339, 
4878999, 337, 336, 338, 339, 
4879032, 328, 333, 337, 339, 
4879064, 336, 338, 337, 338, 
4879095, 337, 336, 339, 339, 
4879128, 336, 335, 339, 341, 
4879160, 335, 334, 339, 339, 
4879193, 334, 334, 339, 339, 
4879224, 332, 333, 338, 337, 
4879257, 329, 331, 338, 339, 
4879289, 328, 332, 338, 339, 
4879322, 333, 337, 339, 338, 
4879353, 340, 340, 339, 338, 
4879386, 345, 344, 339, 339, 
4879418, 345, 344, 339, 338, 
4879451, 344, 343, 340, 339, 
4879482, 344, 342, 339, 339, 
4879515, 344, 341, 339, 339, 
4879547, 342, 341, 339, 339, 
4879580, 341, 340, 339, 339, 
4879611, 341, 340, 339, 338, 
4879644, 340, 339, 339, 339, 
4879676, 339, 340, 338, 339, 
4879709, 337, 339, 337, 337, 
4879740, 336, 338, 338, 338, 
4879773, 339, 338, 338, 339, 
4879805, 338, 338, 338, 338, 
4879838, 328, 330, 337, 337, 
4879869, 336, 341, 337, 337, 
4879902, 338, 337, 338, 338, 
4879934, 336, 336, 339, 339, 
4879967, 336, 335, 339, 339, 
4879998, 335, 334, 339, 339, 
4880031, 331, 333, 338, 339, 
4880063, 330, 331, 339, 338, 
4880096, 327, 331, 339, 338, 
4880128, 332, 335, 338, 339, 
4880159, 339, 340, 339, 340, 
4880192, 344, 343, 341, 339, 
4880224, 345, 344, 339, 339, 
4880257, 345, 343, 340, 339, 
4880288, 344, 342, 339, 339, 
4880321, 343, 342, 339, 338, 
4880353, 342, 341, 339, 338, 
4880386, 341, 340, 338, 338, 
4880417, 340, 341, 340, 338, 
4880450, 341, 339, 339, 338, 
4880482, 339, 339, 339, 338, 
4880515, 337, 340, 337, 337, 
4880546, 336, 339, 338, 338, 
4880579, 339, 339, 338, 339, 
4880611, 338, 338, 339, 339, 
4880644, 329, 330, 337, 338, 
4880675, 336, 341, 337, 337, 
4880708, 337, 337, 338, 338, 
4880740, 337, 336, 339, 339, 
4880773, 335, 334, 339, 339, 
4880804, 333, 335, 339, 339, 
4880837, 332, 332, 339, 338, 
4880869, 329, 331, 338, 338, 
4880902, 327, 330, 338, 339, 
4880933, 330, 335, 338, 338, 
4880966, 339, 340, 337, 338, 
4880998, 344, 343, 339, 339, 
4881031, 345, 344, 340, 338, 
4881062, 344, 343, 339, 338, 
4881095, 343, 342, 339, 338, 
4881127, 343, 342, 339, 339, 
4881159, 340, 341, 339, 338, 
4881191, 340, 340, 339, 339, 
4881223, 338, 341, 338, 339, 
4881256, 338, 339, 339, 339, 
4881288, 339, 340, 339, 338, 
4881320, 339, 339, 338, 340, 
4881352, 336, 339, 338, 337, 
4881385, 338, 338, 340, 338, 
4881417, 338, 338, 339, 338, 
4881449, 331, 331, 340, 338, 
4881481, 334, 341, 337, 336, 
4881514, 337, 338, 339, 338, 
4881546, 337, 336, 339, 339, 
4881579, 335, 335, 339, 339, 
4881610, 334, 335, 338, 339, 
4881643, 332, 333, 338, 340, 
4881675, 329, 331, 338, 339, 
4881708, 327, 330, 338, 338, 
4881739, 329, 333, 338, 338, 
4881772, 337, 340, 339, 338, 
4881804, 342, 343, 339, 338, 
4881837, 344, 343, 340, 339, 
4881868, 345, 343, 339, 339, 
4881901, 344, 344, 339, 338, 
4881933, 342, 343, 339, 338, 
4881966, 343, 342, 338, 339, 
4881997, 341, 340, 339, 338, 
4882030, 340, 340, 339, 338, 
4882062, 339, 339, 338, 338, 
4882095, 339, 339, 338, 338, 
4882126, 336, 339, 338, 338, 
4882159, 336, 338, 339, 337, 
4882191, 338, 340, 339, 338, 
4882223, 338, 337, 339, 338, 
4882255, 327, 333, 336, 336, 
4882287, 336, 339, 338, 338, 
4882320, 337, 337, 340, 337, 
4882352, 336, 336, 339, 338, 
4882384, 336, 335, 339, 339, 
4882416, 335, 334, 339, 339, 
4882449, 332, 332, 339, 339, 
4882481, 329, 331, 339, 338, 
4882513, 329, 331, 339, 338, 
4882545, 334, 337, 339, 338, 
4882578, 341, 340, 339, 338, 
4882610, 343, 343, 339, 338, 
4882642, 344, 343, 338, 339, 
4882674, 343, 343, 339, 338, 
4882707, 343, 342, 338, 339, 
4882739, 342, 342, 339, 339, 
4882771, 341, 340, 338, 338, 
4882803, 340, 339, 338, 338, 
4882836, 340, 340, 339, 338, 
4882868, 340, 339, 339, 338, 
4882900, 339, 338, 338, 337, 
4882932, 336, 338, 337, 337, 
4882965, 338, 339, 338, 337, 
4882997, 338, 338, 339, 338, 
4883030, 336, 334, 338, 339, 
4883061, 329, 338, 335, 335, 
4883094, 337, 339, 337, 338, 
4883126, 337, 336, 338, 338, 
4883159, 335, 335, 338, 339, 
4883190, 335, 334, 339, 339, 
4883222, 332, 334, 338, 338, 
4883255, 331, 332, 338, 339, 
4883287, 328, 330, 338, 338, 
4883319, 330, 332, 338, 338, 
4883351, 336, 337, 339, 339, 
4883384, 342, 342, 339, 339, 
4883416, 345, 343, 339, 339, 
4883448, 345, 343, 340, 339, 
4883480, 343, 343, 339, 339, 
4883513, 343, 342, 339, 339, 
4883545, 342, 342, 339, 338, 
4883577, 342, 340, 338, 339, 
4883609, 341, 340, 339, 339, 
4883642, 340, 339, 338, 338, 
4883674, 339, 339, 339, 338, 
4883706, 339, 339, 339, 338, 
4883738, 338, 339, 337, 337, 
4883771, 336, 338, 336, 337, 
4883803, 337, 338, 337, 338, 
4883835, 339, 339, 339, 339, 
4883867, 333, 333, 338, 338, 
4883900, 331, 340, 336, 336, 
4883932, 337, 338, 338, 338, 
4883964, 337, 336, 339, 339, 
4883996, 336, 335, 339, 339, 
4884029, 335, 334, 339, 338, 
4884061, 332, 333, 338, 339, 
4884093, 330, 330, 338, 338, 
4884125, 328, 330, 338, 338, 
4884158, 329, 332, 338, 339, 
4884190, 336, 338, 339, 338, 
4884222, 342, 342, 339, 338, 
4884254, 344, 343, 340, 338, 
4884286, 344, 343, 339, 338, 
4884319, 342, 341, 339, 338, 
4884350, 342, 341, 338, 338, 
4884383, 341, 341, 338, 337, 
4884415, 341, 341, 340, 338, 
4884448, 341, 341, 339, 338, 
4884480, 341, 340, 339, 338, 
4884512, 339, 338, 339, 338, 
4884544, 340, 337, 339, 338, 
4884577, 337, 337, 338, 337, 
4884609, 336, 337, 337, 337, 
4884641, 336, 336, 339, 336, 
4884673, 338, 335, 338, 336, 
4884706, 336, 333, 338, 337, 
4884738, 330, 337, 336, 335, 
4884770, 338, 337, 338, 336, 
4884802, 338, 335, 339, 337, 
4884835, 338, 335, 338, 338, 
4884867, 336, 335, 339, 338, 
4884899, 334, 334, 338, 339, 
4884931, 330, 333, 338, 338, 
4884964, 328, 332, 338, 338, 
4884996, 329, 333, 338, 339, 
4885028, 336, 338, 338, 339, 
4885060, 342, 343, 339, 341, 
4885093, 345, 345, 339, 340, 
4885125, 345, 344, 339, 340, 
4885157, 343, 345, 339, 340, 
4885189, 342, 342, 339, 339, 
4885222, 341, 341, 340, 339, 
4885254, 340, 341, 339, 338, 
4885285, 340, 341, 339, 339, 
4885318, 339, 340, 338, 338, 
4885350, 338, 339, 338, 338, 
4885383, 338, 339, 339, 338, 
4885414, 337, 338, 339, 337, 
4885447, 337, 339, 336, 336, 
4885479, 336, 339, 336, 336, 
4885512, 337, 339, 337, 337, 
4885543, 337, 337, 337, 339, 
4885576, 334, 332, 338, 337, 
4885608, 331, 341, 337, 335, 
4885641, 337, 338, 337, 338, 
4885672, 337, 336, 338, 338, 
4885705, 336, 335, 338, 338, 
4885737, 335, 334, 338, 339, 
4885770, 333, 333, 338, 338, 
4885801, 330, 331, 338, 340, 
4885834, 327, 330, 338, 339, 
4885866, 329, 332, 339, 339, 
4885899, 336, 338, 339, 338, 
4885931, 342, 342, 339, 339, 
4885963, 346, 345, 338, 340, 
4885995, 344, 344, 338, 341, 
4886028, 345, 343, 338, 341, 
4886060, 345, 343, 338, 340, 
4886092, 341, 341, 338, 341, 
4886124, 341, 342, 338, 342, 
4886157, 340, 341, 338, 343, 
4886189, 339, 341, 338, 343, 
4886221, 337, 341, 338, 343, 
4886253, 337, 340, 338, 344, 
4886286, 337, 340, 339, 344, 
4886318, 336, 339, 339, 342, 
4886349, 336, 339, 338, 342, 
4886382, 335, 339, 338, 340, 
4886414, 335, 339, 338, 338, 
4886447, 335, 339, 338, 339, 
4886478, 336, 340, 339, 339, 
4886511, 333, 333, 338, 339, 
4886543, 328, 339, 336, 335, 
4886576, 336, 338, 338, 337, 
4886607, 336, 336, 338, 338, 
4886640, 335, 335, 339, 338, 
4886672, 334, 335, 338, 338, 
4886705, 332, 333, 339, 337, 
4886736, 330, 331, 338, 337, 
4886769, 327, 330, 339, 337, 
4886801, 328, 332, 339, 337, 
4886834, 335, 338, 340, 338, 
4886865, 343, 341, 340, 338, 
4886898, 346, 343, 340, 338, 
4886930, 345, 343, 340, 339, 
4886963, 346, 344, 340, 338, 
4886994, 344, 343, 339, 338, 
4887027, 343, 341, 339, 339, 
4887059, 342, 340, 339, 339, 
4887092, 341, 339, 338, 339, 
4887123, 341, 339, 339, 339, 
4887156, 339, 339, 338, 338, 
4887188, 339, 338, 338, 340, 
4887221, 340, 337, 339, 339, 
4887252, 338, 338, 340, 340, 
4887285, 339, 337, 338, 338, 
4887317, 337, 339, 338, 338, 
4887349, 337, 337, 338, 338, 
4887382, 338, 337, 339, 338, 
4887413, 338, 337, 339, 338, 
4887446, 327, 330, 337, 336, 
4887478, 334, 339, 336, 335, 
4887511, 337, 336, 338, 337, 
4887542, 336, 336, 338, 336, 
4887575, 337, 335, 339, 337, 
4887607, 334, 334, 339, 336, 
4887640, 332, 333, 338, 336, 
4887671, 329, 331, 338, 337, 
4887704, 327, 330, 339, 336, 
4887736, 332, 335, 338, 335, 
4887769, 339, 340, 338, 335, 
4887800, 345, 343, 339, 335, 
4887833, 347, 344, 338, 335, 
4887865, 345, 343, 339, 337, 
4887898, 344, 342, 339, 336, 
4887929, 343, 342, 339, 337, 
4887962, 343, 340, 339, 338, 
4887994, 343, 340, 339, 338, 
4888027, 341, 339, 338, 338, 
4888058, 341, 339, 338, 338, 
4888091, 339, 339, 339, 338, 
4888123, 339, 338, 337, 339, 
4888156, 339, 339, 337, 340, 
4888187, 337, 339, 337, 339, 
4888220, 338, 338, 338, 338, 
4888252, 338, 338, 338, 339, 
4888285, 339, 338, 338, 339, 
4888316, 326, 332, 336, 338, 
4888349, 336, 340, 336, 337, 
4888381, 338, 337, 338, 339, 
4888413, 336, 337, 338, 340, 
4888445, 335, 335, 338, 340, 
4888477, 334, 334, 339, 340, 
4888510, 331, 333, 338, 339, 
4888542, 328, 331, 338, 338, 
4888574, 328, 332, 338, 339, 
4888606, 333, 336, 338, 339, 
4888639, 340, 340, 340, 338, 
4888671, 344, 343, 339, 339, 
4888704, 345, 344, 339, 339, 
4888735, 345, 343, 338, 339, 
4888768, 344, 342, 338, 338, 
4888800, 342, 342, 339, 339, 
4888833, 341, 341, 339, 338, 
4888864, 341, 340, 339, 338, 
4888897, 341, 340, 339, 339, 
4888929, 340, 339, 338, 338, 
4888962, 340, 339, 338, 339, 
4888993, 339, 338, 338, 339, 
4889026, 338, 338, 338, 339, 
4889058, 337, 337, 337, 338, 
4889091, 337, 338, 337, 337, 
4889122, 337, 338, 338, 337, 
4889155, 337, 337, 338, 338, 
4889187, 330, 330, 337, 338, 
4889220, 333, 340, 336, 335, 
4889251, 337, 337, 337, 337, 
4889284, 336, 335, 337, 337, 
4889316, 335, 334, 337, 339, 
4889349, 334, 334, 337, 339, 
4889380, 333, 333, 338, 338, 
4889412, 329, 331, 337, 338, 
4889445, 326, 330, 338, 338, 
4889477, 329, 333, 338, 338, 
4889509, 337, 339, 339, 338, 
4889541, 343, 342, 339, 338, 
4889574, 346, 344, 339, 339, 
4889606, 345, 344, 340, 340, 
4889638, 346, 343, 339, 339, 
4889670, 342, 342, 339, 338, 
4889703, 343, 341, 339, 338, 
4889735, 341, 341, 339, 338, 
4889767, 340, 340, 339, 338, 
4889799, 339, 340, 339, 339, 
4889832, 338, 339, 338, 338, 
4889864, 339, 339, 339, 338, 
4889896, 338, 338, 339, 339, 
4889928, 338, 338, 339, 338, 
4889961, 337, 337, 338, 338, 
4889993, 337, 338, 338, 338, 
4890025, 335, 337, 338, 338, 
4890057, 337, 337, 338, 338, 
4890090, 336, 338, 337, 338, 
4890122, 327, 332, 336, 336, 
4890155, 336, 338, 337, 336, 
4890186, 336, 337, 338, 337, 
4890219, 336, 335, 339, 338, 
4890251, 336, 334, 339, 338, 
4890284, 334, 333, 339, 338, 
4890315, 331, 332, 339, 339, 
4890348, 328, 330, 338, 339, 
4890380, 327, 330, 337, 338, 
4890413, 333, 335, 339, 337, 
4890444, 340, 339, 339, 338, 
4890476, 344, 343, 339, 338, 
4890509, 346, 344, 340, 338, 
4890541, 347, 344, 339, 339, 
4890573, 344, 341, 339, 339, 
4890605, 343, 342, 340, 339, 
4890638, 343, 340, 340, 338, 
4890670, 341, 340, 339, 338, 
4890702, 340, 339, 338, 338, 
4890734, 340, 339, 338, 338, 
4890767, 340, 338, 338, 338, 
4890799, 339, 338, 338, 338, 
4890831, 339, 338, 338, 338, 
4890863, 338, 337, 338, 337, 
4890896, 336, 337, 339, 338, 
4890928, 338, 338, 339, 337, 
4890960, 339, 337, 339, 339, 
4890992, 326, 330, 337, 336, 
4891025, 335, 340, 337, 336, 
4891057, 337, 337, 337, 338, 
4891089, 336, 335, 338, 338, 
4891121, 336, 335, 338, 338, 
4891154, 335, 334, 338, 338, 
4891186, 331, 333, 339, 338, 
4891218, 327, 331, 336, 338, 
4891250, 327, 331, 338, 338, 
4891283, 333, 335, 337, 337, 
4891315, 339, 340, 336, 338, 
4891347, 343, 343, 338, 339, 
4891379, 345, 343, 339, 339, 
4891412, 346, 344, 339, 339, 
4891444, 344, 342, 339, 338, 
4891475, 343, 341, 339, 339, 
4891508, 342, 340, 339, 338, 
4891540, 341, 339, 339, 338, 
4891573, 340, 338, 339, 340, 
4891604, 339, 338, 338, 339, 
4891637, 338, 338, 339, 339, 
4891669, 338, 338, 339, 339, 
4891702, 337, 337, 338, 338, 
4891734, 338, 337, 338, 338, 
4891766, 337, 336, 338, 337, 
4891798, 336, 337, 338, 338, 
4891831, 336, 336, 338, 338, 
4891863, 337, 336, 338, 338, 
4891895, 334, 332, 340, 338, 
4891927, 329, 338, 335, 336, 
4891960, 336, 337, 337, 339, 
4891992, 336, 336, 337, 339, 
4892024, 337, 334, 338, 339, 
4892056, 334, 334, 338, 339, 
4892089, 333, 333, 338, 339, 
4892121, 330, 330, 338, 338, 
4892153, 327, 330, 338, 338, 
4892185, 328, 333, 339, 338, 
4892218, 335, 337, 338, 338, 
4892250, 342, 342, 338, 338, 
4892282, 345, 343, 339, 338, 
4892314, 344, 343, 339, 338, 
4892347, 345, 342, 339, 337, 
4892379, 343, 342, 339, 338, 
4892411, 342, 341, 339, 337, 
4892443, 342, 341, 339, 337, 
4892476, 342, 340, 339, 338, 
4892508, 340, 340, 339, 339, 
4892539, 340, 339, 339, 337, 
4892572, 340, 339, 340, 338, 
4892604, 339, 338, 339, 338, 
4892637, 339, 339, 339, 337, 
4892668, 338, 337, 338, 337, 
4892701, 337, 337, 338, 337, 
4892733, 337, 337, 337, 336, 
4892766, 335, 336, 338, 336, 
4892797, 337, 337, 338, 337, 
4892830, 337, 335, 339, 338, 
4892862, 327, 330, 336, 335, 
4892895, 336, 338, 338, 336, 
4892926, 337, 336, 340, 338, 
4892959, 337, 336, 339, 338, 
4892991, 336, 334, 339, 338, 
4893024, 335, 332, 339, 339, 
4893056, 333, 331, 338, 338, 
4893088, 331, 328, 338, 339, 
4893120, 329, 328, 339, 338, 
4893153, 334, 333, 338, 338, 
4893185, 342, 338, 339, 339, 
4893217, 346, 341, 339, 339, 
4893249, 346, 342, 339, 338, 
4893282, 346, 342, 339, 338, 
4893314, 345, 342, 340, 339, 
4893346, 344, 340, 339, 338, 
4893378, 343, 341, 339, 339, 
4893411, 342, 341, 339, 338, 
4893443, 340, 340, 339, 339, 
4893475, 340, 340, 338, 338, 
4893507, 339, 340, 339, 339, 
4893539, 339, 341, 339, 338, 
4893572, 338, 341, 338, 339, 
4893603, 338, 340, 339, 338, 
4893636, 336, 338, 338, 338, 
4893668, 336, 338, 338, 337, 
4893701, 338, 338, 338, 338, 
4893732, 338, 339, 336, 337, 
4893765, 330, 330, 337, 337, 
4893797, 334, 341, 336, 335, 
4893830, 336, 338, 335, 337, 
4893861, 336, 335, 338, 337, 
4893894, 334, 336, 338, 337, 
4893926, 334, 334, 339, 338, 
4893959, 331, 333, 338, 338, 
4893990, 329, 331, 338, 338, 
4894023, 326, 332, 338, 339, 
4894055, 330, 334, 338, 339, 
4894088, 338, 339, 339, 338, 
4894119, 343, 343, 339, 338, 
4894152, 345, 343, 339, 338, 
4894184, 344, 343, 339, 337, 
4894217, 343, 342, 338, 337, 
4894248, 342, 341, 339, 337, 
4894281, 342, 339, 339, 338, 
4894313, 339, 340, 339, 338, 
4894346, 340, 338, 341, 337, 
4894377, 340, 339, 341, 338, 
4894410, 339, 339, 341, 339, 
4894442, 338, 338, 341, 339, 
4894475, 338, 338, 340, 339, 
4894507, 338, 338, 340, 340, 
4894539, 338, 338, 340, 338, 
4894571, 337, 338, 340, 339, 
4894603, 336, 338, 338, 338, 
4894636, 335, 338, 339, 338, 
4894667, 336, 338, 339, 339, 
4894700, 337, 339, 339, 339, 
4894732, 331, 331, 338, 339, 
4894765, 333, 344, 336, 336, 
4894796, 337, 339, 338, 338, 
4894829, 337, 336, 337, 338, 
4894861, 335, 335, 337, 338, 
4894894, 337, 334, 338, 339, 
4894925, 333, 333, 338, 339, 
4894958, 329, 331, 337, 339, 
4894990, 327, 330, 338, 338, 
4895023, 330, 333, 337, 339, 
4895054, 337, 339, 339, 338, 
4895087, 343, 342, 339, 339, 
4895119, 345, 343, 340, 339, 
4895152, 344, 343, 338, 339, 
4895183, 344, 342, 339, 339, 
4895216, 344, 341, 338, 339, 
4895248, 342, 341, 338, 339, 
4895281, 342, 340, 338, 339, 
4895312, 342, 340, 339, 339, 
4895345, 340, 339, 338, 341, 
4895377, 340, 339, 338, 339, 
4895410, 339, 338, 338, 338, 
4895441, 338, 338, 338, 339, 
4895474, 338, 338, 339, 339, 
4895506, 338, 337, 338, 339, 
4895539, 338, 338, 338, 339, 
4895570, 337, 337, 337, 339, 
4895602, 336, 338, 337, 339, 
4895635, 336, 337, 337, 338, 
4895667, 338, 339, 337, 340, 
4895699, 335, 333, 337, 339, 
4895731, 328, 337, 335, 337, 
4895764, 336, 338, 337, 339, 
4895796, 337, 337, 338, 340, 
4895828, 337, 335, 338, 340, 
4895860, 335, 336, 338, 339, 
4895893, 333, 334, 338, 339, 
4895925, 331, 332, 338, 339, 
4895958, 329, 332, 338, 339, 
4895989, 328, 332, 338, 339, 
4896022, 334, 337, 339, 339, 
4896054, 341, 341, 340, 340, 
4896087, 344, 343, 339, 341, 
4896118, 345, 344, 340, 340, 
4896151, 344, 344, 339, 339, 
4896183, 342, 342, 340, 339, 
4896216, 343, 340, 339, 340, 
4896247, 342, 341, 340, 340, 
4896280, 340, 339, 340, 341, 
4896312, 340, 339, 339, 341, 
4896345, 340, 338, 339, 347, 
4896376, 339, 340, 338, 350, 
4896409, 341, 339, 339, 350, 
4896441, 339, 339, 340, 348, 
4896474, 338, 338, 339, 347, 
4896505, 339, 338, 338, 344, 
4896538, 337, 337, 337, 341, 
4896570, 336, 339, 337, 338, 
4896603, 337, 338, 337, 337, 
4896634, 337, 336, 338, 336, 
4896666, 327, 334, 335, 334, 
4896699, 336, 339, 336, 333, 
4896731, 337, 337, 338, 335, 
4896763, 337, 336, 338, 336, 
4896795, 336, 335, 338, 336, 
4896828, 334, 334, 338, 336, 
4896860, 332, 332, 338, 338, 
4896892, 329, 330, 337, 338, 
4896924, 328, 330, 338, 338, 
4896957, 334, 335, 339, 338, 
4896989, 340, 340, 337, 338, 
4897021, 345, 343, 338, 338, 
4897053, 345, 343, 338, 338, 
4897086, 344, 342, 338, 338, 
4897118, 343, 342, 337, 339, 
4897150, 342, 342, 338, 339, 
4897182, 341, 341, 337, 339, 
4897215, 341, 341, 337, 337, 
4897247, 340, 339, 337, 338, 
4897280, 340, 339, 338, 338, 
4897311, 339, 339, 338, 337, 
4897344, 339, 338, 338, 337, 
4897376, 338, 338, 338, 335, 
4897409, 339, 338, 337, 333, 
4897440, 337, 337, 337, 332, 
4897473, 337, 338, 338, 333, 
4897505, 339, 338, 337, 333, 
4897538, 331, 330, 336, 333, 
4897569, 335, 342, 336, 332, 
4897602, 338, 338, 337, 334, 
4897634, 337, 336, 336, 335, 
4897666, 336, 335, 337, 335, 
4897698, 335, 334, 338, 336, 
4897730, 333, 332, 337, 335, 
4897763, 330, 331, 337, 335, 
4897795, 328, 330, 337, 336, 
4897827, 330, 334, 337, 336, 
4897859, 337, 338, 338, 337, 
4897892, 343, 341, 339, 338, 
4897924, 344, 344, 339, 338, 
4897956, 344, 342, 339, 338, 
4897988, 343, 342, 338, 337, 
4898021, 341, 341, 340, 337, 
4898053, 341, 341, 339, 337, 
4898085, 340, 340, 339, 338, 
4898117, 339, 340, 339, 338, 
4898150, 339, 339, 338, 337, 
4898182, 339, 339, 340, 337, 
4898214, 339, 338, 339, 338, 
4898246, 338, 338, 337, 338, 
4898279, 337, 338, 338, 337, 
4898311, 337, 338, 338, 337, 
4898343, 337, 337, 338, 336, 
4898375, 335, 338, 338, 337, 
4898408, 337, 337, 338, 337, 
4898440, 337, 337, 338, 338, 
4898472, 326, 333, 335, 334, 
4898504, 336, 340, 337, 336, 
4898537, 337, 337, 337, 337, 
4898569, 336, 334, 338, 337, 
4898601, 335, 335, 338, 338, 
4898633, 334, 333, 338, 337, 
4898666, 332, 332, 337, 336, 
4898698, 329, 329, 337, 336, 
4898729, 329, 330, 337, 338, 
4898762, 334, 334, 338, 338, 
4898794, 339, 340, 339, 338, 
4898827, 344, 342, 340, 338, 
4898859, 345, 343, 339, 339, 
4898891, 344, 343, 339, 338, 
4898923, 343, 343, 339, 338, 
4898956, 343, 341, 340, 340, 
4898988, 342, 341, 338, 338, 
4899020, 340, 340, 339, 338, 
4899052, 340, 340, 339, 337, 
4899085, 339, 339, 339, 337, 
4899117, 339, 339, 339, 337, 
4899149, 338, 337, 340, 337, 
4899181, 338, 339, 339, 338, 
4899214, 339, 338, 340, 338, 
4899246, 337, 338, 338, 337, 
4899278, 336, 337, 338, 337, 
4899310, 336, 336, 338, 337, 
4899343, 336, 338, 338, 338, 
4899375, 338, 337, 338, 337, 
4899407, 334, 333, 339, 337, 
4899439, 331, 339, 336, 335, 
4899472, 337, 339, 337, 337, 
4899504, 337, 337, 338, 338, 
4899536, 337, 335, 339, 339, 
4899568, 335, 334, 338, 338, 
4899601, 333, 333, 337, 338, 
4899633, 330, 331, 337, 338, 
4899665, 328, 329, 338, 338, 
4899697, 328, 331, 337, 338, 
4899729, 335, 337, 340, 338, 
4899762, 341, 341, 340, 338, 
4899793, 344, 344, 339, 339, 
4899826, 345, 344, 339, 339, 
4899858, 344, 342, 339, 339, 
4899891, 343, 341, 339, 340, 
4899922, 341, 342, 339, 339, 
4899955, 341, 342, 339, 339, 
4899987, 340, 340, 338, 338, 
4900020, 339, 339, 339, 338, 
4900051, 339, 339, 339, 339, 
4900084, 339, 339, 338, 340, 
4900116, 338, 338, 338, 339, 
4900149, 339, 339, 339, 339, 
4900180, 337, 338, 338, 338, 
4900213, 336, 337, 338, 338, 
4900245, 336, 337, 338, 338, 
4900278, 337, 337, 338, 339, 
4900310, 338, 337, 338, 338, 
4900342, 327, 329, 337, 337, 
4900374, 335, 339, 336, 337, 
4900407, 337, 336, 337, 338, 
4900439, 336, 335, 337, 338, 
4900471, 336, 334, 338, 339, 
4900503, 334, 334, 338, 339, 
4900536, 333, 332, 337, 338, 
4900568, 329, 330, 337, 337, 
4900600, 328, 330, 337, 338, 
4900632, 332, 334, 338, 337, 
4900665, 340, 339, 338, 339, 
4900697, 345, 342, 339, 339, 
4900729, 345, 343, 339, 339, 
4900761, 345, 343, 339, 338, 
4900793, 343, 342, 339, 339, 
4900826, 343, 341, 340, 338, 
4900857, 343, 341, 338, 338, 
4900890, 340, 340, 339, 338, 
4900922, 339, 339, 339, 339, 
4900955, 339, 339, 339, 339, 
4900986, 339, 338, 338, 338, 
4901019, 339, 338, 339, 338, 
4901051, 338, 338, 338, 340, 
4901084, 338, 338, 337, 338, 
4901115, 336, 338, 337, 338, 
4901148, 336, 337, 337, 337, 
4901180, 337, 337, 337, 338, 
4901213, 337, 336, 337, 337, 
4901244, 327, 334, 335, 335, 
4901277, 336, 340, 337, 337, 
4901309, 337, 337, 337, 337, 
4901342, 337, 335, 337, 338, 
4901373, 335, 334, 338, 339, 
4901406, 334, 332, 338, 338, 
4901438, 332, 331, 337, 338, 
4901471, 329, 331, 336, 337, 
4901502, 329, 330, 337, 337, 
4901535, 333, 335, 338, 338, 
4901567, 340, 340, 339, 338, 
4901600, 343, 343, 339, 339, 
4901632, 344, 344, 339, 339, 
4901664, 343, 342, 339, 339, 
4901696, 342, 342, 340, 338, 
4901729, 341, 341, 339, 338, 
4901761, 340, 340, 339, 338, 
4901792, 340, 339, 339, 339, 
4901825, 339, 339, 339, 338, 
4901857, 338, 338, 339, 339, 
4901890, 338, 336, 339, 339, 
4901921, 338, 338, 339, 339, 
4901954, 338, 338, 338, 337, 
4901986, 337, 338, 338, 337, 
4902019, 336, 338, 337, 338, 
4902050, 336, 337, 338, 338, 
4902083, 337, 338, 338, 338, 
4902115, 338, 337, 339, 338, 
4902148, 328, 329, 338, 337, 
4902179, 334, 341, 337, 337, 
4902212, 337, 337, 338, 338, 
4902244, 336, 335, 340, 338, 
4902277, 335, 335, 338, 339, 
4902308, 334, 333, 338, 338, 
4902341, 333, 332, 338, 338, 
4902373, 329, 330, 337, 338, 
