H??????b???b???b???b???bj
758390, 350, 344, 340, 340, 
758421, 350, 344, 339, 340, 
758453, 349, 343, 339, 340, 
758483, 347, 343, 339, 339, 
758515, 345, 341, 340, 340, 
758546, 343, 340, 339, 339, 
758578, 342, 340, 339, 340, 
758608, 341, 339, 339, 340, 
758640, 341, 339, 338, 339, 
758671, 339, 338, 338, 340, 
758703, 339, 338, 338, 339, 
758733, 339, 338, 338, 339, 
758764, 338, 338, 338, 339, 
758796, 338, 338, 338, 339, 
758827, 336, 337, 338, 338, 
758858, 335, 339, 337, 339, 
758889, 336, 338, 338, 340, 
758921, 337, 338, 338, 338, 
758951, 336, 334, 337, 337, 
758983, 317, 339, 335, 335, 
759014, 334, 339, 337, 337, 
759046, 337, 338, 337, 338, 
759076, 337, 336, 338, 338, 
759108, 337, 335, 338, 338, 
759139, 334, 334, 338, 338, 
759171, 330, 334, 339, 338, 
759201, 324, 331, 338, 337, 
759233, 321, 331, 338, 338, 
759264, 326, 335, 339, 338, 
759294, 338, 339, 339, 338, 
759326, 347, 342, 339, 339, 
759357, 350, 343, 339, 338, 
759389, 349, 342, 339, 338, 
759419, 347, 341, 339, 339, 
759451, 346, 342, 339, 337, 
759482, 344, 340, 339, 337, 
759514, 343, 339, 338, 338, 
759544, 342, 339, 339, 337, 
759576, 340, 339, 338, 337, 
759607, 340, 339, 339, 338, 
759639, 341, 339, 339, 338, 
759669, 339, 339, 340, 339, 
759701, 339, 337, 338, 337, 
759732, 338, 337, 339, 338, 
759762, 337, 338, 338, 337, 
759794, 336, 338, 339, 338, 
759825, 334, 338, 338, 337, 
759857, 336, 337, 338, 338, 
759887, 337, 337, 338, 338, 
759919, 335, 334, 337, 337, 
759950, 316, 338, 335, 335, 
759982, 333, 338, 337, 336, 
760012, 336, 337, 338, 337, 
760044, 339, 335, 339, 336, 
760075, 336, 335, 338, 338, 
760107, 334, 334, 338, 337, 
760137, 329, 333, 338, 338, 
760169, 325, 331, 338, 337, 
760200, 322, 332, 339, 338, 
760231, 327, 336, 338, 338, 
760262, 339, 340, 338, 338, 
760293, 347, 343, 339, 337, 
760325, 351, 342, 339, 338, 
760355, 350, 343, 338, 338, 
760387, 348, 342, 338, 338, 
760418, 347, 341, 338, 338, 
760450, 345, 340, 338, 337, 
760480, 343, 341, 339, 338, 
760512, 342, 340, 339, 338, 
760543, 342, 339, 339, 339, 
760574, 341, 337, 339, 339, 
760605, 339, 338, 338, 338, 
760637, 339, 338, 339, 338, 
760668, 338, 337, 339, 338, 
760699, 338, 337, 338, 339, 
760730, 336, 337, 337, 338, 
760761, 335, 338, 337, 337, 
760793, 334, 337, 337, 337, 
760823, 337, 337, 338, 337, 
760855, 336, 337, 339, 337, 
760886, 321, 329, 337, 337, 
760918, 325, 338, 335, 335, 
760948, 336, 336, 337, 338, 
760980, 337, 335, 337, 337, 
761011, 336, 335, 338, 338, 
761042, 334, 335, 338, 340, 
761073, 331, 333, 339, 338, 
761105, 326, 331, 339, 337, 
761136, 322, 330, 338, 338, 
761167, 323, 332, 339, 338, 
761198, 333, 338, 339, 338, 
761230, 344, 343, 339, 337, 
761261, 350, 344, 339, 337, 
761291, 350, 343, 338, 338, 
761323, 349, 343, 339, 338, 
761354, 347, 343, 339, 339, 
761385, 346, 341, 339, 339, 
761416, 344, 340, 339, 338, 
761448, 343, 340, 337, 338, 
761479, 342, 339, 338, 339, 
761510, 341, 339, 338, 338, 
761541, 340, 338, 338, 339, 
761573, 339, 339, 338, 337, 
761604, 339, 338, 338, 339, 
761635, 338, 338, 337, 338, 
761666, 336, 339, 337, 338, 
761698, 335, 338, 338, 338, 
761729, 337, 338, 338, 337, 
761759, 338, 337, 338, 337, 
761791, 318, 332, 337, 337, 
761822, 329, 340, 336, 335, 
761853, 335, 336, 337, 337, 
761884, 337, 336, 338, 339, 
761916, 336, 335, 338, 338, 
761947, 334, 334, 338, 339, 
761978, 331, 333, 338, 339, 
762009, 326, 331, 338, 337, 
762041, 321, 331, 337, 338, 
762072, 324, 333, 339, 337, 
762103, 335, 338, 339, 339, 
762134, 345, 343, 339, 339, 
762166, 349, 344, 339, 338, 
762196, 351, 344, 339, 338, 
762228, 349, 343, 339, 338, 
762259, 347, 342, 339, 337, 
762290, 345, 341, 339, 338, 
762321, 343, 340, 338, 337, 
762352, 342, 340, 340, 337, 
762384, 341, 339, 338, 337, 
762415, 340, 339, 339, 340, 
762446, 339, 338, 338, 338, 
762477, 338, 338, 338, 338, 
762509, 338, 338, 338, 338, 
762540, 337, 337, 338, 337, 
762571, 337, 337, 339, 336, 
762602, 336, 338, 338, 338, 
762634, 334, 338, 338, 337, 
762664, 335, 340, 338, 338, 
762696, 336, 338, 338, 339, 
762727, 334, 333, 337, 337, 
762758, 316, 339, 335, 336, 
762789, 334, 339, 337, 340, 
762820, 337, 338, 337, 342, 
762852, 337, 337, 338, 343, 
762883, 336, 336, 338, 344, 
762914, 334, 336, 338, 344, 
762945, 329, 335, 338, 344, 
762977, 324, 333, 338, 345, 
763008, 321, 333, 339, 345, 
763039, 329, 337, 338, 345, 
763070, 339, 343, 338, 347, 
763102, 347, 345, 338, 347, 
763132, 350, 346, 338, 347, 
763164, 350, 345, 338, 348, 
763195, 349, 346, 339, 347, 
763227, 346, 344, 338, 347, 
763257, 345, 343, 337, 347, 
763288, 344, 343, 337, 346, 
763320, 343, 342, 338, 344, 
763351, 342, 342, 336, 344, 
763382, 340, 341, 337, 344, 
763413, 340, 341, 337, 346, 
763445, 338, 341, 337, 347, 
763475, 338, 340, 338, 346, 
763507, 338, 340, 338, 345, 
763538, 337, 339, 338, 341, 
763570, 337, 339, 338, 344, 
763600, 335, 339, 338, 342, 
763632, 333, 340, 338, 341, 
763663, 335, 339, 338, 339, 
763695, 337, 339, 339, 339, 
763725, 332, 333, 339, 338, 
763756, 316, 338, 337, 333, 
763788, 334, 338, 338, 335, 
763819, 336, 337, 338, 336, 
763850, 337, 337, 339, 336, 
763881, 336, 336, 339, 336, 
763913, 333, 335, 339, 336, 
763943, 328, 333, 339, 336, 
763975, 323, 330, 340, 336, 
764006, 321, 331, 339, 335, 
764038, 328, 335, 340, 335, 
764068, 341, 341, 339, 335, 
764100, 349, 343, 340, 335, 
764131, 350, 344, 340, 335, 
764163, 351, 343, 339, 336, 
764193, 348, 342, 340, 335, 
764225, 346, 341, 339, 335, 
764256, 345, 339, 339, 335, 
764286, 343, 339, 339, 335, 
764318, 342, 339, 338, 335, 
764349, 341, 338, 339, 335, 
764381, 342, 338, 338, 335, 
764411, 339, 338, 339, 336, 
764443, 340, 338, 338, 336, 
764474, 338, 337, 339, 334, 
764506, 338, 336, 338, 335, 
764536, 337, 336, 338, 335, 
764568, 336, 336, 339, 333, 
764599, 337, 336, 338, 335, 
764631, 338, 336, 338, 334, 
764661, 332, 331, 338, 334, 
764693, 318, 336, 336, 331, 
764724, 334, 334, 337, 334, 
764754, 337, 333, 338, 334, 
764786, 338, 334, 339, 335, 
764817, 337, 333, 338, 336, 
764849, 334, 333, 338, 335, 
764879, 329, 331, 338, 335, 
764911, 323, 328, 338, 335, 
764942, 321, 328, 338, 335, 
764974, 329, 335, 339, 335, 
765004, 343, 339, 340, 336, 
765036, 349, 341, 339, 336, 
765067, 351, 342, 338, 336, 
765099, 351, 342, 339, 337, 
765129, 348, 340, 338, 335, 
765161, 347, 340, 339, 337, 
765192, 346, 339, 338, 336, 
765223, 343, 339, 339, 336, 
765254, 342, 339, 339, 336, 
765285, 341, 338, 339, 336, 
765317, 341, 337, 339, 337, 
765347, 339, 337, 337, 335, 
765379, 339, 338, 339, 336, 
765410, 338, 337, 339, 337, 
765442, 338, 338, 339, 336, 
765472, 337, 338, 338, 336, 
765504, 337, 335, 338, 336, 
765535, 335, 337, 338, 336, 
765566, 334, 338, 338, 336, 
765597, 337, 336, 338, 336, 
765629, 337, 336, 338, 335, 
765660, 315, 331, 337, 333, 
765691, 330, 338, 336, 334, 
765722, 336, 335, 338, 336, 
765753, 338, 335, 338, 336, 
765785, 337, 335, 337, 336, 
765815, 334, 333, 339, 337, 
765847, 331, 333, 338, 337, 
765878, 326, 330, 338, 336, 
765910, 321, 329, 338, 337, 
765940, 325, 332, 339, 337, 
765972, 337, 338, 338, 336, 
766003, 346, 341, 340, 338, 
766034, 350, 343, 339, 337, 
766065, 350, 344, 340, 337, 
766097, 349, 343, 340, 337, 
766128, 347, 341, 339, 337, 
766159, 345, 340, 340, 337, 
766190, 344, 339, 339, 336, 
766222, 341, 339, 339, 338, 
766253, 341, 339, 339, 337, 
766283, 341, 339, 339, 337, 
766315, 338, 339, 339, 337, 
766346, 339, 337, 340, 339, 
766377, 339, 337, 339, 336, 
766408, 338, 337, 339, 336, 
766440, 336, 337, 339, 337, 
766471, 337, 337, 340, 336, 
766502, 337, 337, 339, 336, 
766533, 335, 337, 338, 336, 
766565, 333, 337, 338, 336, 
766596, 335, 337, 337, 337, 
766627, 337, 337, 338, 336, 
766658, 330, 330, 337, 336, 
766690, 318, 339, 336, 333, 
766721, 334, 337, 338, 336, 
766751, 338, 336, 338, 336, 
766783, 337, 335, 338, 336, 
766814, 335, 335, 338, 336, 
766845, 332, 333, 338, 337, 
766876, 329, 331, 339, 337, 
766908, 323, 330, 338, 336, 
766939, 321, 330, 338, 337, 
766970, 330, 335, 338, 336, 
767001, 342, 340, 339, 338, 
767033, 348, 343, 339, 338, 
767064, 351, 343, 339, 338, 
767095, 350, 343, 339, 339, 
767126, 348, 342, 339, 340, 
767158, 347, 341, 339, 338, 
767188, 345, 341, 339, 338, 
767220, 343, 340, 339, 338, 
767251, 342, 339, 339, 338, 
767282, 342, 339, 340, 337, 
767313, 340, 339, 339, 338, 
767344, 339, 339, 339, 338, 
767376, 338, 338, 338, 338, 
767407, 338, 338, 338, 338, 
767438, 337, 338, 338, 337, 
767469, 337, 338, 338, 338, 
767501, 338, 338, 338, 338, 
767532, 336, 337, 337, 337, 
767563, 335, 338, 336, 336, 
767594, 332, 338, 338, 336, 
767626, 336, 338, 338, 337, 
767656, 337, 337, 338, 336, 
767688, 317, 330, 337, 335, 
767719, 326, 338, 336, 334, 
767750, 336, 336, 338, 336, 
767781, 337, 335, 337, 337, 
767812, 337, 334, 339, 338, 
767844, 334, 334, 340, 337, 
767875, 331, 333, 338, 338, 
767906, 327, 331, 338, 338, 
767937, 321, 329, 339, 338, 
767969, 321, 333, 339, 338, 
768000, 333, 338, 339, 337, 
768031, 345, 344, 339, 338, 
768062, 350, 345, 339, 339, 
768094, 351, 344, 339, 337, 
768124, 350, 343, 339, 338, 
768156, 347, 342, 340, 338, 
768187, 346, 342, 339, 338, 
768219, 344, 341, 338, 337, 
768249, 343, 340, 339, 338, 
768280, 343, 340, 339, 338, 
768312, 341, 340, 339, 338, 
768343, 340, 338, 339, 338, 
768374, 339, 338, 338, 339, 
768405, 338, 337, 339, 339, 
768437, 337, 338, 339, 338, 
768467, 337, 337, 337, 338, 
768499, 334, 338, 338, 337, 
768530, 334, 338, 338, 337, 
768562, 337, 338, 339, 339, 
768592, 337, 337, 337, 339, 
768624, 314, 333, 335, 334, 
768655, 331, 337, 336, 335, 
768687, 336, 336, 338, 337, 
768717, 337, 336, 338, 338, 
768748, 336, 335, 339, 338, 
768780, 333, 335, 338, 338, 
768811, 329, 334, 338, 337, 
768842, 324, 331, 338, 338, 
768873, 320, 330, 338, 338, 
768905, 325, 333, 338, 337, 
768935, 339, 340, 340, 337, 
768967, 346, 342, 338, 337, 
768998, 351, 345, 338, 336, 
769030, 351, 344, 339, 339, 
769060, 349, 344, 339, 337, 
769092, 346, 341, 339, 337, 
769123, 345, 341, 340, 337, 
769155, 343, 340, 338, 335, 
769185, 343, 340, 339, 336, 
769217, 341, 339, 339, 335, 
769248, 340, 338, 339, 336, 
769278, 341, 340, 340, 335, 
769310, 338, 338, 340, 335, 
769341, 338, 338, 339, 335, 
769373, 337, 338, 339, 334, 
769403, 338, 337, 339, 335, 
769435, 337, 337, 339, 334, 
769466, 335, 337, 338, 335, 
769498, 335, 337, 339, 335, 
769528, 336, 336, 338, 336, 
769560, 338, 335, 337, 336, 
769591, 326, 329, 338, 336, 
769623, 322, 339, 337, 334, 
769653, 335, 336, 338, 339, 
769685, 338, 334, 338, 339, 
769716, 337, 335, 337, 340, 
769746, 335, 334, 339, 340, 
769778, 333, 334, 339, 340, 
769809, 329, 335, 338, 339, 
769841, 323, 334, 338, 340, 
769871, 322, 336, 338, 342, 
769903, 332, 340, 338, 340, 
769934, 343, 343, 339, 340, 
769966, 349, 344, 339, 340, 
769996, 350, 344, 339, 340, 
770028, 349, 344, 339, 340, 
770059, 348, 342, 339, 340, 
770091, 345, 341, 339, 340, 
770121, 344, 340, 338, 340, 
770153, 342, 339, 338, 340, 
770184, 341, 340, 339, 340, 
770215, 340, 339, 338, 339, 
770246, 339, 339, 339, 339, 
770277, 339, 338, 339, 340, 
770309, 338, 338, 339, 340, 
770339, 339, 338, 338, 340, 
770371, 338, 336, 338, 339, 
770402, 338, 337, 338, 340, 
770434, 337, 337, 338, 339, 
770464, 338, 337, 338, 339, 
770496, 336, 337, 337, 339, 
770527, 335, 337, 337, 339, 
770558, 337, 338, 338, 339, 
770589, 340, 337, 339, 338, 
770621, 335, 332, 337, 338, 
770652, 318, 338, 336, 336, 
770683, 333, 336, 337, 338, 
770714, 337, 335, 337, 337, 
770745, 337, 335, 337, 338, 
770777, 336, 335, 338, 339, 
770807, 333, 334, 338, 339, 
770839, 329, 332, 339, 339, 
770870, 324, 332, 339, 339, 
770902, 321, 330, 338, 339, 
770932, 328, 336, 338, 339, 
770964, 340, 340, 338, 338, 
770995, 348, 343, 338, 339, 
771026, 350, 344, 338, 338, 
771057, 349, 343, 339, 338, 
771089, 347, 342, 339, 339, 
771120, 345, 340, 338, 339, 
771151, 344, 340, 340, 339, 
771182, 342, 341, 339, 339, 
771214, 342, 340, 339, 338, 
771245, 341, 340, 338, 338, 
771275, 340, 339, 338, 338, 
771307, 339, 339, 339, 340, 
771338, 338, 338, 338, 338, 
771369, 338, 338, 338, 338, 
771400, 337, 337, 338, 339, 
771432, 336, 338, 338, 338, 
771463, 334, 337, 338, 338, 
771494, 335, 337, 338, 339, 
771525, 338, 337, 338, 337, 
771557, 330, 330, 337, 338, 
771588, 320, 339, 335, 335, 
771619, 334, 336, 337, 338, 
771650, 337, 337, 339, 337, 
771682, 337, 335, 338, 338, 
771713, 336, 335, 338, 338, 
771743, 332, 334, 338, 337, 
771775, 328, 333, 338, 339, 
771806, 323, 331, 338, 338, 
771837, 321, 332, 338, 338, 
771868, 330, 337, 338, 337, 
771900, 341, 341, 338, 339, 
771931, 348, 342, 339, 338, 
771962, 350, 342, 338, 338, 
771993, 349, 342, 339, 339, 
772025, 347, 341, 338, 339, 
772056, 345, 341, 339, 339, 
772087, 344, 340, 338, 339, 
772118, 342, 340, 338, 339, 
772150, 341, 339, 338, 339, 
772180, 340, 338, 338, 337, 
772212, 340, 339, 339, 338, 
772243, 340, 338, 338, 338, 
772274, 339, 338, 339, 338, 
772305, 338, 338, 338, 338, 
772336, 338, 339, 339, 338, 
772368, 337, 338, 339, 338, 
772399, 337, 338, 339, 339, 
772430, 337, 338, 339, 338, 
772461, 335, 338, 338, 338, 
772493, 334, 337, 338, 338, 
772524, 336, 338, 338, 338, 
772555, 337, 338, 339, 338, 
772586, 326, 331, 337, 338, 
772618, 322, 341, 336, 336, 
772648, 335, 337, 337, 338, 
772680, 337, 336, 338, 339, 
772711, 337, 335, 339, 339, 
772742, 337, 334, 339, 338, 
772773, 332, 334, 339, 339, 
772804, 329, 332, 339, 339, 
772836, 323, 330, 338, 338, 
772867, 322, 331, 339, 338, 
772898, 331, 337, 339, 338, 
772929, 343, 341, 339, 338, 
772961, 350, 343, 340, 339, 
772992, 349, 343, 339, 339, 
773023, 349, 342, 338, 338, 
773054, 347, 342, 340, 340, 
773086, 346, 341, 339, 339, 
773116, 344, 340, 338, 339, 
773148, 343, 341, 339, 338, 
773179, 341, 339, 338, 338, 
773211, 340, 340, 338, 338, 
773241, 340, 339, 339, 338, 
773272, 339, 338, 338, 340, 
773304, 338, 339, 338, 341, 
773335, 338, 338, 338, 338, 
773366, 338, 338, 338, 338, 
773397, 337, 338, 338, 338, 
773429, 337, 338, 338, 338, 
773459, 336, 338, 338, 338, 
773491, 335, 339, 338, 339, 
773522, 335, 338, 338, 337, 
773554, 337, 338, 338, 338, 
773584, 336, 335, 338, 338, 
773616, 318, 337, 337, 335, 
773647, 333, 337, 337, 337, 
773679, 337, 336, 338, 338, 
773709, 337, 336, 338, 339, 
773740, 336, 335, 338, 338, 
773772, 334, 335, 338, 338, 
773803, 330, 334, 340, 338, 
773834, 325, 332, 339, 339, 
773865, 321, 332, 339, 338, 
773897, 327, 335, 339, 338, 
773927, 338, 340, 339, 339, 
773959, 347, 343, 339, 337, 
773990, 351, 344, 339, 339, 
774022, 351, 343, 339, 339, 
774052, 349, 343, 339, 339, 
774084, 347, 342, 339, 339, 
774115, 345, 341, 339, 338, 
774147, 343, 340, 339, 338, 
774177, 342, 339, 339, 338, 
774209, 341, 339, 339, 339, 
774240, 340, 339, 339, 338, 
774270, 339, 339, 339, 339, 
774302, 338, 338, 339, 338, 
774333, 338, 339, 339, 338, 
774365, 338, 339, 338, 338, 
774395, 337, 337, 339, 337, 
774427, 337, 338, 338, 337, 
774458, 337, 337, 339, 337, 
774490, 337, 339, 338, 338, 
774520, 335, 339, 338, 337, 
774552, 334, 337, 338, 337, 
774583, 335, 338, 338, 338, 
774615, 337, 337, 339, 339, 
774645, 327, 330, 337, 337, 
774677, 324, 340, 337, 336, 
774708, 334, 337, 337, 337, 
774738, 337, 336, 338, 338, 
774770, 337, 335, 338, 338, 
774801, 335, 335, 338, 339, 
774833, 333, 333, 338, 338, 
774863, 329, 332, 337, 337, 
774895, 324, 331, 337, 337, 
774926, 323, 332, 338, 338, 
774958, 332, 338, 338, 338, 
774988, 342, 341, 338, 338, 
775020, 348, 343, 339, 339, 
775051, 350, 343, 339, 338, 
775083, 349, 342, 338, 338, 
775113, 347, 341, 339, 338, 
775145, 345, 340, 338, 337, 
775176, 343, 339, 339, 337, 
775207, 342, 339, 338, 338, 
775238, 342, 338, 338, 338, 
775269, 341, 339, 338, 338, 
775301, 339, 338, 338, 338, 
775331, 339, 338, 338, 338, 
775363, 339, 338, 338, 338, 
775394, 339, 339, 338, 338, 
775426, 339, 338, 339, 337, 
775456, 337, 339, 338, 338, 
775488, 337, 337, 338, 338, 
775519, 337, 338, 339, 339, 
775550, 336, 337, 338, 338, 
775581, 335, 337, 338, 337, 
775613, 334, 338, 339, 338, 
775644, 336, 338, 338, 340, 
775675, 338, 338, 338, 339, 
775706, 323, 331, 338, 337, 
775737, 325, 341, 336, 336, 
775769, 337, 337, 338, 338, 
775799, 338, 336, 338, 338, 
775831, 337, 336, 338, 338, 
775862, 336, 336, 338, 339, 
775894, 333, 335, 339, 339, 
775924, 329, 333, 339, 339, 
775956, 323, 330, 339, 338, 
775987, 323, 332, 338, 339, 
776018, 332, 336, 338, 338, 
776049, 343, 341, 339, 338, 
776081, 349, 343, 340, 339, 
776112, 350, 343, 339, 339, 
776143, 350, 344, 339, 339, 
776174, 348, 342, 339, 338, 
776206, 346, 340, 339, 339, 
776237, 344, 341, 339, 338, 
776267, 344, 340, 339, 338, 
776299, 342, 341, 339, 339, 
776330, 340, 340, 339, 339, 
776361, 338, 339, 339, 339, 
776392, 340, 339, 339, 339, 
776424, 338, 339, 338, 339, 
776455, 338, 338, 339, 339, 
776486, 337, 338, 338, 338, 
776517, 336, 338, 339, 338, 
776549, 336, 337, 339, 338, 
776580, 336, 337, 338, 337, 
776611, 335, 337, 338, 339, 
776642, 333, 336, 338, 338, 
776674, 336, 337, 339, 337, 
776705, 337, 336, 338, 337, 
776735, 322, 329, 338, 335, 
776767, 327, 338, 336, 335, 
776798, 336, 336, 337, 338, 
776829, 337, 335, 337, 337, 
776860, 338, 336, 340, 339, 
776892, 336, 334, 339, 339, 
776923, 334, 335, 339, 339, 
776954, 328, 332, 339, 339, 
776985, 323, 331, 340, 339, 
777017, 323, 332, 339, 338, 
777048, 334, 338, 339, 338, 
777079, 344, 341, 339, 338, 
777110, 349, 344, 340, 338, 
777142, 351, 343, 339, 338, 
777172, 350, 342, 339, 339, 
777204, 348, 342, 340, 338, 
777235, 346, 342, 339, 338, 
777266, 344, 341, 339, 338, 
777297, 343, 340, 339, 338, 
777328, 342, 339, 338, 338, 
777360, 341, 339, 338, 338, 
777391, 340, 339, 338, 338, 
777422, 339, 338, 339, 337, 
777453, 338, 339, 338, 337, 
777485, 338, 339, 338, 337, 
777516, 337, 338, 338, 338, 
777547, 337, 337, 338, 337, 
777578, 337, 337, 338, 337, 
777610, 335, 338, 338, 337, 
777640, 335, 337, 338, 337, 
777672, 336, 338, 338, 338, 
777703, 337, 337, 338, 337, 
777734, 316, 334, 336, 335, 
777765, 331, 339, 337, 336, 
777796, 336, 336, 337, 338, 
777828, 337, 336, 339, 339, 
777859, 336, 335, 338, 338, 
777890, 334, 334, 339, 338, 
777921, 331, 333, 338, 338, 
777953, 326, 332, 338, 338, 
777984, 322, 331, 338, 338, 
778015, 325, 334, 338, 338, 
778046, 336, 339, 338, 338, 
778078, 346, 342, 339, 339, 
778108, 350, 343, 339, 338, 
778140, 350, 343, 339, 338, 
778171, 349, 343, 339, 338, 
778203, 347, 341, 339, 338, 
778233, 345, 341, 338, 337, 
778264, 344, 340, 338, 337, 
778296, 341, 339, 338, 338, 
778327, 341, 339, 337, 338, 
778358, 339, 339, 339, 338, 
778389, 340, 339, 339, 338, 
778421, 338, 338, 339, 339, 
778451, 338, 338, 337, 339, 
778483, 337, 339, 339, 338, 
778514, 337, 338, 338, 337, 
778546, 337, 339, 338, 338, 
778576, 336, 337, 338, 338, 
778608, 334, 339, 338, 338, 
778639, 334, 337, 338, 337, 
778671, 337, 338, 338, 338, 
778701, 338, 336, 338, 337, 
778732, 316, 334, 336, 335, 
778764, 331, 338, 337, 336, 
778795, 336, 336, 338, 338, 
778826, 337, 336, 338, 338, 
778857, 336, 335, 341, 338, 
778889, 334, 336, 339, 338, 
778919, 330, 333, 338, 338, 
778951, 325, 331, 338, 338, 
778982, 321, 330, 339, 339, 
779014, 324, 333, 339, 339, 
779044, 336, 339, 338, 338, 
779076, 345, 342, 339, 338, 
779107, 350, 344, 339, 338, 
779139, 350, 344, 339, 338, 
779169, 347, 343, 339, 339, 
779201, 346, 342, 339, 339, 
779232, 344, 341, 339, 338, 
779262, 342, 338, 339, 338, 
779294, 341, 339, 339, 337, 
779325, 340, 338, 338, 337, 
779357, 340, 337, 338, 338, 
779387, 339, 337, 338, 336, 
779419, 338, 336, 339, 336, 
779450, 338, 337, 338, 336, 
779482, 338, 336, 339, 337, 
779512, 337, 335, 338, 337, 
779544, 336, 336, 339, 337, 
779575, 336, 336, 338, 337, 
779607, 334, 337, 337, 337, 
779637, 334, 337, 338, 337, 
779669, 335, 337, 338, 337, 
779700, 337, 336, 339, 338, 
779730, 319, 332, 336, 336, 
779762, 328, 341, 337, 336, 
779793, 335, 338, 338, 338, 
779825, 337, 336, 338, 340, 
779855, 338, 336, 338, 339, 
779887, 336, 336, 338, 339, 
779918, 332, 334, 338, 339, 
779950, 328, 332, 339, 338, 
779980, 323, 330, 338, 336, 
780012, 324, 333, 339, 337, 
780043, 335, 338, 339, 338, 
780075, 345, 342, 340, 337, 
780105, 351, 343, 340, 337, 
780137, 351, 343, 341, 337, 
780168, 350, 342, 339, 338, 
780199, 347, 342, 339, 337, 
780230, 345, 340, 339, 338, 
780261, 344, 341, 338, 338, 
780293, 342, 341, 339, 337, 
780323, 341, 340, 339, 339, 
780355, 340, 339, 338, 338, 
780386, 339, 339, 338, 339, 
780418, 339, 338, 338, 339, 
780448, 338, 337, 339, 339, 
780480, 337, 338, 339, 339, 
780511, 338, 338, 338, 338, 
780542, 337, 338, 339, 339, 
780573, 336, 338, 338, 339, 
780605, 335, 338, 338, 340, 
780636, 334, 338, 338, 339, 
780667, 336, 338, 338, 339, 
780698, 336, 338, 338, 340, 
780729, 333, 332, 339, 338, 
780761, 315, 339, 336, 337, 
780791, 334, 338, 338, 338, 
780823, 335, 336, 338, 339, 
780854, 337, 336, 339, 338, 
780886, 336, 335, 338, 338, 
780916, 334, 335, 338, 339, 
780948, 329, 333, 338, 339, 
780979, 324, 331, 339, 339, 
781010, 321, 331, 337, 338, 
781041, 328, 335, 338, 337, 
781073, 339, 340, 338, 339, 
781104, 348, 343, 339, 338, 
781135, 351, 344, 339, 338, 
781166, 350, 343, 338, 338, 
781198, 349, 342, 338, 338, 
781229, 347, 341, 338, 339, 
781259, 346, 341, 338, 338, 
781291, 344, 340, 338, 339, 
781322, 342, 340, 340, 339, 
781353, 342, 340, 339, 339, 
781384, 341, 340, 339, 339, 
781416, 340, 339, 339, 338, 
781447, 339, 339, 339, 338, 
781478, 339, 339, 339, 338, 
781509, 339, 339, 339, 338, 
781541, 338, 338, 339, 339, 
781572, 338, 338, 338, 338, 
781603, 338, 338, 339, 337, 
781634, 336, 338, 339, 337, 
781666, 335, 338, 338, 338, 
781697, 334, 337, 339, 337, 
781727, 337, 338, 339, 338, 
781759, 338, 337, 338, 338, 
781790, 318, 332, 338, 337, 
781821, 328, 339, 336, 335, 
781852, 336, 336, 338, 337, 
781884, 337, 336, 338, 338, 
781915, 338, 336, 339, 338, 
781946, 335, 335, 339, 338, 
781977, 332, 335, 339, 337, 
782009, 327, 332, 339, 338, 
782040, 323, 332, 339, 340, 
782071, 324, 335, 339, 338, 
782102, 335, 340, 338, 339, 
782134, 345, 343, 340, 339, 
782164, 350, 345, 340, 339, 
782196, 351, 345, 339, 340, 
782227, 350, 344, 339, 340, 
782258, 348, 344, 338, 339, 
782289, 345, 342, 339, 339, 
782320, 343, 341, 338, 338, 
782352, 344, 340, 339, 339, 
782383, 342, 339, 339, 339, 
782414, 342, 340, 339, 338, 
782445, 341, 340, 339, 338, 
782477, 341, 340, 339, 338, 
782508, 339, 338, 339, 339, 
782539, 338, 339, 339, 339, 
782570, 337, 337, 338, 339, 
782602, 337, 337, 338, 338, 
782632, 335, 337, 338, 339, 
782664, 337, 337, 339, 338, 
782695, 337, 336, 339, 338, 
782726, 334, 332, 337, 338, 
782757, 319, 339, 335, 335, 
782788, 333, 337, 337, 336, 
782820, 336, 336, 338, 337, 
782851, 338, 334, 338, 338, 
782882, 337, 335, 338, 338, 
782913, 334, 334, 338, 338, 
782945, 330, 333, 338, 339, 
782976, 325, 331, 339, 338, 
783007, 322, 331, 340, 339, 
783038, 329, 336, 339, 339, 
783070, 340, 341, 340, 338, 
783100, 347, 343, 340, 339, 
783132, 350, 344, 340, 340, 
783163, 350, 343, 339, 339, 
783195, 349, 342, 339, 339, 
783225, 347, 342, 339, 338, 
783256, 344, 341, 339, 338, 
783288, 343, 341, 339, 338, 
783319, 342, 341, 338, 338, 
783350, 341, 339, 339, 339, 
783381, 340, 339, 339, 340, 
783413, 339, 339, 338, 338, 
783443, 339, 339, 339, 338, 
783475, 338, 338, 340, 339, 
783506, 338, 338, 338, 338, 
783538, 338, 339, 338, 338, 
783568, 337, 338, 338, 338, 
783600, 335, 338, 339, 337, 
783631, 335, 338, 338, 338, 
783663, 337, 338, 338, 338, 
783693, 338, 337, 338, 338, 
783724, 318, 331, 337, 337, 
783756, 328, 341, 337, 336, 
783787, 336, 337, 338, 338, 
783818, 338, 336, 338, 338, 
783849, 337, 335, 339, 339, 
783881, 335, 334, 338, 337, 
783911, 331, 333, 338, 339, 
783943, 327, 331, 337, 338, 
783974, 322, 330, 338, 338, 
784006, 323, 332, 338, 338, 
784036, 333, 338, 338, 338, 
784068, 345, 343, 339, 338, 
784099, 349, 344, 339, 337, 
784131, 350, 343, 340, 338, 
784161, 349, 343, 339, 338, 
784193, 347, 342, 339, 337, 
784224, 346, 340, 338, 338, 
784254, 344, 340, 339, 339, 
784286, 343, 340, 338, 338, 
784317, 342, 340, 340, 338, 
784349, 340, 339, 340, 338, 
784379, 340, 338, 339, 339, 
784411, 339, 339, 339, 339, 
784442, 340, 339, 339, 339, 
784474, 339, 338, 338, 339, 
784504, 339, 338, 339, 339, 
784536, 338, 338, 338, 339, 
784567, 336, 337, 338, 338, 
784599, 335, 338, 338, 338, 
784629, 334, 338, 339, 338, 
784661, 337, 339, 339, 338, 
784692, 338, 337, 339, 338, 
784722, 318, 331, 337, 336, 
784754, 329, 339, 336, 335, 
784785, 336, 336, 338, 338, 
784817, 339, 335, 338, 339, 
784847, 337, 335, 339, 338, 
784879, 335, 334, 339, 338, 
784910, 332, 333, 339, 339, 
784942, 326, 331, 339, 338, 
784972, 322, 330, 339, 338, 
785004, 323, 333, 337, 338, 
785035, 334, 338, 339, 339, 
785067, 344, 341, 339, 338, 
785097, 349, 343, 339, 338, 
785129, 351, 344, 338, 339, 
785160, 349, 344, 338, 339, 
785191, 348, 342, 338, 337, 
785222, 345, 341, 338, 337, 
785253, 344, 340, 339, 338, 
785285, 343, 340, 338, 338, 
785315, 343, 339, 338, 338, 
785347, 341, 339, 338, 338, 
785378, 341, 339, 339, 337, 
785410, 339, 339, 338, 338, 
785440, 340, 339, 339, 338, 
785472, 338, 339, 339, 338, 
785503, 336, 338, 339, 338, 
785534, 335, 339, 338, 339, 
785565, 337, 337, 338, 339, 
785597, 338, 338, 338, 338, 
785628, 324, 330, 338, 338, 
785659, 325, 339, 335, 335, 
785690, 336, 337, 338, 337, 
785721, 337, 335, 338, 338, 
785753, 337, 336, 340, 338, 
785783, 336, 336, 339, 338, 
785815, 332, 335, 340, 338, 
785846, 327, 332, 339, 340, 
785878, 322, 331, 339, 339, 
785908, 322, 333, 339, 339, 
785940, 333, 337, 339, 338, 
785971, 343, 341, 341, 338, 
786002, 349, 343, 340, 338, 
786033, 351, 343, 339, 339, 
786065, 350, 343, 340, 339, 
786096, 347, 342, 339, 339, 
786127, 346, 342, 339, 339, 
786158, 345, 341, 341, 339, 
786190, 343, 340, 338, 339, 
786221, 341, 340, 338, 341, 
786251, 341, 339, 338, 340, 
786283, 340, 339, 338, 342, 
786314, 340, 340, 340, 341, 
786345, 339, 339, 339, 342, 
786376, 339, 339, 338, 342, 
786408, 339, 338, 339, 343, 
786439, 337, 336, 338, 342, 
786470, 335, 336, 338, 343, 
786501, 337, 336, 338, 344, 
786533, 339, 337, 337, 345, 
786564, 341, 337, 337, 347, 
786595, 330, 333, 337, 346, 
786626, 323, 347, 333, 345, 
786658, 335, 350, 335, 348, 
786689, 338, 352, 336, 350, 
786719, 337, 353, 336, 351, 
786751, 336, 353, 337, 351, 
786782, 333, 352, 337, 353, 
786813, 329, 349, 337, 352, 
786844, 324, 344, 337, 352, 
786876, 322, 342, 338, 353, 
786907, 330, 343, 338, 352, 
786938, 341, 345, 339, 351, 
786969, 346, 345, 339, 350, 
787001, 348, 345, 339, 350, 
787032, 348, 342, 339, 348, 
787063, 347, 340, 340, 347, 
787094, 344, 338, 340, 347, 
787126, 343, 338, 339, 345, 
787156, 342, 336, 340, 345, 
787188, 344, 335, 340, 344, 
787219, 340, 335, 339, 342, 
787250, 339, 334, 339, 341, 
787281, 338, 334, 339, 342, 
787312, 338, 334, 339, 341, 
787344, 337, 334, 338, 339, 
787375, 337, 334, 338, 338, 
787406, 336, 334, 337, 337, 
787437, 337, 333, 338, 337, 
787469, 336, 335, 338, 335, 
787500, 336, 334, 338, 335, 
787531, 335, 336, 339, 334, 
787562, 335, 335, 338, 334, 
787594, 338, 335, 337, 334, 
787624, 335, 332, 337, 334, 
787656, 316, 336, 334, 331, 
787687, 333, 336, 337, 332, 
787718, 335, 334, 338, 333, 
787749, 337, 333, 337, 334, 
787780, 336, 332, 339, 333, 
787812, 334, 332, 338, 333, 
787843, 331, 331, 338, 333, 
787874, 325, 329, 338, 332, 
787905, 321, 330, 338, 332, 
787937, 327, 333, 338, 333, 
787968, 337, 338, 338, 333, 
787999, 345, 340, 338, 332, 
788030, 349, 341, 339, 332, 
788062, 349, 341, 339, 332, 
788092, 348, 339, 339, 332, 
788124, 346, 339, 338, 332, 
788155, 344, 339, 339, 332, 
788187, 343, 339, 339, 333, 
788217, 342, 338, 339, 332, 
788248, 341, 338, 338, 332, 
788280, 339, 337, 339, 332, 
788311, 340, 336, 338, 332, 
788342, 339, 337, 341, 332, 
788373, 338, 337, 338, 333, 
788405, 338, 337, 339, 332, 
788435, 338, 337, 339, 333, 
788467, 337, 336, 338, 332, 
788498, 335, 337, 339, 332, 
788530, 336, 337, 338, 333, 
788560, 337, 336, 337, 332, 
788592, 336, 333, 339, 333, 
788623, 318, 335, 335, 329, 
788655, 333, 336, 338, 331, 
788685, 337, 335, 339, 333, 
788716, 337, 335, 339, 334, 
788748, 336, 335, 338, 334, 
788779, 335, 334, 340, 335, 
788810, 332, 333, 341, 334, 
788841, 326, 331, 339, 334, 
788873, 323, 331, 339, 335, 
788903, 328, 334, 339, 335, 
788935, 339, 339, 339, 334, 
788966, 348, 342, 339, 336, 
788998, 350, 343, 341, 335, 
789028, 350, 342, 339, 335, 
789060, 348, 341, 338, 335, 
789091, 347, 341, 340, 336, 
789123, 345, 341, 338, 336, 
789153, 343, 339, 339, 336, 
789185, 343, 340, 338, 336, 
789216, 341, 339, 340, 336, 
789246, 340, 337, 339, 336, 
789278, 339, 338, 339, 336, 
789309, 339, 339, 339, 336, 
789341, 338, 338, 339, 335, 
789371, 338, 337, 338, 336, 
789403, 338, 338, 338, 337, 
789434, 335, 338, 338, 336, 
789466, 335, 337, 338, 336, 
789496, 336, 338, 338, 337, 
789528, 338, 337, 338, 336, 
789559, 325, 330, 338, 336, 
789591, 324, 341, 336, 333, 
789621, 335, 336, 338, 336, 
789653, 337, 335, 338, 336, 
789684, 338, 335, 338, 337, 
789714, 334, 335, 338, 337, 
789746, 334, 334, 339, 337, 
789777, 329, 333, 339, 337, 
789809, 324, 331, 339, 337, 
789839, 324, 332, 339, 337, 
789871, 334, 337, 339, 337, 
789902, 342, 341, 339, 338, 
789934, 348, 342, 340, 338, 
789964, 349, 342, 339, 338, 
789996, 348, 342, 339, 339, 
790027, 346, 341, 339, 338, 
790059, 345, 341, 340, 338, 
790089, 343, 340, 339, 339, 
790121, 342, 339, 338, 338, 
790152, 342, 339, 339, 337, 
790183, 341, 339, 338, 338, 
790214, 339, 339, 339, 336, 
790245, 339, 338, 338, 337, 
790277, 338, 338, 338, 337, 
790307, 338, 338, 339, 337, 
790339, 338, 338, 338, 337, 
790370, 338, 338, 339, 337, 
790402, 336, 337, 338, 337, 
790432, 335, 337, 338, 336, 
790464, 334, 336, 338, 337, 
790495, 336, 338, 338, 336, 
790526, 338, 337, 338, 337, 
790557, 322, 330, 337, 336, 
790589, 326, 340, 336, 335, 
790620, 336, 336, 338, 337, 
790651, 337, 335, 338, 337, 
790682, 337, 336, 338, 337, 
790713, 335, 334, 341, 338, 
790745, 332, 333, 339, 337, 
790775, 329, 332, 338, 337, 
790807, 323, 331, 338, 338, 
790838, 324, 333, 338, 337, 
790870, 334, 338, 339, 338, 
790900, 343, 341, 339, 339, 
790932, 348, 342, 338, 338, 
790963, 349, 343, 338, 338, 
790994, 348, 343, 339, 338, 
791025, 346, 341, 338, 338, 
791057, 345, 341, 339, 338, 
791088, 343, 340, 339, 338, 
791119, 343, 340, 339, 338, 
791150, 342, 339, 339, 338, 
791182, 341, 338, 339, 338, 
791213, 339, 338, 338, 338, 
791243, 340, 338, 339, 339, 
791275, 338, 338, 338, 338, 
791306, 337, 338, 339, 338, 
791337, 337, 338, 339, 338, 
791368, 335, 338, 339, 338, 
791400, 336, 337, 338, 338, 
791431, 338, 338, 338, 338, 
791462, 331, 331, 338, 338, 
791493, 321, 339, 335, 335, 
791525, 336, 337, 336, 338, 
791556, 337, 336, 338, 339, 
791587, 337, 336, 338, 338, 
791618, 335, 335, 338, 339, 
791650, 334, 335, 340, 339, 
791681, 329, 333, 338, 339, 
791711, 324, 332, 341, 338, 
791743, 323, 332, 339, 339, 
791774, 331, 336, 339, 338, 
791805, 342, 340, 339, 338, 
791836, 347, 342, 339, 339, 
791868, 349, 343, 339, 338, 
791899, 349, 342, 339, 338, 
791930, 347, 341, 339, 338, 
791961, 345, 341, 338, 338, 
791993, 345, 340, 339, 337, 
792024, 342, 340, 339, 338, 
792055, 341, 339, 339, 339, 
792086, 340, 339, 338, 338, 
792118, 339, 338, 338, 338, 
792148, 339, 338, 340, 338, 
792180, 337, 338, 338, 337, 
792211, 338, 339, 339, 338, 
792242, 337, 338, 338, 338, 
792273, 336, 337, 338, 337, 
792304, 335, 337, 337, 336, 
792336, 334, 337, 338, 337, 
792367, 335, 337, 338, 337, 
792398, 337, 337, 338, 337, 
792429, 328, 330, 338, 337, 
792461, 322, 341, 336, 335, 
792492, 335, 337, 337, 337, 
792523, 337, 335, 338, 337, 
792554, 338, 335, 338, 337, 
792586, 336, 334, 338, 337, 
792616, 333, 334, 339, 338, 
792648, 330, 332, 338, 337, 
792679, 324, 331, 338, 337, 
792710, 322, 331, 339, 336, 
792741, 331, 335, 339, 337, 
792772, 342, 339, 339, 337, 
792804, 348, 340, 339, 337, 
792835, 349, 340, 339, 337, 
792866, 348, 341, 339, 337, 
792897, 347, 340, 339, 336, 
792929, 345, 339, 339, 336, 
792960, 344, 339, 339, 336, 
792991, 343, 339, 339, 336, 
793022, 342, 339, 338, 336, 
793054, 341, 339, 339, 337, 
793084, 340, 338, 338, 336, 
793116, 339, 339, 338, 336, 
793147, 338, 338, 338, 336, 
793179, 337, 338, 338, 336, 
793209, 338, 338, 338, 337, 
793240, 336, 338, 338, 336, 
793272, 336, 338, 338, 336, 
793303, 335, 338, 338, 336, 
793334, 334, 338, 337, 336, 
793365, 336, 338, 337, 336, 
793397, 338, 338, 337, 337, 
793427, 324, 331, 338, 337, 
793459, 325, 339, 334, 335, 
793490, 335, 337, 337, 338, 
793522, 337, 337, 338, 338, 
793552, 337, 337, 337, 338, 
793584, 334, 337, 338, 338, 
793615, 332, 336, 339, 340, 
793647, 328, 333, 338, 341, 
793677, 323, 333, 339, 340, 
793708, 323, 334, 339, 341, 
793740, 333, 339, 340, 341, 
793771, 343, 343, 339, 340, 
793802, 349, 346, 339, 341, 
793833, 350, 345, 339, 341, 
793865, 349, 345, 339, 339, 
793895, 348, 342, 339, 340, 
793927, 346, 342, 339, 340, 
793958, 344, 342, 338, 339, 
793990, 343, 340, 339, 338, 
794020, 342, 339, 339, 338, 
794052, 342, 339, 339, 338, 
794083, 340, 338, 340, 338, 
794115, 339, 338, 339, 338, 
794145, 339, 338, 339, 338, 
794177, 338, 338, 339, 337, 
794208, 337, 337, 339, 337, 
794238, 336, 338, 337, 338, 
794270, 335, 337, 338, 337, 
794301, 338, 336, 338, 337, 
794333, 337, 336, 338, 337, 
794363, 320, 330, 337, 335, 
794395, 328, 339, 336, 335, 
794426, 335, 336, 338, 336, 
794458, 338, 335, 338, 338, 
794488, 337, 334, 339, 338, 
794520, 335, 334, 339, 338, 
794551, 331, 333, 338, 339, 
794583, 327, 332, 339, 337, 
794613, 322, 330, 339, 338, 
794645, 323, 333, 338, 337, 
794676, 334, 337, 339, 337, 
794706, 344, 341, 339, 337, 
794738, 349, 343, 339, 339, 
794769, 350, 343, 339, 340, 
794801, 349, 342, 341, 339, 
794831, 346, 341, 339, 338, 
794863, 345, 340, 339, 339, 
794894, 344, 341, 339, 338, 
794926, 342, 340, 339, 338, 
794956, 342, 339, 339, 338, 
794988, 341, 339, 339, 338, 
795019, 340, 339, 339, 338, 
795051, 340, 338, 340, 338, 
795081, 340, 338, 340, 338, 
795113, 338, 337, 339, 337, 
795144, 337, 336, 339, 337, 
795175, 335, 336, 338, 337, 
795206, 334, 337, 338, 337, 
795237, 334, 337, 338, 338, 
795269, 337, 337, 340, 338, 
795299, 338, 336, 338, 338, 
795331, 315, 334, 336, 335, 
795362, 331, 341, 338, 336, 
795394, 336, 337, 338, 338, 
795424, 338, 336, 338, 338, 
795456, 337, 335, 338, 339, 
795487, 335, 334, 338, 337, 
795518, 332, 333, 339, 337, 
795549, 326, 331, 339, 336, 
795581, 322, 331, 338, 337, 
795612, 326, 334, 339, 338, 
795643, 336, 340, 339, 338, 
795674, 346, 345, 340, 339, 
795705, 351, 345, 340, 342, 
795737, 350, 346, 341, 339, 
795767, 349, 345, 340, 339, 
795799, 347, 345, 341, 339, 
795830, 345, 343, 339, 338, 
795862, 344, 343, 339, 339, 
795892, 343, 342, 339, 338, 
795924, 341, 341, 340, 339, 
795955, 340, 341, 339, 339, 
795986, 339, 340, 339, 341, 
796017, 340, 340, 339, 340, 
796049, 338, 339, 339, 339, 
796080, 338, 338, 340, 339, 
796111, 338, 338, 339, 339, 
796142, 337, 337, 339, 340, 
796174, 336, 336, 338, 338, 
796205, 334, 337, 336, 338, 
796235, 335, 336, 338, 338, 
796267, 336, 335, 338, 338, 
796298, 335, 332, 338, 338, 
796329, 315, 335, 335, 336, 
796360, 331, 336, 336, 339, 
796392, 337, 335, 337, 339, 
796423, 337, 333, 338, 340, 
796454, 338, 332, 338, 340, 
796485, 335, 332, 339, 341, 
796517, 331, 331, 339, 341, 
796548, 325, 330, 338, 341, 
796579, 322, 330, 339, 343, 
796610, 327, 334, 338, 342, 
796642, 339, 338, 339, 341, 
796673, 347, 342, 340, 342, 
796703, 351, 343, 340, 343, 
796735, 352, 344, 338, 342, 
796766, 351, 342, 339, 341, 
796797, 348, 341, 339, 341, 
796828, 346, 341, 340, 342, 
796860, 345, 340, 339, 340, 
796891, 343, 339, 339, 340, 
796922, 342, 338, 339, 339, 
796953, 341, 338, 340, 338, 
796985, 340, 338, 340, 340, 
797016, 339, 339, 339, 339, 
797047, 339, 337, 339, 338, 
797078, 338, 338, 340, 339, 
797110, 338, 338, 339, 338, 
797140, 337, 338, 339, 338, 
797172, 337, 337, 339, 337, 
797203, 335, 338, 339, 338, 
797234, 334, 338, 339, 338, 
797265, 334, 337, 339, 337, 
797296, 337, 338, 339, 338, 
797328, 328, 330, 339, 337, 
797359, 321, 339, 336, 334, 
797390, 335, 337, 338, 337, 
797421, 337, 335, 338, 337, 
797453, 337, 336, 338, 336, 
797484, 335, 335, 339, 337, 
797515, 332, 334, 338, 337, 
797546, 328, 332, 338, 337, 
797578, 323, 330, 339, 337, 
797608, 322, 332, 338, 338, 
797640, 331, 336, 338, 336, 
797671, 343, 341, 339, 338, 
797702, 348, 344, 339, 338, 
797733, 351, 344, 339, 338, 
797764, 349, 343, 339, 338, 
797796, 347, 343, 339, 339, 
797827, 346, 341, 337, 337, 
797858, 344, 340, 339, 337, 
797889, 343, 340, 339, 336, 
797921, 342, 339, 339, 336, 
797952, 341, 338, 340, 336, 
797983, 340, 337, 339, 335, 
798014, 339, 337, 339, 335, 
798046, 337, 337, 339, 335, 
798076, 336, 338, 339, 335, 
798108, 337, 338, 339, 335, 
798139, 338, 335, 339, 336, 
798171, 336, 333, 339, 336, 
798201, 317, 338, 335, 333, 
798232, 334, 341, 337, 336, 
798264, 337, 342, 339, 338, 
798295, 338, 346, 339, 340, 
798326, 336, 351, 338, 341, 
798357, 334, 357, 339, 341, 
798389, 330, 357, 339, 343, 
798419, 325, 356, 340, 346, 
798451, 321, 353, 339, 346, 
798482, 328, 352, 339, 347, 
798514, 339, 353, 339, 348, 
798544, 347, 353, 339, 348, 
798576, 349, 352, 339, 348, 
798607, 350, 350, 339, 348, 
798639, 349, 350, 338, 348, 
798669, 347, 346, 338, 347, 
798700, 344, 344, 338, 348, 
798732, 342, 343, 337, 348, 
798763, 341, 342, 338, 345, 
798794, 340, 341, 339, 346, 
798825, 340, 341, 340, 352, 
798857, 338, 340, 339, 352, 
798887, 338, 339, 339, 350, 
798919, 338, 338, 339, 347, 
798950, 335, 336, 339, 343, 
798982, 334, 337, 340, 341, 
799012, 335, 335, 340, 339, 
799044, 338, 336, 340, 339, 
799075, 335, 331, 339, 339, 
799107, 317, 337, 336, 337, 
799137, 335, 335, 338, 337, 
799169, 336, 333, 340, 337, 
799200, 337, 332, 338, 338, 
799230, 336, 332, 340, 338, 
799262, 334, 332, 339, 338, 
799293, 330, 332, 337, 337, 
799325, 325, 329, 338, 337, 
799355, 323, 331, 338, 337, 
799387, 329, 335, 339, 337, 
799418, 340, 337, 338, 336, 
799450, 347, 340, 339, 337, 
799480, 351, 340, 339, 337, 
799512, 351, 339, 339, 338, 
799543, 347, 338, 337, 340, 
799575, 346, 339, 337, 348, 
799605, 344, 338, 339, 364, 
799637, 343, 336, 339, 370, 
799668, 342, 336, 339, 371, 
799698, 341, 336, 340, 367, 
799730, 341, 334, 340, 361, 
799761, 338, 334, 340, 356, 
799793, 338, 334, 339, 350, 
799823, 337, 333, 340, 345, 
799855, 337, 333, 338, 341, 
799886, 336, 333, 339, 338, 
799918, 335, 332, 338, 336, 
799948, 333, 332, 338, 333, 
799980, 332, 332, 338, 334, 
800011, 334, 332, 338, 333, 
800043, 334, 331, 337, 332, 
800073, 317, 328, 335, 329, 
800105, 325, 336, 336, 330, 
800136, 332, 332, 335, 331, 
800167, 335, 330, 335, 331, 
800198, 335, 329, 335, 332, 
800229, 333, 329, 336, 331, 
800261, 331, 329, 335, 331, 
800291, 327, 328, 335, 331, 
800323, 322, 328, 334, 331, 
800354, 323, 330, 335, 332, 
800386, 334, 334, 336, 331, 
800416, 343, 336, 336, 332, 
800448, 348, 337, 335, 333, 
800479, 350, 337, 336, 333, 
800510, 349, 338, 336, 333, 
800541, 347, 336, 336, 333, 
800573, 346, 337, 336, 332, 
800604, 344, 337, 336, 333, 
800635, 343, 337, 337, 333, 
800666, 343, 337, 336, 333, 
800697, 342, 337, 336, 333, 
800729, 342, 337, 336, 333, 
800759, 341, 338, 338, 335, 
800791, 340, 337, 337, 333, 
800822, 340, 337, 337, 333, 
800854, 339, 337, 337, 333, 
800884, 339, 338, 337, 333, 
800916, 338, 337, 337, 333, 
800947, 338, 338, 337, 333, 
800978, 338, 339, 337, 333, 
801009, 337, 337, 337, 333, 
801041, 336, 338, 336, 333, 
801072, 335, 338, 338, 334, 
801103, 337, 337, 337, 334, 
801134, 340, 336, 336, 333, 
801166, 327, 331, 336, 333, 
801197, 325, 342, 336, 332, 
801227, 336, 338, 336, 334, 
801259, 338, 336, 336, 335, 
801290, 338, 335, 337, 334, 
801321, 337, 336, 336, 335, 
801352, 334, 334, 337, 335, 
801384, 331, 334, 337, 334, 
801415, 325, 333, 337, 334, 
801446, 326, 334, 337, 334, 
801477, 335, 338, 337, 333, 
801509, 345, 339, 338, 334, 
801540, 349, 340, 339, 335, 
801571, 350, 341, 338, 335, 
801602, 350, 340, 337, 335, 
801634, 348, 340, 338, 335, 
801665, 347, 339, 337, 335, 
801695, 345, 340, 338, 334, 
801727, 343, 340, 339, 335, 
801758, 341, 339, 338, 335, 
801789, 341, 339, 338, 335, 
801820, 340, 338, 339, 334, 
801852, 339, 339, 338, 335, 
801883, 340, 339, 338, 335, 
801914, 339, 340, 338, 335, 
801945, 338, 338, 338, 335, 
801977, 338, 338, 337, 335, 
802008, 337, 339, 338, 336, 
802039, 336, 338, 338, 335, 
802070, 334, 338, 338, 335, 
802102, 336, 338, 337, 335, 
802132, 337, 338, 337, 336, 
802164, 333, 334, 337, 337, 
802195, 323, 341, 336, 334, 
802226, 336, 338, 337, 336, 
802257, 338, 337, 337, 337, 
802288, 338, 337, 337, 337, 
802320, 336, 336, 339, 337, 
802351, 334, 336, 340, 337, 
802382, 330, 336, 340, 338, 
802413, 324, 334, 339, 338, 
802445, 324, 333, 338, 338, 
802476, 331, 337, 339, 337, 
802507, 342, 340, 338, 337, 
802538, 347, 341, 339, 337, 
802570, 350, 341, 341, 338, 
802600, 350, 342, 339, 337, 
802632, 348, 341, 340, 338, 
802663, 346, 340, 339, 338, 
802694, 344, 340, 339, 338, 
802725, 343, 339, 340, 338, 
802756, 342, 339, 338, 337, 
802788, 341, 339, 339, 337, 
802819, 340, 338, 339, 337, 
802850, 339, 338, 338, 338, 
802881, 338, 338, 339, 337, 
802913, 338, 337, 339, 336, 
802944, 338, 337, 339, 337, 
802975, 337, 337, 339, 337, 
803006, 335, 337, 339, 337, 
803038, 336, 338, 339, 336, 
803068, 333, 338, 339, 336, 
803100, 336, 338, 339, 336, 
803131, 338, 338, 340, 336, 
803163, 326, 331, 339, 336, 
803193, 325, 342, 338, 335, 
803224, 335, 339, 339, 337, 
803256, 337, 336, 338, 337, 
803287, 337, 336, 339, 338, 
803318, 336, 337, 339, 338, 
803349, 334, 336, 339, 338, 
803381, 330, 335, 339, 339, 
803411, 324, 333, 339, 337, 
803443, 324, 335, 339, 337, 
803474, 332, 339, 341, 337, 
803506, 342, 341, 340, 338, 
803536, 347, 343, 339, 339, 
803568, 349, 342, 339, 338, 
803599, 349, 343, 339, 338, 
803631, 346, 341, 340, 338, 
803661, 345, 341, 340, 339, 
803692, 344, 340, 340, 338, 
803724, 342, 340, 340, 338, 
803755, 341, 339, 339, 338, 
803786, 339, 339, 339, 339, 
803817, 340, 339, 339, 337, 
803849, 338, 338, 339, 337, 
803879, 338, 338, 339, 338, 
803911, 338, 338, 339, 337, 
803942, 338, 338, 339, 338, 
803974, 337, 338, 339, 338, 
804004, 336, 338, 339, 337, 
804036, 336, 337, 339, 337, 
804067, 334, 339, 338, 338, 
804099, 334, 338, 338, 337, 
804129, 337, 338, 339, 338, 
804161, 337, 337, 339, 337, 
804192, 319, 335, 338, 337, 
804222, 330, 342, 337, 337, 
804254, 336, 338, 338, 338, 
804285, 337, 336, 339, 339, 
804317, 337, 336, 340, 338, 
804347, 335, 335, 338, 338, 
804379, 332, 334, 339, 338, 
804410, 328, 333, 337, 338, 
804442, 324, 333, 338, 337, 
804472, 325, 334, 339, 337, 
804504, 335, 338, 339, 338, 
804535, 344, 341, 339, 338, 
804567, 348, 340, 339, 339, 
804597, 349, 341, 338, 338, 
804629, 349, 341, 338, 338, 
804660, 347, 340, 340, 338, 
804690, 345, 340, 339, 338, 
804722, 343, 339, 340, 338, 
804753, 342, 340, 339, 338, 
804785, 340, 339, 339, 338, 
804815, 340, 338, 338, 337, 
804847, 340, 338, 340, 339, 
804878, 338, 339, 338, 338, 
804910, 335, 338, 336, 338, 
804940, 337, 338, 338, 338, 
804972, 337, 338, 339, 338, 
805003, 337, 338, 339, 339, 
805035, 337, 338, 339, 338, 
805065, 335, 337, 339, 337, 
805097, 332, 335, 336, 337, 
805128, 336, 337, 338, 338, 
805159, 338, 337, 339, 339, 
805190, 332, 334, 338, 337, 
805221, 320, 340, 337, 336, 
805253, 333, 336, 337, 337, 
805283, 336, 334, 338, 337, 
805315, 337, 336, 338, 339, 
805346, 337, 336, 339, 338, 
805378, 334, 335, 339, 338, 
805408, 329, 333, 338, 338, 
805440, 325, 332, 339, 337, 
805471, 323, 333, 338, 338, 
805502, 330, 336, 340, 337, 
805533, 339, 340, 339, 337, 
805565, 347, 341, 339, 337, 
805596, 348, 343, 339, 337, 
805627, 349, 343, 340, 337, 
805658, 346, 342, 340, 337, 
805689, 345, 341, 340, 337, 
805721, 345, 340, 341, 337, 
805751, 342, 340, 340, 338, 
805783, 342, 341, 342, 337, 
805814, 342, 339, 342, 337, 
805846, 341, 338, 341, 337, 
805876, 340, 339, 342, 337, 
805908, 340, 337, 342, 336, 
805939, 339, 337, 341, 336, 
805970, 338, 337, 342, 336, 
806001, 339, 338, 342, 336, 
806033, 336, 341, 340, 336, 
806064, 337, 343, 342, 336, 
806095, 339, 343, 342, 337, 
806126, 340, 342, 342, 337, 
806158, 324, 334, 341, 336, 
806189, 330, 345, 339, 337, 
806219, 338, 340, 343, 339, 
806251, 340, 338, 341, 338, 
806282, 340, 337, 342, 339, 
806313, 337, 335, 342, 340, 
806344, 334, 334, 342, 340, 
806376, 329, 334, 341, 340, 
806407, 325, 333, 340, 339, 
806438, 325, 334, 340, 338, 
806469, 335, 339, 341, 339, 
806501, 345, 342, 341, 339, 
806532, 349, 343, 342, 339, 
806563, 353, 344, 342, 340, 
806594, 350, 344, 343, 340, 
806626, 348, 342, 342, 339, 
806657, 347, 342, 342, 340, 
806687, 345, 341, 341, 341, 
806719, 344, 340, 341, 340, 
806750, 343, 340, 342, 340, 
806781, 342, 335, 340, 339, 
806812, 340, 339, 340, 340, 
806844, 339, 339, 339, 339, 
806875, 338, 338, 340, 340, 
806906, 339, 338, 340, 341, 
806937, 338, 338, 341, 339, 
806969, 337, 337, 340, 340, 
807000, 335, 337, 341, 340, 
807031, 335, 337, 340, 340, 
807062, 337, 338, 341, 342, 
807094, 338, 336, 340, 342, 
807124, 314, 335, 338, 340, 
807156, 333, 339, 339, 340, 
807187, 336, 338, 340, 340, 
807218, 337, 336, 340, 342, 
807249, 336, 335, 340, 341, 
807280, 335, 334, 340, 340, 
807312, 331, 332, 341, 340, 
807343, 326, 332, 340, 339, 
807374, 321, 331, 340, 340, 
807405, 324, 333, 338, 338, 
807437, 336, 339, 341, 339, 
807468, 346, 344, 340, 339, 
807499, 349, 343, 340, 338, 
807530, 350, 342, 339, 338, 
807562, 349, 342, 340, 338, 
807592, 347, 340, 340, 338, 
807624, 345, 340, 341, 339, 
807655, 344, 340, 340, 338, 
807686, 343, 339, 340, 337, 
807717, 342, 339, 340, 338, 
807748, 340, 339, 339, 336, 
807780, 339, 339, 339, 336, 
807811, 338, 338, 340, 334, 
807842, 337, 339, 338, 332, 
807873, 336, 337, 339, 331, 
807905, 336, 336, 338, 330, 
807936, 334, 336, 338, 328, 
807967, 333, 336, 339, 329, 
807998, 335, 335, 339, 330, 
808030, 336, 336, 338, 331, 
808060, 320, 329, 337, 331, 
808092, 325, 339, 336, 331, 
808123, 336, 335, 338, 335, 
808155, 337, 335, 339, 337, 
808185, 337, 335, 339, 341, 
808216, 334, 335, 339, 342, 
808248, 331, 334, 339, 343, 
808279, 327, 332, 338, 344, 
808310, 323, 333, 339, 345, 
808341, 324, 335, 339, 344, 
808373, 333, 340, 340, 345, 
808403, 344, 342, 339, 343, 
808435, 348, 343, 339, 341, 
808466, 350, 343, 338, 339, 
808498, 349, 343, 338, 336, 
808528, 348, 343, 338, 337, 
808560, 345, 342, 337, 336, 
808591, 344, 343, 336, 335, 
808623, 342, 342, 336, 335, 
808653, 342, 343, 337, 335, 
808684, 342, 342, 337, 336, 
808716, 340, 341, 337, 337, 
808747, 338, 340, 337, 337, 
808778, 335, 339, 336, 338, 
808809, 337, 339, 337, 337, 
808841, 339, 339, 337, 338, 
808871, 335, 333, 337, 338, 
808903, 321, 339, 335, 336, 
808934, 335, 336, 336, 338, 
808966, 338, 336, 338, 338, 
808996, 338, 335, 338, 339, 
809028, 336, 335, 338, 340, 
809059, 334, 334, 338, 339, 
809091, 329, 333, 338, 339, 
809121, 325, 333, 337, 338, 
809153, 322, 332, 337, 339, 
809184, 329, 335, 338, 339, 
809214, 340, 339, 338, 340, 
809246, 347, 342, 339, 339, 
809277, 350, 343, 338, 341, 
809309, 350, 343, 338, 340, 
809339, 347, 341, 339, 340, 
809371, 345, 340, 339, 340, 
809402, 345, 340, 338, 340, 
809434, 343, 340, 338, 339, 
809464, 341, 339, 338, 339, 
809496, 340, 339, 339, 339, 
809527, 339, 339, 337, 338, 
809559, 339, 338, 337, 337, 
809589, 338, 340, 337, 338, 
809621, 337, 338, 337, 337, 
809652, 338, 338, 338, 338, 
809682, 332, 332, 338, 338, 
809714, 321, 340, 336, 335, 
809745, 336, 338, 337, 338, 
809777, 337, 336, 338, 339, 
809807, 337, 336, 338, 340, 
809839, 335, 335, 338, 339, 
809870, 333, 335, 338, 339, 
809902, 328, 333, 338, 338, 
809932, 324, 332, 338, 338, 
809964, 323, 332, 337, 338, 
809995, 331, 336, 339, 338, 
810027, 342, 340, 337, 338, 
810057, 348, 342, 338, 339, 
810089, 349, 342, 339, 339, 
810120, 349, 343, 339, 340, 
810151, 347, 341, 338, 339, 
810182, 345, 341, 338, 339, 
810213, 343, 340, 339, 339, 
810245, 342, 340, 339, 339, 
810275, 342, 339, 338, 339, 
810307, 341, 339, 338, 339, 
810338, 340, 339, 339, 339, 
810370, 338, 338, 338, 338, 
810400, 335, 338, 337, 337, 
810432, 336, 338, 338, 338, 
810463, 337, 338, 338, 339, 
810494, 337, 337, 337, 338, 
810525, 317, 338, 336, 336, 
810557, 334, 339, 335, 337, 
810588, 337, 336, 338, 338, 
810619, 337, 336, 338, 339, 
810650, 337, 335, 338, 339, 
810681, 335, 334, 338, 339, 
810713, 330, 334, 338, 338, 
810743, 325, 330, 340, 338, 
810775, 323, 331, 338, 337, 
810806, 328, 335, 338, 338, 
810838, 338, 339, 338, 339, 
810868, 346, 343, 339, 338, 
810900, 348, 342, 339, 339, 
810931, 349, 342, 339, 338, 
810962, 348, 342, 339, 339, 
810993, 346, 341, 339, 339, 
811025, 344, 339, 338, 339, 
811056, 343, 341, 339, 340, 
811087, 342, 339, 339, 339, 
811118, 342, 338, 339, 339, 
811150, 340, 338, 338, 339, 
811181, 339, 338, 338, 340, 
811211, 338, 338, 338, 340, 
811243, 337, 338, 338, 338, 
811274, 334, 339, 338, 337, 
811305, 337, 338, 338, 338, 
811336, 339, 338, 338, 339, 
811368, 325, 332, 338, 338, 
811399, 325, 341, 336, 336, 
811430, 336, 337, 337, 338, 
811461, 337, 336, 339, 339, 
811493, 337, 337, 339, 338, 
811524, 336, 335, 339, 339, 
811555, 333, 334, 338, 339, 
811586, 328, 333, 338, 338, 
811618, 323, 331, 338, 338, 
811649, 324, 332, 339, 339, 
811679, 333, 337, 339, 338, 
811711, 344, 341, 339, 338, 
811742, 347, 343, 339, 338, 
811773, 349, 343, 339, 338, 
811804, 348, 342, 339, 338, 
811836, 346, 341, 339, 338, 
811867, 345, 341, 338, 338, 
811898, 343, 340, 339, 338, 
811929, 343, 340, 338, 338, 
811961, 341, 339, 338, 340, 
811992, 340, 339, 339, 338, 
812023, 339, 338, 337, 337, 
812054, 337, 339, 338, 337, 
812086, 336, 338, 338, 338, 
812116, 338, 338, 339, 338, 
812148, 338, 336, 338, 338, 
812179, 318, 336, 336, 335, 
812210, 333, 338, 337, 335, 
812241, 337, 336, 338, 337, 
812272, 338, 335, 338, 338, 
812304, 337, 336, 339, 338, 
812335, 334, 335, 339, 339, 
812366, 330, 334, 340, 338, 
812397, 325, 332, 339, 338, 
812429, 323, 332, 338, 339, 
812460, 327, 335, 338, 338, 
812491, 338, 339, 338, 339, 
812522, 347, 342, 339, 338, 
812554, 350, 343, 338, 338, 
812584, 349, 342, 339, 338, 
812616, 347, 341, 340, 338, 
812647, 345, 341, 340, 338, 
812678, 345, 340, 340, 338, 
812709, 343, 341, 339, 338, 
812740, 342, 340, 339, 338, 
812772, 342, 340, 338, 338, 
812803, 340, 338, 338, 338, 
812834, 339, 338, 338, 337, 
812865, 337, 338, 337, 337, 
812897, 335, 338, 338, 337, 
812928, 335, 338, 337, 337, 
812959, 337, 337, 338, 338, 
812990, 335, 334, 337, 337, 
813022, 317, 339, 336, 335, 
813052, 333, 338, 337, 336, 
813084, 337, 336, 338, 337, 
813115, 337, 335, 338, 339, 
813147, 336, 335, 339, 338, 
813177, 335, 334, 339, 338, 
813208, 330, 333, 339, 338, 
813240, 325, 332, 338, 338, 
