5, 344, 
1957456, 336, 335, 336, 344, 
1957488, 334, 334, 337, 344, 
1957521, 330, 332, 336, 343, 
1957553, 326, 331, 335 335, 344, 
1957456, 336, 335, 336, 344, 
1957488, 334, 334, 337, 344, 
1957521, 330, 332, 336, 343, 
1957553, 326, 331, 335???bj
1957585, 322, 330, 335, 343, 
1957617, 326, 334, 336, 342, 
1957650, 338, 340, 337, 342, 
1957682, 346, 345, 337, 341, 
1957714, 350, 344, 337, 340, 
1957746, 350, 344, 337, 339, 
1957779, 348, 345, 337, 340, 
1957811, 347, 343, 338, 339, 
1957842, 344, 341, 338, 338, 
1957875, 343, 341, 338, 338, 
1957907, 342, 341, 338, 338, 
1957940, 342, 340, 338, 338, 
1957971, 341, 340, 338, 337, 
1958004, 341, 340, 340, 337, 
1958036, 338, 339, 338, 337, 
1958069, 337, 338, 337, 338, 
1958100, 336, 338, 337, 337, 
1958133, 336, 338, 337, 336, 
1958165, 339, 340, 338, 337, 
1958198, 338, 336, 338, 337, 
1958230, 317, 336, 335, 335, 
1958262, 334, 339, 337, 336, 
1958294, 337, 337, 338, 338, 
1958327, 337, 336, 338, 339, 
1958359, 338, 335, 339, 339, 
1958391, 337, 334, 339, 339, 
1958423, 334, 333, 338, 339, 
1958456, 329, 330, 338, 337, 
1958488, 324, 331, 339, 339, 
1958520, 331, 336, 339, 338, 
1958552, 342, 340, 340, 339, 
1958585, 348, 344, 340, 339, 
1958617, 349, 344, 340, 339, 
1958649, 349, 344, 340, 338, 
1958681, 346, 325, 340, 338, 
1958714, 344, 296, 341, 338, 
1958746, 343, 280, 340, 338, 
1958778, 342, 278, 340, 338, 
1958810, 342, 289, 340, 337, 
1958842, 340, 301, 340, 337, 
1958875, 340, 313, 340, 338, 
1958906, 338, 324, 340, 339, 
1958939, 339, 332, 339, 338, 
1958971, 338, 338, 339, 339, 
1959004, 338, 343, 340, 338, 
1959035, 337, 346, 339, 338, 
1959068, 335, 349, 339, 337, 
1959100, 336, 350, 339, 339, 
1959133, 337, 351, 339, 338, 
1959164, 339, 351, 338, 338, 
1959197, 316, 345, 336, 335, 
1959229, 331, 352, 337, 336, 
1959262, 337, 350, 338, 338, 
1959293, 339, 348, 339, 339, 
1959326, 337, 347, 339, 338, 
1959358, 336, 345, 339, 339, 
1959391, 331, 343, 338, 339, 
1959422, 326, 340, 339, 338, 
1959455, 323, 340, 339, 338, 
1959487, 329, 344, 339, 339, 
1959520, 341, 349, 340, 339, 
1959552, 348, 352, 340, 340, 
1959584, 351, 352, 340, 341, 
1959616, 351, 352, 341, 340, 
1959649, 349, 351, 340, 340, 
1959681, 348, 350, 340, 339, 
1959713, 344, 348, 340, 340, 
1959745, 344, 348, 340, 339, 
1959778, 343, 346, 340, 339, 
1959810, 341, 345, 340, 339, 
1959842, 340, 345, 339, 339, 
1959874, 340, 345, 340, 339, 
1959906, 341, 344, 339, 339, 
1959939, 339, 343, 340, 339, 
1959970, 339, 343, 339, 340, 
1960003, 337, 343, 340, 340, 
1960035, 339, 344, 339, 339, 
1960068, 337, 341, 339, 339, 
1960099, 334, 342, 339, 339, 
1960132, 335, 341, 340, 339, 
1960164, 338, 342, 340, 339, 
1960197, 337, 339, 339, 338, 
1960228, 317, 336, 337, 336, 
1960261, 333, 340, 338, 337, 
1960293, 338, 340, 338, 339, 
1960326, 339, 338, 340, 339, 
1960357, 337, 338, 339, 339, 
1960390, 335, 337, 339, 337, 
1960422, 332, 336, 339, 340, 
1960455, 326, 334, 339, 339, 
1960486, 323, 333, 340, 339, 
1960519, 330, 337, 339, 340, 
1960551, 341, 343, 341, 340, 
1960584, 348, 346, 340, 340, 
1960615, 350, 347, 341, 341, 
1960648, 351, 346, 340, 340, 
1960680, 348, 346, 339, 340, 
1960713, 346, 344, 340, 340, 
1960744, 344, 343, 339, 340, 
1960777, 344, 342, 339, 340, 
1960809, 343, 342, 340, 339, 
1960842, 341, 341, 339, 339, 
1960873, 341, 340, 339, 339, 
1960905, 340, 340, 339, 339, 
1960938, 339, 340, 339, 339, 
1960970, 339, 339, 339, 339, 
1961003, 338, 339, 339, 340, 
1961034, 337, 339, 339, 339, 
1961067, 335, 338, 338, 339, 
1961099, 336, 339, 338, 339, 
1961132, 339, 338, 339, 339, 
1961163, 338, 336, 338, 339, 
1961196, 316, 336, 336, 336, 
1961228, 333, 340, 338, 338, 
1961261, 337, 339, 338, 339, 
1961292, 336, 337, 338, 340, 
1961325, 337, 336, 338, 340, 
1961357, 334, 335, 339, 340, 
1961390, 330, 334, 338, 339, 
1961421, 323, 331, 338, 339, 
1961454, 322, 331, 338, 339, 
1961486, 330, 336, 338, 339, 
1961519, 342, 341, 339, 339, 
1961550, 348, 344, 339, 339, 
1961583, 351, 345, 339, 341, 
1961615, 352, 345, 339, 340, 
1961648, 349, 344, 340, 340, 
1961679, 341, 342, 337, 340, 
1961712, 341, 341, 334, 340, 
1961744, 335, 337, 331, 342, 
1961777, 344, 343, 340, 341, 
1961808, 338, 340, 334, 342, 
1961841, 344, 343, 342, 344, 
1961873, 341, 342, 344, 344, 
1961906, 343, 342, 342, 345, 
1961937, 343, 342, 343, 343, 
1961969, 340, 341, 341, 343, 
1962002, 340, 339, 340, 341, 
1962034, 340, 340, 339, 341, 
1962066, 340, 339, 341, 342, 
1962098, 338, 338, 338, 343, 
1962131, 338, 338, 339, 345, 
1962163, 337, 338, 338, 346, 
1962195, 339, 338, 338, 348, 
1962227, 337, 336, 337, 349, 
1962260, 315, 334, 332, 348, 
1962292, 333, 339, 336, 352, 
1962324, 336, 336, 336, 356, 
1962356, 338, 336, 336, 359, 
1962389, 336, 335, 337, 363, 
1962421, 331, 335, 337, 364, 
1962454, 329, 333, 336, 365, 
1962485, 324, 331, 335, 366, 
1962518, 320, 332, 335, 366, 
1962550, 326, 336, 335, 366, 
1962583, 337, 342, 334, 366, 
1962614, 345, 347, 336, 364, 
1962647, 347, 348, 336, 365, 
1962679, 348, 347, 336, 363, 
1962712, 345, 345, 336, 363, 
1962743, 344, 345, 334, 363, 
1962776, 343, 343, 336, 361, 
1962808, 342, 342, 334, 360, 
1962841, 341, 342, 336, 358, 
1962872, 341, 341, 338, 356, 
1962905, 340, 339, 337, 352, 
1962937, 339, 339, 338, 350, 
1962969, 339, 338, 338, 349, 
1963001, 339, 338, 339, 346, 
1963033, 339, 338, 338, 344, 
1963066, 338, 337, 340, 342, 
1963098, 339, 337, 339, 341, 
1963130, 337, 337, 339, 340, 
1963162, 337, 337, 339, 337, 
1963195, 334, 337, 336, 334, 
1963227, 334, 337, 338, 333, 
1963259, 336, 338, 339, 332, 
1963291, 337, 337, 339, 331, 
1963324, 317, 331, 336, 326, 
1963356, 332, 338, 337, 326, 
1963388, 336, 336, 340, 326, 
1963420, 338, 337, 340, 326, 
1963453, 336, 336, 340, 325, 
1963485, 334, 335, 340, 325, 
1963517, 331, 333, 341, 323, 
1963549, 326, 330, 341, 323, 
1963582, 324, 328, 340, 324, 
1963614, 329, 335, 340, 325, 
1963646, 341, 342, 342, 327, 
1963678, 347, 344, 343, 329, 
1963711, 351, 345, 342, 329, 
1963743, 350, 345, 343, 328, 
1963776, 348, 344, 341, 328, 
1963807, 347, 343, 340, 327, 
1963840, 346, 341, 342, 328, 
1963872, 344, 341, 341, 327, 
1963905, 343, 342, 341, 328, 
1963936, 342, 340, 340, 329, 
1963969, 341, 339, 340, 328, 
1964001, 341, 339, 341, 328, 
1964033, 340, 339, 341, 327, 
1964065, 340, 339, 341, 328, 
1964097, 339, 338, 340, 328, 
1964130, 340, 339, 342, 326, 
1964162, 338, 338, 341, 325, 
1964194, 336, 338, 341, 325, 
1964226, 336, 337, 340, 326, 
1964259, 339, 338, 340, 327, 
1964291, 339, 337, 340, 328, 
1964323, 320, 328, 337, 326, 
1964355, 330, 338, 338, 327, 
1964388, 338, 337, 339, 329, 
1964420, 338, 336, 340, 330, 
1964452, 337, 336, 341, 331, 
1964484, 336, 335, 340, 332, 
1964517, 332, 333, 340, 332, 
1964549, 328, 330, 339, 331, 
1964581, 323, 329, 338, 331, 
1964613, 328, 333, 338, 332, 
1964646, 338, 340, 339, 334, 
1964678, 346, 344, 341, 333, 
1964710, 349, 345, 342, 336, 
1964742, 350, 344, 340, 336, 
1964775, 349, 344, 341, 337, 
1964807, 347, 344, 342, 338, 
1964839, 346, 343, 342, 338, 
1964871, 345, 342, 342, 338, 
1964904, 345, 342, 343, 338, 
1964936, 343, 341, 341, 338, 
1964968, 342, 340, 342, 339, 
1965000, 340, 339, 340, 338, 
1965032, 340, 339, 341, 339, 
1965065, 339, 338, 339, 338, 
1965096, 339, 338, 341, 338, 
1965129, 339, 338, 341, 339, 
1965161, 338, 338, 340, 337, 
1965194, 338, 337, 341, 337, 
1965225, 337, 337, 340, 337, 
1965258, 335, 337, 340, 338, 
1965290, 336, 338, 339, 338, 
1965323, 337, 337, 340, 338, 
1965355, 336, 335, 340, 338, 
1965387, 317, 334, 336, 333, 
1965419, 335, 339, 339, 336, 
1965452, 338, 336, 340, 337, 
1965484, 338, 336, 341, 336, 
1965516, 337, 335, 340, 338, 
1965548, 334, 334, 340, 339, 
1965581, 330, 332, 339, 338, 
1965613, 326, 330, 339, 338, 
1965645, 324, 330, 339, 339, 
1965677, 330, 335, 336, 337, 
1965710, 341, 342, 341, 339, 
1965742, 349, 345, 340, 340, 
1965774, 350, 346, 341, 339, 
1965806, 349, 345, 341, 339, 
1965839, 347, 344, 339, 338, 
1965871, 346, 342, 341, 338, 
1965903, 345, 342, 340, 338, 
1965935, 344, 342, 339, 338, 
1965968, 343, 340, 340, 337, 
1966000, 341, 340, 339, 338, 
1966032, 340, 339, 340, 339, 
1966064, 340, 338, 338, 338, 
1966096, 339, 338, 339, 339, 
1966129, 339, 337, 338, 338, 
1966160, 338, 336, 339, 339, 
1966193, 337, 336, 338, 338, 
1966225, 338, 336, 340, 339, 
1966258, 338, 337, 340, 339, 
1966289, 337, 338, 340, 338, 
1966322, 337, 336, 338, 338, 
1966354, 335, 337, 338, 337, 
1966387, 335, 337, 338, 338, 
1966418, 337, 338, 337, 337, 
1966451, 337, 336, 337, 336, 
1966483, 316, 333, 334, 333, 
1966516, 334, 338, 336, 335, 
1966547, 337, 338, 338, 336, 
1966580, 338, 336, 338, 337, 
1966612, 337, 335, 339, 337, 
1966645, 334, 335, 338, 336, 
1966676, 331, 332, 338, 336, 
1966709, 326, 329, 338, 335, 
1966741, 323, 330, 336, 335, 
1966774, 329, 335, 337, 335, 
1966806, 340, 341, 339, 336, 
1966838, 348, 347, 340, 337, 
1966870, 350, 347, 340, 337, 
1966903, 351, 346, 341, 338, 
1966935, 347, 345, 338, 337, 
1966967, 346, 343, 340, 339, 
1966999, 344, 342, 339, 337, 
1967032, 343, 342, 339, 339, 
1967064, 343, 342, 340, 338, 
1967095, 341, 341, 339, 339, 
1967128, 341, 341, 339, 338, 
1967160, 340, 340, 339, 338, 
1967193, 340, 340, 339, 337, 
1967224, 339, 339, 339, 338, 
1967257, 339, 339, 339, 338, 
1967289, 338, 339, 338, 338, 
1967322, 338, 338, 339, 339, 
1967353, 336, 338, 339, 338, 
1967386, 334, 339, 338, 338, 
1967418, 337, 339, 338, 338, 
1967451, 339, 339, 338, 338, 
1967482, 334, 333, 339, 338, 
1967515, 318, 336, 334, 334, 
1967547, 335, 339, 337, 337, 
1967580, 337, 336, 337, 338, 
1967611, 337, 336, 339, 337, 
1967644, 336, 335, 337, 338, 
1967676, 333, 335, 338, 339, 
1967709, 329, 332, 337, 338, 
1967740, 324, 328, 337, 336, 
1967773, 323, 331, 338, 338, 
1967805, 332, 336, 337, 337, 
1967838, 343, 342, 339, 337, 
1967869, 348, 345, 339, 339, 
1967902, 351, 345, 340, 337, 
1967934, 349, 345, 340, 338, 
1967967, 347, 343, 340, 338, 
1967998, 346, 342, 339, 337, 
1968031, 344, 342, 339, 338, 
1968063, 343, 342, 338, 337, 
1968096, 343, 341, 339, 337, 
1968128, 342, 341, 339, 338, 
1968159, 341, 341, 339, 338, 
1968192, 339, 341, 340, 339, 
1968224, 339, 339, 339, 339, 
1968257, 339, 340, 339, 339, 
1968288, 338, 339, 339, 337, 
1968321, 338, 339, 339, 339, 
1968353, 337, 338, 338, 338, 
1968386, 336, 337, 338, 337, 
1968417, 336, 337, 337, 336, 
1968450, 333, 337, 339, 337, 
1968482, 337, 339, 338, 337, 
1968515, 338, 338, 337, 338, 
1968546, 317, 329, 336, 333, 
1968579, 330, 338, 335, 334, 
1968611, 335, 337, 339, 336, 
1968644, 338, 336, 338, 336, 
1968675, 337, 336, 339, 337, 
1968708, 336, 336, 338, 333, 
1968740, 333, 333, 338, 337, 
1968773, 328, 330, 338, 336, 
1968804, 325, 329, 336, 333, 
1968837, 328, 333, 336, 336, 
1968869, 340, 339, 338, 333, 
1968902, 347, 343, 338, 333, 
1968933, 351, 345, 341, 330, 
1968966, 351, 345, 339, 329, 
1968998, 349, 344, 340, 329, 
1969031, 347, 343, 340, 327, 
1969062, 346, 342, 339, 326, 
1969095, 345, 341, 341, 324, 
1969127, 345, 340, 339, 322, 
1969159, 344, 339, 340, 324, 
1969191, 343, 339, 338, 324, 
1969223, 342, 338, 340, 325, 
1969256, 340, 339, 339, 326, 
1969288, 340, 338, 336, 327, 
1969320, 339, 338, 339, 326, 
1969352, 338, 340, 339, 327, 
1969385, 337, 339, 339, 328, 
1969417, 335, 338, 339, 329, 
1969449, 334, 337, 336, 330, 
1969481, 336, 338, 341, 333, 
1969514, 335, 338, 338, 333, 
1969546, 333, 334, 339, 334, 
1969579, 318, 336, 336, 332, 
1969610, 333, 337, 339, 335, 
1969643, 335, 336, 337, 336, 
1969675, 335, 335, 338, 338, 
1969708, 333, 335, 337, 340, 
1969739, 331, 334, 339, 340, 
1969772, 325, 332, 339, 340, 
1969804, 320, 329, 336, 340, 
1969837, 320, 332, 338, 342, 
1969868, 331, 338, 339, 343, 
1969901, 342, 343, 340, 344, 
1969933, 347, 344, 339, 345, 
1969966, 349, 345, 340, 347, 
1969997, 346, 344, 337, 346, 
1970030, 346, 343, 340, 346, 
1970062, 342, 342, 338, 347, 
1970095, 344, 342, 339, 348, 
1970126, 338, 340, 338, 347, 
1970159, 340, 340, 338, 347, 
1970191, 338, 338, 337, 346, 
1970223, 339, 339, 338, 345, 
1970255, 337, 338, 338, 344, 
1970287, 338, 338, 338, 344, 
1970320, 338, 339, 339, 343, 
1970352, 337, 338, 339, 343, 
1970384, 339, 338, 339, 343, 
1970416, 338, 338, 340, 344, 
1970449, 334, 335, 337, 343, 
1970481, 336, 337, 339, 342, 
1970513, 336, 336, 339, 345, 
1970545, 338, 337, 339, 343, 
1970578, 339, 336, 340, 342, 
1970610, 316, 330, 336, 337, 
1970642, 333, 336, 337, 340, 
1970674, 337, 335, 338, 340, 
1970707, 337, 335, 338, 341, 
1970739, 336, 334, 337, 341, 
1970771, 334, 333, 338, 341, 
1970803, 330, 331, 338, 340, 
1970836, 324, 328, 337, 339, 
1970868, 323, 329, 337, 339, 
1970900, 328, 333, 338, 339, 
1970932, 339, 339, 339, 340, 
1970965, 348, 343, 339, 341, 
1970997, 352, 344, 339, 341, 
1971030, 350, 343, 339, 341, 
1971061, 349, 343, 340, 342, 
1971094, 347, 342, 340, 341, 
1971126, 345, 341, 339, 341, 
1971159, 343, 340, 339, 341, 
1971190, 342, 341, 339, 341, 
1971222, 341, 341, 339, 341, 
1971255, 340, 340, 339, 341, 
1971287, 340, 339, 339, 340, 
1971319, 339, 339, 339, 341, 
1971351, 338, 339, 339, 339, 
1971384, 339, 338, 338, 340, 
1971416, 338, 338, 339, 338, 
1971448, 337, 338, 340, 339, 
1971480, 337, 338, 339, 338, 
1971513, 336, 338, 338, 339, 
1971545, 335, 338, 339, 337, 
1971577, 335, 337, 338, 339, 
1971609, 337, 338, 339, 338, 
1971642, 338, 337, 338, 337, 
1971674, 315, 331, 336, 335, 
1971706, 331, 337, 336, 335, 
1971738, 336, 337, 338, 338, 
1971771, 337, 336, 338, 337, 
1971803, 337, 334, 339, 337, 
1971835, 335, 334, 339, 337, 
1971867, 331, 332, 339, 337, 
1971900, 326, 330, 338, 337, 
1971932, 321, 329, 338, 338, 
1971964, 327, 335, 338, 337, 
1971996, 339, 340, 339, 337, 
1972029, 347, 344, 339, 338, 
1972061, 350, 345, 339, 338, 
1972093, 350, 345, 340, 339, 
1972125, 348, 343, 340, 339, 
1972158, 347, 342, 339, 338, 
1972190, 344, 341, 340, 339, 
1972222, 343, 341, 339, 338, 
1972254, 342, 340, 340, 338, 
1972286, 341, 340, 340, 339, 
1972319, 340, 338, 339, 338, 
1972350, 340, 339, 339, 339, 
1972383, 339, 338, 339, 339, 
1972415, 338, 338, 339, 339, 
1972448, 338, 338, 339, 339, 
1972480, 337, 338, 339, 340, 
1972512, 335, 337, 339, 340, 
1972544, 333, 337, 339, 339, 
1972577, 336, 337, 339, 339, 
1972609, 337, 338, 338, 339, 
1972641, 330, 330, 337, 338, 
1972673, 321, 338, 336, 336, 
1972706, 336, 337, 337, 336, 
1972738, 338, 336, 339, 338, 
1972770, 337, 335, 338, 338, 
1972802, 336, 334, 339, 339, 
1972835, 334, 333, 338, 339, 
1972867, 327, 331, 338, 338, 
1972899, 323, 329, 339, 337, 
1972931, 323, 331, 339, 338, 
1972964, 333, 337, 340, 338, 
1972996, 343, 342, 339, 339, 
1973028, 349, 346, 339, 340, 
1973060, 351, 347, 341, 341, 
1973093, 349, 346, 341, 341, 
1973125, 348, 345, 341, 342, 
1973157, 345, 344, 341, 341, 
1973189, 344, 343, 341, 340, 
1973222, 344, 341, 340, 340, 
1973254, 341, 341, 340, 339, 
1973285, 341, 340, 340, 339, 
1973318, 341, 339, 339, 339, 
1973350, 339, 339, 338, 338, 
1973383, 339, 338, 339, 339, 
1973414, 339, 338, 338, 339, 
1973447, 339, 338, 338, 339, 
1973479, 338, 338, 338, 338, 
1973512, 338, 338, 338, 339, 
1973543, 336, 337, 337, 338, 
1973576, 335, 337, 338, 337, 
1973608, 335, 337, 338, 339, 
1973641, 338, 339, 339, 339, 
1973672, 334, 333, 337, 338, 
1973705, 318, 337, 336, 336, 
1973737, 335, 338, 337, 339, 
1973770, 338, 336, 338, 340, 
1973801, 338, 335, 338, 340, 
1973834, 336, 334, 339, 340, 
1973866, 334, 335, 338, 339, 
1973899, 329, 331, 338, 340, 
1973931, 325, 330, 338, 339, 
1973963, 323, 331, 338, 339, 
1973995, 332, 337, 339, 339, 
1974028, 343, 341, 340, 340, 
1974060, 349, 344, 340, 340, 
1974092, 351, 345, 340, 341, 
1974124, 350, 344, 339, 339, 
1974157, 348, 343, 340, 340, 
1974189, 346, 342, 339, 340, 
1974221, 345, 341, 339, 340, 
1974253, 344, 340, 339, 339, 
1974286, 343, 339, 339, 340, 
1974318, 341, 339, 339, 339, 
1974349, 340, 339, 339, 340, 
1974382, 340, 339, 340, 340, 
1974414, 339, 339, 340, 341, 
1974447, 339, 338, 340, 340, 
1974478, 338, 339, 339, 339, 
1974511, 337, 338, 339, 339, 
1974543, 338, 338, 339, 340, 
1974576, 337, 338, 338, 339, 
1974607, 336, 337, 338, 340, 
1974640, 334, 338, 338, 339, 
1974672, 335, 338, 338, 339, 
1974705, 337, 338, 339, 339, 
1974736, 338, 335, 339, 339, 
1974769, 314, 335, 336, 336, 
1974801, 334, 339, 336, 338, 
1974834, 338, 336, 338, 338, 
1974865, 339, 336, 340, 339, 
1974898, 337, 335, 339, 339, 
1974930, 335, 334, 340, 338, 
1974963, 330, 333, 340, 339, 
1974994, 325, 332, 339, 338, 
1975027, 323, 330, 339, 338, 
1975059, 328, 337, 339, 337, 
1975092, 341, 343, 340, 339, 
1975123, 349, 345, 340, 337, 
1975156, 352, 345, 341, 338, 
1975188, 351, 346, 340, 338, 
1975221, 350, 344, 340, 339, 
1975252, 347, 343, 340, 339, 
1975285, 345, 342, 340, 339, 
1975317, 344, 342, 339, 339, 
1975349, 344, 341, 339, 339, 
1975382, 342, 340, 339, 339, 
1975413, 341, 340, 339, 337, 
1975446, 340, 339, 338, 338, 
1975478, 340, 339, 339, 338, 
1975511, 338, 338, 338, 338, 
1975542, 337, 339, 339, 339, 
1975575, 337, 338, 339, 336, 
1975607, 337, 337, 338, 338, 
1975640, 337, 338, 339, 338, 
1975671, 336, 338, 338, 337, 
1975704, 333, 338, 338, 338, 
1975736, 334, 337, 338, 337, 
1975769, 337, 337, 338, 336, 
1975800, 337, 337, 338, 337, 
1975833, 318, 329, 337, 336, 
1975865, 328, 339, 336, 335, 
1975898, 337, 336, 338, 336, 
1975929, 337, 335, 339, 337, 
1975962, 336, 336, 338, 338, 
1975994, 334, 334, 339, 338, 
1976027, 331, 332, 339, 338, 
1976058, 327, 331, 339, 338, 
1976091, 322, 329, 338, 338, 
1976123, 325, 334, 338, 340, 
1976156, 337, 340, 339, 339, 
1976187, 347, 345, 339, 340, 
1976220, 351, 345, 340, 340, 
1976252, 350, 345, 339, 340, 
1976285, 348, 345, 339, 340, 
1976316, 347, 342, 339, 341, 
1976349, 345, 342, 340, 340, 
1976381, 343, 341, 338, 339, 
1976413, 342, 341, 339, 339, 
1976445, 341, 340, 339, 339, 
1976477, 341, 340, 338, 339, 
1976510, 340, 339, 339, 339, 
1976542, 339, 339, 339, 337, 
1976574, 339, 339, 339, 339, 
1976606, 338, 338, 338, 339, 
1976639, 337, 338, 338, 339, 
1976671, 336, 337, 338, 338, 
1976704, 335, 337, 337, 338, 
1976735, 334, 337, 338, 338, 
1976768, 337, 337, 339, 338, 
1976800, 338, 337, 337, 338, 
1976833, 317, 329, 337, 336, 
1976864, 328, 339, 335, 336, 
1976897, 336, 337, 337, 337, 
1976929, 337, 335, 338, 338, 
1976962, 336, 334, 339, 338, 
1976993, 334, 333, 338, 338, 
1977026, 330, 333, 338, 338, 
1977058, 326, 332, 338, 337, 
1977091, 321, 330, 338, 338, 
1977122, 325, 333, 339, 338, 
1977155, 338, 339, 338, 338, 
1977187, 346, 344, 339, 339, 
1977220, 351, 345, 339, 340, 
1977251, 351, 344, 339, 340, 
1977284, 348, 343, 339, 339, 
1977316, 347, 342, 339, 339, 
1977349, 345, 341, 339, 339, 
1977380, 343, 341, 339, 339, 
1977412, 342, 340, 339, 339, 
1977445, 341, 340, 339, 339, 
1977477, 340, 339, 339, 340, 
1977509, 339, 339, 339, 340, 
1977541, 339, 339, 339, 340, 
1977574, 338, 338, 338, 340, 
1977606, 337, 338, 338, 339, 
1977638, 337, 338, 338, 339, 
1977670, 337, 338, 338, 339, 
1977703, 336, 337, 338, 340, 
1977735, 336, 337, 338, 338, 
1977767, 334, 337, 337, 339, 
1977799, 335, 338, 338, 339, 
1977832, 337, 338, 339, 339, 
1977864, 336, 336, 338, 338, 
1977896, 313, 334, 335, 335, 
1977928, 333, 338, 336, 337, 
1977961, 337, 336, 338, 336, 
1977993, 338, 336, 338, 339, 
1978025, 337, 335, 338, 338, 
1978057, 334, 334, 339, 339, 
1978090, 330, 332, 338, 339, 
1978122, 324, 330, 338, 338, 
1978155, 322, 330, 338, 338, 
1978186, 328, 334, 338, 338, 
1978219, 340, 340, 339, 339, 
1978251, 349, 345, 339, 340, 
1978284, 352, 344, 339, 340, 
1978315, 352, 344, 339, 340, 
1978348, 348, 343, 339, 340, 
1978380, 346, 343, 339, 339, 
1978413, 345, 341, 338, 340, 
1978444, 344, 341, 338, 339, 
1978476, 342, 340, 338, 338, 
1978509, 341, 340, 339, 339, 
1978541, 340, 339, 339, 339, 
1978573, 340, 337, 339, 339, 
1978605, 338, 337, 339, 339, 
1978638, 338, 338, 339, 338, 
1978670, 338, 338, 339, 338, 
1978702, 337, 338, 339, 339, 
1978734, 337, 338, 339, 339, 
1978767, 337, 338, 338, 338, 
1978799, 335, 337, 339, 338, 
1978831, 334, 338, 338, 338, 
1978863, 335, 338, 339, 338, 
1978896, 337, 337, 339, 337, 
1978928, 335, 334, 338, 337, 
1978960, 316, 335, 336, 335, 
1978992, 334, 337, 337, 337, 
1979025, 337, 336, 338, 338, 
1979057, 337, 337, 339, 338, 
1979089, 336, 335, 339, 337, 
1979121, 333, 334, 339, 338, 
1979154, 329, 331, 339, 339, 
1979186, 324, 330, 339, 338, 
1979218, 322, 330, 339, 339, 
1979250, 330, 336, 338, 339, 
1979283, 343, 341, 339, 340, 
1979315, 349, 345, 339, 339, 
1979347, 351, 346, 340, 340, 
1979379, 351, 345, 339, 339, 
1979412, 348, 343, 340, 339, 
1979444, 346, 342, 340, 340, 
1979475, 346, 341, 338, 339, 
1979508, 343, 341, 338, 339, 
1979540, 343, 340, 338, 339, 
1979573, 343, 340, 339, 339, 
1979604, 340, 339, 338, 340, 
1979637, 340, 339, 338, 338, 
1979669, 339, 339, 338, 339, 
1979702, 338, 338, 338, 338, 
1979734, 338, 339, 338, 338, 
1979766, 338, 338, 338, 338, 
1979798, 336, 337, 338, 338, 
1979831, 334, 337, 338, 338, 
1979863, 336, 338, 338, 338, 
1979895, 338, 338, 339, 338, 
1979927, 329, 330, 337, 338, 
1979960, 319, 338, 336, 335, 
1979992, 335, 337, 338, 337, 
1980024, 337, 336, 339, 338, 
1980056, 338, 336, 339, 338, 
1980089, 335, 334, 338, 339, 
1980121, 333, 333, 339, 338, 
1980153, 327, 331, 338, 338, 
1980185, 322, 329, 338, 337, 
1980218, 322, 331, 338, 338, 
1980250, 333, 337, 339, 338, 
1980282, 344, 343, 339, 340, 
1980314, 350, 345, 339, 339, 
1980347, 351, 345, 339, 340, 
1980379, 350, 344, 339, 340, 
1980411, 348, 343, 340, 340, 
1980443, 346, 341, 339, 339, 
1980476, 344, 340, 338, 339, 
1980508, 343, 340, 339, 338, 
1980539, 342, 339, 338, 339, 
1980572, 341, 340, 340, 339, 
1980604, 339, 338, 339, 338, 
1980637, 339, 339, 339, 341, 
1980668, 339, 339, 339, 339, 
1980701, 338, 338, 339, 339, 
1980733, 338, 339, 338, 338, 
1980766, 337, 339, 338, 339, 
1980797, 336, 338, 338, 338, 
1980830, 334, 338, 339, 338, 
1980862, 336, 339, 339, 339, 
1980895, 337, 339, 338, 337, 
1980926, 325, 328, 338, 337, 
1980959, 323, 338, 335, 334, 
1980991, 336, 336, 337, 336, 
1981024, 338, 334, 338, 337, 
1981056, 337, 334, 339, 338, 
1981088, 334, 334, 338, 337, 
1981120, 332, 333, 340, 338, 
1981153, 327, 332, 337, 338, 
1981185, 323, 329, 338, 339, 
1981217, 322, 332, 338, 340, 
1981249, 334, 339, 339, 341, 
1981282, 344, 344, 339, 342, 
1981314, 350, 347, 340, 341, 
1981346, 348, 345, 338, 342, 
1981378, 350, 345, 341, 342, 
1981411, 348, 344, 341, 343, 
1981443, 346, 343, 340, 344, 
1981475, 345, 343, 340, 345, 
1981507, 343, 341, 338, 346, 
1981539, 342, 342, 339, 347, 
1981572, 341, 340, 338, 348, 
1981603, 340, 340, 339, 348, 
1981636, 339, 339, 338, 347, 
1981668, 338, 338, 338, 347, 
1981701, 338, 338, 339, 346, 
1981732, 337, 338, 338, 345, 
1981765, 337, 337, 338, 344, 
1981797, 336, 336, 338, 343, 
1981830, 335, 337, 338, 344, 
1981861, 334, 336, 338, 343, 
1981894, 337, 337, 340, 341, 
1981926, 338, 337, 338, 341, 
1981959, 318, 329, 338, 338, 
1981990, 328, 339, 336, 337, 
1982023, 337, 337, 339, 339, 
1982055, 337, 335, 337, 339, 
1982088, 337, 334, 339, 339, 
1982119, 334, 333, 338, 339, 
1982152, 331, 332, 338, 340, 
1982184, 326, 329, 338, 339, 
1982217, 321, 330, 338, 339, 
1982248, 324, 333, 338, 337, 
1982281, 336, 339, 339, 337, 
1982313, 345, 344, 340, 339, 
1982346, 348, 344, 340, 338, 
1982377, 350, 345, 340, 338, 
1982410, 346, 343, 340, 338, 
1982442, 349, 344, 340, 338, 
1982475, 341, 341, 339, 338, 
1982507, 345, 342, 339, 340, 
1982539, 343, 341, 338, 343, 
1982571, 340, 340, 337, 348, 
1982603, 340, 340, 337, 356, 
1982636, 339, 340, 339, 367, 
1982667, 338, 339, 338, 380, 
1982700, 339, 340, 338, 401, 
1982732, 338, 340, 338, 428, 
1982765, 335, 340, 337, 463, 
1982796, 335, 341, 336, 501, 
1982829, 338, 342, 335, 536, 
1982861, 334, 344, 341, 569, 
1982894, 330, 341, 345, 589, 
1982925, 333, 341, 346, 606, 
1982958, 333, 340, 341, 614, 
1982990, 333, 342, 337, 603, 
1983023, 317, 334, 332, 574, 
1983054, 321, 347, 331, 535, 
1983087, 330, 344, 329, 498, 
1983119, 334, 345, 330, 463, 
1983152, 327, 342, 330, 431, 
1983183, 332, 345, 334, 403, 
1983216, 324, 341, 334, 380, 
1983248, 325, 343, 335, 359, 
1983281, 316, 339, 335, 342, 
1983312, 322, 343, 335, 330, 
1983345, 331, 348, 336, 320, 
1983377, 344, 352, 338, 314, 
1983410, 346, 353, 340, 314, 
1983441, 349, 351, 341, 330, 
1983474, 346, 349, 341, 338, 
1983506, 346, 348, 341, 339, 
1983539, 342, 345, 341, 331, 
1983570, 344, 345, 341, 322, 
1983602, 340, 342, 340, 312, 
1983635, 342, 344, 339, 302, 
1983667, 341, 342, 341, 293, 
1983699, 343, 341, 340, 285, 
1983731, 338, 339, 339, 279, 
1983764, 342, 340, 339, 272, 
1983796, 338, 338, 339, 266, 
1983828, 342, 337, 339, 262, 
1983860, 341, 337, 339, 259, 
1983893, 342, 336, 339, 256, 
1983925, 337, 334, 339, 257, 
1983958, 337, 334, 339, 257, 
1983989, 336, 334, 339, 258, 
1984022, 341, 334, 340, 261, 
1984054, 333, 328, 339, 264, 
1984087, 320, 332, 337, 266, 
1984118, 340, 331, 338, 271, 
1984151, 338, 331, 338, 275, 
1984183, 339, 331, 339, 279, 
1984216, 337, 330, 338, 282, 
1984247, 336, 331, 339, 285, 
1984280, 326, 325, 338, 288, 
1984312, 326, 327, 339, 291, 
1984345, 322, 325, 338, 293, 
1984376, 337, 333, 338, 295, 
1984409, 349, 338, 339, 297, 
1984441, 351, 339, 338, 299, 
1984474, 354, 342, 339, 299, 
1984505, 352, 340, 338, 299, 
1984538, 348, 338, 339, 299, 
1984570, 349, 338, 340, 299, 
1984603, 343, 336, 339, 299, 
1984634, 346, 336, 339, 298, 
1984666, 343, 335, 341, 298, 
1984699, 343, 336, 339, 299, 
1984731, 340, 334, 339, 300, 
1984763, 343, 335, 339, 302, 
1984795, 339, 333, 338, 304, 
1984828, 339, 334, 338, 305, 
1984860, 340, 334, 338, 307, 
1984892, 337, 333, 339, 307, 
1984924, 339, 334, 338, 309, 
1984957, 336, 332, 338, 309, 
1984989, 337, 336, 338, 311, 
1985021, 336, 335, 338, 313, 
1985053, 339, 336, 338, 314, 
1985086, 334, 331, 338, 315, 
1985118, 317, 336, 335, 313, 
1985150, 334, 335, 337, 316, 
1985182, 338, 336, 338, 318, 
1985215, 337, 333, 337, 318, 
1985247, 337, 334, 337, 319, 
1985280, 334, 333, 338, 320, 
1985311, 330, 332, 337, 320, 
1985344, 323, 329, 337, 321, 
1985376, 324, 331, 338, 321, 
1985409, 331, 335, 338, 322, 
1985440, 342, 340, 339, 324, 
1985473, 352, 344, 339, 325, 
1985505, 351, 344, 339, 327, 
1985538, 351, 343, 339, 328, 
1985569, 348, 343, 339, 327, 
1985602, 345, 341, 338, 328, 
1985634, 347, 342, 338, 328, 
1985666, 341, 339, 338, 329, 
1985698, 342, 340, 339, 329, 
1985730, 339, 338, 338, 329, 
1985763, 342, 340, 338, 329, 
1985795, 339, 339, 339, 329, 
1985827, 338, 336, 339, 330, 
1985859, 338, 338, 339, 331, 
1985892, 338, 338, 338, 330, 
1985924, 338, 336, 338, 330, 
1985956, 337, 337, 338, 331, 
1985988, 337, 337, 339, 329, 
1986021, 334, 336, 339, 330, 
1986053, 334, 336, 338, 330, 
1986085, 336, 337, 339, 331, 
1986117, 339, 337, 339, 331, 
1986150, 319, 328, 338, 330, 
1986182, 325, 339, 337, 328, 
1986214, 336, 336, 338, 331, 
1986246, 338, 336, 338, 332, 
1986279, 338, 336, 339, 333, 
1986311, 334, 334, 339, 333, 
1986343, 333, 334, 339, 333, 
1986375, 326, 332, 339, 333, 
1986408, 323, 330, 339, 333, 
1986440, 324, 333, 338, 333, 
1986472, 335, 339, 339, 334, 
1986504, 348, 344, 340, 335, 
1986537, 350, 343, 340, 335, 
1986569, 351, 344, 339, 335, 
1986601, 349, 342, 340, 335, 
1986633, 348, 343, 340, 335, 
1986666, 345, 342, 340, 335, 
1986698, 345, 341, 339, 335, 
1986729, 343, 340, 339, 335, 
1986762, 340, 339, 340, 335, 
1986794, 341, 339, 339, 336, 
1986827, 338, 338, 339, 335, 
1986859, 340, 339, 339, 336, 
1986891, 336, 337, 339, 336, 
1986923, 337, 338, 339, 336, 
1986956, 338, 339, 340, 337, 
1986988, 333, 338, 339, 337, 
1987020, 337, 339, 339, 336, 
1987052, 332, 336, 338, 336, 
1987085, 332, 336, 339, 337, 
1987117, 336, 337, 338, 337, 
1987149, 337, 337, 338, 337, 
1987181, 323, 330, 338, 336, 
1987214, 323, 337, 336, 334, 
1987246, 337, 336, 339, 335, 
1987278, 337, 335, 339, 337, 
1987310, 337, 336, 339, 336, 
1987343, 337, 336, 340, 336, 
1987375, 334, 334, 339, 336, 
1987407, 326, 331, 339, 336, 
1987439, 323, 330, 339, 337, 
1987472, 324, 333, 339, 336, 
1987504, 337, 338, 339, 336, 
1987536, 345, 342, 340, 337, 
1987568, 350, 344, 340, 338, 
1987601, 351, 345, 340, 338, 
1987633, 347, 343, 341, 338, 
1987665, 349, 342, 339, 338, 
1987697, 342, 340, 340, 338, 
1987729, 347, 341, 340, 340, 
1987762, 343, 340, 339, 338, 
1987793, 341, 339, 340, 338, 
1987826, 341, 339, 339, 338, 
1987858, 340, 339, 339, 339, 
1987891, 340, 339, 339, 338, 
1987922, 337, 338, 339, 338, 
1987955, 340, 339, 339, 338, 
1987987, 338, 338, 339, 337, 
1988020, 333, 336, 339, 337, 
1988051, 332, 337, 338, 337, 
1988084, 338, 338, 338, 337, 
1988116, 338, 336, 338, 336, 
1988149, 313, 332, 336, 335, 
1988180, 333, 339, 338, 335, 
1988213, 337, 336, 338, 336, 
1988245, 337, 336, 339, 336, 
1988278, 336, 334, 339, 336, 
1988310, 332, 334, 339, 337, 
1988342, 329, 332, 339, 337, 
1988374, 324, 330, 338, 336, 
1988407, 322, 331, 339, 337, 
1988439, 326, 334, 339, 337, 
1988471, 341, 341, 339, 338, 
1988503, 346, 342, 339, 336, 
1988536, 352, 345, 340, 336, 
1988568, 350, 343, 339, 336, 
1988600, 349, 341, 339, 336, 
1988632, 347, 341, 339, 336, 
1988665, 344, 341, 340, 336, 
1988697, 342, 340, 339, 336, 
1988729, 339, 339, 338, 336, 
1988761, 337, 336, 337, 336, 
1988793, 332, 335, 337, 336, 
1988826, 329, 331, 336, 334, 
1988857, 339, 336, 337, 335, 
1988890, 338, 336, 337, 334, 
1988922, 337, 337, 337, 332, 
1988955, 338, 338, 339, 331, 
1988986, 339, 338, 337, 330, 
1989019, 335, 336, 338, 328, 
1989051, 337, 337, 338, 326, 
1989084, 339, 337, 339, 326, 
1989115, 340, 336, 341, 325, 
1989148, 320, 327, 340, 320, 
1989180, 330, 336, 339, 318, 
1989213, 339, 336, 341, 320, 
1989244, 342, 335, 341, 319, 
1989277, 340, 333, 340, 321, 
1989309, 338, 333, 341, 321, 
1989342, 336, 333, 341, 323, 
1989373, 329, 328, 337, 323, 
1989406, 329, 331, 342, 329, 
1989438, 328, 331, 338, 334, 
1989471, 344, 341, 344, 337, 
1989502, 349, 340, 343, 338, 
1989535, 353, 343, 343, 339, 
1989567, 351, 342, 341, 339, 
1989600, 351, 341, 342, 338, 
1989632, 349, 341, 340, 338, 
1989664, 347, 340, 342, 337, 
1989696, 345, 339, 342, 334, 
1989729, 346, 339, 340, 332, 
1989761, 344, 338, 340, 330, 
1989792, 343, 337, 340, 328, 
1989825, 340, 336, 339, 328, 
1989857, 337, 334, 333, 327, 
1989890, 339, 337, 340, 328, 
1989921, 337, 338, 339, 328, 
1989954, 338, 339, 340, 330, 
1989986, 334, 338, 339, 331, 
1990019, 335, 336, 338, 331, 
1990050, 339, 339, 339, 331, 
1990083, 339, 335, 338, 329, 
1990115, 317, 333, 335, 326, 
1990148, 333, 339, 338, 327, 
1990179, 336, 337, 338, 328, 
1990212, 337, 336, 338, 328, 
1990244, 335, 334, 338, 329, 
1990277, 332, 332, 338, 328, 
1990308, 329, 332, 337, 329, 
1990341, 324, 329, 337, 329, 
1990373, 323, 330, 337, 329, 
1990406, 329, 335, 337, 331, 
1990437, 339, 340, 338, 332, 
1990470, 346, 345, 338, 333, 
1990502, 349, 345, 338, 333, 
1990535, 348, 344, 337, 335, 
1990566, 346, 344, 338, 336, 
1990599, 344, 344, 339, 335, 
1990631, 343, 342, 338, 335, 
1990664, 342, 342, 339, 332, 
1990695, 340, 340, 338, 327, 
1990728, 341, 341, 338, 320, 
1990760, 339, 340, 339, 310, 
1990793, 338, 341, 338, 298, 
1990824, 337, 341, 338, 294, 
1990856, 337, 340, 338, 293, 
1990889, 338, 340, 338, 297, 
1990921, 337, 340, 337, 300, 
1990953, 337, 338, 337, 304, 
1990985, 335, 337, 337, 309, 
1991018, 333, 337, 337, 314, 
1991050, 335, 337, 338, 318, 
1991083, 337, 338, 338, 322, 
1991114, 333, 333, 336, 325, 
1991147, 317, 336, 335, 326, 
1991179, 334, 339, 337, 330, 
1991212, 337, 337, 337, 333, 
1991243, 337, 336, 337, 337, 
1991276, 336, 336, 337, 338, 
1991308, 333, 334, 338, 339, 
1991341, 329, 332, 338, 339, 
1991372, 324, 330, 337, 339, 
1991405, 322, 331, 338, 341, 
1991437, 330, 336, 337, 341, 
1991470, 341, 342, 339, 342, 
1991501, 349, 345, 339, 343, 
1991534, 350, 344, 339, 343, 
1991566, 349, 345, 338, 345, 
1991599, 346, 344, 337, 346, 
1991630, 343, 341, 335, 346, 
1991663, 341, 341, 335, 347, 
1991695, 337, 341, 330, 346, 
1991728, 338, 341, 335, 347, 
1991759, 339, 342, 335, 345, 
1991792, 339, 341, 337, 346, 
1991824, 339, 341, 340, 346, 
1991856, 341, 340, 341, 346, 
1991888, 340, 340, 340, 347, 
1991920, 337, 338, 341, 348, 
1991953, 338, 338, 340, 348, 
1991985, 339, 339, 339, 349, 
1992017, 339, 337, 337, 349, 
1992049, 336, 335, 338, 349, 
1992082, 336, 336, 339, 348, 
1992114, 337, 335, 334, 348, 
1992146, 338, 335, 337, 348, 
1992178, 336, 330, 339, 349, 
1992211, 316, 335, 330, 351, 
1992243, 335, 336, 334, 357, 
1992275, 338, 335, 336, 362, 
1992307, 339, 335, 336, 370, 
1992340, 337, 336, 332, 377, 
1992372, 335, 336, 337, 380, 
1992404, 329, 335, 333, 384, 
1992436, 324, 333, 332, 388, 
1992469, 323, 331, 332, 393, 
1992501, 331, 337, 333, 397, 
1992534, 342, 339, 335, 401, 
1992565, 347, 342, 329, 403, 
1992598, 349, 345, 331, 405, 
1992630, 348, 343, 331, 407, 
1992663, 345, 347, 333, 409, 
1992694, 343, 355, 337, 410, 
1992727, 341, 365, 340, 413, 
1992759, 339, 367, 342, 415, 
1992792, 337, 359, 352, 422, 
1992823, 336, 357, 352, 435, 
1992856, 334, 343, 346, 442, 
1992888, 335, 340, 343, 442, 
1992920, 334, 335, 337, 440, 
1992952, 334, 333, 336, 436, 
1992984, 333, 332, 335, 430, 
1993017, 333, 330, 330, 425, 
1993049, 332, 333, 328, 422, 
1993081, 330, 333, 327, 419, 
1993113, 329, 334, 324, 418, 
1993146, 330, 331, 321, 417, 
1993178, 331, 332, 321, 415, 
1993210, 319, 326, 319, 414, 
1993242, 321, 338, 316, 407, 
1993275, 330, 337, 318, 396, 
1993307, 330, 335, 320, 383, 
1993339, 329, 339, 324, 367, 
1993371, 329, 338, 327, 349, 
1993404, 327, 335, 329, 334, 
1993436, 324, 336, 332, 322, 
1993468, 320, 333, 332, 310, 
1993500, 323, 337, 334, 301, 
1993533, 333, 342, 336, 294, 
1993565, 343, 345, 335, 288, 
1993597, 348, 345, 338, 285, 
1993629, 349, 346, 337, 283, 
1993662, 348, 343, 338, 283, 
1993694, 347, 342, 339, 283, 
1993726, 346, 342, 340, 284, 
1993758, 345, 341, 340, 286, 
1993791, 344, 340, 341, 288, 
1993823, 344, 339, 342, 290, 
1993856, 343, 341, 341, 294, 
1993887, 343, 338, 341, 295, 
1993919, 343, 339, 341, 298, 
1993952, 342, 338, 341, 300, 
1993984, 341, 340, 340, 303, 
1994016, 340, 338, 340, 304, 
1994048, 340, 341, 339, 304, 
1994081, 339, 340, 338, 304, 
1994113, 336, 342, 340, 305, 
1994145, 335, 340, 338, 306, 
1994177, 337, 342, 336, 307, 
1994210, 335, 338, 334, 308, 
1994242, 321, 344, 332, 306, 
1994274, 335, 343, 335, 307, 
1994306, 338, 342, 337, 307, 
1994339, 338, 340, 337, 306, 
1994371, 338, 339, 338, 307, 
1994403, 335, 335, 337, 308, 
1994435, 334, 338, 337, 309, 
1994468, 329, 334, 336, 308, 
1994500, 327, 335, 336, 309, 
1994532, 333, 338, 337, 310, 
1994564, 342, 341, 336, 311, 
1994597, 348, 345, 337, 313, 
1994629, 350, 342, 337, 313, 
1994661, 349, 343, 336, 316, 
1994693, 347, 342, 337, 316, 
1994726, 345, 340, 336, 316, 
1994758, 343, 340, 336, 317, 
1994790, 342, 339, 336, 317, 
1994822, 341, 340, 336, 320, 
1994855, 340, 338, 336, 318, 
1994887, 339, 337, 335, 319, 
1994919, 338, 337, 335, 319, 
1994951, 338, 336, 335, 318, 
1994983, 337, 335, 334, 317, 
1995016, 336, 333, 336, 316, 
1995047, 336, 335, 336, 315, 
1995080, 335, 334, 337, 316, 
1995112, 334, 333, 338, 318, 
1995145, 334, 334, 338, 320, 
1995176, 337, 334, 339, 323, 
1995209, 337, 333, 340, 324, 
1995241, 319, 329, 339, 324, 
1995274, 332, 338, 339, 326, 
1995305, 336, 334, 343, 330, 
1995338, 337, 331, 346, 329, 
1995370, 336, 333, 349, 330, 
1995403, 334, 329, 351, 330, 
1995435, 331, 330, 351, 329, 
1995467, 328, 328, 350, 329, 
1995499, 323, 329, 349, 330, 
1995532, 329, 332, 348, 331, 
1995564, 335, 337, 347, 332, 
1995596, 344, 338, 347, 335, 
1995628, 346, 340, 346, 334, 
1995661, 347, 340, 347, 335, 
1995693, 346, 338, 347, 335, 
1995725, 344, 338, 345, 336, 
1995757, 342, 337, 345, 336, 
1995790, 341, 336, 345, 336, 
1995822, 340, 336, 345, 337, 
1995854, 340, 335, 344, 337, 
1995886, 339, 336, 344, 337, 
1995919, 339, 335, 344, 336, 
1995951, 338, 337, 343, 338, 
1995982, 338, 336, 343, 337, 
1996015, 337, 335, 342, 337, 
1996047, 338, 334, 340, 337, 
1996080, 337, 335, 342, 337, 
1996111, 335, 335, 342, 337, 
1996144, 334, 335, 342, 338, 
1996176, 335, 336, 342, 337, 
1996209, 337, 336, 341, 337, 
1996240, 330, 329, 340, 336, 
1996273, 321, 339, 339, 334, 
1996305, 335, 336, 340, 335, 
1996338, 337, 335, 341, 335, 
1996369, 335, 333, 340, 336, 
1996402, 334, 333, 340, 337, 
1996434, 332, 332, 341, 338, 
1996467, 328, 332, 340, 337, 
1996498, 324, 329, 340, 336, 
1996531, 323, 330, 338, 336, 
1996563, 331, 335, 339, 335, 
1996596, 341, 337, 339, 333, 
1996627, 346, 340, 340, 332, 
1996660, 348, 340, 339, 332, 
1996692, 346, 340, 340, 333, 
1996725, 344, 338, 339, 331, 
1996756, 343, 339, 340, 331, 
1996789, 342, 338, 339, 330, 
1996821, 341, 337, 339, 330, 
1996854, 341, 337, 339, 330, 
1996886, 339, 337, 339, 330, 
1996918, 338, 337, 338, 332, 
1996950, 337, 336, 338, 333, 
1996983, 337, 337, 338, 335, 
1997015, 337, 336, 337, 336, 
1997046, 337, 336, 338, 337, 
1997079, 336, 336, 337, 338, 
1997111, 335, 337, 338, 338, 
1997144, 335, 336, 339, 337, 
1997175, 334, 337, 339, 339, 
1997208, 336, 337, 338, 337, 
1997240, 336, 335, 339, 338, 
1997273, 330, 328, 337, 338, 
1997304, 321, 339, 336, 336, 
1997337, 335, 337, 337, 338, 
1997369, 336, 334, 337, 340, 
1997402, 336, 333, 338, 340, 
1997433, 334, 333, 338, 340, 
1997466, 332, 332, 337, 341, 
1997498, 328, 330, 337, 341, 
1997531, 323, 331, 337, 340, 
1997562, 324, 331, 336, 340, 
1997595, 331, 335, 338, 340, 
1997627, 342, 340, 337, 340, 
1997660, 346, 341, 337, 338, 
1997691, 348, 341, 338, 339, 
1997724, 347, 340, 338, 337, 
1997756, 345, 340, 337, 339, 
1997789, 344, 340, 338, 340, 
1997820, 342, 339, 337, 339, 
1997853, 341, 339, 337, 340, 
1997885, 341, 339, 338, 340, 
1997918, 339, 337, 338, 340, 
1997949, 339, 337, 337, 342, 
1997982, 339, 338, 337, 342, 
1998014, 338, 337, 338, 342, 
1998046, 337, 338, 338, 342, 
1998078, 337, 336, 338, 342, 
1998110, 336, 336, 338, 342, 
1998143, 335, 337, 338, 342, 
1998175, 334, 336, 338, 343, 
1998208, 337, 336, 338, 342, 
1998239, 337, 334, 338, 343, 
1998272, 319, 331, 338, 342, 
1998304, 331, 339, 336, 340, 
1998337, 336, 335, 338, 342, 
1998368, 337, 335, 339, 344, 
1998401, 336, 334, 340, 344, 
1998433, 334, 334, 339, 343, 
1998466, 331, 332, 339, 344, 
1998497, 328, 330, 339, 344, 
1998530, 324, 332, 339, 342, 
1998562, 328, 333, 339, 343, 
1998595, 338, 338, 338, 342, 
1998626, 346, 341, 338, 342, 
1998659, 348, 342, 338, 341, 
1998691, 349, 341, 337, 340, 
1998724, 347, 340, 337, 339, 
1998755, 345, 339, 338, 339, 
