
4685594, 341, 340, 339, 339, 
4685627, 341, 340, 339, 339, 
46854685530, 343, 342, 339, 340, 
4685562, 342, 340, 339, 340, 
4685594, 341, 340, 339, 339, 
4685627, 341, 340, 339, 339, 
46856685530, 343, 342, 339, 340, 
4685562, 342, 340, 339, 340, 
4685594, 341, 340, 339, 339, 
4685627, 341, 340, 339, 339, 
46856?b???b???b???b???bj
4685691, 340, 339, 339, 339, 
4685723, 339, 339, 339, 339, 
4685756, 339, 338, 339, 338, 
4685788, 336, 338, 337, 337, 
4685820, 336, 337, 338, 338, 
4685852, 337, 337, 338, 338, 
4685885, 336, 334, 337, 337, 
4685917, 327, 336, 335, 335, 
4685949, 335, 336, 337, 337, 
4685981, 335, 334, 336, 336, 
4686014, 334, 334, 336, 337, 
4686046, 334, 333, 337, 336, 
4686078, 332, 332, 337, 337, 
4686110, 330, 330, 335, 335, 
4686143, 327, 330, 336, 335, 
4686175, 328, 331, 336, 335, 
4686208, 334, 335, 336, 336, 
4686239, 340, 340, 337, 335, 
4686271, 343, 341, 337, 336, 
4686304, 344, 341, 338, 336, 
4686336, 344, 342, 337, 337, 
4686368, 342, 340, 337, 337, 
4686400, 341, 339, 337, 337, 
4686433, 340, 339, 337, 337, 
4686465, 340, 337, 338, 337, 
4686497, 339, 338, 337, 336, 
4686529, 338, 337, 337, 337, 
4686562, 337, 337, 338, 336, 
4686594, 336, 337, 338, 336, 
4686626, 336, 337, 337, 336, 
4686658, 335, 337, 336, 335, 
4686691, 336, 336, 335, 335, 
4686723, 338, 337, 338, 337, 
4686755, 336, 335, 336, 337, 
4686787, 327, 335, 334, 335, 
4686820, 336, 338, 336, 337, 
4686852, 337, 335, 336, 337, 
4686884, 335, 334, 336, 338, 
4686916, 334, 333, 337, 339, 
4686949, 332, 333, 337, 337, 
4686981, 330, 331, 336, 337, 
4687013, 327, 329, 336, 336, 
4687045, 327, 330, 336, 336, 
4687078, 332, 334, 337, 335, 
4687110, 338, 339, 337, 336, 
4687142, 343, 340, 339, 336, 
4687174, 343, 342, 338, 335, 
4687207, 342, 341, 337, 335, 
4687239, 341, 340, 337, 336, 
4687271, 340, 341, 337, 336, 
4687303, 340, 339, 338, 336, 
4687335, 339, 338, 336, 336, 
4687368, 340, 339, 337, 337, 
4687399, 338, 339, 337, 336, 
4687432, 338, 338, 337, 337, 
4687464, 337, 338, 337, 336, 
4687497, 337, 338, 337, 337, 
4687528, 337, 337, 337, 337, 
4687561, 336, 337, 336, 335, 
4687593, 334, 337, 336, 337, 
4687626, 336, 337, 337, 337, 
4687657, 336, 336, 338, 337, 
4687690, 327, 330, 336, 337, 
4687722, 333, 340, 334, 335, 
4687755, 335, 337, 336, 337, 
4687787, 336, 336, 336, 336, 
4687819, 335, 334, 337, 339, 
4687851, 332, 333, 337, 339, 
4687884, 330, 332, 337, 337, 
4687916, 327, 329, 337, 337, 
4687948, 326, 329, 337, 337, 
4687980, 330, 332, 336, 336, 
4688013, 337, 339, 337, 338, 
4688045, 342, 341, 338, 338, 
4688077, 343, 342, 338, 336, 
4688109, 343, 341, 338, 333, 
4688142, 342, 339, 338, 332, 
4688174, 341, 340, 337, 333, 
4688206, 341, 338, 336, 333, 
4688238, 339, 339, 336, 335, 
4688271, 338, 338, 337, 337, 
4688303, 338, 338, 337, 339, 
4688334, 337, 338, 337, 340, 
4688367, 337, 337, 337, 340, 
4688399, 337, 337, 338, 340, 
4688432, 336, 336, 337, 340, 
4688463, 336, 336, 338, 340, 
4688496, 335, 336, 337, 339, 
4688528, 335, 336, 336, 339, 
4688561, 336, 336, 336, 339, 
4688592, 336, 334, 336, 339, 
4688625, 328, 334, 334, 336, 
4688657, 336, 337, 335, 337, 
4688690, 336, 336, 336, 337, 
4688721, 336, 334, 337, 339, 
4688754, 335, 333, 336, 336, 
4688786, 333, 332, 337, 336, 
4688819, 331, 331, 337, 336, 
4688850, 327, 331, 334, 336, 
4688883, 328, 330, 335, 337, 
4688915, 333, 334, 336, 336, 
4688948, 340, 340, 337, 337, 
4688979, 343, 341, 337, 337, 
4689012, 343, 341, 337, 337, 
4689044, 343, 341, 338, 336, 
4689077, 341, 339, 337, 337, 
4689108, 341, 339, 337, 335, 
4689141, 340, 338, 338, 336, 
4689173, 340, 339, 335, 336, 
4689206, 339, 339, 337, 336, 
4689238, 338, 337, 337, 336, 
4689270, 338, 337, 338, 336, 
4689302, 336, 335, 336, 336, 
4689335, 337, 339, 336, 335, 
4689367, 336, 336, 336, 335, 
4689398, 336, 336, 336, 335, 
4689431, 334, 337, 336, 336, 
4689463, 336, 336, 336, 336, 
4689496, 336, 334, 338, 338, 
4689527, 333, 331, 335, 340, 
4689560, 330, 339, 334, 340, 
4689592, 335, 336, 336, 344, 
4689625, 335, 335, 337, 347, 
4689656, 335, 336, 336, 348, 
4689689, 333, 335, 337, 348, 
4689721, 332, 335, 336, 347, 
4689754, 329, 334, 336, 345, 
4689785, 326, 331, 336, 345, 
4689818, 328, 333, 336, 343, 
4689850, 335, 337, 336, 341, 
4689883, 340, 341, 338, 340, 
4689914, 344, 343, 337, 338, 
4689947, 344, 343, 337, 336, 
4689979, 342, 341, 337, 335, 
4690012, 341, 340, 337, 333, 
4690043, 340, 339, 337, 333, 
4690076, 339, 339, 337, 333, 
4690108, 340, 339, 338, 331, 
4690141, 339, 338, 338, 333, 
4690172, 338, 338, 337, 333, 
4690205, 337, 338, 338, 333, 
4690237, 337, 335, 338, 335, 
4690270, 337, 337, 336, 333, 
4690301, 337, 336, 337, 335, 
4690334, 336, 336, 338, 334, 
4690366, 337, 336, 337, 334, 
4690398, 336, 336, 336, 335, 
4690430, 336, 337, 337, 336, 
4690462, 336, 336, 336, 336, 
4690495, 335, 334, 336, 336, 
4690527, 326, 334, 334, 334, 
4690560, 335, 338, 336, 336, 
4690591, 335, 335, 336, 336, 
4690624, 334, 334, 336, 335, 
4690656, 333, 333, 337, 336, 
4690689, 331, 332, 337, 336, 
4690720, 330, 331, 337, 336, 
4690753, 327, 328, 335, 336, 
4690785, 327, 330, 337, 335, 
4690818, 332, 334, 337, 335, 
4690849, 338, 339, 337, 336, 
4690882, 342, 341, 338, 336, 
4690914, 343, 342, 338, 337, 
4690947, 342, 341, 338, 337, 
4690978, 342, 340, 339, 337, 
4691011, 341, 339, 338, 336, 
4691043, 340, 338, 337, 336, 
4691076, 338, 338, 338, 336, 
4691107, 338, 338, 337, 335, 
4691140, 338, 338, 338, 336, 
4691172, 337, 338, 337, 336, 
4691205, 337, 337, 338, 336, 
4691236, 336, 337, 337, 336, 
4691269, 337, 337, 337, 337, 
4691301, 336, 337, 337, 336, 
4691334, 335, 336, 336, 336, 
4691365, 335, 336, 336, 336, 
4691398, 336, 336, 336, 337, 
4691430, 336, 336, 336, 336, 
4691462, 326, 328, 336, 336, 
4691494, 334, 338, 334, 335, 
4691526, 336, 335, 336, 335, 
4691559, 335, 334, 336, 338, 
4691591, 335, 334, 337, 338, 
4691623, 333, 332, 337, 338, 
4691655, 331, 331, 337, 337, 
4691688, 328, 330, 336, 337, 
4691720, 327, 330, 336, 337, 
4691752, 331, 333, 336, 337, 
4691784, 337, 338, 337, 337, 
4691817, 342, 340, 336, 337, 
4691849, 344, 341, 338, 337, 
4691881, 345, 341, 338, 337, 
4691913, 343, 340, 337, 337, 
4691946, 341, 339, 338, 337, 
4691978, 341, 339, 337, 337, 
4692011, 340, 338, 337, 338, 
4692042, 339, 338, 337, 337, 
4692075, 339, 337, 338, 336, 
4692107, 339, 338, 337, 336, 
4692140, 338, 336, 336, 336, 
4692171, 337, 336, 337, 337, 
4692204, 337, 336, 337, 336, 
4692236, 336, 336, 337, 335, 
4692269, 335, 336, 336, 334, 
4692300, 335, 336, 336, 335, 
4692333, 336, 336, 336, 336, 
4692365, 335, 334, 336, 335, 
4692398, 327, 335, 333, 333, 
4692429, 335, 338, 335, 335, 
4692461, 336, 335, 337, 334, 
4692494, 335, 334, 336, 335, 
4692526, 334, 333, 337, 336, 
4692558, 333, 332, 336, 336, 
4692590, 330, 330, 336, 336, 
4692623, 328, 329, 336, 336, 
4692655, 327, 331, 336, 336, 
4692687, 333, 335, 336, 335, 
4692719, 339, 339, 337, 335, 
4692752, 343, 340, 337, 334, 
4692784, 343, 341, 337, 336, 
4692816, 343, 341, 337, 336, 
4692848, 341, 341, 338, 336, 
4692881, 340, 339, 337, 336, 
4692913, 339, 339, 337, 336, 
4692945, 339, 338, 337, 336, 
4692977, 338, 338, 337, 336, 
4693010, 337, 337, 337, 336, 
4693042, 337, 337, 336, 336, 
4693074, 337, 337, 336, 336, 
4693106, 336, 336, 336, 337, 
4693139, 334, 336, 336, 336, 
4693171, 336, 336, 336, 335, 
4693203, 335, 336, 336, 335, 
4693235, 335, 337, 336, 335, 
4693268, 334, 336, 336, 335, 
4693300, 335, 334, 336, 335, 
4693332, 336, 336, 337, 335, 
4693364, 331, 330, 335, 335, 
4693397, 330, 341, 334, 332, 
4693429, 336, 337, 335, 334, 
4693462, 335, 335, 336, 334, 
4693493, 335, 333, 337, 336, 
4693525, 333, 333, 337, 335, 
4693558, 331, 332, 337, 335, 
4693590, 329, 331, 336, 336, 
4693622, 326, 328, 336, 335, 
4693654, 326, 330, 336, 337, 
4693687, 335, 336, 337, 336, 
4693719, 340, 340, 338, 336, 
4693751, 343, 341, 340, 338, 
4693783, 344, 342, 337, 338, 
4693816, 342, 341, 337, 336, 
4693848, 341, 340, 337, 336, 
4693880, 339, 339, 337, 336, 
4693912, 339, 340, 337, 336, 
4693945, 339, 338, 336, 336, 
4693977, 338, 338, 337, 336, 
4694009, 337, 338, 337, 336, 
4694041, 337, 338, 337, 335, 
4694074, 337, 337, 338, 338, 
4694106, 336, 337, 337, 336, 
4694138, 337, 336, 337, 336, 
4694170, 335, 336, 336, 337, 
4694203, 336, 336, 336, 336, 
4694235, 334, 336, 336, 336, 
4694267, 333, 336, 336, 336, 
4694299, 335, 336, 336, 336, 
4694332, 336, 336, 337, 336, 
4694364, 326, 329, 335, 335, 
4694396, 333, 338, 334, 334, 
4694428, 335, 336, 336, 335, 
4694461, 335, 335, 337, 337, 
4694493, 334, 333, 337, 336, 
4694524, 333, 333, 336, 337, 
4694557, 331, 332, 336, 336, 
4694589, 329, 329, 336, 337, 
4694622, 328, 329, 336, 337, 
4694653, 331, 333, 336, 336, 
4694686, 338, 338, 337, 335, 
4694718, 342, 342, 337, 336, 
4694751, 344, 342, 337, 336, 
4694782, 344, 341, 337, 336, 
4694815, 343, 340, 337, 337, 
4694847, 342, 340, 337, 337, 
4694880, 340, 338, 337, 336, 
4694912, 339, 338, 337, 336, 
4694944, 339, 338, 337, 338, 
4694976, 338, 338, 337, 337, 
4695009, 338, 337, 337, 336, 
4695041, 338, 337, 337, 336, 
4695073, 337, 336, 337, 337, 
4695105, 337, 337, 335, 336, 
4695138, 338, 337, 337, 336, 
4695170, 336, 336, 336, 336, 
4695202, 335, 337, 336, 336, 
4695234, 336, 336, 336, 336, 
4695267, 337, 336, 336, 336, 
4695299, 330, 330, 336, 336, 
4695331, 331, 339, 334, 334, 
4695363, 336, 336, 336, 336, 
4695396, 335, 334, 337, 337, 
4695428, 335, 334, 337, 338, 
4695460, 333, 333, 336, 337, 
4695492, 332, 332, 336, 336, 
4695525, 328, 330, 336, 336, 
4695557, 327, 331, 336, 337, 
4695588, 329, 334, 336, 337, 
4695621, 336, 340, 336, 338, 
4695653, 341, 343, 337, 338, 
4695686, 344, 344, 337, 340, 
4695717, 343, 344, 338, 341, 
4695750, 343, 342, 336, 341, 
4695782, 341, 341, 337, 339, 
4695815, 339, 340, 336, 338, 
4695846, 339, 340, 337, 338, 
4695879, 340, 340, 338, 338, 
4695911, 340, 339, 337, 337, 
4695944, 339, 337, 337, 337, 
4695975, 339, 335, 337, 337, 
4696008, 339, 335, 337, 336, 
4696040, 338, 335, 337, 335, 
4696073, 338, 335, 337, 337, 
4696104, 338, 335, 337, 335, 
4696137, 337, 335, 337, 334, 
4696169, 336, 334, 336, 335, 
4696202, 336, 336, 337, 337, 
4696233, 337, 336, 337, 336, 
4696266, 334, 333, 337, 336, 
4696298, 329, 338, 335, 334, 
4696331, 338, 338, 337, 336, 
4696363, 337, 336, 337, 336, 
4696395, 335, 334, 338, 337, 
4696427, 334, 334, 337, 337, 
4696460, 333, 332, 336, 338, 
4696492, 330, 331, 336, 338, 
4696524, 327, 329, 336, 336, 
4696556, 326, 330, 337, 335, 
4696588, 333, 335, 337, 337, 
4696621, 340, 340, 338, 338, 
4696652, 342, 340, 337, 337, 
4696685, 343, 342, 338, 339, 
4696717, 343, 341, 339, 339, 
4696750, 342, 341, 338, 340, 
4696781, 341, 339, 337, 342, 
4696814, 340, 338, 337, 347, 
4696846, 339, 338, 337, 352, 
4696879, 339, 338, 336, 358, 
4696910, 338, 337, 336, 364, 
4696943, 338, 337, 337, 368, 
4696975, 338, 336, 336, 369, 
4697008, 338, 338, 336, 370, 
4697039, 339, 338, 336, 371, 
4697072, 339, 338, 336, 373, 
4697104, 338, 338, 336, 375, 
4697137, 338, 339, 336, 378, 
4697168, 337, 338, 335, 380, 
4697201, 336, 338, 335, 380, 
4697233, 336, 338, 335, 385, 
4697266, 337, 339, 335, 387, 
4697297, 335, 334, 335, 390, 
4697330, 328, 339, 332, 384, 
4697362, 336, 340, 335, 384, 
4697395, 336, 337, 334, 383, 
4697426, 336, 336, 336, 380, 
4697459, 335, 337, 336, 376, 
4697491, 333, 335, 337, 372, 
4697524, 329, 334, 337, 369, 
4697555, 326, 332, 337, 364, 
4697588, 326, 334, 337, 361, 
4697620, 334, 340, 338, 356, 
4697652, 340, 345, 339, 352, 
4697684, 343, 347, 339, 348, 
4697716, 343, 347, 339, 344, 
4697749, 343, 346, 338, 341, 
4697781, 341, 345, 339, 339, 
4697814, 340, 344, 339, 335, 
4697845, 339, 343, 339, 332, 
4697878, 338, 342, 339, 329, 
4697910, 338, 341, 339, 327, 
4697943, 338, 340, 339, 324, 
4697974, 337, 340, 340, 323, 
4698007, 336, 339, 339, 321, 
4698039, 336, 339, 340, 318, 
4698072, 336, 340, 339, 317, 
4698103, 336, 339, 339, 316, 
4698136, 336, 338, 340, 314, 
4698168, 337, 337, 339, 313, 
4698201, 336, 336, 339, 313, 
4698232, 335, 336, 338, 311, 
4698265, 334, 336, 339, 311, 
4698297, 336, 336, 338, 311, 
4698330, 336, 336, 339, 311, 
4698361, 325, 327, 337, 311, 
4698394, 332, 335, 335, 309, 
4698426, 334, 333, 338, 312, 
4698459, 335, 333, 338, 313, 
4698490, 336, 333, 338, 313, 
4698523, 333, 333, 338, 313, 
4698555, 332, 331, 338, 315, 
4698588, 328, 328, 337, 315, 
4698619, 326, 328, 338, 316, 
4698651, 330, 332, 338, 316, 
4698684, 338, 339, 338, 316, 
4698716, 344, 341, 338, 318, 
4698748, 346, 342, 338, 318, 
4698780, 345, 342, 338, 320, 
4698813, 344, 342, 339, 320, 
4698845, 343, 340, 339, 322, 
4698877, 343, 340, 339, 323, 
4698909, 340, 338, 338, 322, 
4698942, 340, 339, 339, 323, 
4698974, 340, 337, 338, 325, 
4699006, 339, 337, 338, 324, 
4699038, 339, 338, 338, 324, 
4699071, 337, 337, 339, 325, 
4699103, 337, 336, 339, 326, 
4699136, 338, 336, 338, 326, 
4699167, 336, 336, 338, 326, 
4699200, 336, 337, 337, 326, 
4699232, 335, 335, 338, 325, 
4699265, 336, 336, 338, 327, 
4699296, 336, 336, 338, 326, 
4699329, 326, 329, 335, 325, 
4699361, 334, 338, 336, 324, 
4699394, 336, 335, 338, 328, 
4699425, 335, 334, 337, 328, 
4699458, 335, 334, 338, 330, 
4699490, 335, 334, 337, 329, 
4699523, 331, 331, 337, 328, 
4699554, 327, 329, 337, 328, 
4699587, 326, 329, 337, 329, 
4699619, 329, 332, 338, 329, 
4699652, 338, 338, 336, 329, 
4699683, 343, 341, 338, 329, 
4699715, 344, 342, 338, 331, 
4699748, 345, 342, 339, 332, 
4699780, 344, 342, 338, 331, 
4699812, 342, 340, 337, 332, 
4699844, 341, 339, 337, 332, 
4699877, 339, 338, 338, 332, 
4699909, 339, 338, 337, 332, 
4699941, 340, 338, 338, 332, 
4699973, 338, 339, 338, 333, 
4700006, 338, 337, 338, 332, 
4700038, 337, 337, 338, 333, 
4700070, 338, 337, 337, 333, 
4700102, 336, 336, 337, 332, 
4700135, 336, 336, 337, 333, 
4700167, 337, 336, 337, 333, 
4700199, 334, 335, 337, 333, 
4700231, 335, 336, 337, 332, 
4700264, 336, 335, 337, 332, 
4700296, 336, 336, 338, 334, 
4700328, 333, 332, 338, 333, 
4700360, 328, 336, 333, 331, 
4700393, 335, 337, 337, 333, 
4700425, 336, 334, 337, 333, 
4700457, 336, 334, 337, 335, 
4700489, 334, 333, 337, 335, 
4700522, 333, 332, 337, 335, 
4700554, 329, 330, 337, 335, 
4700587, 327, 328, 336, 335, 
4700618, 327, 330, 336, 335, 
4700651, 333, 336, 337, 335, 
4700683, 341, 342, 338, 335, 
4700715, 344, 342, 338, 336, 
4700747, 345, 343, 339, 336, 
4700779, 344, 342, 339, 336, 
4700812, 343, 341, 338, 336, 
4700844, 341, 341, 338, 336, 
4700876, 341, 339, 338, 335, 
4700908, 340, 338, 338, 337, 
4700941, 339, 337, 337, 336, 
4700973, 338, 337, 338, 337, 
4701005, 338, 337, 338, 335, 
4701037, 337, 337, 337, 336, 
4701070, 338, 337, 338, 336, 
4701102, 337, 337, 337, 336, 
4701134, 336, 337, 337, 336, 
4701166, 337, 336, 338, 336, 
4701199, 336, 336, 337, 335, 
4701231, 336, 336, 337, 336, 
4701263, 337, 337, 337, 336, 
4701295, 336, 336, 338, 335, 
4701328, 336, 336, 336, 336, 
4701360, 337, 336, 337, 335, 
4701392, 326, 328, 336, 336, 
4701424, 333, 337, 335, 334, 
4701457, 336, 335, 336, 336, 
4701489, 336, 334, 337, 336, 
4701521, 335, 333, 338, 337, 
4701553, 334, 333, 338, 337, 
4701586, 331, 332, 337, 336, 
4701618, 328, 330, 336, 336, 
4701650, 326, 328, 336, 337, 
4701682, 330, 332, 337, 337, 
4701715, 337, 338, 337, 337, 
4701747, 343, 342, 339, 338, 
4701778, 346, 343, 338, 338, 
4701811, 346, 345, 339, 338, 
4701843, 344, 342, 338, 338, 
4701876, 343, 340, 338, 338, 
4701907, 342, 340, 339, 337, 
4701940, 341, 339, 337, 338, 
4701972, 339, 338, 337, 337, 
4702005, 339, 338, 338, 338, 
4702036, 339, 338, 337, 337, 
4702069, 338, 339, 337, 339, 
4702101, 338, 339, 337, 337, 
4702134, 337, 337, 337, 337, 
4702166, 337, 337, 337, 337, 
4702198, 336, 337, 337, 337, 
4702230, 336, 337, 338, 337, 
4702263, 335, 337, 336, 336, 
4702295, 336, 336, 338, 337, 
4702327, 336, 337, 338, 338, 
4702359, 330, 330, 336, 337, 
4702392, 330, 338, 335, 333, 
4702424, 336, 336, 337, 337, 
4702456, 336, 334, 337, 337, 
4702488, 335, 333, 337, 337, 
4702521, 333, 333, 337, 337, 
4702553, 331, 332, 337, 337, 
4702585, 329, 330, 336, 336, 
4702617, 325, 328, 337, 337, 
4702650, 327, 331, 336, 336, 
4702682, 335, 337, 337, 337, 
4702714, 342, 340, 338, 338, 
4702746, 344, 343, 338, 338, 
4702778, 345, 343, 338, 338, 
4702811, 343, 341, 338, 337, 
4702842, 342, 342, 337, 337, 
4702875, 342, 340, 338, 337, 
4702907, 341, 341, 338, 337, 
4702940, 340, 339, 337, 337, 
4702971, 339, 339, 338, 338, 
4703004, 339, 340, 338, 338, 
4703036, 338, 339, 338, 337, 
4703069, 337, 340, 338, 336, 
4703100, 336, 337, 338, 336, 
4703133, 336, 337, 340, 336, 
4703165, 336, 337, 339, 335, 
4703198, 336, 335, 340, 335, 
4703229, 335, 337, 337, 333, 
4703262, 334, 336, 337, 328, 
4703294, 336, 337, 337, 326, 
4703327, 336, 336, 339, 325, 
4703358, 330, 329, 337, 322, 
4703391, 330, 339, 336, 318, 
4703423, 336, 335, 338, 318, 
4703456, 336, 335, 339, 321, 
4703488, 336, 334, 338, 324, 
4703520, 335, 334, 339, 330, 
4703552, 333, 334, 340, 337, 
4703585, 330, 330, 338, 339, 
4703617, 328, 330, 339, 339, 
4703649, 331, 331, 339, 339, 
4703681, 337, 337, 339, 339, 
4703714, 344, 340, 339, 339, 
4703746, 346, 340, 339, 341, 
4703778, 346, 340, 338, 341, 
4703810, 345, 339, 338, 340, 
4703842, 344, 338, 337, 340, 
4703875, 341, 338, 338, 342, 
4703906, 341, 337, 338, 342, 
4703939, 340, 337, 337, 344, 
4703971, 340, 337, 337, 344, 
4704004, 339, 336, 337, 344, 
4704035, 339, 338, 337, 346, 
4704068, 338, 338, 337, 345, 
4704100, 338, 337, 337, 343, 
4704133, 337, 338, 337, 340, 
4704164, 337, 337, 337, 339, 
4704197, 336, 337, 336, 338, 
4704229, 335, 337, 336, 338, 
4704262, 336, 336, 336, 338, 
4704293, 337, 336, 336, 339, 
4704326, 328, 330, 335, 338, 
4704358, 333, 340, 335, 336, 
4704391, 335, 338, 336, 337, 
4704422, 335, 335, 336, 339, 
4704455, 334, 334, 336, 339, 
4704487, 333, 332, 336, 340, 
4704520, 331, 331, 336, 340, 
4704551, 328, 327, 336, 340, 
4704584, 327, 328, 336, 342, 
4704616, 329, 331, 336, 346, 
4704649, 336, 336, 336, 344, 
4704680, 341, 340, 337, 346, 
4704713, 343, 341, 339, 345, 
4704745, 344, 342, 338, 344, 
4704778, 343, 341, 338, 343, 
4704809, 342, 340, 339, 341, 
4704841, 341, 340, 338, 341, 
4704874, 341, 340, 338, 340, 
4704906, 340, 339, 337, 339, 
4704939, 339, 339, 338, 338, 
4704970, 338, 339, 337, 338, 
4705003, 338, 338, 337, 339, 
4705035, 338, 339, 337, 339, 
4705068, 337, 338, 338, 338, 
4705099, 336, 339, 339, 339, 
4705132, 336, 337, 337, 339, 
4705164, 335, 336, 336, 338, 
4705197, 334, 338, 336, 338, 
4705228, 335, 338, 337, 338, 
4705261, 337, 337, 337, 338, 
4705293, 337, 337, 337, 338, 
4705326, 326, 333, 334, 335, 
4705357, 336, 339, 335, 335, 
4705390, 337, 336, 336, 336, 
4705422, 337, 335, 336, 338, 
4705455, 337, 334, 337, 339, 
4705486, 335, 334, 336, 337, 
4705519, 332, 332, 336, 337, 
4705551, 330, 330, 336, 335, 
4705584, 327, 329, 337, 337, 
4705615, 332, 334, 337, 337, 
4705648, 339, 339, 337, 338, 
4705680, 343, 342, 337, 337, 
4705713, 346, 342, 338, 339, 
4705744, 345, 343, 338, 338, 
4705777, 344, 341, 338, 338, 
4705809, 342, 340, 338, 338, 
4705842, 341, 340, 338, 338, 
4705873, 339, 338, 338, 338, 
4705905, 339, 339, 338, 337, 
4705938, 338, 337, 337, 338, 
4705970, 340, 338, 338, 338, 
4706002, 336, 338, 337, 337, 
4706034, 339, 340, 339, 338, 
4706067, 340, 338, 338, 338, 
4706099, 338, 339, 338, 339, 
4706131, 338, 338, 337, 340, 
4706163, 338, 338, 337, 343, 
4706196, 337, 340, 337, 343, 
4706228, 336, 338, 336, 345, 
4706260, 336, 338, 337, 345, 
4706292, 336, 337, 336, 346, 
4706325, 325, 335, 333, 344, 
4706357, 335, 341, 336, 346, 
4706390, 335, 338, 335, 347, 
4706421, 336, 338, 336, 349, 
4706454, 334, 335, 335, 348, 
4706486, 333, 336, 337, 347, 
4706519, 331, 335, 335, 347, 
4706550, 329, 331, 336, 346, 
4706583, 329, 333, 336, 347, 
4706615, 333, 339, 336, 347, 
4706648, 340, 343, 337, 348, 
4706679, 343, 346, 338, 348, 
4706712, 344, 345, 338, 348, 
4706744, 344, 346, 338, 347, 
4706777, 342, 343, 338, 347, 
4706808, 341, 342, 337, 347, 
4706841, 342, 342, 337, 348, 
4706873, 339, 341, 337, 347, 
4706905, 338, 341, 337, 347, 
4706937, 337, 340, 337, 347, 
4706969, 337, 339, 337, 347, 
4707002, 337, 339, 336, 345, 
4707034, 336, 338, 336, 347, 
4707066, 336, 338, 336, 347, 
4707098, 335, 338, 336, 346, 
4707131, 335, 338, 332, 345, 
4707163, 335, 336, 336, 346, 
4707195, 334, 338, 336, 346, 
4707227, 335, 337, 336, 346, 
4707260, 336, 337, 337, 345, 
4707292, 330, 332, 335, 344, 
4707324, 327, 339, 334, 343, 
4707356, 335, 338, 334, 343, 
4707389, 336, 337, 335, 343, 
4707421, 336, 335, 334, 342, 
4707453, 336, 334, 334, 343, 
4707485, 334, 334, 334, 342, 
4707518, 332, 332, 333, 341, 
4707550, 329, 330, 332, 341, 
4707582, 330, 332, 333, 341, 
4707614, 337, 338, 333, 342, 
4707647, 342, 342, 331, 342, 
4707679, 344, 342, 333, 342, 
4707712, 345, 343, 332, 343, 
4707743, 344, 343, 332, 343, 
4707776, 343, 340, 333, 342, 
4707808, 342, 339, 335, 341, 
4707841, 341, 339, 334, 340, 
4707872, 339, 338, 335, 338, 
4707905, 340, 338, 337, 336, 
4707937, 338, 338, 337, 335, 
4707969, 338, 338, 339, 335, 
4708001, 337, 338, 340, 334, 
4708033, 338, 337, 342, 333, 
4708066, 338, 337, 342, 332, 
4708098, 335, 337, 341, 331, 
4708130, 334, 336, 341, 330, 
4708162, 336, 337, 341, 330, 
4708195, 336, 337, 342, 330, 
4708227, 326, 329, 340, 328, 
4708259, 334, 340, 339, 327, 
4708291, 336, 336, 340, 328, 
4708324, 335, 334, 338, 328, 
4708356, 335, 333, 339, 328, 
4708388, 334, 332, 339, 328, 
4708420, 332, 331, 338, 328, 
4708453, 329, 329, 337, 327, 
4708485, 327, 328, 338, 328, 
4708517, 330, 333, 339, 327, 
4708549, 337, 337, 340, 329, 
4708582, 341, 340, 341, 329, 
4708614, 342, 342, 340, 329, 
4708646, 342, 341, 340, 330, 
4708678, 341, 341, 340, 329, 
4708711, 339, 340, 339, 329, 
4708743, 339, 339, 339, 330, 
4708775, 339, 340, 339, 330, 
4708807, 338, 338, 338, 330, 
4708840, 338, 338, 338, 330, 
4708872, 337, 337, 337, 330, 
4708904, 337, 336, 338, 331, 
4708936, 337, 337, 339, 331, 
4708968, 336, 336, 337, 331, 
4709001, 336, 336, 338, 331, 
4709032, 335, 335, 337, 330, 
4709065, 335, 335, 337, 330, 
4709097, 335, 336, 337, 331, 
4709130, 335, 336, 339, 331, 
4709161, 335, 334, 339, 331, 
4709194, 326, 332, 337, 329, 
4709226, 335, 338, 341, 331, 
4709259, 336, 335, 340, 331, 
4709291, 336, 333, 341, 332, 
4709323, 334, 333, 340, 332, 
4709355, 333, 332, 341, 332, 
4709388, 331, 330, 340, 332, 
4709420, 329, 329, 339, 331, 
4709452, 328, 328, 339, 332, 
4709484, 332, 333, 340, 333, 
4709517, 338, 337, 341, 333, 
4709549, 342, 340, 341, 335, 
4709581, 342, 341, 342, 336, 
4709613, 342, 341, 341, 336, 
4709646, 341, 340, 341, 335, 
4709678, 340, 338, 342, 335, 
4709710, 339, 338, 342, 335, 
4709742, 339, 338, 341, 335, 
4709775, 338, 338, 341, 336, 
4709807, 338, 336, 341, 334, 
4709839, 337, 337, 340, 335, 
4709871, 338, 339, 340, 335, 
4709904, 336, 338, 338, 335, 
4709936, 336, 337, 336, 335, 
4709968, 336, 337, 337, 335, 
4710000, 336, 337, 336, 335, 
4710032, 335, 337, 335, 334, 
4710065, 334, 336, 334, 334, 
4710096, 334, 335, 334, 335, 
4710129, 335, 336, 335, 336, 
4710161, 334, 333, 335, 335, 
4710194, 325, 331, 332, 333, 
4710225, 335, 338, 334, 334, 
4710258, 336, 335, 334, 335, 
4710290, 335, 334, 334, 336, 
4710323, 334, 333, 335, 335, 
4710354, 332, 331, 335, 337, 
4710387, 330, 330, 335, 335, 
4710419, 327, 329, 334, 335, 
4710452, 327, 328, 335, 335, 
4710483, 332, 332, 335, 336, 
4710516, 337, 338, 337, 336, 
4710548, 341, 339, 337, 337, 
4710581, 343, 341, 336, 337, 
4710612, 342, 340, 336, 336, 
4710645, 341, 340, 336, 336, 
4710677, 340, 338, 335, 336, 
4710710, 339, 338, 336, 336, 
4710742, 339, 338, 337, 337, 
4710774, 338, 337, 337, 336, 
4710806, 338, 337, 336, 336, 
4710839, 337, 337, 335, 337, 
4710871, 337, 336, 336, 336, 
4710903, 337, 336, 335, 336, 
4710935, 336, 336, 336, 337, 
4710968, 336, 335, 335, 336, 
4711000, 334, 336, 334, 336, 
4711031, 336, 335, 335, 336, 
4711064, 337, 337, 335, 337, 
4711096, 333, 331, 334, 336, 
4711129, 328, 335, 334, 335, 
4711160, 335, 337, 334, 337, 
4711193, 336, 336, 336, 336, 
4711225, 336, 333, 335, 337, 
4711258, 335, 333, 335, 337, 
4711289, 333, 330, 335, 335, 
4711322, 331, 331, 336, 336, 
4711354, 328, 328, 335, 336, 
4711387, 329, 328, 335, 335, 
4711418, 334, 335, 338, 337, 
4711451, 340, 339, 336, 337, 
4711483, 342, 341, 337, 336, 
4711516, 342, 341, 336, 337, 
4711547, 342, 340, 337, 337, 
4711580, 342, 340, 336, 337, 
4711612, 341, 339, 337, 337, 
4711645, 339, 339, 336, 337, 
4711676, 339, 338, 337, 337, 
4711709, 339, 338, 336, 337, 
4711741, 338, 336, 336, 338, 
4711774, 337, 336, 336, 336, 
4711805, 338, 337, 336, 336, 
4711838, 337, 336, 336, 337, 
4711870, 336, 336, 336, 337, 
4711903, 336, 337, 336, 336, 
4711934, 336, 336, 333, 336, 
4711967, 335, 337, 336, 336, 
4711999, 336, 336, 337, 336, 
4712032, 332, 331, 336, 335, 
4712064, 329, 337, 336, 335, 
4712095, 334, 338, 336, 336, 
4712128, 335, 335, 336, 337, 
4712160, 333, 334, 336, 336, 
4712193, 333, 333, 336, 337, 
4712224, 333, 332, 336, 336, 
4712257, 330, 330, 336, 336, 
4712289, 329, 328, 335, 336, 
4712322, 329, 330, 336, 335, 
4712353, 334, 335, 337, 337, 
4712386, 340, 339, 337, 337, 
4712418, 343, 341, 339, 338, 
4712451, 343, 340, 338, 337, 
4712482, 342, 342, 338, 338, 
4712515, 341, 340, 338, 338, 
4712547, 340, 339, 336, 338, 
4712580, 340, 338, 337, 338, 
4712611, 339, 338, 337, 338, 
4712644, 338, 338, 337, 337, 
4712676, 339, 337, 337, 339, 
4712709, 337, 337, 337, 337, 
4712740, 337, 337, 338, 336, 
4712773, 336, 337, 337, 336, 
4712805, 337, 337, 336, 336, 
4712838, 334, 336, 336, 336, 
4712869, 335, 336, 336, 336, 
4712902, 336, 336, 336, 335, 
4712934, 332, 331, 337, 337, 
4712967, 329, 337, 335, 334, 
4712998, 335, 338, 337, 336, 
4713031, 336, 336, 336, 337, 
4713063, 335, 335, 337, 337, 
4713095, 334, 334, 337, 335, 
4713127, 332, 333, 339, 335, 
4713159, 329, 330, 338, 336, 
4713192, 328, 330, 338, 336, 
4713224, 329, 332, 338, 336, 
4713256, 335, 337, 339, 334, 
4713288, 340, 341, 340, 336, 
4713321, 343, 342, 339, 335, 
4713353, 344, 341, 340, 336, 
4713385, 342, 340, 339, 336, 
4713417, 341, 338, 339, 335, 
4713450, 340, 336, 334, 334, 
4713482, 339, 337, 329, 336, 
4713515, 338, 337, 325, 336, 
4713546, 338, 336, 325, 335, 
4713579, 337, 335, 326, 337, 
4713611, 336, 335, 329, 337, 
4713644, 336, 335, 332, 338, 
4713675, 336, 334, 334, 337, 
4713708, 335, 334, 332, 340, 
4713740, 334, 334, 330, 337, 
4713773, 333, 334, 332, 337, 
4713804, 334, 335, 333, 339, 
4713837, 336, 336, 335, 337, 
4713869, 329, 328, 334, 337, 
4713902, 332, 338, 335, 336, 
4713933, 335, 334, 338, 337, 
4713966, 335, 333, 338, 336, 
4713998, 334, 332, 339, 337, 
4714031, 332, 331, 339, 337, 
4714062, 330, 330, 340, 338, 
4714095, 328, 329, 339, 338, 
4714127, 325, 328, 338, 337, 
4714159, 329, 330, 338, 337, 
4714191, 334, 336, 339, 338, 
4714223, 340, 340, 341, 338, 
4714256, 343, 341, 340, 338, 
4714288, 343, 341, 339, 337, 
4714320, 342, 340, 339, 338, 
4714352, 341, 339, 339, 337, 
4714385, 340, 339, 339, 337, 
4714417, 339, 338, 339, 338, 
4714449, 339, 337, 339, 337, 
4714481, 339, 339, 338, 338, 
4714514, 339, 338, 339, 337, 
4714546, 337, 338, 339, 337, 
4714578, 337, 337, 339, 336, 
4714610, 336, 336, 339, 334, 
4714643, 336, 337, 337, 330, 
4714675, 336, 337, 337, 334, 
4714707, 334, 338, 337, 337, 
4714739, 334, 337, 338, 337, 
4714772, 336, 339, 337, 341, 
4714804, 332, 332, 337, 344, 
4714836, 329, 340, 336, 345, 
4714868, 335, 338, 337, 348, 
4714901, 335, 336, 337, 349, 
4714933, 334, 335, 337, 353, 
4714966, 332, 334, 338, 355, 
4714997, 330, 333, 335, 356, 
4715030, 326, 332, 337, 356, 
4715062, 324, 331, 337, 358, 
4715095, 324, 334, 337, 359, 
4715126, 331, 338, 337, 360, 
4715158, 339, 341, 339, 360, 
4715191, 343, 343, 339, 359, 
4715223, 342, 342, 338, 357, 
4715255, 340, 342, 338, 355, 
4715287, 339, 341, 340, 353, 
4715320, 337, 340, 338, 352, 
4715352, 337, 339, 338, 349, 
4715384, 336, 338, 339, 348, 
4715416, 336, 339, 338, 346, 
4715449, 335, 338, 339, 343, 
4715481, 334, 337, 338, 344, 
4715513, 334, 336, 337, 342, 
4715545, 334, 337, 338, 342, 
4715578, 334, 336, 337, 341, 
4715610, 334, 336, 338, 341, 
4715642, 334, 336, 337, 340, 
4715674, 334, 337, 336, 338, 
4715707, 334, 336, 336, 336, 
4715739, 336, 336, 336, 336, 
4715771, 336, 335, 337, 335, 
4715803, 326, 333, 334, 332, 
4715836, 335, 338, 336, 332, 
4715868, 337, 336, 337, 332, 
4715900, 336, 336, 338, 331, 
4715932, 335, 334, 337, 331, 
4715965, 334, 333, 336, 329, 
4715997, 332, 332, 337, 332, 
4716029, 330, 331, 338, 331, 
4716061, 328, 331, 338, 332, 
4716094, 332, 336, 338, 331, 
4716126, 340, 339, 337, 329, 
4716158, 343, 342, 339, 330, 
4716190, 345, 343, 339, 330, 
4716222, 345, 342, 338, 330, 
4716255, 343, 340, 337, 330, 
4716286, 341, 339, 337, 329, 
4716319, 340, 337, 338, 328, 
4716351, 340, 338, 337, 329, 
4716384, 339, 338, 338, 328, 
4716416, 339, 338, 337, 329, 
4716448, 337, 336, 337, 329, 
4716480, 337, 337, 337, 328, 
4716513, 337, 338, 337, 329, 
4716545, 337, 336, 337, 329, 
4716577, 337, 337, 337, 328, 
4716609, 337, 336, 336, 329, 
4716642, 337, 336, 336, 330, 
4716674, 338, 336, 337, 332, 
4716706, 327, 331, 335, 329, 
4716738, 337, 338, 335, 329, 
4716771, 337, 335, 336, 331, 
4716803, 338, 334, 337, 331, 
4716835, 335, 333, 337, 331, 
4716867, 333, 333, 336, 330, 
4716900, 332, 331, 336, 331, 
4716932, 329, 330, 336, 331, 
4716964, 327, 330, 336, 331, 
4716996, 333, 335, 336, 331, 
4717029, 340, 339, 337, 331, 
4717061, 343, 341, 336, 331, 
4717093, 345, 341, 337, 331, 
4717125, 343, 341, 337, 332, 
4717158, 343, 340, 337, 331, 
4717190, 341, 339, 337, 331, 
4717221, 341, 339, 336, 331, 
4717254, 341, 339, 337, 332, 
4717286, 339, 338, 338, 332, 
4717319, 339, 339, 338, 332, 
4717350, 338, 338, 337, 334, 
4717383, 338, 337, 338, 333, 
4717415, 337, 336, 337, 332, 
4717448, 336, 337, 337, 335, 
4717479, 337, 337, 338, 333, 
4717512, 336, 338, 337, 335, 
4717544, 335, 336, 337, 335, 
4717577, 337, 336, 337, 335, 
4717608, 337, 336, 337, 335, 
4717641, 332, 331, 336, 334, 
4717673, 332, 340, 335, 334, 
4717706, 336, 337, 337, 334, 
4717737, 336, 335, 337, 335, 
4717770, 335, 334, 336, 336, 
4717802, 334, 333, 337, 335, 
4717835, 333, 332, 337, 336, 
4717867, 329, 331, 336, 335, 
4717899, 327, 330, 336, 335, 
4717931, 328, 332, 337, 335, 
4717964, 335, 336, 337, 336, 
4717996, 341, 341, 338, 336, 
4718028, 345, 341, 337, 337, 
4718060, 345, 341, 337, 336, 
4718093, 344, 340, 337, 336, 
4718125, 342, 340, 337, 336, 
4718157, 342, 339, 337, 336, 
4718189, 340, 339, 337, 336, 
4718222, 339, 338, 337, 336, 
4718254, 339, 338, 337, 336, 
4718285, 338, 338, 337, 335, 
4718318, 338, 338, 337, 336, 
4718350, 337, 337, 337, 336, 
4718383, 337, 337, 337, 337, 
4718414, 337, 337, 337, 336, 
4718447, 337, 338, 338, 337, 
4718479, 337, 337, 337, 336, 
4718512, 335, 337, 336, 337, 
4718543, 336, 337, 337, 337, 
4718576, 336, 336, 337, 338, 
4718608, 337, 335, 337, 338, 
4718641, 326, 331, 335, 338, 
4718672, 335, 340, 336, 336, 
4718705, 336, 336, 336, 338, 
4718737, 335, 334, 336, 337, 
4718770, 335, 332, 337, 336, 
4718801, 334, 332, 337, 336, 
4718834, 330, 332, 336, 336, 
4718866, 327, 329, 336, 335, 
4718899, 326, 331, 336, 334, 
4718930, 330, 333, 336, 334, 
4718963, 337, 339, 338, 334, 
4718995, 342, 341, 337, 335, 
4719028, 344, 342, 337, 334, 
4719059, 344, 342, 338, 335, 
4719092, 342, 341, 339, 336, 
4719124, 341, 340, 337, 336, 
4719157, 341, 339, 338, 337, 
4719188, 340, 340, 337, 337, 
4719221, 340, 339, 338, 337, 
4719253, 338, 339, 337, 337, 
4719285, 338, 338, 337, 336, 
4719318, 337, 337, 338, 336, 
4719349, 337, 337, 337, 336, 
4719382, 337, 337, 337, 336, 
4719414, 338, 337, 336, 335, 
4719447, 336, 336, 337, 335, 
4719478, 335, 337, 336, 336, 
4719511, 336, 336, 336, 337, 
4719543, 337, 337, 337, 336, 
4719576, 331, 330, 336, 337, 
4719607, 331, 338, 335, 334, 
4719640, 337, 337, 336, 337, 
4719672, 336, 335, 337, 336, 
4719705, 335, 333, 336, 337, 
4719736, 335, 334, 337, 336, 
4719769, 333, 333, 337, 336, 
4719801, 329, 331, 336, 336, 
4719834, 326, 330, 337, 336, 
4719865, 328, 332, 337, 335, 
4719898, 336, 337, 338, 335, 
4719930, 342, 340, 337, 336, 
4719963, 344, 343, 337, 336, 
4719994, 344, 342, 337, 336, 
4720027, 343, 341, 337, 336, 
4720059, 342, 340, 337, 337, 
4720092, 340, 339, 338, 337, 
4720123, 339, 338, 336, 338, 
4720156, 339, 338, 337, 337, 
4720188, 338, 338, 337, 337, 
4720221, 337, 338, 337, 337, 
4720252, 338, 337, 338, 337, 
4720285, 337, 336, 337, 337, 
4720317, 337, 337, 337, 336, 
4720349, 337, 337, 338, 336, 
4720381, 336, 336, 337, 336, 
4720413, 335, 336, 336, 336, 
4720446, 334, 336, 335, 336, 
4720478, 335, 336, 337, 336, 
