340, 339, 339, 339, 
4456561, 339, 339, 41, 340, 339, 
4456465, 341, 340, 340, 339, 
4456497, 340, 340, 339, 339, 
4456529, 340, 339, 339, 339, 
4456561, 339, 339, 39, 339, 
4456594, 339, 338, 339, 339, 
4456626, 339, 338, 338, 338, 
4456658, 338, 339, 339, 339, 
4456690, 338, 338, 338, 339, 
4456723, 338, 337, 339, 339, 
4456755, 338, 336, 339, 338, 
4456787, 328, 335, 335, 336, 
4456819, 337, 339, 337, 337, 
4456852, 338, 337, 338, 337, 
4456884, 336, 335, 338, 339, 
4456916, 335, 336, 338, 339, 
4456948, 334, 334, 338, 338, 
4456981, 331, 331, 338, 338, 
4457013, 328, 330, 338, 338, 
4457046, 328, 330, 338, 338, 
4457077, 333, 336, 338, 337, 
4457110, 340, 340, 338, 338, 
4457142, 344, 344, 339, 338, 
4457175, 345, 345, 340, 338, 
4457206, 344, 343, 340, 338, 
4457238, 343, 342, 339, 338, 
4457271, 342, 343, 339, 338, 
4457303, 341, 341, 339, 337, 
4457335, 341, 339, 339, 338, 
4457367, 340, 340, 338, 339, 
4457400, 339, 339, 339, 338, 
4457432, 339, 340, 339, 339, 
4457464, 337, 339, 339, 339, 
4457496, 338, 339, 338, 340, 
4457529, 337, 339, 339, 338, 
4457561, 336, 338, 339, 340, 
4457593, 337, 338, 339, 339, 
4457625, 338, 337, 339, 340, 
4457658, 333, 333, 339, 340, 
4457690, 332, 341, 337, 338, 
4457722, 337, 338, 338, 338, 
4457754, 337, 336, 338, 340, 
4457787, 336, 335, 339, 339, 
4457819, 335, 335, 338, 339, 
4457851, 334, 333, 338, 338, 
4457883, 330, 331, 338, 337, 
4457916, 328, 331, 337, 338, 
4457948, 330, 333, 338, 338, 
4457980, 337, 339, 338, 338, 
4458012, 342, 342, 340, 338, 
4458045, 344, 343, 339, 339, 
4458077, 345, 344, 339, 339, 
4458109, 345, 342, 339, 338, 
4458141, 342, 341, 339, 339, 
4458174, 342, 340, 339, 338, 
4458206, 341, 342, 340, 340, 
4458238, 340, 341, 340, 339, 
4458270, 340, 340, 340, 339, 
4458302, 339, 340, 339, 338, 
4458335, 339, 339, 339, 338, 
4458366, 339, 339, 339, 339, 
4458399, 339, 338, 338, 337, 
4458431, 337, 340, 338, 338, 
4458464, 336, 340, 337, 338, 
4458496, 338, 339, 339, 339, 
4458528, 337, 338, 339, 338, 
4458560, 328, 337, 336, 336, 
4458593, 337, 341, 338, 336, 
4458625, 337, 338, 339, 337, 
4458657, 336, 336, 339, 338, 
4458689, 336, 336, 340, 338, 
4458722, 335, 334, 339, 337, 
4458754, 332, 333, 338, 338, 
4458786, 329, 329, 338, 337, 
4458818, 328, 330, 338, 338, 
4458851, 335, 335, 338, 337, 
4458883, 342, 340, 339, 336, 
4458915, 347, 342, 340, 338, 
4458947, 349, 341, 339, 338, 
4458980, 348, 342, 339, 338, 
4459012, 347, 342, 339, 339, 
4459044, 346, 341, 339, 338, 
4459076, 344, 341, 339, 339, 
4459109, 342, 340, 339, 340, 
4459141, 340, 338, 337, 338, 
4459173, 339, 340, 338, 339, 
4459205, 339, 340, 339, 338, 
4459238, 338, 340, 338, 338, 
4459270, 337, 338, 338, 336, 
4459301, 336, 338, 339, 337, 
4459334, 335, 337, 338, 338, 
4459366, 338, 337, 338, 339, 
4459399, 336, 337, 339, 338, 
4459430, 326, 334, 336, 336, 
4459463, 335, 340, 338, 337, 
4459495, 335, 337, 338, 338, 
4459528, 335, 336, 338, 338, 
4459559, 334, 334, 339, 338, 
4459592, 333, 334, 338, 337, 
4459624, 332, 332, 338, 337, 
4459657, 329, 331, 337, 337, 
4459688, 329, 332, 337, 338, 
4459721, 333, 335, 337, 338, 
4459753, 341, 341, 339, 338, 
4459786, 343, 342, 339, 338, 
4459817, 344, 344, 340, 338, 
4459850, 344, 342, 339, 339, 
4459882, 343, 342, 340, 339, 
4459915, 341, 341, 340, 338, 
4459947, 341, 340, 339, 339, 
4459979, 341, 340, 339, 339, 
4460011, 339, 337, 339, 338, 
4460044, 340, 340, 338, 338, 
4460076, 338, 340, 339, 338, 
4460108, 338, 339, 338, 338, 
4460140, 337, 339, 339, 338, 
4460173, 337, 338, 338, 339, 
4460205, 336, 338, 337, 338, 
4460237, 335, 338, 337, 338, 
4460269, 336, 337, 338, 338, 
4460302, 339, 337, 338, 338, 
4460334, 331, 331, 338, 337, 
4460365, 331, 341, 336, 335, 
4460398, 337, 338, 338, 338, 
4460430, 336, 336, 337, 338, 
4460463, 335, 335, 338, 337, 
4460494, 334, 335, 338, 339, 
4460527, 333, 334, 338, 339, 
4460559, 330, 332, 338, 338, 
4460592, 328, 331, 337, 338, 
4460623, 330, 334, 337, 339, 
4460656, 336, 339, 338, 339, 
4460688, 342, 341, 339, 339, 
4460721, 345, 345, 340, 340, 
4460752, 347, 343, 340, 341, 
4460785, 345, 342, 340, 341, 
4460817, 345, 341, 340, 341, 
4460850, 346, 341, 340, 342, 
4460881, 345, 340, 340, 342, 
4460914, 346, 339, 340, 342, 
4460946, 344, 338, 340, 342, 
4460979, 342, 337, 339, 343, 
4461010, 335, 337, 340, 341, 
4461043, 328, 337, 340, 340, 
4461075, 322, 336, 340, 340, 
4461108, 317, 336, 339, 339, 
4461139, 304, 337, 337, 338, 
4461172, 294, 338, 337, 338, 
4461204, 288, 337, 334, 340, 
4461237, 289, 337, 335, 343, 
4461268, 289, 335, 335, 344, 
4461301, 287, 340, 330, 343, 
4461333, 297, 339, 331, 345, 
4461365, 301, 336, 334, 345, 
4461398, 305, 336, 332, 344, 
4461429, 308, 334, 333, 343, 
4461462, 312, 333, 335, 342, 
4461494, 315, 332, 335, 341, 
4461527, 317, 330, 335, 339, 
4461558, 320, 331, 336, 338, 
4461591, 328, 335, 337, 338, 
4461623, 337, 339, 339, 338, 
4461656, 341, 340, 339, 338, 
4461687, 346, 341, 340, 338, 
4461720, 346, 342, 339, 339, 
4461752, 345, 340, 339, 340, 
4461785, 348, 341, 340, 339, 
4461816, 348, 340, 340, 339, 
4461849, 347, 341, 339, 339, 
4461881, 347, 339, 340, 340, 
4461914, 347, 339, 339, 338, 
4461945, 347, 339, 340, 338, 
4461978, 346, 339, 339, 338, 
4462010, 346, 339, 339, 337, 
4462043, 345, 337, 339, 336, 
4462074, 345, 338, 339, 338, 
4462107, 344, 339, 339, 336, 
4462139, 346, 339, 340, 336, 
4462172, 345, 339, 339, 337, 
4462203, 344, 336, 339, 336, 
4462236, 337, 339, 337, 334, 
4462268, 344, 340, 338, 335, 
4462301, 345, 337, 339, 337, 
4462332, 344, 336, 339, 336, 
4462365, 343, 335, 339, 337, 
4462397, 341, 335, 339, 337, 
4462429, 339, 333, 340, 337, 
4462461, 337, 332, 339, 336, 
4462493, 336, 333, 340, 336, 
4462526, 342, 338, 340, 337, 
4462558, 347, 341, 342, 337, 
4462590, 350, 342, 340, 337, 
4462622, 351, 343, 341, 337, 
4462655, 349, 341, 339, 337, 
4462687, 348, 340, 340, 336, 
4462720, 348, 341, 340, 337, 
4462751, 346, 340, 339, 336, 
4462784, 345, 339, 339, 337, 
4462816, 345, 339, 339, 338, 
4462849, 345, 337, 339, 337, 
4462880, 344, 339, 339, 337, 
4462913, 344, 339, 339, 338, 
4462945, 345, 338, 339, 336, 
4462978, 344, 338, 339, 337, 
4463009, 341, 337, 338, 337, 
4463042, 340, 338, 337, 337, 
4463074, 339, 337, 338, 336, 
4463107, 339, 337, 338, 337, 
4463138, 340, 337, 338, 337, 
4463171, 331, 331, 338, 336, 
4463203, 338, 342, 336, 336, 
4463236, 338, 338, 336, 337, 
4463267, 339, 335, 338, 337, 
4463300, 337, 334, 337, 337, 
4463332, 336, 334, 338, 337, 
4463365, 335, 333, 337, 336, 
4463396, 332, 332, 337, 336, 
4463428, 331, 331, 339, 337, 
4463461, 334, 334, 339, 337, 
4463493, 341, 338, 339, 337, 
4463525, 345, 341, 339, 337, 
4463557, 346, 343, 339, 339, 
4463590, 345, 341, 338, 337, 
4463622, 345, 340, 338, 339, 
4463654, 344, 340, 340, 339, 
4463686, 343, 339, 338, 338, 
4463719, 343, 340, 338, 338, 
4463751, 341, 338, 338, 337, 
4463783, 342, 338, 339, 337, 
4463815, 341, 338, 337, 337, 
4463848, 340, 337, 337, 337, 
4463880, 340, 337, 338, 337, 
4463912, 339, 337, 337, 337, 
4463944, 339, 337, 337, 337, 
4463977, 339, 338, 337, 335, 
4464009, 337, 338, 337, 335, 
4464041, 337, 338, 337, 336, 
4464073, 340, 338, 337, 336, 
4464106, 337, 335, 336, 335, 
4464138, 331, 339, 335, 334, 
4464171, 338, 339, 337, 335, 
4464202, 338, 337, 337, 335, 
4464235, 337, 335, 337, 336, 
4464267, 337, 334, 338, 337, 
4464300, 335, 334, 337, 336, 
4464331, 334, 333, 338, 337, 
4464364, 332, 332, 337, 336, 
4464396, 331, 333, 337, 336, 
4464429, 335, 336, 338, 337, 
4464460, 341, 340, 339, 337, 
4464492, 344, 342, 339, 337, 
4464525, 345, 342, 338, 336, 
4464557, 344, 341, 338, 336, 
4464589, 343, 339, 338, 337, 
4464621, 343, 339, 338, 336, 
4464654, 343, 340, 338, 337, 
4464686, 341, 340, 338, 337, 
4464718, 340, 339, 338, 337, 
4464750, 340, 338, 338, 337, 
4464783, 339, 339, 338, 338, 
4464815, 339, 339, 338, 337, 
4464847, 339, 338, 338, 337, 
4464879, 338, 337, 339, 336, 
4464912, 338, 337, 337, 337, 
4464944, 336, 337, 337, 337, 
4464976, 337, 337, 338, 337, 
4465008, 337, 337, 338, 337, 
4465041, 335, 333, 337, 337, 
4465073, 333, 341, 337, 334, 
4465105, 337, 339, 338, 337, 
4465137, 337, 336, 336, 336, 
4465170, 336, 335, 337, 336, 
4465202, 334, 334, 336, 337, 
4465234, 334, 333, 337, 337, 
4465266, 331, 333, 336, 337, 
4465299, 329, 331, 336, 337, 
4465331, 330, 333, 337, 337, 
4465363, 336, 337, 338, 337, 
4465395, 342, 341, 339, 338, 
4465428, 344, 341, 338, 338, 
4465460, 344, 341, 339, 338, 
4465491, 344, 340, 338, 339, 
4465524, 343, 340, 338, 339, 
4465556, 341, 340, 338, 338, 
4465589, 341, 339, 337, 338, 
4465620, 340, 339, 338, 339, 
4465653, 339, 339, 339, 338, 
4465685, 339, 338, 338, 338, 
4465718, 338, 338, 337, 339, 
4465750, 337, 337, 337, 339, 
4465782, 338, 337, 337, 339, 
4465814, 337, 337, 338, 339, 
4465847, 337, 339, 336, 338, 
4465879, 337, 338, 337, 338, 
4465911, 337, 338, 337, 338, 
4465943, 336, 336, 336, 339, 
4465976, 327, 332, 336, 337, 
4466008, 335, 340, 336, 336, 
4466040, 337, 336, 337, 337, 
4466072, 335, 334, 337, 338, 
4466105, 336, 334, 338, 338, 
4466137, 334, 334, 337, 337, 
4466169, 333, 333, 338, 337, 
4466201, 330, 332, 338, 337, 
4466234, 329, 332, 337, 337, 
4466266, 333, 335, 337, 337, 
4466298, 339, 339, 339, 337, 
4466330, 343, 341, 338, 337, 
4466363, 344, 342, 340, 337, 
4466395, 343, 340, 339, 337, 
4466427, 343, 342, 338, 337, 
4466459, 342, 340, 339, 337, 
4466492, 341, 340, 337, 337, 
4466524, 341, 339, 338, 337, 
4466555, 340, 340, 337, 337, 
4466588, 338, 338, 338, 337, 
4466620, 337, 337, 336, 337, 
4466653, 338, 337, 337, 337, 
4466684, 336, 337, 336, 336, 
4466717, 336, 337, 337, 336, 
4466749, 335, 338, 335, 335, 
4466782, 337, 339, 337, 337, 
4466813, 338, 338, 338, 338, 
4466846, 336, 335, 340, 338, 
4466878, 332, 340, 336, 336, 
4466911, 338, 340, 338, 338, 
4466942, 337, 337, 338, 336, 
4466975, 336, 335, 339, 338, 
4467007, 336, 335, 339, 336, 
4467040, 334, 334, 339, 335, 
4467072, 335, 334, 339, 336, 
4467104, 332, 335, 339, 335, 
4467136, 333, 335, 339, 335, 
4467169, 340, 340, 340, 335, 
4467201, 345, 343, 341, 335, 
4467233, 347, 345, 341, 335, 
4467265, 348, 345, 341, 335, 
4467298, 347, 344, 341, 334, 
4467330, 347, 344, 341, 334, 
4467362, 346, 344, 340, 335, 
4467394, 345, 341, 340, 336, 
4467427, 344, 342, 341, 336, 
4467459, 343, 340, 339, 335, 
4467491, 342, 339, 338, 336, 
4467523, 341, 338, 338, 337, 
4467555, 340, 337, 337, 334, 
4467588, 341, 337, 338, 336, 
4467619, 340, 336, 338, 335, 
4467652, 340, 336, 337, 334, 
4467684, 338, 336, 338, 334, 
4467717, 340, 335, 337, 334, 
4467748, 339, 336, 337, 334, 
4467781, 332, 329, 337, 335, 
4467813, 335, 340, 336, 333, 
4467846, 339, 336, 337, 335, 
4467877, 338, 335, 337, 336, 
4467910, 337, 333, 338, 336, 
4467942, 336, 332, 337, 336, 
4467975, 333, 331, 336, 336, 
4468006, 330, 328, 337, 336, 
4468039, 328, 328, 337, 336, 
4468071, 332, 332, 337, 337, 
4468104, 339, 337, 339, 336, 
4468135, 345, 341, 339, 337, 
4468168, 346, 342, 339, 337, 
4468200, 345, 343, 339, 339, 
4468233, 345, 343, 340, 340, 
4468264, 344, 342, 339, 340, 
4468297, 343, 342, 338, 339, 
4468329, 343, 341, 339, 339, 
4468362, 343, 339, 338, 338, 
4468393, 342, 339, 338, 338, 
4468426, 341, 338, 338, 338, 
4468458, 341, 337, 338, 338, 
4468491, 339, 337, 338, 338, 
4468523, 339, 338, 337, 338, 
4468555, 339, 336, 336, 338, 
4468587, 337, 337, 336, 337, 
4468619, 338, 336, 337, 338, 
4468652, 339, 336, 338, 339, 
4468683, 336, 331, 337, 339, 
4468716, 333, 338, 334, 336, 
4468748, 340, 337, 336, 339, 
4468781, 340, 335, 337, 339, 
4468812, 339, 334, 338, 341, 
4468845, 338, 333, 338, 340, 
4468877, 337, 332, 337, 343, 
4468910, 334, 331, 337, 342, 
4468941, 330, 329, 336, 343, 
4468974, 331, 332, 336, 344, 
4469006, 338, 337, 338, 347, 
4469039, 344, 341, 337, 347, 
4469070, 349, 344, 340, 349, 
4469103, 348, 344, 339, 350, 
4469135, 348, 343, 339, 350, 
4469168, 346, 342, 338, 350, 
4469199, 345, 341, 338, 350, 
4469232, 345, 340, 338, 348, 
4469264, 343, 341, 339, 349, 
4469297, 343, 339, 338, 348, 
4469328, 342, 339, 339, 347, 
4469361, 341, 340, 338, 345, 
4469393, 342, 340, 338, 345, 
4469426, 341, 338, 338, 345, 
4469457, 340, 338, 338, 344, 
4469490, 339, 337, 337, 343, 
4469522, 338, 337, 338, 342, 
4469555, 339, 338, 338, 343, 
4469586, 340, 338, 338, 343, 
4469618, 334, 330, 337, 341, 
4469651, 336, 340, 335, 337, 
4469683, 340, 338, 337, 340, 
4469715, 339, 336, 337, 339, 
4469747, 337, 335, 338, 339, 
4469780, 336, 333, 338, 338, 
4469812, 333, 334, 338, 339, 
4469844, 332, 329, 337, 337, 
4469876, 328, 329, 337, 337, 
4469909, 330, 333, 337, 337, 
4469941, 337, 338, 337, 335, 
4469974, 343, 342, 338, 336, 
4470005, 344, 344, 338, 336, 
4470038, 346, 343, 339, 335, 
4470070, 344, 343, 337, 336, 
4470103, 343, 342, 339, 335, 
4470134, 342, 341, 338, 335, 
4470167, 341, 339, 338, 336, 
4470199, 340, 339, 338, 335, 
4470232, 341, 339, 338, 335, 
4470263, 339, 339, 337, 334, 
4470296, 339, 339, 337, 334, 
4470328, 338, 337, 337, 334, 
4470361, 337, 337, 338, 334, 
4470392, 336, 337, 336, 334, 
4470425, 335, 338, 337, 333, 
4470457, 337, 338, 337, 334, 
4470490, 337, 338, 337, 334, 
4470521, 326, 330, 336, 333, 
4470554, 334, 338, 336, 332, 
4470586, 337, 336, 337, 334, 
4470619, 336, 336, 337, 335, 
4470650, 336, 335, 337, 335, 
4470682, 335, 333, 337, 336, 
4470715, 333, 332, 337, 334, 
4470747, 329, 330, 337, 334, 
4470779, 328, 329, 336, 335, 
4470811, 332, 334, 339, 336, 
4470844, 340, 340, 338, 336, 
4470876, 344, 343, 338, 335, 
4470908, 345, 343, 339, 335, 
4470940, 343, 343, 338, 335, 
4470973, 342, 341, 339, 336, 
4471005, 342, 341, 338, 336, 
4471037, 340, 340, 338, 336, 
4471069, 340, 341, 339, 336, 
4471102, 338, 339, 338, 336, 
4471134, 337, 339, 338, 336, 
4471166, 337, 339, 338, 336, 
4471198, 336, 339, 339, 337, 
4471231, 336, 338, 337, 337, 
4471263, 334, 338, 337, 336, 
4471296, 335, 337, 337, 335, 
4471327, 335, 338, 337, 337, 
4471360, 336, 336, 338, 337, 
4471392, 325, 333, 337, 334, 
4471425, 335, 339, 338, 336, 
4471456, 335, 338, 337, 336, 
4471489, 335, 335, 338, 337, 
4471521, 334, 334, 337, 337, 
4471554, 332, 334, 337, 336, 
4471585, 329, 331, 337, 337, 
4471618, 326, 329, 337, 336, 
4471650, 327, 330, 337, 337, 
4471682, 331, 335, 338, 336, 
4471714, 338, 340, 339, 337, 
4471746, 342, 343, 339, 337, 
4471779, 343, 343, 339, 337, 
4471811, 342, 342, 339, 338, 
4471843, 341, 341, 339, 335, 
4471875, 339, 341, 339, 337, 
4471908, 339, 339, 338, 337, 
4471940, 339, 340, 338, 337, 
4471972, 338, 338, 338, 337, 
4472004, 337, 339, 338, 337, 
4472037, 337, 338, 339, 337, 
4472069, 337, 339, 339, 337, 
4472101, 337, 338, 338, 337, 
4472133, 335, 339, 337, 337, 
4472166, 334, 337, 337, 336, 
4472198, 334, 337, 337, 336, 
4472230, 336, 338, 338, 336, 
4472262, 334, 334, 337, 336, 
4472295, 328, 336, 335, 334, 
4472327, 337, 338, 337, 336, 
4472359, 336, 336, 337, 336, 
4472391, 335, 335, 338, 337, 
4472424, 334, 334, 337, 337, 
4472456, 333, 332, 338, 336, 
4472488, 330, 331, 337, 335, 
4472520, 328, 329, 337, 335, 
4472553, 327, 331, 337, 336, 
4472585, 333, 336, 337, 336, 
4472617, 340, 340, 339, 337, 
4472649, 342, 343, 339, 338, 
4472682, 344, 343, 339, 338, 
4472714, 342, 342, 339, 338, 
4472745, 341, 341, 338, 338, 
4472778, 339, 341, 338, 338, 
4472810, 338, 340, 339, 339, 
4472843, 338, 340, 338, 337, 
4472875, 337, 339, 338, 338, 
4472907, 338, 339, 338, 339, 
4472939, 336, 339, 338, 337, 
4472972, 336, 338, 338, 338, 
4473004, 336, 339, 338, 338, 
4473036, 336, 338, 338, 337, 
4473068, 335, 337, 338, 338, 
4473101, 334, 337, 337, 338, 
4473133, 334, 337, 338, 338, 
4473165, 335, 337, 337, 338, 
4473197, 336, 337, 338, 338, 
4473230, 326, 332, 336, 336, 
4473262, 335, 340, 336, 337, 
4473294, 335, 336, 337, 337, 
4473326, 335, 336, 338, 338, 
4473359, 335, 334, 337, 337, 
4473391, 333, 333, 337, 337, 
4473423, 330, 331, 337, 338, 
4473455, 327, 329, 337, 338, 
4473488, 326, 330, 336, 337, 
4473520, 331, 334, 337, 337, 
4473552, 338, 340, 338, 337, 
4473584, 342, 343, 339, 340, 
4473617, 343, 343, 337, 338, 
4473649, 342, 343, 338, 337, 
4473681, 340, 342, 338, 337, 
4473713, 341, 341, 338, 339, 
4473745, 340, 340, 338, 339, 
4473778, 338, 340, 338, 338, 
4473809, 339, 338, 338, 338, 
4473842, 338, 339, 338, 338, 
4473874, 337, 339, 338, 338, 
4473907, 336, 338, 338, 339, 
4473938, 336, 339, 338, 338, 
4473971, 335, 338, 338, 338, 
4474003, 335, 338, 337, 338, 
4474036, 334, 337, 337, 338, 
4474067, 335, 337, 337, 337, 
4474100, 335, 337, 337, 337, 
4474132, 336, 337, 338, 338, 
4474165, 326, 329, 337, 336, 
4474196, 332, 338, 335, 335, 
4474229, 335, 337, 337, 336, 
4474261, 335, 335, 337, 337, 
4474294, 334, 335, 337, 337, 
4474326, 333, 333, 337, 337, 
4474358, 332, 333, 337, 337, 
4474390, 327, 330, 337, 337, 
4474423, 325, 329, 337, 337, 
4474455, 329, 333, 336, 337, 
4474487, 337, 338, 338, 338, 
4474519, 342, 343, 338, 338, 
4474552, 345, 344, 339, 339, 
4474584, 343, 343, 339, 338, 
4474616, 342, 341, 338, 338, 
4474648, 342, 340, 338, 338, 
4474681, 342, 340, 339, 337, 
4474713, 340, 340, 338, 337, 
4474745, 338, 339, 338, 336, 
4474777, 338, 340, 340, 337, 
4474809, 336, 339, 338, 336, 
4474842, 336, 340, 338, 338, 
4474873, 335, 340, 337, 336, 
4474906, 335, 337, 338, 337, 
4474938, 336, 337, 339, 336, 
4474971, 336, 337, 338, 335, 
4475002, 335, 337, 337, 334, 
4475035, 334, 335, 337, 334, 
4475067, 334, 337, 337, 335, 
4475100, 336, 336, 338, 335, 
4475131, 330, 329, 337, 336, 
4475164, 331, 339, 337, 334, 
4475196, 336, 338, 338, 335, 
4475229, 336, 335, 337, 336, 
4475260, 334, 333, 337, 337, 
4475293, 334, 333, 337, 338, 
4475325, 332, 332, 338, 337, 
4475358, 329, 332, 338, 337, 
4475389, 327, 330, 338, 337, 
4475422, 329, 333, 338, 338, 
4475454, 336, 338, 339, 338, 
4475487, 341, 342, 339, 339, 
4475518, 344, 344, 339, 338, 
4475551, 344, 343, 339, 338, 
4475583, 343, 343, 339, 338, 
4475616, 342, 342, 339, 339, 
4475648, 341, 340, 338, 337, 
4475680, 341, 340, 339, 338, 
4475712, 338, 338, 339, 338, 
4475745, 338, 339, 339, 339, 
4475777, 338, 339, 339, 338, 
4475808, 339, 338, 338, 338, 
4475841, 337, 338, 337, 338, 
4475873, 337, 337, 338, 338, 
4475906, 336, 338, 337, 338, 
4475937, 335, 337, 339, 339, 
4475970, 336, 337, 337, 342, 
4476002, 336, 339, 337, 342, 
4476035, 335, 338, 337, 342, 
4476066, 338, 338, 337, 345, 
4476099, 331, 330, 336, 345, 
4476131, 330, 341, 334, 345, 
4476164, 335, 337, 335, 348, 
4476195, 334, 336, 337, 354, 
4476228, 336, 335, 337, 356, 
4476260, 330, 333, 337, 362, 
4476293, 330, 332, 336, 364, 
4476324, 327, 331, 336, 369, 
4476357, 320, 329, 336, 367, 
4476389, 319, 332, 336, 373, 
4476422, 320, 337, 336, 374, 
4476453, 320, 339, 336, 376, 
4476486, 326, 343, 336, 374, 
4476518, 323, 342, 336, 375, 
4476551, 321, 342, 335, 373, 
4476582, 314, 341, 334, 370, 
4476615, 307, 340, 335, 368, 
4476647, 307, 340, 333, 365, 
4476680, 304, 339, 334, 358, 
4476711, 306, 340, 335, 358, 
4476744, 305, 338, 336, 356, 
4476776, 310, 339, 336, 357, 
4476809, 311, 337, 337, 358, 
4476840, 314, 336, 335, 357, 
4476872, 321, 337, 335, 359, 
4476905, 323, 337, 334, 358, 
4476937, 324, 337, 333, 356, 
4476969, 322, 338, 332, 362, 
4477001, 325, 337, 332, 360, 
4477034, 325, 337, 331, 361, 
4477066, 325, 333, 331, 362, 
4477099, 319, 337, 329, 369, 
4477130, 326, 337, 331, 373, 
4477163, 327, 337, 332, 372, 
4477195, 324, 335, 334, 368, 
4477228, 324, 335, 336, 365, 
4477259, 322, 332, 337, 360, 
4477292, 321, 333, 340, 357, 
4477324, 318, 331, 343, 354, 
4477357, 319, 332, 345, 350, 
4477388, 326, 338, 346, 346, 
4477421, 336, 342, 346, 342, 
4477453, 341, 344, 346, 338, 
4477486, 344, 344, 345, 335, 
4477517, 348, 344, 345, 331, 
4477550, 345, 342, 344, 332, 
4477582, 351, 342, 343, 329, 
4477615, 345, 340, 344, 331, 
4477646, 350, 340, 343, 329, 
4477679, 349, 340, 343, 331, 
4477711, 347, 339, 341, 326, 
4477744, 350, 339, 340, 326, 
4477775, 345, 337, 341, 324, 
4477808, 351, 339, 340, 322, 
4477840, 345, 339, 339, 323, 
4477872, 348, 338, 340, 319, 
4477904, 347, 339, 340, 322, 
4477936, 343, 335, 339, 322, 
4477969, 336, 337, 336, 321, 
4478001, 340, 338, 338, 327, 
4478033, 343, 336, 338, 328, 
4478065, 342, 336, 339, 329, 
4478098, 341, 334, 337, 329, 
4478130, 341, 335, 339, 328, 
4478162, 337, 333, 340, 328, 
4478194, 336, 331, 339, 325, 
4478227, 334, 331, 339, 323, 
4478259, 342, 336, 339, 323, 
4478291, 350, 341, 340, 321, 
4478323, 354, 341, 340, 320, 
4478356, 356, 343, 338, 319, 
4478388, 353, 342, 339, 318, 
4478420, 354, 342, 339, 320, 
4478452, 351, 341, 339, 322, 
4478485, 349, 339, 338, 330, 
4478517, 349, 339, 338, 333, 
4478550, 347, 338, 338, 333, 
4478581, 347, 338, 338, 332, 
4478614, 346, 338, 338, 330, 
4478646, 345, 338, 337, 326, 
4478679, 345, 337, 338, 324, 
4478710, 345, 337, 338, 321, 
4478743, 343, 337, 337, 321, 
4478775, 343, 337, 336, 320, 
4478808, 341, 336, 337, 321, 
4478839, 345, 337, 337, 319, 
4478872, 334, 330, 337, 320, 
4478904, 338, 340, 335, 316, 
4478936, 340, 336, 336, 320, 
4478968, 340, 335, 337, 321, 
4479000, 342, 335, 337, 321, 
4479033, 339, 334, 337, 323, 
4479065, 339, 335, 337, 325, 
4479097, 335, 333, 337, 324, 
4479129, 332, 332, 337, 326, 
4479162, 335, 335, 337, 326, 
4479194, 341, 340, 336, 326, 
4479226, 346, 343, 337, 327, 
4479258, 350, 344, 338, 326, 
4479291, 347, 343, 338, 328, 
4479323, 349, 343, 339, 327, 
4479355, 346, 341, 338, 328, 
4479387, 345, 340, 338, 329, 
4479420, 345, 341, 338, 328, 
4479452, 342, 339, 337, 329, 
4479484, 344, 341, 338, 329, 
4479516, 343, 339, 338, 330, 
4479549, 341, 339, 337, 331, 
4479581, 339, 339, 338, 330, 
4479613, 339, 338, 338, 331, 
4479645, 340, 338, 337, 332, 
4479678, 338, 338, 337, 331, 
4479710, 338, 338, 337, 333, 
4479742, 337, 337, 337, 334, 
4479774, 339, 338, 337, 332, 
4479807, 336, 334, 336, 334, 
4479839, 327, 336, 335, 330, 
4479872, 336, 338, 336, 332, 
4479903, 335, 335, 338, 334, 
4479935, 335, 335, 338, 333, 
4479968, 332, 333, 338, 335, 
4480000, 333, 333, 337, 335, 
4480032, 330, 331, 336, 338, 
4480064, 329, 330, 337, 341, 
4480097, 327, 331, 336, 340, 
4480129, 334, 335, 337, 340, 
4480161, 342, 340, 337, 339, 
4480193, 345, 342, 338, 338, 
4480226, 347, 341, 337, 337, 
4480258, 345, 341, 338, 337, 
4480290, 345, 340, 337, 336, 
4480322, 345, 339, 337, 337, 
4480355, 341, 338, 337, 333, 
4480387, 341, 338, 338, 335, 
4480419, 341, 338, 337, 335, 
4480451, 341, 338, 338, 336, 
4480484, 339, 337, 338, 335, 
4480516, 341, 338, 338, 333, 
4480548, 338, 337, 338, 334, 
4480580, 339, 338, 337, 330, 
4480613, 338, 337, 337, 331, 
4480645, 337, 336, 337, 330, 
4480677, 338, 336, 337, 331, 
4480709, 330, 330, 337, 331, 
4480742, 334, 339, 335, 329, 
4480774, 337, 337, 337, 329, 
4480806, 336, 334, 337, 330, 
4480838, 336, 334, 337, 329, 
4480871, 334, 334, 338, 329, 
4480903, 333, 332, 337, 328, 
4480935, 331, 332, 337, 327, 
4480967, 328, 332, 337, 329, 
4480999, 331, 334, 337, 327, 
4481032, 338, 338, 337, 328, 
4481063, 345, 342, 338, 326, 
4481096, 345, 343, 338, 329, 
4481128, 344, 341, 338, 330, 
4481161, 345, 342, 338, 331, 
4481192, 341, 339, 338, 330, 
4481225, 343, 340, 337, 334, 
4481257, 342, 338, 338, 333, 
4481290, 340, 338, 337, 333, 
4481321, 341, 339, 338, 335, 
4481354, 339, 337, 337, 336, 
4481386, 339, 337, 337, 336, 
4481419, 340, 337, 337, 337, 
4481451, 335, 335, 337, 338, 
4481483, 336, 336, 336, 333, 
4481515, 336, 336, 336, 337, 
4481548, 335, 336, 336, 337, 
4481580, 337, 336, 337, 337, 
4481612, 327, 332, 335, 335, 
4481644, 334, 337, 335, 334, 
4481677, 336, 336, 336, 335, 
4481709, 336, 335, 336, 339, 
4481741, 335, 333, 336, 336, 
4481773, 335, 334, 337, 339, 
4481806, 330, 333, 336, 339, 
4481838, 328, 331, 336, 338, 
4481870, 326, 331, 336, 340, 
4481902, 333, 335, 337, 339, 
4481935, 339, 339, 337, 340, 
4481967, 343, 341, 337, 339, 
4481998, 346, 342, 339, 339, 
4482031, 345, 342, 338, 338, 
4482063, 342, 341, 338, 339, 
4482096, 343, 340, 338, 338, 
4482127, 341, 340, 337, 338, 
4482160, 340, 339, 337, 338, 
4482192, 340, 339, 337, 337, 
4482225, 340, 338, 338, 338, 
4482256, 339, 338, 337, 337, 
4482289, 340, 338, 338, 338, 
4482321, 338, 338, 338, 337, 
4482354, 339, 338, 337, 338, 
4482385, 337, 336, 338, 338, 
4482418, 334, 337, 337, 337, 
4482450, 336, 336, 338, 338, 
4482483, 335, 336, 337, 338, 
4482514, 336, 333, 337, 336, 
4482547, 327, 337, 334, 334, 
4482579, 336, 337, 336, 337, 
4482612, 336, 335, 337, 336, 
4482643, 335, 334, 336, 337, 
4482676, 335, 334, 338, 339, 
4482708, 332, 333, 337, 337, 
4482741, 330, 331, 337, 337, 
4482772, 327, 330, 336, 339, 
4482805, 327, 332, 337, 337, 
4482837, 335, 336, 337, 338, 
4482870, 342, 340, 337, 335, 
4482902, 343, 342, 337, 336, 
4482934, 346, 343, 338, 337, 
4482966, 343, 340, 337, 335, 
4482999, 343, 339, 337, 333, 
4483031, 340, 339, 337, 332, 
4483062, 340, 339, 337, 328, 
4483095, 340, 338, 338, 327, 
4483127, 339, 339, 338, 325, 
4483160, 339, 337, 337, 327, 
4483191, 339, 338, 339, 327, 
4483224, 339, 337, 339, 328, 
4483256, 339, 336, 339, 329, 
4483289, 338, 336, 338, 327, 
4483320, 337, 335, 337, 329, 
4483353, 339, 335, 336, 329, 
4483385, 338, 336, 336, 328, 
4483418, 332, 329, 335, 326, 
4483449, 337, 338, 334, 325, 
4483482, 340, 335, 336, 325, 
4483514, 340, 335, 337, 326, 
4483547, 341, 332, 338, 325, 
4483578, 341, 332, 337, 326, 
4483611, 339, 330, 338, 325, 
4483643, 336, 329, 337, 327, 
4483676, 334, 329, 337, 328, 
4483707, 337, 332, 337, 328, 
4483740, 344, 338, 336, 329, 
4483772, 348, 341, 334, 331, 
4483805, 350, 342, 334, 330, 
4483836, 349, 342, 334, 332, 
4483869, 348, 340, 335, 331, 
4483901, 344, 340, 336, 329, 
4483934, 345, 339, 337, 331, 
4483965, 343, 338, 337, 331, 
4483998, 343, 338, 338, 331, 
4484030, 342, 337, 338, 332, 
4484062, 342, 336, 338, 333, 
4484094, 340, 336, 337, 333, 
4484126, 340, 334, 338, 333, 
4484159, 340, 335, 338, 333, 
4484191, 340, 335, 337, 333, 
4484224, 339, 335, 337, 333, 
4484255, 341, 334, 338, 334, 
4484288, 342, 335, 338, 334, 
4484320, 335, 328, 336, 334, 
4484353, 340, 339, 335, 332, 
4484384, 343, 335, 336, 334, 
4484417, 345, 334, 337, 335, 
4484449, 342, 332, 338, 335, 
4484482, 342, 333, 337, 336, 
4484513, 339, 329, 337, 336, 
4484546, 335, 330, 337, 335, 
4484578, 335, 329, 338, 338, 
4484611, 336, 332, 337, 337, 
4484642, 345, 337, 338, 337, 
4484675, 351, 341, 340, 338, 
4484707, 352, 341, 339, 338, 
4484740, 352, 341, 339, 339, 
4484771, 351, 340, 339, 339, 
4484804, 348, 338, 338, 338, 
4484836, 348, 339, 338, 339, 
4484869, 346, 338, 339, 340, 
4484900, 347, 338, 338, 339, 
4484933, 345, 339, 339, 340, 
4484965, 344, 337, 338, 340, 
4484998, 345, 337, 338, 340, 
4485029, 346, 337, 338, 339, 
4485062, 348, 337, 339, 340, 
4485094, 347, 336, 337, 340, 
4485126, 347, 337, 336, 339, 
4485158, 347, 336, 337, 340, 
4485190, 346, 337, 337, 340, 
4485223, 348, 336, 337, 341, 
4485255, 334, 332, 335, 338, 
4485287, 342, 340, 336, 339, 
4485319, 343, 337, 336, 341, 
4485352, 340, 335, 337, 342, 
4485384, 338, 334, 336, 343, 
4485416, 335, 333, 336, 343, 
4485448, 332, 330, 337, 344, 
4485481, 329, 328, 336, 345, 
4485513, 327, 327, 336, 346, 
4485545, 331, 329, 336, 348, 
4485577, 339, 334, 337, 349, 
4485610, 342, 338, 337, 351, 
4485642, 344, 338, 339, 352, 
4485675, 343, 337, 339, 352, 
4485706, 343, 337, 337, 354, 
4485739, 340, 335, 338, 354, 
4485771, 340, 334, 338, 353, 
4485804, 338, 334, 338, 352, 
4485835, 338, 334, 338, 351, 
4485868, 337, 335, 337, 351, 
4485900, 336, 334, 338, 351, 
4485933, 336, 336, 337, 352, 
4485964, 336, 336, 337, 351, 
4485997, 336, 337, 337, 350, 
4486029, 334, 335, 337, 351, 
4486062, 333, 336, 336, 350, 
4486093, 332, 336, 336, 350, 
4486125, 333, 338, 336, 350, 
4486158, 333, 336, 337, 350, 
4486190, 322, 332, 334, 347, 
4486222, 331, 338, 335, 349, 
4486254, 333, 336, 336, 351, 
4486287, 332, 335, 336, 351, 
4486319, 330, 335, 336, 349, 
4486351, 328, 332, 337, 350, 
4486383, 326, 330, 335, 350, 
4486416, 323, 328, 335, 349, 
4486448, 322, 328, 335, 349, 
4486480, 326, 333, 336, 349, 
4486512, 333, 339, 337, 350, 
4486545, 337, 342, 338, 350, 
4486577, 338, 343, 339, 351, 
4486609, 338, 343, 340, 351, 
4486641, 337, 342, 340, 350, 
4486674, 337, 341, 340, 351, 
4486706, 335, 340, 339, 352, 
4486738, 335, 339, 339, 349, 
4486770, 335, 339, 340, 351, 
4486803, 333, 339, 341, 350, 
4486835, 334, 339, 343, 350, 
4486867, 334, 339, 341, 349, 
4486899, 332, 341, 339, 348, 
4486932, 332, 340, 338, 345, 
4486964, 332, 341, 338, 345, 
4486996, 332, 340, 339, 344, 
4487028, 332, 338, 338, 344, 
4487061, 323, 335, 336, 340, 
4487093, 335, 340, 338, 341, 
4487126, 334, 339, 338, 341, 
4487157, 333, 335, 339, 340, 
4487189, 333, 335, 338, 341, 
4487222, 331, 334, 338, 341, 
4487254, 329, 332, 338, 340, 
4487286, 325, 329, 337, 339, 
4487318, 325, 330, 337, 337, 
4487351, 330, 335, 338, 339, 
4487383, 335, 340, 339, 338, 
4487415, 338, 343, 340, 338, 
4487447, 339, 343, 339, 336, 
4487480, 338, 343, 340, 336, 
4487512, 337, 342, 339, 337, 
4487544, 336, 341, 340, 336, 
4487576, 336, 342, 339, 338, 
4487609, 335, 340, 339, 337, 
4487641, 334, 340, 340, 336, 
4487673, 334, 340, 339, 336, 
4487705, 334, 339, 338, 336, 
4487738, 333, 338, 338, 335, 
4487770, 334, 339, 338, 336, 
4487802, 332, 337, 340, 334, 
4487834, 332, 336, 338, 334, 
4487867, 334, 339, 338, 335, 
4487899, 335, 339, 338, 335, 
4487931, 326, 328, 336, 333, 
4487963, 332, 342, 336, 333, 
4487996, 335, 339, 337, 334, 
4488028, 336, 337, 338, 335, 
4488060, 336, 336, 338, 335, 
4488092, 335, 335, 337, 336, 
4488125, 332, 333, 337, 334, 
4488157, 329, 331, 336, 334, 
4488188, 327, 330, 336, 334, 
4488221, 330, 334, 337, 335, 
4488253, 336, 340, 339, 336, 
4488286, 341, 346, 341, 336, 
4488317, 343, 346, 340, 336, 
4488350, 343, 346, 340, 336, 
4488382, 343, 345, 339, 335, 
4488415, 341, 343, 339, 336, 
4488446, 341, 344, 339, 336, 
4488479, 340, 341, 339, 335, 
4488511, 339, 341, 339, 336, 
4488544, 338, 339, 339, 335, 
4488576, 338, 340, 339, 336, 
4488608, 337, 340, 339, 334, 
4488640, 337, 338, 340, 334, 
4488673, 336, 337, 339, 333, 
4488705, 335, 336, 337, 332, 
4488737, 336, 337, 338, 334, 
4488769, 336, 337, 338, 333, 
4488802, 334, 332, 337, 332, 
4488834, 328, 335, 335, 330, 
4488866, 337, 339, 337, 332, 
4488898, 336, 336, 337, 332, 
4488931, 335, 335, 337, 333, 
4488963, 334, 333, 337, 332, 
4488995, 333, 332, 336, 332, 
4489027, 330, 330, 337, 331, 
4489060, 328, 327, 336, 332, 
4489092, 328, 330, 336, 331, 
4489124, 334, 336, 338, 332, 
4489156, 339, 341, 338, 330, 
4489189, 341, 343, 339, 332, 
4489221, 341, 344, 340, 332, 
4489252, 342, 343, 339, 331, 
4489285, 341, 341, 338, 332, 
4489317, 340, 340, 338, 332, 
4489350, 339, 339, 338, 332, 
4489381, 339, 340, 338, 333, 
4489414, 338, 338, 339, 333, 
4489446, 338, 338, 338, 334, 
4489479, 337, 337, 338, 333, 
4489510, 336, 337, 337, 333, 
4489543, 335, 336, 337, 333, 
4489575, 336, 337, 338, 334, 
4489608, 337, 338, 339, 334, 
4489639, 333, 330, 337, 333, 
4489672, 331, 338, 336, 332, 
4489704, 337, 339, 337, 334, 
4489737, 337, 337, 337, 334, 
4489768, 336, 335, 337, 335, 
4489801, 336, 334, 338, 333, 
4489833, 334, 333, 337, 333, 
4489866, 331, 331, 337, 333, 
4489897, 329, 328, 336, 332, 
4489930, 330, 332, 337, 333, 
4489962, 337, 338, 339, 335, 
4489995, 341, 342, 339, 335, 
4490027, 342, 343, 340, 335, 
4490059, 342, 345, 339, 335, 
4490091, 342, 341, 338, 335, 
4490124, 340, 341, 339, 336, 
4490156, 340, 340, 338, 336, 
4490188, 340, 340, 338, 335, 
4490220, 339, 339, 338, 334, 
4490252, 339, 340, 339, 336, 
4490285, 338, 339, 339, 334, 
4490316, 338, 338, 338, 335, 
4490349, 337, 338, 337, 336, 
4490381, 336, 337, 336, 334, 
4490414, 336, 337, 337, 334, 
4490445, 338, 337, 337, 334, 
4490478, 338, 339, 338, 334, 
4490510, 329, 329, 335, 333, 
4490543, 334, 341, 336, 334, 
4490574, 337, 339, 336, 334, 
4490607, 336, 336, 337, 335, 
4490639, 336, 335, 337, 335, 
4490672, 336, 334, 337, 334, 
4490703, 333, 332, 336, 335, 
4490736, 331, 330, 335, 333, 
4490768, 329, 330, 336, 334, 
4490801, 333, 333, 337, 335, 
4490832, 337, 339, 338, 336, 
4490865, 342, 342, 340, 337, 
4490897, 343, 343, 339, 337, 
4490930, 342, 343, 339, 336, 
4490961, 341, 341, 339, 336, 
4490994, 342, 341, 339, 338, 
4491026, 340, 340, 339, 336, 
4491059, 340, 341, 340, 337, 
4491090, 340, 340, 339, 338, 
4491123, 339, 339, 338, 337, 
4491155, 338, 339, 338, 337, 
4491188, 338, 339, 338, 337, 
4491219, 337, 338, 338, 336, 
4491252, 338, 338, 337, 336, 
4491284, 336, 337, 337, 335, 
4491316, 335, 337, 337, 336, 
4491348, 337, 337, 339, 337, 
4491380, 337, 336, 337, 336, 
4491413, 327, 332, 334, 334, 
4491445, 336, 340, 337, 336, 
4491478, 337, 337, 336, 335, 
4491509, 336, 335, 337, 336, 
4491542, 335, 334, 338, 337, 
4491574, 334, 333, 337, 336, 
4491607, 331, 331, 336, 336, 
4491638, 329, 329, 337, 336, 
4491671, 320, 329, 337, 335, 
4491703, 307, 336, 337, 336, 
4491736, 303, 340, 339, 336, 
4491767, 304, 344, 339, 337, 
4491800, 307, 344, 339, 337, 
4491832, 312, 342, 339, 337, 
4491865, 317, 342, 339, 337, 
4491896, 323, 341, 338, 337, 
