1, 337, 335, 337, 337, 
3178402, 336,324, 329, 336, 336, 
3178306, 325, 339, 335, 334, 
3178338, 336, 337, 337, 336, 
3178371, 337, 335, 337, 337, 
3178402, 336,??	???b???bj
3178435, 334, 334, 337, 337, 
3178467, 331, 332, 337, 337, 
3178500, 328, 330, 337, 338, 
3178531, 323, 329, 337, 337, 
3178564, 324, 331, 336, 338, 
3178596, 333, 337, 338, 339, 
3178629, 342, 341, 338, 339, 
3178660, 348, 343, 339, 339, 
3178693, 349, 344, 340, 339, 
3178725, 348, 343, 340, 339, 
3178758, 346, 341, 340, 338, 
3178789, 343, 341, 338, 338, 
3178822, 342, 340, 338, 339, 
3178854, 341, 339, 335, 338, 
3178886, 340, 339, 334, 339, 
3178918, 339, 338, 331, 338, 
3178950, 337, 336, 327, 339, 
3178983, 337, 337, 322, 337, 
3179015, 338, 339, 321, 338, 
3179047, 337, 338, 318, 337, 
3179079, 336, 338, 318, 338, 
3179112, 336, 338, 317, 340, 
3179144, 336, 336, 316, 339, 
3179176, 335, 336, 315, 338, 
3179208, 335, 336, 313, 337, 
3179241, 335, 336, 311, 337, 
3179273, 338, 337, 313, 336, 
3179305, 335, 332, 318, 336, 
3179337, 323, 336, 320, 333, 
3179370, 338, 335, 327, 335, 
3179402, 338, 332, 332, 336, 
3179435, 337, 334, 334, 336, 
3179466, 335, 334, 339, 336, 
3179499, 332, 332, 339, 337, 
3179531, 329, 331, 340, 336, 
3179564, 325, 329, 340, 337, 
3179595, 324, 329, 341, 337, 
3179628, 330, 334, 343, 336, 
3179660, 341, 340, 343, 337, 
3179693, 348, 343, 345, 338, 
3179724, 351, 345, 348, 340, 
3179757, 351, 346, 349, 340, 
3179789, 349, 344, 347, 340, 
3179822, 346, 343, 346, 339, 
3179853, 345, 343, 347, 339, 
3179885, 342, 343, 346, 339, 
3179918, 343, 342, 345, 339, 
3179950, 342, 341, 346, 338, 
3179982, 341, 343, 345, 339, 
3180014, 341, 340, 345, 340, 
3180047, 340, 339, 345, 339, 
3180079, 338, 339, 345, 338, 
3180111, 336, 339, 345, 339, 
3180143, 339, 339, 346, 339, 
3180176, 340, 340, 345, 339, 
3180208, 326, 331, 344, 338, 
3180240, 328, 341, 342, 337, 
3180272, 338, 339, 344, 338, 
3180305, 338, 337, 344, 339, 
3180337, 338, 337, 345, 339, 
3180369, 336, 337, 345, 340, 
3180401, 333, 334, 344, 339, 
3180434, 328, 332, 344, 339, 
3180466, 323, 331, 343, 339, 
3180498, 325, 333, 343, 340, 
3180530, 335, 338, 344, 339, 
3180563, 346, 343, 345, 341, 
3180595, 350, 345, 344, 341, 
3180627, 350, 345, 344, 341, 
3180659, 350, 344, 344, 341, 
3180692, 348, 343, 343, 340, 
3180724, 346, 343, 343, 340, 
3180756, 344, 341, 343, 340, 
3180788, 344, 341, 343, 340, 
3180821, 341, 342, 342, 339, 
3180853, 340, 340, 342, 340, 
3180886, 340, 340, 342, 340, 
3180917, 338, 340, 341, 340, 
3180949, 337, 339, 340, 340, 
3180982, 335, 338, 341, 340, 
3181014, 338, 339, 341, 339, 
3181046, 340, 340, 341, 340, 
3181078, 327, 332, 341, 339, 
3181111, 325, 341, 339, 335, 
3181143, 337, 338, 340, 338, 
3181175, 338, 337, 342, 339, 
3181207, 337, 337, 341, 339, 
3181240, 335, 336, 342, 339, 
3181272, 332, 334, 342, 338, 
3181304, 327, 332, 341, 338, 
3181336, 323, 331, 342, 338, 
3181369, 324, 333, 342, 338, 
3181401, 334, 339, 342, 338, 
3181433, 344, 342, 343, 339, 
3181465, 349, 344, 343, 340, 
3181498, 350, 344, 343, 340, 
3181530, 350, 343, 342, 340, 
3181562, 347, 342, 342, 339, 
3181594, 346, 341, 342, 339, 
3181627, 344, 341, 342, 338, 
3181659, 344, 342, 341, 338, 
3181691, 341, 340, 342, 338, 
3181723, 341, 340, 341, 339, 
3181756, 340, 339, 342, 339, 
3181788, 339, 340, 341, 340, 
3181820, 338, 338, 341, 339, 
3181852, 335, 338, 342, 339, 
3181885, 336, 338, 341, 340, 
3181917, 338, 339, 341, 339, 
3181948, 337, 337, 340, 339, 
3181981, 318, 336, 337, 335, 
3182013, 335, 339, 337, 338, 
3182046, 337, 338, 338, 338, 
3182077, 337, 337, 338, 338, 
3182110, 336, 336, 338, 340, 
3182142, 334, 336, 339, 339, 
3182175, 331, 334, 339, 339, 
3182206, 327, 333, 338, 340, 
3182239, 325, 332, 339, 340, 
3182271, 330, 337, 338, 339, 
3182304, 341, 341, 338, 339, 
3182336, 348, 344, 339, 341, 
3182368, 350, 345, 339, 340, 
3182400, 350, 346, 339, 340, 
3182433, 348, 343, 339, 341, 
3182465, 345, 343, 340, 340, 
3182497, 344, 341, 340, 339, 
3182529, 343, 340, 342, 339, 
3182562, 342, 340, 341, 339, 
3182594, 341, 339, 341, 339, 
3182626, 340, 339, 340, 338, 
3182658, 339, 338, 338, 338, 
3182691, 337, 337, 339, 338, 
3182723, 336, 337, 340, 339, 
3182755, 337, 338, 340, 338, 
3182787, 340, 339, 339, 339, 
3182820, 335, 334, 340, 338, 
3182852, 322, 339, 336, 335, 
3182884, 336, 338, 339, 338, 
3182916, 337, 337, 338, 338, 
3182949, 336, 336, 337, 339, 
3182981, 334, 335, 336, 339, 
3183012, 332, 335, 338, 338, 
3183045, 322, 330, 334, 339, 
3183077, 321, 331, 336, 338, 
3183110, 328, 336, 343, 337, 
3183141, 327, 337, 335, 339, 
3183174, 346, 345, 344, 339, 
3183206, 352, 348, 344, 338, 
3183239, 342, 344, 333, 341, 
3183270, 354, 348, 345, 339, 
3183303, 348, 344, 338, 340, 
3183335, 343, 341, 337, 342, 
3183368, 346, 341, 341, 340, 
3183399, 343, 340, 338, 340, 
3183432, 345, 340, 340, 339, 
3183464, 339, 338, 338, 340, 
3183497, 342, 339, 339, 339, 
3183528, 337, 338, 337, 340, 
3183561, 340, 339, 340, 339, 
3183593, 337, 338, 339, 341, 
3183626, 337, 338, 340, 340, 
3183657, 333, 337, 340, 339, 
3183690, 332, 334, 338, 339, 
3183722, 338, 340, 342, 340, 
3183755, 340, 341, 341, 339, 
3183787, 327, 331, 342, 339, 
3183819, 327, 342, 339, 336, 
3183851, 338, 339, 343, 340, 
3183884, 341, 337, 343, 341, 
3183916, 337, 336, 342, 341, 
3183948, 335, 336, 340, 341, 
3183980, 334, 335, 342, 340, 
3184012, 327, 331, 340, 339, 
3184045, 326, 331, 341, 338, 
3184076, 325, 332, 338, 338, 
3184109, 335, 338, 343, 338, 
3184141, 346, 342, 340, 338, 
3184174, 350, 343, 342, 339, 
3184205, 350, 343, 340, 339, 
3184238, 349, 343, 340, 339, 
3184270, 347, 341, 341, 338, 
3184303, 346, 341, 339, 339, 
3184334, 344, 342, 342, 337, 
3184367, 340, 340, 338, 337, 
3184399, 344, 342, 341, 338, 
3184432, 341, 340, 341, 338, 
3184463, 340, 339, 339, 339, 
3184496, 341, 340, 341, 337, 
3184528, 338, 338, 341, 337, 
3184561, 340, 339, 339, 338, 
3184592, 335, 339, 338, 338, 
3184625, 339, 339, 340, 338, 
3184657, 339, 339, 341, 338, 
3184690, 336, 338, 338, 337, 
3184721, 336, 337, 340, 338, 
3184754, 336, 337, 339, 337, 
3184786, 339, 340, 339, 338, 
3184819, 337, 336, 340, 338, 
3184850, 320, 336, 334, 336, 
3184883, 337, 337, 341, 337, 
3184915, 338, 337, 339, 338, 
3184948, 339, 337, 340, 338, 
3184979, 333, 336, 340, 339, 
3185012, 334, 336, 340, 339, 
3185044, 328, 332, 338, 338, 
3185076, 326, 331, 339, 339, 
3185108, 323, 332, 339, 338, 
3185140, 331, 336, 340, 339, 
3185173, 340, 341, 339, 338, 
3185205, 350, 345, 339, 339, 
3185238, 348, 344, 340, 340, 
3185269, 351, 344, 340, 339, 
3185302, 349, 343, 341, 339, 
3185334, 346, 342, 340, 339, 
3185367, 344, 341, 337, 339, 
3185398, 344, 341, 340, 338, 
3185431, 343, 341, 339, 340, 
3185463, 341, 342, 340, 338, 
3185496, 342, 341, 339, 339, 
3185527, 340, 339, 338, 339, 
3185560, 337, 338, 339, 339, 
3185592, 337, 339, 338, 338, 
3185625, 335, 339, 338, 339, 
3185656, 337, 340, 338, 338, 
3185689, 337, 338, 337, 338, 
3185721, 332, 334, 339, 338, 
3185754, 324, 339, 336, 334, 
3185785, 336, 337, 337, 338, 
3185818, 341, 338, 340, 337, 
3185850, 338, 336, 338, 338, 
3185883, 338, 336, 339, 337, 
3185914, 332, 334, 338, 338, 
3185947, 327, 331, 337, 337, 
3185979, 326, 331, 338, 338, 
3186012, 323, 332, 339, 338, 
3186043, 334, 338, 338, 338, 
3186075, 340, 341, 341, 339, 
3186108, 350, 345, 339, 340, 
3186140, 347, 343, 338, 339, 
3186172, 350, 344, 338, 339, 
3186204, 349, 344, 340, 340, 
3186237, 344, 342, 340, 341, 
3186269, 348, 342, 340, 339, 
3186301, 341, 340, 340, 340, 
3186333, 344, 341, 338, 341, 
3186366, 340, 341, 339, 339, 
3186398, 342, 341, 342, 340, 
3186430, 339, 339, 339, 339, 
3186462, 340, 340, 340, 340, 
3186495, 337, 339, 339, 338, 
3186527, 338, 338, 340, 339, 
3186560, 337, 339, 339, 338, 
3186591, 336, 339, 337, 339, 
3186624, 337, 339, 339, 339, 
3186656, 339, 340, 338, 339, 
3186689, 332, 333, 337, 338, 
3186720, 321, 339, 336, 335, 
3186753, 335, 338, 337, 338, 
3186785, 340, 337, 341, 339, 
3186818, 337, 337, 340, 339, 
3186849, 339, 337, 340, 340, 
3186882, 333, 334, 340, 339, 
3186914, 330, 333, 338, 339, 
3186947, 326, 332, 338, 340, 
3186978, 323, 332, 339, 340, 
3187011, 333, 337, 339, 339, 
3187043, 341, 342, 339, 339, 
3187076, 349, 344, 340, 340, 
3187107, 352, 345, 341, 340, 
3187139, 348, 344, 340, 340, 
3187172, 350, 344, 340, 340, 
3187204, 345, 343, 341, 339, 
3187236, 344, 340, 339, 339, 
3187268, 345, 341, 338, 339, 
3187301, 343, 341, 341, 339, 
3187333, 342, 340, 338, 339, 
3187365, 340, 340, 339, 339, 
3187397, 343, 341, 340, 339, 
3187430, 337, 339, 339, 339, 
3187462, 340, 340, 339, 339, 
3187494, 337, 338, 341, 339, 
3187526, 339, 339, 337, 339, 
3187559, 338, 339, 341, 339, 
3187591, 337, 338, 337, 338, 
3187623, 335, 337, 339, 339, 
3187655, 337, 339, 340, 339, 
3187688, 339, 339, 340, 339, 
3187720, 335, 333, 338, 338, 
3187752, 320, 339, 335, 334, 
3187784, 338, 339, 339, 338, 
3187817, 338, 337, 339, 338, 
3187849, 340, 336, 338, 339, 
3187881, 336, 335, 341, 339, 
3187913, 334, 334, 339, 339, 
3187946, 329, 332, 340, 338, 
3187978, 326, 331, 338, 339, 
3188011, 322, 331, 337, 338, 
3188042, 332, 337, 340, 338, 
3188075, 343, 342, 339, 340, 
3188107, 343, 343, 340, 339, 
3188139, 353, 345, 341, 340, 
3188171, 349, 343, 341, 339, 
3188203, 350, 343, 339, 339, 
3188236, 345, 341, 340, 340, 
3188268, 344, 342, 340, 339, 
3188300, 344, 341, 341, 340, 
3188332, 342, 340, 340, 338, 
3188365, 340, 339, 338, 339, 
3188397, 342, 340, 338, 338, 
3188429, 339, 339, 339, 339, 
3188461, 339, 339, 338, 338, 
3188494, 338, 338, 339, 339, 
3188526, 339, 339, 340, 338, 
3188558, 335, 337, 338, 340, 
3188590, 336, 338, 340, 339, 
3188623, 339, 338, 337, 339, 
3188655, 339, 338, 340, 339, 
3188687, 320, 332, 335, 336, 
3188719, 334, 340, 337, 337, 
3188752, 338, 339, 338, 340, 
3188784, 339, 337, 339, 341, 
3188816, 336, 336, 338, 340, 
3188848, 335, 336, 339, 339, 
3188881, 332, 334, 340, 339, 
3188913, 327, 331, 337, 339, 
3188945, 324, 331, 338, 338, 
3188977, 328, 336, 338, 338, 
3189010, 341, 340, 339, 339, 
3189042, 347, 342, 339, 339, 
3189074, 351, 346, 341, 339, 
3189106, 349, 344, 339, 340, 
3189139, 348, 343, 340, 339, 
3189171, 345, 342, 338, 339, 
3189202, 347, 342, 341, 339, 
3189235, 343, 341, 338, 339, 
3189267, 345, 341, 338, 338, 
3189300, 340, 340, 338, 339, 
3189331, 341, 340, 339, 338, 
3189364, 340, 340, 338, 338, 
3189396, 340, 338, 339, 338, 
3189429, 337, 338, 339, 337, 
3189460, 334, 337, 338, 338, 
3189493, 337, 339, 338, 338, 
3189525, 338, 339, 339, 339, 
3189558, 336, 336, 339, 339, 
3189590, 321, 341, 334, 336, 
3189622, 335, 338, 338, 339, 
3189654, 339, 338, 338, 339, 
3189687, 338, 336, 339, 339, 
3189719, 337, 335, 339, 340, 
3189751, 334, 334, 339, 339, 
3189783, 330, 332, 337, 338, 
3189816, 326, 331, 337, 339, 
3189848, 324, 330, 337, 338, 
3189880, 332, 336, 339, 338, 
3189912, 343, 340, 340, 338, 
3189945, 349, 344, 341, 339, 
3189977, 351, 346, 341, 337, 
3190009, 349, 345, 340, 337, 
3190041, 348, 345, 341, 337, 
3190074, 347, 344, 340, 338, 
3190106, 345, 343, 340, 337, 
3190138, 344, 344, 340, 338, 
3190170, 344, 342, 338, 338, 
3190202, 343, 341, 340, 336, 
3190235, 341, 340, 339, 336, 
3190266, 340, 339, 338, 337, 
3190299, 340, 340, 338, 337, 
3190331, 337, 339, 337, 338, 
3190364, 337, 338, 338, 338, 
3190395, 339, 338, 339, 339, 
3190428, 336, 338, 339, 339, 
3190460, 335, 338, 339, 339, 
3190493, 337, 339, 339, 339, 
3190524, 338, 339, 339, 339, 
3190557, 327, 331, 338, 338, 
3190589, 325, 340, 336, 336, 
3190622, 336, 338, 338, 338, 
3190653, 338, 336, 338, 339, 
3190686, 339, 336, 338, 338, 
3190718, 336, 335, 339, 338, 
3190751, 333, 335, 339, 338, 
3190782, 328, 332, 337, 336, 
3190815, 323, 331, 339, 336, 
3190847, 324, 334, 339, 336, 
3190880, 334, 338, 338, 337, 
3190912, 345, 343, 341, 338, 
3190944, 349, 344, 340, 339, 
3190976, 350, 344, 340, 339, 
3191009, 349, 344, 340, 339, 
3191041, 348, 342, 339, 340, 
3191073, 346, 342, 340, 340, 
3191105, 344, 341, 339, 340, 
3191138, 343, 341, 340, 340, 
3191170, 342, 341, 340, 341, 
3191202, 341, 341, 340, 339, 
3191234, 340, 341, 340, 340, 
3191266, 340, 340, 341, 340, 
3191299, 340, 339, 340, 340, 
3191330, 338, 339, 340, 340, 
3191363, 339, 338, 340, 340, 
3191395, 339, 338, 340, 340, 
3191428, 335, 337, 339, 340, 
3191459, 334, 337, 339, 339, 
3191492, 337, 338, 339, 340, 
3191524, 340, 339, 339, 339, 
3191557, 337, 335, 339, 338, 
3191588, 321, 338, 338, 334, 
3191621, 339, 338, 340, 337, 
3191653, 341, 337, 341, 339, 
3191686, 342, 336, 341, 337, 
3191717, 339, 335, 341, 339, 
3191750, 336, 335, 340, 338, 
3191782, 331, 332, 339, 339, 
3191815, 327, 332, 339, 339, 
3191846, 324, 333, 339, 340, 
3191879, 331, 338, 340, 340, 
3191911, 342, 341, 340, 341, 
3191944, 348, 343, 340, 342, 
3191975, 351, 343, 339, 340, 
3192008, 351, 343, 340, 342, 
3192040, 349, 343, 340, 340, 
3192073, 347, 342, 340, 340, 
3192104, 346, 342, 339, 342, 
3192137, 344, 340, 340, 344, 
3192169, 342, 339, 339, 344, 
3192202, 341, 338, 339, 346, 
3192233, 339, 337, 339, 344, 
3192265, 339, 338, 339, 343, 
3192298, 339, 338, 340, 342, 
3192330, 337, 339, 340, 342, 
3192363, 335, 337, 340, 341, 
3192394, 335, 337, 339, 341, 
3192427, 338, 340, 339, 341, 
3192459, 339, 337, 339, 338, 
3192492, 324, 332, 339, 340, 
3192523, 330, 341, 336, 336, 
3192556, 338, 338, 339, 338, 
3192588, 338, 337, 340, 338, 
3192621, 336, 336, 340, 337, 
3192652, 334, 336, 341, 338, 
3192685, 331, 333, 340, 337, 
3192717, 327, 333, 338, 336, 
3192750, 322, 331, 339, 337, 
3192781, 324, 334, 339, 336, 
3192814, 336, 339, 340, 337, 
3192846, 345, 342, 340, 336, 
3192879, 351, 344, 340, 337, 
3192910, 350, 343, 340, 338, 
3192943, 348, 342, 340, 336, 
3192975, 347, 342, 340, 337, 
3193008, 345, 340, 339, 337, 
3193039, 344, 341, 339, 338, 
3193072, 342, 340, 339, 337, 
3193104, 342, 340, 339, 336, 
3193137, 340, 340, 339, 338, 
3193168, 341, 340, 340, 338, 
3193201, 340, 340, 339, 338, 
3193233, 338, 339, 339, 338, 
3193266, 338, 338, 339, 338, 
3193297, 338, 339, 339, 339, 
3193329, 336, 339, 339, 338, 
3193362, 334, 338, 340, 339, 
3193394, 334, 338, 339, 338, 
3193426, 338, 339, 339, 338, 
3193458, 338, 337, 339, 337, 
3193491, 317, 338, 336, 334, 
3193523, 335, 339, 338, 336, 
3193555, 339, 336, 338, 338, 
3193587, 338, 338, 339, 338, 
3193620, 337, 335, 339, 338, 
3193652, 334, 335, 339, 339, 
3193684, 330, 334, 339, 339, 
3193716, 325, 332, 338, 338, 
3193749, 321, 332, 338, 338, 
3193781, 328, 337, 339, 338, 
3193814, 339, 341, 339, 339, 
3193845, 348, 343, 340, 339, 
3193878, 351, 343, 340, 339, 
3193910, 351, 343, 340, 340, 
3193943, 349, 342, 341, 339, 
3193974, 346, 341, 340, 338, 
3194007, 345, 341, 340, 338, 
3194039, 343, 340, 339, 338, 
3194072, 342, 341, 340, 339, 
3194103, 342, 340, 339, 338, 
3194136, 341, 341, 339, 339, 
3194168, 340, 340, 339, 339, 
3194201, 339, 338, 339, 338, 
3194232, 338, 339, 339, 340, 
3194265, 338, 338, 339, 338, 
3194297, 338, 340, 340, 338, 
3194329, 337, 339, 340, 339, 
3194361, 337, 339, 340, 340, 
3194393, 336, 338, 339, 338, 
3194426, 333, 337, 339, 338, 
3194458, 336, 339, 340, 339, 
3194490, 338, 339, 339, 338, 
3194522, 336, 335, 338, 337, 
3194555, 317, 340, 335, 335, 
3194587, 336, 339, 338, 337, 
3194619, 338, 336, 339, 339, 
3194651, 338, 336, 339, 339, 
3194684, 338, 335, 339, 338, 
3194716, 334, 334, 339, 338, 
3194748, 330, 333, 339, 338, 
3194780, 324, 331, 339, 338, 
3194813, 322, 332, 339, 338, 
3194845, 328, 337, 339, 338, 
3194877, 341, 340, 340, 338, 
3194909, 349, 344, 341, 339, 
3194942, 352, 344, 340, 340, 
3194974, 351, 343, 340, 340, 
3195006, 349, 342, 340, 339, 
3195038, 347, 342, 340, 340, 
3195071, 346, 341, 339, 339, 
3195103, 344, 341, 340, 339, 
3195136, 343, 340, 339, 338, 
3195167, 342, 340, 339, 339, 
3195200, 341, 340, 339, 340, 
3195232, 340, 339, 339, 339, 
3195265, 339, 340, 339, 339, 
3195296, 339, 339, 339, 339, 
3195329, 338, 339, 339, 339, 
3195361, 338, 339, 339, 338, 
3195393, 337, 339, 339, 338, 
3195425, 336, 339, 339, 339, 
3195457, 335, 338, 339, 339, 
3195490, 337, 339, 339, 339, 
3195522, 339, 339, 339, 339, 
3195554, 324, 331, 338, 338, 
3195586, 329, 342, 336, 335, 
3195619, 338, 337, 338, 338, 
3195651, 339, 337, 339, 339, 
3195683, 337, 336, 339, 339, 
3195715, 334, 335, 340, 339, 
3195748, 332, 334, 339, 339, 
3195780, 328, 332, 338, 339, 
3195812, 323, 332, 339, 339, 
3195844, 324, 334, 339, 338, 
3195877, 335, 340, 340, 339, 
3195909, 345, 345, 340, 339, 
3195941, 350, 345, 339, 339, 
3195973, 352, 343, 339, 339, 
3196006, 350, 343, 339, 339, 
3196038, 348, 343, 339, 339, 
3196070, 347, 341, 337, 339, 
3196102, 345, 341, 339, 339, 
3196135, 344, 341, 339, 340, 
3196167, 343, 341, 339, 339, 
3196199, 342, 340, 338, 339, 
3196231, 340, 340, 339, 339, 
3196264, 339, 340, 338, 339, 
3196296, 339, 339, 339, 339, 
3196328, 339, 339, 339, 338, 
3196360, 337, 338, 339, 339, 
3196392, 335, 338, 340, 339, 
3196425, 337, 338, 339, 339, 
3196456, 339, 338, 338, 338, 
3196489, 333, 333, 339, 339, 
3196521, 320, 340, 336, 334, 
3196554, 336, 338, 338, 338, 
3196585, 338, 337, 338, 338, 
3196618, 338, 336, 339, 338, 
3196650, 336, 336, 339, 340, 
3196683, 333, 335, 340, 338, 
3196715, 328, 334, 338, 339, 
3196747, 323, 332, 338, 339, 
3196779, 322, 334, 338, 339, 
3196812, 331, 338, 339, 338, 
3196844, 343, 341, 340, 339, 
3196876, 351, 344, 340, 340, 
3196908, 352, 344, 340, 339, 
3196941, 351, 343, 340, 340, 
3196973, 349, 342, 339, 339, 
3197005, 347, 341, 339, 339, 
3197037, 345, 341, 340, 340, 
3197070, 343, 341, 339, 339, 
3197102, 342, 340, 339, 339, 
3197134, 341, 339, 339, 340, 
3197166, 341, 339, 339, 339, 
3197199, 340, 339, 338, 340, 
3197231, 339, 340, 339, 339, 
3197263, 340, 339, 339, 339, 
3197295, 338, 339, 340, 339, 
3197328, 339, 338, 339, 339, 
3197360, 336, 338, 339, 339, 
3197392, 335, 337, 339, 339, 
3197424, 338, 338, 339, 338, 
3197456, 337, 338, 338, 338, 
3197489, 327, 331, 337, 338, 
3197520, 325, 340, 336, 336, 
3197553, 337, 338, 337, 339, 
3197585, 337, 336, 337, 338, 
3197618, 339, 336, 339, 340, 
3197649, 335, 335, 338, 340, 
3197682, 333, 335, 338, 339, 
3197714, 329, 333, 338, 339, 
3197747, 323, 332, 337, 340, 
3197778, 321, 333, 337, 339, 
3197811, 325, 336, 331, 339, 
3197843, 337, 341, 335, 340, 
3197876, 345, 345, 337, 341, 
3197907, 355, 346, 339, 340, 
3197940, 348, 344, 338, 340, 
3197972, 353, 346, 342, 339, 
3198005, 345, 342, 340, 339, 
3198036, 349, 344, 344, 338, 
3198069, 344, 343, 341, 337, 
3198101, 345, 343, 343, 338, 
3198134, 338, 341, 338, 337, 
3198166, 345, 342, 341, 337, 
3198198, 334, 338, 338, 337, 
3198230, 339, 341, 340, 338, 
3198263, 340, 340, 341, 339, 
3198295, 337, 341, 340, 339, 
3198327, 336, 340, 340, 340, 
3198359, 335, 339, 339, 340, 
3198392, 341, 341, 340, 341, 
3198424, 335, 335, 339, 339, 
3198455, 321, 339, 335, 336, 
3198488, 338, 339, 338, 338, 
3198520, 340, 338, 339, 338, 
3198553, 338, 336, 338, 338, 
3198584, 336, 335, 340, 337, 
3198617, 334, 335, 339, 338, 
3198649, 329, 332, 339, 338, 
3198682, 326, 332, 338, 337, 
3198713, 325, 332, 338, 337, 
3198746, 331, 336, 339, 338, 
3198778, 343, 341, 341, 340, 
3198811, 346, 342, 339, 339, 
3198842, 347, 343, 339, 340, 
3198875, 347, 343, 340, 341, 
3198907, 348, 343, 341, 339, 
3198940, 345, 342, 340, 339, 
3198971, 343, 341, 340, 339, 
3199004, 342, 340, 340, 339, 
3199036, 341, 340, 340, 339, 
3199069, 340, 338, 340, 339, 
3199100, 339, 338, 340, 338, 
3199133, 339, 338, 339, 338, 
3199165, 338, 338, 339, 339, 
3199198, 339, 338, 339, 339, 
3199229, 336, 339, 337, 338, 
3199262, 334, 338, 338, 339, 
3199294, 336, 337, 339, 338, 
3199327, 337, 338, 339, 338, 
3199358, 338, 338, 338, 338, 
3199391, 319, 331, 335, 337, 
3199423, 331, 339, 336, 336, 
3199456, 337, 337, 337, 338, 
3199488, 337, 336, 338, 339, 
3199519, 336, 336, 337, 338, 
3199552, 334, 335, 338, 338, 
3199584, 330, 334, 337, 338, 
3199617, 326, 331, 338, 338, 
3199648, 323, 331, 338, 338, 
3199681, 326, 335, 339, 338, 
3199713, 337, 339, 340, 340, 
3199746, 346, 344, 340, 340, 
3199777, 350, 345, 342, 340, 
3199810, 350, 344, 339, 340, 
3199842, 349, 343, 339, 338, 
3199875, 347, 343, 339, 339, 
3199906, 345, 341, 338, 338, 
3199939, 345, 341, 339, 339, 
3199971, 342, 340, 340, 338, 
3200004, 342, 339, 338, 339, 
3200035, 341, 339, 340, 339, 
3200068, 341, 339, 340, 339, 
3200100, 340, 339, 340, 338, 
3200133, 339, 338, 339, 339, 
3200164, 339, 337, 339, 338, 
3200197, 336, 337, 338, 337, 
3200229, 335, 338, 339, 338, 
3200262, 335, 337, 338, 337, 
3200293, 338, 338, 338, 338, 
3200326, 339, 337, 339, 338, 
3200358, 317, 334, 336, 335, 
3200391, 334, 339, 337, 338, 
3200422, 337, 337, 339, 339, 
3200455, 338, 336, 339, 339, 
3200487, 336, 335, 339, 338, 
3200519, 335, 334, 341, 339, 
3200551, 330, 333, 339, 339, 
3200583, 325, 330, 339, 339, 
3200616, 322, 330, 340, 339, 
3200648, 327, 335, 338, 339, 
3200680, 338, 341, 339, 338, 
3200712, 346, 344, 339, 337, 
3200745, 350, 346, 339, 338, 
3200777, 349, 344, 338, 336, 
3200809, 349, 344, 337, 337, 
3200841, 346, 342, 337, 336, 
3200874, 345, 343, 337, 336, 
3200906, 341, 341, 336, 336, 
3200939, 341, 341, 337, 337, 
3200970, 338, 341, 337, 336, 
3201003, 341, 342, 337, 337, 
3201035, 334, 340, 337, 338, 
3201068, 341, 341, 339, 337, 
3201099, 337, 339, 338, 338, 
3201132, 340, 340, 338, 337, 
3201164, 334, 340, 339, 337, 
3201197, 335, 338, 340, 338, 
3201228, 338, 339, 339, 339, 
3201261, 337, 339, 339, 341, 
3201293, 321, 330, 337, 340, 
3201326, 328, 338, 337, 341, 
3201357, 336, 336, 339, 344, 
3201390, 338, 335, 341, 345, 
3201422, 334, 334, 343, 346, 
3201455, 332, 332, 343, 345, 
3201486, 329, 331, 345, 346, 
3201519, 327, 330, 348, 345, 
3201551, 323, 329, 348, 343, 
3201583, 326, 334, 349, 342, 
3201615, 336, 338, 350, 342, 
3201647, 345, 342, 349, 341, 
3201680, 352, 344, 349, 342, 
3201712, 348, 343, 349, 342, 
3201744, 350, 342, 347, 342, 
3201776, 347, 341, 346, 341, 
3201809, 345, 340, 345, 341, 
3201841, 345, 341, 344, 341, 
3201873, 342, 339, 344, 341, 
3201905, 343, 340, 343, 341, 
3201938, 340, 338, 343, 341, 
3201970, 341, 339, 345, 341, 
3202002, 340, 339, 351, 342, 
3202034, 338, 338, 353, 342, 
3202067, 338, 338, 354, 340, 
3202099, 333, 337, 354, 341, 
3202131, 340, 339, 354, 340, 
3202163, 337, 338, 352, 340, 
3202196, 324, 332, 351, 338, 
3202228, 332, 340, 349, 337, 
3202260, 339, 337, 348, 339, 
3202292, 341, 337, 347, 339, 
3202325, 336, 336, 346, 339, 
3202357, 336, 336, 346, 339, 
3202390, 331, 334, 344, 339, 
3202421, 325, 333, 343, 339, 
3202454, 324, 332, 342, 338, 
3202486, 325, 334, 341, 339, 
3202519, 336, 339, 340, 337, 
3202550, 348, 343, 339, 338, 
3202582, 349, 345, 338, 339, 
3202615, 350, 345, 338, 339, 
3202647, 351, 344, 337, 338, 
3202679, 346, 341, 336, 338, 
3202711, 348, 341, 335, 337, 
3202744, 343, 341, 334, 337, 
3202776, 344, 340, 335, 337, 
3202808, 344, 340, 334, 337, 
3202840, 339, 340, 333, 337, 
3202873, 342, 339, 334, 337, 
3202905, 340, 339, 333, 337, 
3202937, 338, 337, 334, 338, 
3202969, 341, 338, 333, 337, 
3203002, 333, 336, 333, 336, 
3203034, 336, 339, 333, 337, 
3203066, 338, 338, 333, 337, 
3203098, 340, 339, 333, 338, 
3203131, 337, 335, 333, 337, 
3203163, 318, 338, 330, 333, 
3203195, 337, 336, 332, 336, 
3203227, 339, 337, 333, 337, 
3203260, 340, 337, 334, 338, 
3203292, 337, 336, 335, 338, 
3203324, 334, 335, 334, 338, 
3203356, 330, 335, 335, 338, 
3203389, 322, 331, 334, 337, 
3203421, 323, 333, 333, 337, 
3203453, 329, 336, 334, 337, 
3203485, 343, 341, 335, 338, 
3203518, 349, 343, 336, 338, 
3203550, 353, 345, 336, 339, 
3203582, 350, 343, 336, 338, 
3203614, 350, 344, 336, 338, 
3203646, 346, 343, 335, 339, 
3203679, 345, 341, 335, 338, 
3203710, 345, 341, 335, 338, 
3203743, 342, 339, 335, 338, 
3203775, 342, 340, 336, 338, 
3203808, 339, 340, 335, 339, 
3203840, 340, 340, 336, 338, 
3203872, 337, 338, 335, 337, 
3203904, 339, 339, 336, 338, 
3203937, 337, 338, 336, 338, 
3203969, 338, 339, 337, 338, 
3204001, 333, 337, 336, 338, 
3204033, 335, 338, 336, 336, 
3204066, 337, 339, 336, 338, 
3204098, 339, 339, 336, 338, 
3204130, 322, 330, 335, 336, 
3204162, 327, 340, 334, 334, 
3204195, 335, 336, 336, 337, 
3204227, 339, 337, 337, 338, 
3204259, 336, 335, 337, 339, 
3204291, 335, 336, 338, 337, 
3204324, 330, 333, 337, 338, 
3204356, 327, 331, 338, 336, 
3204388, 322, 331, 338, 337, 
3204420, 324, 334, 337, 337, 
3204453, 336, 340, 338, 338, 
3204485, 346, 343, 338, 339, 
3204517, 350, 344, 339, 338, 
3204549, 353, 345, 339, 339, 
3204582, 348, 342, 338, 339, 
3204614, 348, 343, 338, 339, 
3204645, 346, 342, 338, 339, 
3204678, 341, 340, 336, 339, 
3204710, 344, 340, 338, 340, 
3204743, 341, 340, 338, 338, 
3204774, 342, 340, 338, 338, 
3204807, 340, 339, 338, 338, 
3204839, 339, 340, 338, 338, 
3204872, 339, 339, 338, 338, 
3204903, 338, 339, 338, 338, 
3204936, 336, 337, 338, 338, 
3204968, 338, 338, 338, 339, 
3205001, 334, 338, 338, 339, 
3205032, 336, 338, 338, 338, 
3205065, 338, 338, 339, 338, 
3205097, 326, 332, 338, 338, 
3205130, 328, 340, 336, 335, 
3205161, 338, 337, 338, 338, 
3205194, 339, 337, 339, 339, 
3205226, 337, 336, 339, 339, 
3205259, 335, 337, 339, 339, 
3205291, 331, 334, 339, 339, 
3205323, 326, 332, 338, 339, 
3205355, 323, 331, 338, 339, 
3205388, 324, 334, 338, 338, 
3205420, 335, 338, 337, 339, 
3205452, 345, 342, 339, 338, 
3205484, 350, 344, 338, 338, 
3205517, 352, 344, 338, 338, 
3205549, 349, 343, 339, 339, 
3205581, 348, 342, 338, 339, 
3205613, 347, 342, 338, 339, 
3205646, 343, 340, 339, 340, 
3205678, 344, 341, 339, 339, 
3205709, 341, 340, 338, 339, 
3205742, 340, 340, 339, 338, 
3205774, 340, 340, 338, 339, 
3205807, 338, 339, 338, 338, 
3205838, 340, 340, 338, 339, 
3205871, 339, 339, 338, 339, 
3205903, 339, 338, 339, 339, 
3205936, 338, 338, 338, 338, 
3205967, 333, 337, 338, 338, 
3206000, 335, 338, 339, 338, 
3206032, 340, 340, 338, 339, 
3206065, 338, 337, 338, 338, 
3206096, 317, 333, 336, 335, 
3206129, 332, 338, 336, 336, 
3206161, 337, 337, 338, 338, 
3206194, 339, 337, 338, 338, 
3206225, 336, 336, 339, 338, 
3206258, 332, 334, 338, 338, 
3206290, 330, 334, 338, 339, 
3206323, 322, 331, 338, 338, 
3206354, 322, 332, 338, 338, 
3206387, 326, 334, 339, 339, 
3206419, 338, 341, 340, 339, 
3206452, 347, 343, 339, 339, 
3206483, 352, 345, 339, 339, 
3206516, 351, 345, 338, 339, 
3206548, 349, 344, 338, 339, 
3206581, 349, 342, 337, 337, 
3206612, 345, 342, 338, 339, 
3206645, 345, 341, 338, 338, 
3206677, 342, 340, 338, 338, 
3206709, 341, 340, 338, 337, 
3206742, 342, 339, 338, 338, 
3206773, 341, 340, 338, 338, 
3206806, 338, 339, 339, 339, 
3206838, 339, 339, 338, 338, 
3206871, 338, 339, 339, 338, 
3206902, 339, 339, 339, 338, 
3206935, 337, 338, 338, 338, 
3206967, 335, 338, 339, 337, 
3207000, 336, 339, 339, 338, 
3207031, 336, 338, 338, 338, 
3207064, 338, 338, 339, 340, 
3207096, 321, 331, 337, 336, 
3207129, 331, 339, 337, 336, 
3207160, 336, 336, 338, 337, 
3207193, 336, 335, 339, 338, 
3207225, 337, 336, 340, 338, 
3207258, 332, 335, 339, 339, 
3207289, 326, 331, 338, 340, 
3207322, 312, 327, 336, 340, 
3207354, 321, 332, 341, 339, 
3207387, 319, 333, 345, 340, 
3207418, 336, 344, 352, 339, 
3207451, 351, 352, 352, 340, 
3207483, 354, 356, 349, 341, 
3207516, 355, 359, 349, 340, 
3207547, 346, 357, 347, 340, 
3207580, 354, 357, 344, 340, 
3207612, 344, 352, 346, 340, 
3207645, 352, 351, 342, 338, 
3207676, 343, 345, 344, 338, 
3207709, 345, 345, 342, 338, 
3207741, 345, 343, 340, 337, 
3207773, 344, 340, 335, 337, 
3207805, 343, 340, 336, 338, 
3207837, 341, 339, 333, 339, 
3207870, 342, 337, 335, 340, 
3207902, 339, 336, 337, 340, 
3207934, 340, 336, 332, 340, 
3207966, 333, 335, 336, 341, 
3207999, 339, 335, 336, 339, 
3208031, 339, 335, 332, 340, 
3208064, 338, 333, 335, 338, 
3208095, 318, 330, 331, 335, 
3208128, 335, 334, 330, 337, 
3208160, 341, 336, 337, 339, 
3208193, 339, 334, 334, 339, 
3208224, 338, 334, 337, 338, 
3208257, 337, 333, 338, 338, 
3208289, 330, 331, 335, 337, 
3208322, 326, 330, 337, 335, 
3208353, 320, 328, 334, 337, 
3208386, 330, 334, 337, 336, 
3208418, 339, 337, 336, 336, 
3208451, 347, 341, 338, 336, 
3208482, 351, 342, 338, 336, 
3208515, 350, 342, 338, 335, 
3208547, 349, 342, 338, 335, 
3208580, 346, 340, 337, 335, 
3208611, 344, 339, 338, 335, 
3208644, 343, 338, 337, 335, 
3208676, 343, 338, 338, 335, 
3208709, 341, 337, 337, 336, 
3208740, 340, 338, 337, 336, 
3208772, 339, 337, 337, 337, 
3208805, 338, 339, 337, 337, 
3208837, 337, 337, 338, 339, 
3208869, 337, 338, 337, 338, 
3208901, 337, 338, 337, 337, 
3208934, 336, 338, 337, 337, 
3208966, 334, 335, 338, 337, 
3208998, 336, 336, 338, 336, 
3209030, 337, 337, 337, 336, 
3209063, 336, 333, 337, 336, 
3209095, 319, 335, 336, 334, 
3209127, 336, 336, 338, 337, 
3209159, 338, 336, 338, 337, 
3209192, 337, 336, 338, 339, 
3209224, 336, 336, 339, 340, 
3209256, 334, 336, 339, 339, 
3209288, 330, 332, 338, 338, 
3209321, 326, 330, 338, 338, 
3209353, 323, 330, 338, 338, 
3209385, 329, 334, 338, 337, 
3209417, 341, 340, 338, 338, 
3209450, 347, 343, 339, 338, 
3209482, 351, 343, 339, 339, 
3209515, 349, 342, 340, 339, 
3209546, 347, 342, 339, 340, 
3209579, 346, 343, 340, 340, 
3209611, 344, 341, 339, 339, 
3209644, 343, 339, 339, 339, 
3209675, 342, 340, 339, 339, 
3209708, 341, 340, 341, 340, 
3209740, 341, 339, 340, 339, 
3209773, 339, 340, 340, 339, 
3209804, 339, 339, 339, 338, 
3209836, 339, 338, 339, 339, 
3209869, 338, 338, 339, 338, 
3209901, 338, 339, 339, 338, 
3209933, 337, 337, 339, 338, 
3209965, 335, 338, 339, 338, 
3209998, 335, 338, 339, 339, 
3210030, 338, 338, 338, 338, 
3210062, 338, 338, 339, 339, 
3210094, 320, 332, 337, 336, 
3210127, 332, 338, 338, 337, 
3210159, 337, 337, 340, 338, 
3210191, 337, 336, 338, 338, 
3210223, 336, 335, 340, 339, 
3210256, 334, 335, 339, 339, 
3210288, 332, 334, 340, 340, 
3210320, 327, 332, 339, 339, 
3210352, 322, 332, 339, 339, 
3210385, 326, 335, 340, 339, 
3210417, 338, 341, 340, 340, 
3210449, 345, 344, 340, 340, 
3210481, 350, 346, 340, 341, 
3210514, 351, 345, 340, 340, 
3210546, 350, 344, 341, 340, 
3210578, 347, 343, 340, 340, 
3210610, 346, 342, 340, 340, 
3210643, 344, 342, 340, 339, 
3210675, 343, 341, 340, 339, 
3210707, 342, 341, 340, 341, 
3210739, 342, 340, 340, 340, 
3210772, 341, 341, 339, 339, 
3210804, 340, 340, 339, 341, 
3210835, 339, 340, 342, 340, 
3210868, 338, 339, 339, 340, 
3210900, 338, 340, 340, 340, 
3210933, 337, 338, 339, 339, 
3210964, 336, 338, 339, 339, 
3210997, 333, 338, 339, 339, 
3211029, 336, 339, 339, 339, 
3211062, 337, 339, 338, 339, 
3211094, 335, 334, 336, 339, 
3211126, 319, 338, 335, 335, 
3211158, 337, 337, 337, 338, 
3211191, 337, 337, 338, 339, 
3211223, 337, 336, 338, 339, 
3211255, 336, 334, 338, 339, 
3211287, 334, 335, 338, 339, 
3211320, 329, 332, 340, 340, 
3211352, 325, 331, 338, 338, 
3211384, 323, 332, 337, 337, 
3211416, 330, 336, 338, 338, 
3211449, 341, 341, 338, 338, 
3211481, 348, 344, 338, 339, 
3211513, 350, 344, 338, 340, 
3211545, 351, 344, 338, 339, 
3211578, 348, 343, 339, 339, 
3211610, 346, 341, 340, 339, 
3211642, 344, 341, 340, 339, 
3211674, 343, 340, 339, 339, 
3211707, 342, 340, 339, 339, 
3211739, 340, 339, 340, 339, 
3211771, 340, 338, 340, 339, 
3211803, 340, 339, 340, 339, 
3211836, 339, 338, 340, 338, 
3211868, 337, 338, 340, 340, 
3211899, 337, 338, 339, 339, 
3211932, 335, 337, 340, 339, 
3211964, 335, 337, 341, 340, 
3211997, 333, 338, 339, 340, 
3212028, 335, 339, 339, 338, 
3212061, 338, 337, 339, 338, 
3212093, 318, 336, 338, 335, 
3212126, 334, 339, 341, 337, 
3212157, 339, 338, 342, 339, 
3212190, 336, 336, 342, 339, 
3212222, 335, 337, 341, 340, 
3212255, 330, 336, 342, 339, 
3212286, 326, 333, 340, 339, 
3212319, 323, 333, 340, 340, 
3212351, 321, 334, 341, 338, 
3212384, 321, 337, 340, 341, 
3212416, 338, 343, 341, 341, 
3212448, 343, 343, 339, 341, 
3212480, 352, 343, 339, 344, 
3212513, 350, 342, 339, 344, 
3212545, 342, 339, 335, 344, 
3212577, 353, 342, 339, 341, 
3212609, 351, 339, 338, 341, 
3212642, 348, 340, 338, 339, 
3212674, 345, 338, 339, 338, 
3212706, 344, 337, 338, 339, 
3212738, 342, 339, 338, 336, 
3212771, 340, 336, 338, 335, 
3212803, 341, 335, 337, 335, 
3212835, 337, 336, 338, 336, 
3212867, 340, 336, 336, 335, 
3212899, 333, 333, 336, 336, 
3212932, 336, 336, 336, 335, 
3212963, 336, 337, 336, 338, 
3212996, 340, 336, 336, 337, 
3213028, 337, 332, 336, 337, 
3213061, 321, 337, 334, 336, 
3213092, 336, 336, 336, 336, 
3213125, 341, 336, 337, 338, 
3213157, 341, 336, 338, 339, 
3213190, 337, 336, 339, 339, 
3213221, 334, 335, 339, 338, 
3213254, 329, 334, 340, 339, 
3213286, 324, 331, 340, 338, 
3213319, 323, 333, 340, 339, 
3213350, 330, 337, 341, 339, 
3213383, 342, 341, 340, 339, 
3213415, 350, 345, 341, 340, 
3213448, 350, 345, 341, 340, 
3213479, 350, 346, 340, 340, 
3213512, 348, 344, 340, 341, 
3213544, 346, 342, 341, 339, 
3213577, 344, 342, 340, 340, 
3213608, 343, 341, 340, 338, 
3213641, 342, 341, 340, 339, 
3213673, 341, 341, 339, 339, 
3213706, 339, 340, 339, 338, 
3213737, 339, 339, 340, 339, 
3213770, 337, 339, 340, 340, 
3213802, 335, 340, 339, 339, 
3213835, 334, 339, 338, 339, 
3213867, 336, 338, 338, 339, 
3213899, 338, 340, 338, 338, 
3213931, 326, 332, 338, 338, 
3213963, 326, 341, 337, 336, 
3213996, 338, 338, 338, 338, 
3214027, 338, 337, 338, 340, 
3214060, 338, 337, 339, 340, 
3214092, 337, 336, 339, 340, 
3214125, 331, 335, 340, 339, 
3214156, 326, 333, 338, 339, 
3214189, 321, 332, 339, 339, 
3214221, 323, 334, 340, 339, 
3214254, 334, 338, 339, 339, 
3214285, 346, 343, 340, 339, 
3214318, 351, 345, 339, 339, 
3214350, 352, 344, 340, 339, 
3214383, 351, 343, 340, 339, 
3214414, 348, 342, 341, 339, 
3214447, 346, 341, 340, 339, 
3214479, 344, 341, 340, 339, 
3214512, 343, 342, 341, 339, 
3214543, 342, 340, 340, 338, 
3214576, 342, 340, 341, 338, 
3214608, 340, 339, 340, 339, 
3214641, 339, 340, 340, 338, 
3214672, 339, 339, 340, 338, 
3214705, 339, 340, 340, 337, 
3214737, 338, 338, 339, 337, 
3214770, 336, 338, 340, 338, 
3214801, 334, 338, 339, 338, 
3214834, 338, 340, 339, 339, 
3214866, 339, 340, 339, 338, 
3214899, 323, 332, 339, 338, 
3214930, 326, 342, 337, 336, 
3214962, 337, 338, 339, 339, 
3214995, 338, 336, 339, 338, 
3215027, 338, 335, 339, 338, 
3215059, 335, 336, 339, 338, 
3215091, 332, 335, 339, 339, 
3215124, 327, 332, 339, 339, 
3215156, 321, 331, 338, 339, 
3215188, 323, 334, 339, 338, 
3215220, 335, 339, 339, 338, 
3215253, 346, 342, 339, 339, 
3215285, 351, 344, 340, 339, 
3215318, 352, 343, 340, 338, 
3215349, 351, 342, 340, 339, 
3215382, 349, 342, 340, 338, 
3215414, 347, 341, 340, 338, 
3215447, 346, 340, 339, 339, 
3215478, 344, 341, 339, 339, 
3215511, 344, 339, 340, 338, 
3215543, 342, 339, 339, 338, 
3215576, 340, 339, 339, 338, 
3215607, 339, 340, 339, 338, 
3215640, 338, 338, 341, 338, 
3215672, 339, 339, 339, 338, 
3215705, 338, 338, 340, 338, 
3215736, 337, 338, 339, 338, 
3215769, 336, 337, 340, 338, 
3215801, 334, 337, 339, 338, 
3215834, 336, 337, 339, 338, 
3215865, 338, 339, 339, 338, 
3215898, 335, 333, 339, 337, 
3215930, 318, 340, 337, 335, 
3215963, 336, 337, 337, 337, 
3215994, 338, 337, 338, 338, 
3216026, 337, 336, 338, 338, 
3216059, 335, 336, 339, 338, 
3216091, 333, 335, 338, 338, 
3216123, 329, 333, 339, 338, 
3216155, 324, 332, 339, 338, 
3216188, 322, 331, 339, 338, 
3216220, 331, 337, 339, 338, 
3216252, 342, 341, 339, 337, 
3216284, 348, 344, 339, 338, 
3216317, 351, 344, 339, 338, 
3216349, 351, 344, 339, 338, 
3216381, 348, 342, 339, 337, 
3216413, 347, 343, 340, 338, 
3216446, 345, 341, 339, 338, 
3216478, 344, 341, 339, 338, 
3216510, 343, 341, 339, 338, 
3216542, 342, 340, 339, 339, 
3216575, 341, 341, 340, 338, 
3216607, 341, 340, 340, 337, 
3216640, 340, 339, 340, 337, 
3216671, 339, 338, 339, 338, 
3216704, 337, 337, 339, 337, 
3216736, 337, 338, 340, 338, 
3216769, 340, 339, 339, 338, 
3216800, 341, 338, 339, 337, 
3216833, 320, 332, 338, 337, 
3216865, 332, 340, 337, 336, 
3216898, 338, 336, 340, 338, 
3216929, 339, 336, 339, 338, 
3216962, 337, 336, 339, 338, 
3216994, 334, 335, 339, 338, 
3217026, 330, 333, 339, 338, 
3217058, 325, 332, 338, 338, 
3217090, 320, 331, 338, 339, 
3217123, 324, 334, 339, 338, 
3217155, 337, 339, 339, 338, 
3217187, 348, 342, 340, 338, 
3217219, 351, 343, 340, 338, 
3217252, 351, 344, 340, 338, 
3217284, 350, 343, 339, 338, 
3217316, 347, 342, 339, 338, 
3217348, 346, 341, 339, 338, 
3217381, 344, 341, 339, 338, 
3217413, 343, 340, 338, 338, 
3217445, 342, 340, 339, 338, 
3217477, 341, 340, 340, 339, 
3217510, 340, 339, 339, 339, 
3217542, 339, 339, 339, 338, 
3217574, 339, 339, 339, 339, 
3217606, 338, 338, 340, 338, 
3217639, 337, 337, 339, 338, 
3217671, 335, 337, 338, 338, 
3217703, 334, 338, 340, 338, 
3217735, 337, 338, 339, 338, 
3217768, 338, 338, 339, 338, 
3217800, 327, 330, 338, 338, 
3217832, 322, 340, 336, 336, 
3217864, 336, 338, 338, 337, 
3217897, 339, 336, 339, 338, 
3217929, 337, 336, 339, 339, 
3217961, 335, 336, 339, 339, 
3217993, 332, 334, 339, 338, 
3218026, 326, 332, 339, 338, 
3218058, 321, 331, 339, 338, 
3218089, 322, 334, 339, 338, 
3218122, 333, 338, 340, 339, 
3218154, 344, 342, 340, 339, 
