46, 347, 338, 342, 340, 
2792678, 345, 337, 342, 340, 
2792711, 340, 339, 342, 339, 
2792742, 345, 340, 341, 339, 
279275, 343, 338, 343, 338, 
2792807, 344, 340, 343, 338, 
2792839, 340, 339, 342, 337, 
2792871, 342, 339, 346, 338, 
2792903, 339, 340, 346, 338, 
2792936, 338, 339, 345, 337, 
2792968, 338, 339, 345, 336, 
2793000, 340, 338, 344, 336, 
2793032, 339, 335, 344, 336, 
2793065, 321, 337, 342, 331, 
2793097, 338, 336, 343, 335, 
2793129, 339, 333, 344, 336, 
2793161, 339, 333, 343, 337, 
2793194, 337, 332, 344, 337, 
2793226, 334, 332, 342, 336, 
2793259, 332, 331, 341, 336, 
2793290, 328, 332, 340, 336, 
2793323, 325, 334, 340, 335, 
2793355, 332, 337, 340, 336, 
2793388, 342, 340, 340, 337, 
2793419, 346, 341, 339, 338, 
2793452, 344, 340, 336, 338, 
2793484, 338, 338, 335, 338, 
2793517, 339, 339, 332, 337, 
2793548, 341, 340, 339, 338, 
2793581, 335, 337, 330, 339, 
2793613, 334, 342, 337, 340, 
2793646, 343, 343, 339, 340, 
2793677, 336, 342, 340, 340, 
2793710, 338, 343, 340, 341, 
2793742, 341, 343, 335, 342, 
2793775, 338, 340, 327, 342, 
2793806, 338, 340, 336, 343, 
2793839, 331, 337, 336, 342, 
2793871, 333, 336, 341, 341, 
2793903, 325, 336, 347, 341, 
2793935, 326, 333, 349, 341, 
2793967, 326, 333, 349, 339, 
2794000, 326, 332, 353, 339, 
2794032, 314, 335, 346, 334, 
2794064, 327, 334, 350, 337, 
2794096, 328, 334, 345, 339, 
2794129, 334, 335, 351, 339, 
2794161, 320, 332, 347, 339, 
2794193, 327, 333, 346, 339, 
2794225, 320, 332, 345, 338, 
2794258, 311, 329, 340, 338, 
2794290, 319, 333, 342, 338, 
2794322, 319, 333, 341, 338, 
2794354, 336, 340, 342, 338, 
2794387, 330, 336, 341, 338, 
2794419, 341, 340, 339, 339, 
2794451, 338, 339, 342, 338, 
2794483, 334, 337, 337, 338, 
2794516, 335, 338, 339, 339, 
2794548, 335, 338, 338, 338, 
2794580, 333, 337, 338, 339, 
2794612, 330, 337, 335, 338, 
2794645, 332, 338, 336, 338, 
2794677, 329, 337, 336, 337, 
2794710, 336, 342, 337, 338, 
2794741, 329, 339, 338, 338, 
2794774, 329, 341, 331, 338, 
2794806, 330, 340, 336, 339, 
2794839, 329, 341, 333, 337, 
2794870, 328, 340, 335, 338, 
2794902, 327, 339, 335, 338, 
2794935, 330, 340, 332, 338, 
2794967, 332, 337, 337, 338, 
2794999, 312, 336, 332, 335, 
2795031, 330, 340, 332, 334, 
2795064, 333, 338, 336, 337, 
2795096, 335, 338, 332, 338, 
2795128, 336, 338, 336, 338, 
2795160, 326, 335, 332, 338, 
2795193, 333, 336, 336, 338, 
2795225, 314, 331, 333, 337, 
2795257, 320, 334, 333, 337, 
2795289, 323, 337, 335, 337, 
2795322, 336, 341, 335, 340, 
2795354, 347, 343, 335, 338, 
2795386, 338, 338, 335, 337, 
2795418, 348, 340, 335, 338, 
2795451, 333, 332, 339, 338, 
2795483, 348, 341, 334, 339, 
2795515, 337, 334, 337, 338, 
2795547, 339, 335, 337, 337, 
2795580, 339, 336, 333, 335, 
2795612, 339, 337, 334, 339, 
2795644, 333, 335, 340, 338, 
2795676, 340, 337, 336, 339, 
2795709, 336, 333, 336, 338, 
2795741, 340, 337, 339, 337, 
2795773, 331, 333, 336, 338, 
2795805, 326, 336, 339, 338, 
2795838, 319, 331, 336, 337, 
2795870, 323, 334, 335, 338, 
2795902, 328, 335, 336, 336, 
2795934, 320, 329, 334, 336, 
2795966, 320, 335, 331, 332, 
2795999, 332, 335, 337, 336, 
2796030, 331, 333, 334, 337, 
2796063, 325, 333, 340, 337, 
2796095, 321, 332, 334, 337, 
2796128, 317, 332, 334, 337, 
2796160, 308, 330, 334, 337, 
2796192, 302, 330, 337, 337, 
2796224, 310, 334, 337, 338, 
2796257, 318, 336, 338, 337, 
2796289, 332, 340, 336, 338, 
2796321, 334, 337, 340, 338, 
2796353, 344, 341, 339, 339, 
2796386, 340, 337, 337, 339, 
2796418, 346, 340, 336, 338, 
2796450, 341, 334, 339, 339, 
2796482, 349, 339, 337, 339, 
2796515, 353, 338, 338, 338, 
2796547, 348, 338, 337, 339, 
2796579, 355, 339, 337, 337, 
2796611, 350, 336, 336, 337, 
2796644, 352, 337, 338, 338, 
2796676, 351, 335, 338, 337, 
2796708, 352, 336, 336, 337, 
2796740, 354, 337, 338, 337, 
2796773, 359, 338, 338, 338, 
2796805, 353, 333, 336, 337, 
2796837, 340, 335, 335, 333, 
2796869, 354, 337, 334, 335, 
2796902, 356, 335, 336, 337, 
2796934, 355, 335, 338, 338, 
2796965, 346, 333, 338, 339, 
2796998, 344, 335, 339, 339, 
2797030, 336, 334, 337, 338, 
2797063, 327, 332, 338, 337, 
2797094, 321, 330, 334, 336, 
2797127, 322, 337, 333, 337, 
2797159, 340, 343, 337, 338, 
2797192, 344, 343, 339, 338, 
2797223, 338, 342, 340, 340, 
2797256, 342, 343, 337, 339, 
2797288, 334, 340, 338, 339, 
2797321, 330, 340, 340, 338, 
2797352, 314, 338, 335, 339, 
2797385, 305, 339, 341, 339, 
2797417, 301, 339, 336, 339, 
2797450, 294, 334, 335, 338, 
2797481, 307, 338, 338, 339, 
2797514, 304, 335, 337, 338, 
2797546, 313, 337, 335, 338, 
2797579, 312, 336, 336, 338, 
2797611, 314, 337, 337, 338, 
2797643, 311, 335, 338, 338, 
2797675, 318, 336, 337, 339, 
2797708, 313, 337, 338, 337, 
2797740, 312, 332, 336, 336, 
2797772, 389, 340, 337, 335, 
2797804, 463, 337, 338, 337, 
2797837, 479, 337, 338, 338, 
2797869, 458, 338, 340, 338, 
2797901, 397, 336, 338, 338, 
2797933, 310, 335, 339, 339, 
2797966, 234, 336, 337, 339, 
2797998, 173, 336, 336, 339, 
2798029, 128, 338, 340, 339, 
2798062, 76, 340, 341, 341, 
2798093, 14, 344, 339, 341, 
2798125, 2, 342, 342, 343, 
2798154, 1, 343, 339, 342, 
2798185, 2, 342, 339, 342, 
2798215, 0, 340, 339, 342, 
2798245, 2, 342, 337, 342, 
2798275, 1, 342, 337, 342, 
2798306, 6, 343, 340, 342, 
2798336, 46, 341, 336, 342, 
2798367, 115, 343, 342, 342, 
2798399, 191, 339, 336, 340, 
2798432, 275, 341, 338, 339, 
2798464, 347, 340, 339, 339, 
2798495, 409, 341, 338, 339, 
2798528, 455, 340, 337, 338, 
2798560, 494, 338, 340, 338, 
2798593, 510, 340, 332, 334, 
2798624, 538, 339, 338, 335, 
2798657, 554, 337, 339, 337, 
2798689, 562, 337, 337, 336, 
2798722, 564, 340, 338, 337, 
2798753, 564, 354, 338, 336, 
2798786, 565, 361, 337, 336, 
2798818, 572, 359, 336, 335, 
2798851, 607, 355, 336, 335, 
2798882, 633, 355, 335, 336, 
2798915, 627, 354, 335, 337, 
2798947, 610, 353, 334, 338, 
2798980, 583, 348, 335, 338, 
2799011, 552, 346, 334, 337, 
2799044, 534, 344, 334, 336, 
2799076, 522, 341, 333, 336, 
2799109, 517, 337, 333, 336, 
2799140, 516, 335, 333, 336, 
2799173, 514, 332, 332, 335, 
2799205, 508, 330, 332, 336, 
2799238, 503, 329, 332, 336, 
2799269, 496, 329, 333, 336, 
2799302, 487, 330, 332, 337, 
2799334, 476, 329, 333, 336, 
2799367, 468, 330, 333, 336, 
2799398, 461, 330, 333, 336, 
2799431, 454, 330, 335, 336, 
2799463, 450, 330, 334, 336, 
2799495, 448, 330, 334, 335, 
2799527, 446, 330, 334, 336, 
2799559, 431, 328, 334, 335, 
2799592, 429, 334, 332, 334, 
2799624, 434, 331, 334, 336, 
2799656, 432, 331, 336, 337, 
2799688, 429, 331, 336, 337, 
2799721, 423, 331, 336, 337, 
2799753, 417, 331, 336, 337, 
2799785, 410, 332, 336, 336, 
2799817, 404, 331, 336, 336, 
2799850, 405, 333, 337, 336, 
2799882, 411, 335, 337, 337, 
2799915, 415, 336, 338, 337, 
2799946, 416, 338, 339, 338, 
2799979, 414, 337, 338, 338, 
2800011, 410, 336, 339, 338, 
2800044, 406, 337, 338, 338, 
2800075, 403, 337, 338, 337, 
2800108, 400, 337, 338, 337, 
2800140, 396, 337, 339, 338, 
2800173, 393, 337, 339, 339, 
2800204, 390, 337, 339, 338, 
2800237, 387, 337, 339, 337, 
2800269, 386, 337, 339, 337, 
2800302, 383, 337, 339, 338, 
2800333, 382, 337, 339, 338, 
2800366, 380, 338, 340, 337, 
2800398, 376, 337, 340, 337, 
2800431, 374, 337, 340, 337, 
2800462, 375, 337, 340, 337, 
2800495, 374, 337, 339, 337, 
2800527, 363, 334, 339, 337, 
2800559, 363, 340, 337, 335, 
2800591, 370, 337, 339, 337, 
2800623, 369, 336, 340, 337, 
2800656, 367, 337, 341, 338, 
2800688, 364, 336, 340, 337, 
2800720, 361, 336, 340, 337, 
2800752, 355, 336, 340, 337, 
2800785, 352, 335, 340, 335, 
2800817, 354, 337, 340, 337, 
2800849, 361, 338, 339, 337, 
2800881, 367, 339, 341, 337, 
2800914, 369, 339, 340, 336, 
2800946, 368, 339, 340, 338, 
2800978, 367, 340, 340, 337, 
2801010, 365, 339, 340, 337, 
2801043, 362, 338, 339, 338, 
2801075, 360, 339, 339, 338, 
2801107, 359, 338, 339, 338, 
2801139, 357, 338, 338, 338, 
2801172, 356, 339, 339, 338, 
2801204, 355, 338, 339, 338, 
2801236, 354, 337, 339, 337, 
2801268, 353, 337, 339, 338, 
2801301, 352, 337, 338, 339, 
2801333, 349, 337, 337, 337, 
2801366, 348, 338, 338, 339, 
2801397, 348, 337, 337, 338, 
2801430, 349, 337, 338, 338, 
2801462, 347, 335, 337, 336, 
2801495, 332, 340, 335, 334, 
2801526, 345, 338, 338, 337, 
2801558, 347, 337, 338, 337, 
2801591, 347, 336, 338, 338, 
2801623, 346, 337, 339, 337, 
2801655, 342, 336, 338, 338, 
2801687, 339, 335, 339, 337, 
2801720, 334, 335, 338, 337, 
2801752, 334, 336, 338, 337, 
2801784, 340, 337, 338, 338, 
2801816, 348, 339, 339, 338, 
2801849, 354, 339, 339, 339, 
2801881, 355, 339, 340, 338, 
2801913, 353, 338, 339, 338, 
2801945, 351, 339, 340, 339, 
2801978, 350, 338, 339, 338, 
2802010, 349, 339, 339, 337, 
2802042, 347, 338, 339, 338, 
2802074, 346, 338, 338, 338, 
2802107, 346, 337, 339, 337, 
2802139, 345, 337, 338, 337, 
2802171, 343, 338, 338, 337, 
2802203, 344, 337, 338, 338, 
2802236, 342, 338, 338, 337, 
2802268, 342, 338, 339, 338, 
2802300, 343, 337, 338, 340, 
2802332, 341, 337, 338, 338, 
2802365, 342, 337, 339, 337, 
2802397, 339, 338, 339, 337, 
2802429, 337, 337, 338, 337, 
2802461, 340, 339, 338, 337, 
2802494, 341, 339, 338, 337, 
2802526, 339, 335, 338, 337, 
2802558, 324, 343, 335, 333, 
2802590, 338, 339, 337, 336, 
2802622, 341, 338, 337, 337, 
2802655, 341, 338, 337, 337, 
2802686, 338, 338, 338, 338, 
2802719, 336, 337, 338, 337, 
2802751, 332, 336, 338, 337, 
2802784, 329, 335, 337, 337, 
2802816, 328, 336, 338, 337, 
2802848, 336, 338, 338, 337, 
2802880, 343, 339, 340, 340, 
2802913, 348, 340, 339, 339, 
2802945, 349, 340, 338, 339, 
2802977, 349, 339, 338, 339, 
2803009, 347, 338, 337, 338, 
2803042, 346, 338, 338, 337, 
2803074, 344, 338, 336, 338, 
2803106, 343, 338, 336, 337, 
2803138, 342, 338, 336, 337, 
2803171, 342, 337, 335, 335, 
2803203, 340, 337, 338, 340, 
2803235, 340, 338, 338, 340, 
2803267, 340, 337, 339, 341, 
2803300, 341, 337, 340, 340, 
2803332, 340, 337, 340, 340, 
2803364, 340, 337, 341, 339, 
2803396, 339, 337, 341, 338, 
2803429, 337, 337, 341, 337, 
2803461, 337, 338, 342, 336, 
2803493, 340, 338, 342, 337, 
2803525, 340, 337, 343, 339, 
2803558, 326, 336, 341, 335, 
2803590, 336, 339, 342, 335, 
2803621, 341, 337, 342, 337, 
2803654, 341, 337, 341, 339, 
2803686, 339, 336, 342, 337, 
2803719, 337, 336, 342, 337, 
2803750, 333, 336, 341, 336, 
2803783, 328, 336, 341, 337, 
2803815, 325, 335, 341, 336, 
2803848, 330, 337, 340, 337, 
2803879, 339, 340, 341, 338, 
2803912, 346, 339, 340, 339, 
2803944, 348, 339, 340, 338, 
2803977, 347, 340, 340, 339, 
2804008, 345, 339, 339, 339, 
2804041, 344, 339, 340, 339, 
2804073, 343, 338, 339, 339, 
2804106, 342, 338, 340, 340, 
2804137, 340, 338, 339, 338, 
2804170, 341, 338, 339, 337, 
2804202, 339, 337, 339, 336, 
2804235, 339, 338, 339, 336, 
2804267, 340, 337, 339, 336, 
2804299, 338, 337, 338, 337, 
2804331, 338, 337, 340, 336, 
2804364, 338, 337, 338, 336, 
2804396, 337, 338, 338, 336, 
2804428, 336, 337, 337, 336, 
2804460, 335, 337, 338, 336, 
2804493, 336, 337, 337, 336, 
2804525, 338, 338, 336, 336, 
2804557, 334, 334, 336, 337, 
2804589, 320, 340, 334, 334, 
2804622, 336, 337, 336, 336, 
2804654, 337, 336, 336, 337, 
2804685, 337, 336, 336, 338, 
2804718, 336, 335, 336, 338, 
2804750, 335, 336, 336, 337, 
2804783, 330, 335, 336, 338, 
2804814, 326, 334, 335, 337, 
2804847, 326, 336, 335, 338, 
2804879, 334, 339, 335, 338, 
2804912, 342, 339, 336, 338, 
2804943, 347, 340, 335, 339, 
2804976, 347, 339, 332, 340, 
2805008, 343, 339, 331, 340, 
2805041, 344, 339, 334, 339, 
2805072, 342, 340, 328, 340, 
2805105, 338, 338, 328, 340, 
2805137, 344, 341, 341, 341, 
2805170, 343, 342, 334, 340, 
2805201, 339, 340, 334, 340, 
2805234, 341, 339, 338, 340, 
2805266, 340, 337, 331, 339, 
2805299, 339, 337, 336, 339, 
2805330, 338, 336, 335, 338, 
2805363, 337, 336, 341, 338, 
2805395, 337, 337, 339, 339, 
2805428, 339, 335, 341, 338, 
2805459, 336, 336, 338, 339, 
2805492, 336, 336, 340, 338, 
2805524, 338, 336, 340, 337, 
2805557, 340, 336, 340, 338, 
2805588, 322, 338, 336, 333, 
2805621, 336, 336, 340, 336, 
2805653, 338, 336, 341, 336, 
2805685, 337, 336, 340, 336, 
2805718, 336, 334, 341, 336, 
2805749, 332, 334, 342, 335, 
2805782, 331, 334, 341, 335, 
2805814, 327, 333, 340, 336, 
2805847, 326, 334, 340, 336, 
2805878, 332, 337, 340, 336, 
2805911, 341, 338, 341, 337, 
2805943, 346, 339, 341, 336, 
2805976, 348, 340, 340, 338, 
2806007, 348, 340, 340, 338, 
2806040, 348, 339, 339, 338, 
2806072, 344, 339, 340, 339, 
2806105, 343, 338, 339, 339, 
2806136, 342, 340, 339, 339, 
2806169, 342, 338, 338, 339, 
2806201, 341, 338, 338, 339, 
2806234, 340, 338, 338, 339, 
2806265, 339, 338, 338, 340, 
2806298, 339, 338, 337, 339, 
2806330, 338, 338, 337, 340, 
2806363, 338, 338, 337, 339, 
2806394, 336, 338, 337, 339, 
2806427, 335, 339, 337, 339, 
2806459, 337, 338, 338, 339, 
2806492, 339, 338, 337, 338, 
2806523, 334, 335, 337, 338, 
2806556, 323, 342, 334, 334, 
2806588, 336, 338, 336, 337, 
2806621, 338, 337, 337, 338, 
2806652, 337, 337, 338, 338, 
2806685, 335, 337, 339, 338, 
2806717, 333, 336, 338, 338, 
2806749, 329, 335, 337, 338, 
2806781, 326, 336, 337, 338, 
2806813, 325, 337, 338, 337, 
2806846, 334, 339, 337, 338, 
2806878, 343, 340, 338, 339, 
2806910, 347, 340, 338, 339, 
2806942, 349, 340, 338, 339, 
2806975, 348, 339, 338, 339, 
2807007, 345, 340, 338, 339, 
2807040, 344, 338, 338, 340, 
2807071, 344, 338, 338, 339, 
2807104, 342, 338, 337, 339, 
2807136, 341, 338, 338, 338, 
2807169, 341, 338, 338, 339, 
2807200, 339, 337, 338, 339, 
2807233, 338, 337, 338, 339, 
2807265, 338, 337, 338, 340, 
2807298, 338, 337, 338, 338, 
2807329, 337, 336, 336, 337, 
2807362, 336, 336, 336, 338, 
2807394, 336, 335, 335, 336, 
2807427, 334, 338, 336, 339, 
2807458, 332, 340, 336, 339, 
2807491, 335, 340, 337, 340, 
2807523, 336, 341, 337, 339, 
2807556, 329, 337, 336, 339, 
2807587, 324, 345, 334, 336, 
2807620, 335, 339, 336, 337, 
2807652, 335, 337, 337, 336, 
2807685, 335, 337, 337, 339, 
2807716, 332, 336, 337, 333, 
2807748, 328, 340, 336, 339, 
2807781, 322, 344, 335, 340, 
2807813, 318, 346, 334, 337, 
2807845, 317, 347, 333, 343, 
2807877, 327, 347, 334, 339, 
2807910, 339, 347, 334, 343, 
2807942, 345, 345, 335, 341, 
2807974, 348, 343, 336, 343, 
2808006, 349, 342, 336, 342, 
2808039, 348, 339, 337, 341, 
2808071, 348, 338, 338, 339, 
2808103, 347, 337, 338, 338, 
2808135, 344, 336, 338, 338, 
2808168, 343, 335, 339, 337, 
2808200, 342, 335, 340, 337, 
2808232, 340, 334, 338, 337, 
2808264, 339, 334, 339, 337, 
2808297, 339, 334, 339, 338, 
2808329, 338, 333, 338, 332, 
2808361, 338, 334, 339, 339, 
2808393, 338, 333, 338, 337, 
2808426, 336, 336, 338, 338, 
2808458, 334, 335, 337, 337, 
2808491, 336, 334, 337, 337, 
2808522, 337, 335, 338, 339, 
2808555, 333, 331, 336, 337, 
2808587, 321, 338, 334, 335, 
2808620, 336, 334, 336, 336, 
2808651, 337, 335, 336, 336, 
2808684, 336, 334, 337, 338, 
2808716, 334, 333, 338, 337, 
2808749, 333, 334, 338, 338, 
2808780, 329, 334, 338, 337, 
2808812, 326, 333, 339, 338, 
2808845, 327, 335, 338, 337, 
2808877, 331, 336, 338, 336, 
2808909, 341, 337, 338, 338, 
2808941, 345, 337, 338, 336, 
2808974, 347, 338, 338, 338, 
2809006, 347, 337, 338, 338, 
2809038, 346, 337, 338, 336, 
2809070, 344, 337, 339, 338, 
2809103, 340, 337, 338, 336, 
2809135, 341, 337, 339, 338, 
2809167, 341, 337, 339, 337, 
2809199, 341, 337, 338, 337, 
2809232, 339, 337, 338, 338, 
2809264, 338, 336, 338, 336, 
2809296, 338, 337, 338, 336, 
2809328, 338, 338, 340, 338, 
2809361, 337, 336, 339, 335, 
2809393, 336, 337, 339, 337, 
2809425, 335, 337, 338, 338, 
2809457, 334, 336, 338, 336, 
2809490, 336, 337, 340, 337, 
2809522, 338, 337, 339, 336, 
2809554, 326, 335, 337, 336, 
2809586, 326, 340, 336, 332, 
2809619, 336, 337, 338, 338, 
2809651, 336, 337, 338, 337, 
2809683, 336, 336, 338, 337, 
2809715, 334, 336, 338, 338, 
2809748, 332, 335, 339, 338, 
2809780, 326, 335, 338, 337, 
2809811, 324, 336, 338, 336, 
2809844, 326, 338, 338, 337, 
2809876, 335, 338, 339, 338, 
2809909, 343, 338, 339, 337, 
2809940, 347, 338, 340, 338, 
2809973, 347, 338, 340, 339, 
2810005, 346, 338, 339, 338, 
2810038, 344, 337, 339, 338, 
2810070, 342, 338, 339, 338, 
2810102, 341, 337, 339, 337, 
2810134, 341, 338, 339, 336, 
2810167, 340, 338, 338, 337, 
2810199, 339, 338, 338, 338, 
2810231, 339, 338, 339, 337, 
2810263, 339, 337, 338, 337, 
2810296, 338, 338, 339, 338, 
2810328, 338, 338, 338, 337, 
2810360, 338, 338, 338, 338, 
2810392, 337, 338, 339, 337, 
2810425, 337, 338, 338, 336, 
2810457, 337, 337, 338, 337, 
2810489, 335, 337, 338, 338, 
2810521, 335, 338, 338, 337, 
2810554, 336, 338, 338, 337, 
2810586, 338, 337, 338, 337, 
2810618, 328, 335, 337, 337, 
2810650, 326, 341, 334, 333, 
2810683, 336, 337, 337, 336, 
2810715, 337, 337, 338, 337, 
2810747, 337, 337, 338, 335, 
2810779, 335, 336, 338, 337, 
2810812, 333, 336, 338, 338, 
2810844, 328, 336, 338, 337, 
2810875, 324, 335, 337, 337, 
2810908, 326, 339, 338, 337, 
2810940, 335, 339, 338, 336, 
2810973, 344, 340, 338, 338, 
2811004, 347, 339, 339, 338, 
2811037, 348, 338, 339, 337, 
2811069, 346, 338, 339, 338, 
2811102, 345, 338, 339, 338, 
2811133, 343, 339, 339, 338, 
2811166, 342, 338, 339, 339, 
2811198, 341, 339, 339, 338, 
2811231, 340, 338, 339, 336, 
2811262, 339, 338, 339, 338, 
2811295, 339, 337, 338, 339, 
2811327, 338, 337, 338, 337, 
2811360, 338, 338, 339, 339, 
2811392, 338, 339, 337, 338, 
2811424, 337, 338, 337, 336, 
2811456, 338, 338, 338, 338, 
2811489, 337, 337, 337, 337, 
2811521, 338, 338, 338, 338, 
2811553, 337, 337, 338, 338, 
2811585, 337, 337, 338, 338, 
2811618, 335, 337, 337, 337, 
2811650, 334, 338, 338, 338, 
2811682, 336, 337, 338, 337, 
2811714, 338, 337, 338, 336, 
2811747, 329, 334, 337, 338, 
2811779, 326, 340, 334, 335, 
2811811, 336, 336, 337, 337, 
2811843, 337, 336, 337, 339, 
2811875, 337, 336, 338, 338, 
2811908, 335, 336, 337, 337, 
2811939, 332, 336, 338, 339, 
2811972, 329, 335, 337, 338, 
2812004, 325, 336, 337, 336, 
2812037, 326, 338, 337, 338, 
2812068, 334, 337, 338, 338, 
2812101, 342, 339, 338, 339, 
2812133, 346, 340, 339, 338, 
2812166, 347, 339, 339, 337, 
2812197, 346, 339, 338, 339, 
2812230, 345, 338, 338, 338, 
2812262, 343, 338, 339, 339, 
2812295, 343, 338, 338, 339, 
2812326, 341, 338, 338, 337, 
2812359, 340, 338, 338, 338, 
2812391, 340, 338, 339, 338, 
2812424, 339, 337, 337, 338, 
2812455, 338, 338, 337, 338, 
2812488, 338, 338, 338, 337, 
2812520, 337, 338, 337, 338, 
2812553, 337, 337, 338, 338, 
2812584, 337, 338, 339, 338, 
2812617, 336, 338, 339, 338, 
2812649, 335, 338, 339, 337, 
2812682, 334, 338, 338, 338, 
2812713, 336, 338, 337, 337, 
2812746, 337, 337, 337, 338, 
2812778, 322, 337, 335, 335, 
2812811, 331, 339, 335, 335, 
2812843, 337, 336, 337, 338, 
2812875, 338, 336, 338, 338, 
2812907, 336, 336, 338, 338, 
2812939, 334, 335, 337, 338, 
2812972, 331, 335, 338, 337, 
2813003, 326, 335, 338, 336, 
2813036, 324, 336, 338, 336, 
2813068, 328, 338, 337, 338, 
2813101, 337, 339, 338, 337, 
2813132, 344, 339, 339, 338, 
2813165, 347, 339, 339, 339, 
2813197, 347, 339, 339, 338, 
2813230, 345, 338, 339, 338, 
2813261, 342, 338, 339, 338, 
2813294, 342, 338, 339, 338, 
2813326, 341, 337, 338, 337, 
2813359, 340, 338, 338, 338, 
2813390, 340, 338, 338, 338, 
2813423, 338, 337, 338, 337, 
2813455, 339, 337, 338, 337, 
2813488, 336, 337, 338, 338, 
2813519, 337, 337, 338, 337, 
2813552, 337, 337, 337, 337, 
2813584, 339, 336, 338, 336, 
2813617, 339, 337, 337, 338, 
2813648, 338, 337, 338, 337, 
2813681, 337, 336, 336, 337, 
2813713, 336, 336, 337, 339, 
2813746, 334, 337, 338, 338, 
2813777, 334, 337, 337, 339, 
2813810, 336, 337, 339, 338, 
2813842, 335, 335, 337, 339, 
2813875, 320, 341, 336, 333, 
2813906, 334, 339, 338, 337, 
2813938, 336, 337, 338, 336, 
2813971, 336, 337, 338, 337, 
2814003, 334, 336, 339, 337, 
2814035, 333, 336, 338, 337, 
2814067, 328, 336, 338, 338, 
2814100, 325, 336, 337, 338, 
2814132, 322, 337, 337, 338, 
2814164, 329, 339, 338, 339, 
2814196, 339, 339, 338, 339, 
2814229, 344, 341, 337, 338, 
2814261, 346, 340, 338, 338, 
2814294, 345, 340, 337, 338, 
2814325, 345, 340, 339, 338, 
2814358, 346, 340, 338, 339, 
2814390, 344, 340, 339, 339, 
2814423, 342, 339, 339, 338, 
2814454, 340, 340, 338, 338, 
2814487, 339, 340, 339, 337, 
2814519, 339, 339, 340, 338, 
2814552, 338, 338, 338, 338, 
2814583, 337, 338, 338, 338, 
2814616, 337, 337, 338, 338, 
2814648, 338, 339, 338, 337, 
2814681, 336, 336, 338, 338, 
2814712, 337, 336, 338, 338, 
2814745, 336, 336, 340, 338, 
2814777, 335, 336, 338, 337, 
2814810, 333, 335, 338, 339, 
2814841, 333, 337, 338, 338, 
2814874, 334, 337, 338, 338, 
2814906, 336, 339, 338, 338, 
2814939, 335, 334, 338, 338, 
2814970, 322, 339, 335, 334, 
2815002, 335, 336, 337, 336, 
2815035, 337, 336, 337, 337, 
2815067, 337, 335, 337, 338, 
2815099, 336, 335, 338, 338, 
2815131, 334, 335, 338, 339, 
2815164, 331, 336, 337, 337, 
2815196, 326, 334, 337, 337, 
2815228, 325, 335, 338, 337, 
2815260, 331, 337, 337, 337, 
2815293, 340, 339, 338, 338, 
2815325, 345, 339, 338, 338, 
2815357, 347, 339, 337, 339, 
2815389, 347, 339, 337, 338, 
2815422, 345, 339, 338, 339, 
2815454, 344, 338, 338, 338, 
2815486, 342, 338, 338, 339, 
2815518, 342, 338, 338, 339, 
2815551, 340, 338, 338, 339, 
2815583, 340, 338, 338, 338, 
2815616, 338, 338, 337, 338, 
2815647, 339, 338, 338, 338, 
2815680, 338, 337, 339, 337, 
2815712, 338, 337, 337, 338, 
2815745, 339, 338, 337, 340, 
2815776, 338, 338, 338, 340, 
2815809, 337, 337, 337, 338, 
2815841, 336, 338, 337, 338, 
2815874, 335, 338, 337, 337, 
2815905, 338, 339, 339, 338, 
2815938, 337, 337, 338, 336, 
2815970, 324, 335, 336, 335, 
2816002, 329, 339, 335, 335, 
2816034, 337, 337, 338, 336, 
2816066, 338, 336, 337, 338, 
2816099, 337, 335, 338, 338, 
2816131, 334, 335, 338, 338, 
2816163, 331, 335, 338, 338, 
2816195, 328, 335, 337, 338, 
2816228, 324, 335, 337, 338, 
2816260, 327, 337, 338, 337, 
2816292, 337, 338, 339, 338, 
2816324, 344, 339, 339, 338, 
2816357, 348, 339, 339, 338, 
2816389, 349, 339, 339, 338, 
2816421, 347, 339, 339, 336, 
2816453, 345, 339, 338, 339, 
2816486, 342, 338, 338, 338, 
2816518, 342, 338, 338, 337, 
2816550, 342, 338, 338, 338, 
2816582, 340, 337, 339, 337, 
2816615, 340, 337, 338, 338, 
2816647, 339, 338, 338, 338, 
2816679, 338, 337, 338, 338, 
2816711, 338, 337, 338, 337, 
2816744, 338, 337, 338, 338, 
2816776, 337, 337, 338, 338, 
2816808, 338, 337, 337, 337, 
2816840, 337, 337, 337, 337, 
2816873, 337, 337, 338, 337, 
2816905, 336, 337, 337, 337, 
2816937, 334, 337, 338, 337, 
2816969, 336, 338, 338, 337, 
2817002, 338, 337, 338, 337, 
2817034, 333, 333, 337, 337, 
2817065, 322, 340, 335, 333, 
2817098, 335, 337, 339, 337, 
2817130, 336, 336, 338, 337, 
2817163, 337, 335, 339, 338, 
2817195, 335, 336, 339, 338, 
2817227, 332, 335, 338, 339, 
2817259, 329, 335, 340, 339, 
2817292, 326, 335, 338, 338, 
2817324, 324, 336, 339, 337, 
2817356, 331, 337, 339, 338, 
2817388, 341, 340, 340, 338, 
2817421, 345, 339, 340, 338, 
2817453, 347, 338, 340, 338, 
2817485, 346, 338, 339, 338, 
2817517, 344, 338, 339, 338, 
2817550, 343, 338, 339, 339, 
2817582, 343, 337, 339, 338, 
2817614, 341, 337, 338, 338, 
2817646, 342, 337, 339, 338, 
2817679, 339, 337, 338, 339, 
2817711, 339, 337, 339, 338, 
2817743, 339, 338, 339, 338, 
2817775, 338, 337, 338, 339, 
2817808, 338, 337, 338, 339, 
2817840, 337, 337, 338, 338, 
2817872, 337, 337, 338, 338, 
2817904, 337, 337, 338, 338, 
2817937, 336, 338, 338, 338, 
2817969, 335, 338, 337, 338, 
2818001, 334, 338, 338, 337, 
2818033, 336, 338, 338, 339, 
2818065, 337, 337, 338, 337, 
2818098, 331, 333, 337, 337, 
2818129, 326, 340, 335, 335, 
2818162, 336, 336, 336, 337, 
2818194, 336, 336, 338, 337, 
2818227, 335, 336, 336, 338, 
2818258, 330, 336, 338, 338, 
2818291, 328, 336, 338, 338, 
2818323, 324, 335, 338, 338, 
2818356, 320, 335, 336, 337, 
2818387, 323, 337, 337, 337, 
2818420, 332, 338, 339, 337, 
2818452, 340, 339, 339, 338, 
2818485, 345, 339, 339, 338, 
2818516, 345, 340, 338, 338, 
2818549, 345, 340, 338, 337, 
2818581, 344, 338, 338, 337, 
2818614, 343, 339, 337, 337, 
2818646, 342, 339, 336, 337, 
2818678, 341, 339, 337, 337, 
2818710, 340, 338, 338, 337, 
2818743, 340, 338, 337, 337, 
2818775, 339, 336, 338, 337, 
2818807, 339, 336, 337, 336, 
2818839, 339, 335, 337, 337, 
2818872, 339, 336, 337, 337, 
2818904, 338, 335, 337, 337, 
2818936, 338, 336, 338, 337, 
2818968, 338, 336, 337, 337, 
2819001, 337, 335, 338, 337, 
2819033, 335, 336, 338, 337, 
2819065, 334, 337, 337, 337, 
2819097, 336, 336, 338, 337, 
2819129, 338, 337, 338, 338, 
2819162, 328, 334, 336, 336, 
2819193, 326, 340, 336, 335, 
2819226, 336, 337, 338, 338, 
2819258, 338, 336, 338, 337, 
2819291, 338, 337, 338, 337, 
2819322, 335, 336, 338, 337, 
2819355, 333, 335, 338, 337, 
2819387, 329, 334, 338, 336, 
2819420, 325, 335, 337, 335, 
2819451, 326, 336, 337, 337, 
2819484, 334, 338, 338, 338, 
2819516, 342, 340, 338, 339, 
2819549, 346, 339, 339, 339, 
2819580, 347, 339, 340, 339, 
2819613, 347, 339, 339, 339, 
2819645, 345, 338, 339, 338, 
2819678, 342, 338, 338, 338, 
2819709, 341, 338, 338, 338, 
2819742, 340, 338, 339, 338, 
2819774, 340, 338, 339, 338, 
2819807, 339, 338, 338, 338, 
2819838, 339, 338, 338, 338, 
2819871, 338, 338, 338, 338, 
2819903, 339, 339, 338, 339, 
2819936, 337, 338, 338, 339, 
2819968, 337, 338, 338, 338, 
2820000, 338, 338, 338, 339, 
2820032, 337, 338, 338, 339, 
2820065, 337, 338, 338, 339, 
2820097, 336, 337, 338, 337, 
2820128, 334, 338, 339, 338, 
2820161, 335, 338, 339, 337, 
2820193, 337, 338, 338, 338, 
2820226, 337, 336, 337, 338, 
2820257, 319, 340, 335, 334, 
2820290, 333, 339, 337, 336, 
2820322, 337, 337, 338, 338, 
2820355, 337, 336, 337, 338, 
2820386, 336, 336, 338, 338, 
2820419, 334, 337, 338, 338, 
2820451, 330, 336, 338, 337, 
2820484, 326, 335, 336, 337, 
2820515, 324, 336, 337, 337, 
2820548, 329, 337, 338, 337, 
2820580, 339, 339, 339, 338, 
2820613, 346, 339, 339, 338, 
2820644, 349, 339, 339, 339, 
2820677, 348, 339, 340, 339, 
2820709, 347, 339, 340, 340, 
2820742, 345, 338, 340, 339, 
2820773, 343, 338, 339, 339, 
2820806, 342, 337, 338, 339, 
2820838, 341, 338, 338, 338, 
2820871, 340, 338, 338, 337, 
2820902, 340, 338, 338, 338, 
2820935, 339, 338, 339, 338, 
2820967, 338, 338, 338, 338, 
2821000, 338, 338, 339, 338, 
2821031, 336, 337, 339, 338, 
2821064, 337, 337, 338, 338, 
2821096, 336, 337, 338, 337, 
2821129, 335, 337, 338, 338, 
2821160, 335, 338, 338, 337, 
2821192, 335, 338, 338, 338, 
2821225, 336, 339, 338, 337, 
2821257, 337, 336, 338, 337, 
2821289, 326, 334, 337, 336, 
2821321, 327, 340, 336, 335, 
2821354, 336, 336, 337, 336, 
2821386, 337, 335, 338, 336, 
2821419, 337, 335, 338, 338, 
2821450, 335, 335, 338, 339, 
2821483, 332, 335, 339, 337, 
2821515, 328, 334, 337, 337, 
2821548, 325, 334, 338, 337, 
2821579, 326, 336, 337, 336, 
2821612, 333, 338, 337, 338, 
2821644, 342, 340, 339, 338, 
2821677, 347, 339, 339, 339, 
2821708, 348, 339, 340, 339, 
2821741, 346, 338, 339, 339, 
2821773, 345, 338, 338, 338, 
2821806, 343, 339, 340, 338, 
2821837, 342, 339, 338, 338, 
2821870, 341, 337, 338, 338, 
2821902, 339, 339, 338, 338, 
2821935, 340, 338, 338, 338, 
2821966, 337, 338, 337, 338, 
2821999, 338, 338, 339, 338, 
2822031, 334, 338, 335, 339, 
2822064, 338, 338, 338, 339, 
2822095, 326, 337, 333, 340, 
2822128, 323, 339, 330, 340, 
2822160, 336, 341, 340, 340, 
2822192, 334, 342, 334, 340, 
2822224, 327, 340, 338, 340, 
2822256, 341, 341, 338, 339, 
2822289, 332, 338, 339, 340, 
2822321, 336, 336, 336, 339, 
2822353, 317, 336, 334, 336, 
2822385, 328, 336, 336, 339, 
2822418, 334, 334, 336, 341, 
2822450, 334, 334, 338, 343, 
2822482, 337, 334, 341, 343, 
2822514, 328, 333, 335, 343, 
2822547, 326, 333, 341, 343, 
2822579, 326, 334, 338, 343, 
2822611, 321, 334, 339, 341, 
2822643, 325, 336, 338, 343, 
2822676, 327, 338, 332, 344, 
2822708, 336, 340, 337, 346, 
2822740, 336, 341, 335, 346, 
2822772, 339, 342, 332, 346, 
2822805, 335, 341, 336, 346, 
2822837, 337, 340, 337, 347, 
2822870, 333, 338, 332, 345, 
2822901, 336, 339, 334, 345, 
2822934, 334, 337, 324, 344, 
2822966, 335, 338, 329, 343, 
2822999, 336, 336, 330, 346, 
2823030, 333, 335, 327, 346, 
2823063, 335, 336, 332, 348, 
2823095, 333, 336, 330, 346, 
2823128, 340, 338, 337, 345, 
2823159, 335, 337, 333, 345, 
2823192, 339, 338, 344, 344, 
2823224, 327, 338, 336, 339, 
2823256, 332, 339, 346, 342, 
2823288, 326, 338, 343, 342, 
2823320, 327, 336, 342, 340, 
2823353, 312, 336, 341, 332, 
2823385, 323, 337, 336, 335, 
2823417, 334, 335, 346, 332, 
2823449, 327, 333, 338, 335, 
2823482, 331, 333, 345, 334, 
2823514, 325, 331, 341, 335, 
2823546, 325, 332, 344, 334, 
2823578, 322, 329, 339, 338, 
2823611, 317, 331, 344, 340, 
2823643, 330, 335, 339, 343, 
2823675, 332, 334, 341, 346, 
2823707, 347, 336, 340, 347, 
2823740, 349, 335, 340, 345, 
2823772, 351, 335, 342, 343, 
2823804, 352, 336, 340, 340, 
2823836, 349, 336, 343, 336, 
2823869, 343, 333, 341, 332, 
2823901, 345, 336, 342, 329, 
2823933, 343, 337, 343, 326, 
2823965, 346, 337, 344, 325, 
2823998, 338, 336, 341, 324, 
2824030, 347, 339, 343, 324, 
2824062, 343, 339, 341, 323, 
2824094, 343, 338, 344, 324, 
2824127, 344, 340, 343, 326, 
2824159, 337, 339, 340, 325, 
2824192, 339, 338, 342, 326, 
2824223, 338, 337, 340, 327, 
2824255, 340, 338, 341, 326, 
2824288, 317, 339, 335, 323, 
2824320, 331, 341, 341, 326, 
2824352, 334, 338, 339, 327, 
2824384, 332, 338, 341, 329, 
2824417, 330, 336, 338, 328, 
2824449, 331, 337, 339, 328, 
2824481, 326, 336, 337, 329, 
2824513, 326, 334, 339, 329, 
2824546, 323, 335, 336, 328, 
2824578, 328, 337, 338, 328, 
2824610, 341, 338, 337, 330, 
2824642, 345, 338, 338, 331, 
2824675, 350, 339, 338, 332, 
2824707, 351, 339, 337, 331, 
2824739, 349, 339, 337, 330, 
2824771, 349, 340, 338, 329, 
2824804, 347, 341, 338, 329, 
2824836, 345, 341, 338, 330, 
2824868, 344, 341, 338, 332, 
2824900, 343, 340, 337, 333, 
2824933, 343, 340, 338, 333, 
2824965, 342, 339, 338, 334, 
2824997, 344, 337, 338, 335, 
2825029, 342, 338, 338, 336, 
2825062, 342, 338, 337, 337, 
2825094, 340, 337, 339, 337, 
2825126, 339, 338, 337, 338, 
2825158, 340, 337, 338, 338, 
2825191, 343, 338, 338, 338, 
2825223, 341, 335, 337, 338, 
2825255, 325, 341, 334, 334, 
2825287, 338, 338, 337, 337, 
2825319, 342, 337, 337, 339, 
2825352, 342, 336, 337, 339, 
2825383, 341, 336, 338, 339, 
2825416, 338, 336, 338, 340, 
2825448, 334, 336, 337, 338, 
2825481, 331, 335, 337, 338, 
2825512, 328, 337, 337, 337, 
2825545, 335, 339, 337, 338, 
2825577, 344, 340, 338, 337, 
2825610, 351, 340, 339, 338, 
2825641, 352, 340, 338, 337, 
2825674, 352, 340, 338, 337, 
2825706, 351, 339, 338, 337, 
2825739, 349, 341, 339, 337, 
2825771, 347, 340, 339, 337, 
2825803, 345, 339, 340, 333, 
2825835, 343, 339, 339, 337, 
2825868, 341, 338, 339, 341, 
2825900, 339, 338, 340, 343, 
2825932, 337, 338, 338, 340, 
2825964, 336, 338, 338, 343, 
2825997, 336, 339, 338, 345, 
2826029, 335, 339, 338, 341, 
2826061, 336, 338, 338, 343, 
2826093, 335, 340, 339, 342, 
2826126, 335, 340, 338, 340, 
2826158, 336, 340, 339, 345, 
2826190, 334, 337, 336, 340, 
2826222, 322, 343, 335, 341, 
2826255, 335, 341, 336, 338, 
2826287, 338, 338, 337, 342, 
2826318, 339, 340, 336, 339, 
2826351, 338, 338, 336, 340, 
2826383, 336, 338, 336, 342, 
2826416, 333, 337, 334, 343, 
2826447, 328, 337, 334, 341, 
2826480, 327, 337, 333, 340, 
2826512, 333, 337, 332, 340, 
2826545, 341, 337, 336, 338, 
2826576, 346, 337, 335, 339, 
2826609, 346, 336, 335, 336, 
2826641, 348, 335, 335, 337, 
2826674, 351, 334, 336, 337, 
2826705, 352, 334, 333, 338, 
2826738, 351, 333, 336, 337, 
2826770, 343, 334, 323, 337, 
2826803, 342, 333, 337, 337, 
2826834, 342, 337, 331, 338, 
2826867, 339, 337, 322, 337, 
2826899, 347, 340, 336, 338, 
2826932, 340, 340, 334, 339, 
2826963, 335, 341, 340, 338, 
2826996, 327, 340, 342, 342, 
2827028, 328, 340, 340, 344, 
2827061, 318, 340, 336, 347, 
2827092, 314, 337, 345, 351, 
2827125, 303, 337, 346, 353, 
2827157, 289, 339, 336, 353, 
2827190, 301, 338, 341, 358, 
2827222, 305, 338, 334, 363, 
2827254, 311, 336, 335, 366, 
2827286, 315, 336, 339, 366, 
2827319, 317, 335, 331, 363, 
2827351, 319, 335, 343, 360, 
2827382, 322, 336, 332, 357, 
2827415, 327, 337, 337, 354, 
2827447, 339, 337, 334, 350, 
2827480, 352, 337, 340, 351, 
2827511, 360, 337, 334, 349, 
2827544, 362, 338, 337, 347, 
2827576, 364, 337, 339, 345, 
2827609, 366, 336, 334, 343, 
2827640, 365, 333, 338, 342, 
2827673, 365, 337, 336, 342, 
2827705, 362, 332, 332, 340, 
2827738, 360, 337, 336, 340, 
2827769, 357, 331, 327, 337, 
2827802, 355, 338, 334, 336, 
2827834, 352, 333, 328, 337, 
2827867, 351, 338, 335, 337, 
2827898, 348, 335, 326, 337, 
2827931, 348, 335, 328, 338, 
2827963, 345, 338, 333, 331, 
2827996, 342, 336, 327, 339, 
2828027, 343, 338, 333, 337, 
2828060, 343, 337, 329, 337, 
2828092, 339, 333, 329, 335, 
2828125, 328, 342, 328, 329, 
2828156, 341, 332, 329, 333, 
2828189, 342, 337, 333, 330, 
2828221, 340, 335, 328, 336, 
2828254, 339, 337, 331, 336, 
2828285, 335, 337, 330, 336, 
2828318, 333, 336, 330, 334, 
2828350, 329, 337, 328, 333, 
2828382, 328, 337, 330, 335, 
2828414, 334, 339, 328, 334, 
2828446, 344, 339, 334, 334, 
2828479, 348, 340, 334, 335, 
2828511, 349, 339, 337, 334, 
2828544, 350, 338, 339, 333, 
2828575, 349, 338, 339, 336, 
2828608, 346, 339, 340, 332, 
2828640, 345, 338, 340, 337, 
2828673, 343, 339, 340, 336, 
2828704, 342, 339, 340, 333, 
2828737, 340, 338, 340, 337, 
2828769, 340, 340, 341, 332, 
2828802, 339, 337, 340, 337, 
2828833, 338, 339, 341, 336, 
2828866, 337, 340, 341, 336, 
2828898, 337, 338, 339, 336, 
2828931, 337, 338, 341, 332, 
2828962, 335, 336, 340, 336, 
2828995, 335, 338, 339, 334, 
2829027, 334, 338, 339, 336, 
2829060, 333, 339, 338, 331, 
2829091, 336, 335, 338, 338, 
2829124, 337, 337, 337, 336, 
2829156, 323, 338, 335, 333, 
2829189, 334, 338, 335, 334, 
2829220, 338, 336, 337, 334, 
2829253, 340, 336, 337, 335, 
2829285, 341, 336, 339, 334, 
2829318, 341, 335, 339, 335, 
2829349, 339, 335, 340, 334, 
2829382, 334, 335, 338, 336, 
2829414, 331, 335, 338, 335, 
2829446, 333, 336, 338, 335, 
2829478, 341, 337, 339, 335, 
2829510, 348, 339, 340, 335, 
2829543, 352, 338, 339, 336, 
2829575, 350, 339, 339, 334, 
2829607, 349, 339, 339, 336, 
2829639, 347, 337, 340, 334, 
2829672, 346, 337, 340, 337, 
2829704, 345, 337, 340, 336, 
2829736, 344, 337, 340, 336, 
2829768, 342, 336, 340, 336, 
2829801, 341, 337, 340, 334, 
2829833, 339, 338, 338, 337, 
2829865, 337, 337, 339, 336, 
2829897, 336, 339, 339, 335, 
2829930, 337, 337, 340, 335, 
2829962, 338, 337, 340, 337, 
2829995, 338, 338, 340, 334, 
2830026, 336, 337, 341, 337, 
2830059, 339, 338, 342, 337, 
2830091, 342, 337, 340, 337, 
2830124, 344, 337, 340, 336, 
2830155, 345, 338, 340, 335, 
2830188, 344, 338, 340, 336, 
2830220, 339, 335, 341, 335, 
2830253, 327, 341, 336, 334, 
2830284, 336, 337, 339, 335, 
2830317, 337, 337, 340, 337, 
2830349, 335, 335, 340, 336, 
2830382, 334, 336, 341, 335, 
2830413, 331, 335, 341, 336, 
2830445, 327, 336, 341, 335, 
2830478, 324, 336, 340, 335, 
2830510, 322, 336, 339, 336, 
2830542, 329, 337, 340, 337, 
2830574, 338, 339, 341, 335, 
2830607, 344, 339, 341, 337, 
2830639, 346, 339, 341, 336, 
2830671, 347, 338, 341, 337, 
2830703, 346, 338, 340, 338, 
2830736, 346, 339, 341, 335, 
2830768, 346, 338, 341, 336, 
2830800, 347, 337, 341, 336, 
2830832, 346, 338, 340, 336, 
2830865, 344, 337, 339, 336, 
2830897, 342, 337, 340, 337, 
2830929, 342, 338, 340, 334, 
2830961, 340, 338, 340, 336, 
2830994, 338, 337, 339, 336, 
2831026, 336, 337, 340, 335, 
2831058, 335, 337, 340, 337, 
2831090, 332, 338, 339, 336, 
2831123, 328, 338, 340, 334, 
2831155, 327, 338, 339, 336, 
2831187, 329, 337, 339, 335, 
2831219, 329, 337, 339, 334, 
2831252, 314, 335, 336, 333, 
2831284, 320, 340, 337, 331, 
2831316, 325, 337, 339, 334, 
2831348, 325, 335, 339, 334, 
2831381, 323, 336, 340, 335, 
2831413, 321, 336, 340, 336, 
2831446, 320, 336, 340, 336, 
2831477, 315, 335, 339, 336, 
2831509, 311, 336, 339, 334, 
2831542, 314, 338, 339, 335, 
2831574, 324, 339, 339, 337, 
2831606, 332, 338, 341, 333, 
2831638, 338, 338, 341, 337, 
2831671, 339, 338, 340, 334, 
2831703, 339, 338, 340, 336, 
2831735, 336, 337, 340, 336, 
2831767, 335, 338, 340, 335, 
2831800, 334, 337, 341, 337, 
2831832, 334, 338, 340, 335, 
2831864, 335, 338, 340, 336, 
2831896, 334, 338, 340, 336, 
2831929, 333, 338, 340, 336, 
2831961, 332, 338, 339, 336, 
2831993, 332, 338, 341, 335, 
2832025, 332, 337, 340, 336, 
2832058, 331, 337, 339, 336, 
2832090, 331, 336, 340, 336, 
2832122, 332, 337, 340, 335, 
2832154, 332, 337, 341, 336, 
2832187, 331, 338, 339, 335, 
2832219, 331, 338, 340, 334, 
2832251, 333, 337, 340, 337, 
2832283, 335, 337, 339, 335, 
2832316, 324, 336, 338, 335, 
2832348, 329, 341, 336, 335, 
2832380, 336, 337, 338, 334, 
2832412, 335, 335, 339, 336, 
2832445, 334, 335, 338, 336, 
2832477, 332, 336, 339, 336, 
2832508, 330, 335, 339, 337, 
2832541, 326, 335, 339, 336, 
2832573, 323, 335, 338, 336, 
2832606, 324, 338, 338, 336, 
2832637, 331, 338, 339, 336, 
2832670, 340, 339, 340, 337, 
2832702, 344, 339, 340, 337, 
2832735, 345, 338, 339, 337, 
2832766, 345, 338, 340, 335, 
2832799, 344, 338, 339, 337, 
2832831, 344, 338, 339, 337, 
2832864, 343, 337, 339, 337, 
2832896, 344, 338, 338, 337, 
2832928, 348, 337, 339, 336, 
2832960, 348, 337, 338, 337, 
2832993, 341, 337, 337, 336, 
2833025, 327, 337, 338, 337, 
2833057, 315, 338, 338, 337, 
2833089, 309, 337, 337, 337, 
2833122, 310, 337, 336, 338, 
2833154, 311, 337, 337, 337, 
2833186, 315, 337, 337, 339, 
2833218, 321, 338, 336, 336, 
2833251, 329, 337, 337, 337, 
2833283, 331, 335, 337, 337, 
2833315, 324, 341, 334, 334, 
2833347, 336, 336, 336, 337, 
2833380, 341, 336, 337, 336, 
2833412, 343, 336, 338, 336, 
2833444, 344, 337, 337, 338, 
2833476, 344, 336, 339, 336, 
2833509, 341, 335, 337, 337, 
2833541, 338, 336, 337, 337, 
2833572, 336, 336, 337, 336, 
2833605, 341, 338, 337, 336, 
2833637, 350, 338, 338, 335, 
2833670, 354, 339, 338, 337, 
2833701, 357, 338, 339, 337, 
2833734, 358, 338, 339, 337, 
2833766, 357, 339, 337, 337, 
2833799, 357, 338, 339, 337, 
2833830, 357, 337, 338, 338, 
2833863, 356, 338, 338, 337, 
2833895, 355, 338, 335, 339, 
2833928, 353, 337, 337, 337, 
2833959, 354, 337, 338, 336, 
2833992, 354, 337, 336, 337, 
2834024, 353, 337, 335, 336, 
2834057, 354, 338, 337, 336, 
2834088, 354, 338, 336, 337, 
2834121, 356, 337, 335, 337, 
2834153, 356, 337, 335, 337, 
2834186, 353, 339, 334, 337, 
2834217, 353, 339, 335, 338, 
2834250, 351, 338, 338, 337, 
2834282, 350, 337, 335, 338, 
2834315, 335, 340, 336, 333, 
2834347, 342, 340, 337, 333, 
2834379, 341, 338, 350, 335, 
2834411, 341, 338, 338, 334, 
2834444, 332, 336, 342, 335, 
2834476, 332, 337, 341, 334, 
2834508, 331, 337, 347, 335, 
2834540, 318, 335, 338, 333, 
2834572, 321, 337, 346, 334, 
2834605, 318, 336, 343, 333, 
2834636, 326, 336, 342, 333, 
2834669, 331, 336, 344, 333, 
2834701, 336, 337, 341, 333, 
2834734, 336, 336, 344, 332, 
2834765, 337, 334, 331, 334, 
2834798, 333, 334, 345, 334, 
2834830, 341, 336, 337, 335, 
2834863, 343, 336, 342, 336, 
2834894, 340, 334, 343, 335, 
2834927, 347, 335, 342, 336, 
2834959, 338, 334, 341, 335, 
2834992, 341, 335, 341, 336, 
2835023, 331, 333, 341, 335, 
2835056, 338, 337, 342, 335, 
2835088, 334, 335, 341, 334, 
2835121, 338, 337, 340, 333, 
2835152, 337, 337, 340, 335, 
2835185, 340, 336, 340, 334, 
2835217, 338, 339, 341, 335, 
2835250, 337, 338, 341, 335, 
2835281, 338, 338, 338, 335, 
2835314, 339, 337, 341, 335, 
2835346, 337, 333, 339, 335, 
2835379, 327, 340, 335, 332, 
2835410, 339, 336, 337, 335, 
2835443, 342, 335, 336, 336, 
2835475, 344, 334, 335, 337, 
2835508, 344, 333, 335, 338, 
2835539, 342, 332, 334, 341, 
2835572, 341, 332, 333, 343, 
2835604, 339, 332, 334, 343, 
2835636, 337, 334, 333, 345, 
2835668, 342, 336, 333, 345, 
2835700, 346, 338, 334, 345, 
2835733, 345, 338, 329, 346, 
2835765, 342, 335, 328, 345, 
2835798, 346, 340, 336, 345, 
2835829, 346, 341, 336, 344, 
2835862, 349, 342, 343, 343, 
2835894, 349, 342, 342, 341, 
2835927, 345, 341, 339, 340, 
2835958, 340, 339, 340, 337, 
2835991, 337, 339, 339, 337, 
2836023, 337, 338, 339, 335, 
2836056, 337, 338, 341, 335, 
2836087, 336, 338, 339, 335, 
2836120, 338, 337, 339, 335, 
2836152, 336, 337, 341, 336, 
2836185, 336, 336, 340, 338, 
2836216, 335, 335, 338, 338, 
2836249, 334, 335, 337, 339, 
2836281, 334, 334, 338, 338, 
2836314, 335, 333, 336, 339, 
2836345, 330, 330, 336, 338, 
2836378, 323, 336, 335, 336, 
2836410, 333, 334, 337, 339, 
2836443, 336, 335, 337, 339, 
2836474, 335, 335, 337, 338, 
2836507, 333, 337, 337, 339, 
2836539, 331, 336, 336, 339, 
2836572, 327, 335, 337, 339, 
2836603, 325, 335, 336, 339, 
2836635, 323, 337, 336, 340, 
2836668, 329, 339, 337, 341, 
2836700, 339, 342, 336, 342, 
2836732, 342, 341, 336, 342, 
2836764, 343, 342, 336, 342, 
2836797, 342, 339, 331, 342, 
2836829, 344, 339, 332, 342, 
2836861, 350, 343, 339, 341, 
2836893, 343, 342, 332, 341, 
2836926, 353, 345, 342, 338, 
2836958, 346, 344, 339, 337, 
2836990, 342, 341, 337, 335, 
2837022, 343, 342, 339, 334, 
2837055, 339, 339, 342, 334, 
2837087, 334, 337, 336, 333, 
2837120, 336, 340, 341, 334, 
2837151, 330, 336, 336, 335, 
2837184, 327, 336, 337, 336, 
2837216, 334, 339, 336, 339, 
2837249, 329, 337, 334, 342, 
2837280, 329, 337, 337, 345, 
2837313, 307, 339, 329, 342, 
2837345, 313, 339, 337, 346, 
2837378, 313, 337, 335, 348, 
2837409, 319, 339, 339, 349, 
2837442, 322, 336, 337, 349, 
2837474, 324, 336, 337, 349, 
2837507, 323, 334, 337, 349, 
2837538, 317, 336, 337, 348, 
2837571, 308, 336, 339, 347, 
2837603, 306, 338, 337, 347, 
2837636, 311, 339, 339, 345, 
2837667, 316, 340, 341, 344, 
2837699, 318, 337, 341, 342, 
2837732, 324, 338, 341, 340, 
2837764, 325, 338, 341, 337, 
2837796, 325, 338, 340, 336, 
2837828, 323, 336, 339, 335, 
2837861, 331, 336, 340, 335, 
2837893, 334, 337, 338, 334, 
2837925, 348, 337, 341, 334, 
2837957, 346, 335, 338, 334, 
2837990, 361, 338, 336, 334, 
2838022, 358, 336, 339, 334, 
2838054, 363, 337, 337, 334, 
2838086, 358, 335, 338, 334, 
2838119, 358, 337, 338, 335, 
2838151, 350, 335, 337, 336, 
2838183, 351, 337, 336, 336, 
2838215, 347, 335, 337, 337, 
2838248, 326, 333, 331, 333, 
2838280, 328, 336, 334, 335, 
2838312, 329, 334, 338, 338, 
2838344, 329, 334, 334, 339, 
2838377, 326, 333, 338, 338, 
2838409, 324, 335, 336, 338, 
2838441, 322, 334, 337, 337, 
2838473, 315, 333, 336, 336, 
2838506, 313, 333, 337, 336, 
2838538, 313, 335, 336, 337, 
2838571, 326, 337, 337, 335, 
2838602, 330, 339, 337, 335, 
2838635, 326, 337, 339, 334, 
2838667, 289, 338, 337, 334, 
2838699, 258, 339, 339, 334, 
2838731, 244, 339, 338, 334, 
2838763, 237, 336, 336, 333, 
2838796, 251, 340, 340, 333, 
2838828, 257, 335, 337, 334, 
2838860, 275, 339, 337, 334, 
2838892, 287, 338, 337, 335, 
2838925, 296, 338, 336, 333, 
2838957, 306, 337, 339, 333, 
2838989, 310, 336, 337, 334, 
2839021, 319, 340, 338, 334, 
2839054, 319, 336, 338, 334, 
2839086, 328, 340, 338, 335, 
2839118, 310, 331, 335, 333, 
2839150, 306, 341, 331, 332, 
2839183, 311, 336, 336, 332, 
2839215, 319, 337, 336, 335, 
2839247, 321, 336, 338, 334, 
2839279, 329, 338, 339, 335, 
2839312, 328, 334, 337, 336, 
2839344, 332, 336, 337, 335, 
2839376, 330, 333, 337, 335, 
2839408, 335, 337, 337, 334, 
2839441, 348, 338, 337, 335, 
2839473, 356, 341, 337, 335, 
2839505, 365, 338, 338, 335, 
2839537, 368, 340, 339, 335, 
2839570, 372, 340, 339, 336, 
2839602, 368, 338, 337, 336, 
2839634, 368, 339, 339, 336, 
2839666, 367, 339, 338, 336, 
2839699, 367, 339, 337, 337, 
2839731, 365, 338, 337, 335, 
2839762, 359, 336, 337, 335, 
2839795, 360, 339, 338, 336, 
2839827, 356, 338, 336, 336, 
2839860, 352, 336, 338, 336, 
2839891, 350, 337, 337, 337, 
2839924, 350, 338, 339, 336, 
2839956, 351, 338, 337, 337, 
2839989, 348, 333, 336, 337, 
2840020, 336, 342, 333, 331, 
2840053, 343, 337, 337, 335, 
2840085, 349, 337, 337, 337, 
2840118, 349, 336, 336, 337, 
2840150, 351, 337, 340, 337, 
2840182, 345, 334, 338, 337, 
2840214, 343, 333, 336, 336, 
2840247, 340, 335, 338, 337, 
2840279, 338, 339, 337, 336, 
2840311, 344, 340, 336, 337, 
2840343, 352, 340, 338, 337, 
2840376, 359, 341, 340, 337, 
2840408, 359, 340, 338, 338, 
2840440, 363, 341, 340, 337, 
2840472, 359, 340, 338, 336, 
2840505, 358, 338, 337, 337, 
2840537, 357, 336, 337, 336, 
2840569, 355, 336, 337, 337, 
2840601, 354, 336, 338, 337, 
2840634, 351, 335, 339, 337, 
2840666, 351, 337, 337, 338, 
2840698, 346, 336, 337, 336, 
2840730, 344, 338, 338, 337, 
2840762, 342, 336, 336, 337, 
2840795, 346, 338, 338, 337, 
2840826, 343, 337, 337, 337, 
2840859, 331, 341, 332, 332, 
2840891, 337, 336, 338, 337, 
2840924, 345, 337, 337, 337, 
2840955, 339, 333, 337, 336, 
2840988, 344, 337, 339, 338, 
2841020, 341, 334, 337, 338, 
2841053, 337, 334, 338, 337, 
2841084, 330, 328, 335, 336, 
2841117, 317, 334, 337, 335, 
2841149, 307, 336, 338, 336, 
2841182, 300, 339, 337, 337, 
2841213, 299, 340, 338, 337, 
2841246, 298, 338, 335, 338, 
2841278, 302, 339, 339, 339, 
2841311, 304, 339, 336, 339, 
2841342, 316, 340, 341, 339, 
2841375, 324, 338, 339, 339, 
2841407, 336, 341, 339, 338, 
2841440, 336, 335, 340, 337, 
2841472, 342, 339, 336, 338, 
2841504, 342, 337, 340, 338, 
2841536, 338, 338, 336, 337, 
2841569, 337, 336, 337, 338, 
2841601, 342, 341, 339, 338, 
2841633, 350, 337, 336, 338, 
2841665, 340, 333, 336, 336, 
2841698, 335, 340, 330, 332, 
2841730, 344, 335, 336, 336, 
2841762, 351, 336, 337, 336, 
2841794, 348, 334, 338, 337, 
2841826, 351, 338, 337, 338, 
2841859, 344, 332, 334, 337, 
2841890, 342, 336, 338, 337, 
2841923, 333, 332, 333, 338, 
2841955, 329, 337, 335, 338, 
2841988, 335, 338, 337, 338, 
2842019, 336, 339, 335, 339, 
2842052, 340, 340, 338, 339, 
2842084, 337, 338, 337, 338, 
2842117, 348, 341, 340, 338, 
2842148, 346, 338, 337, 337, 
2842181, 357, 339, 338, 336, 
2842213, 353, 333, 335, 337, 
2842246, 356, 336, 335, 337, 
2842277, 352, 333, 335, 336, 
2842310, 342, 335, 336, 336, 
2842342, 336, 335, 334, 338, 
2842375, 338, 338, 337, 337, 
2842406, 338, 336, 337, 336, 
2842439, 324, 333, 333, 334, 
2842471, 327, 341, 332, 332, 
2842504, 335, 336, 336, 336, 
2842535, 343, 337, 339, 337, 
2842568, 342, 335, 338, 337, 
2842600, 344, 337, 339, 338, 
2842633, 339, 334, 336, 338, 
2842664, 332, 334, 337, 338, 
2842697, 333, 335, 338, 339, 
2842729, 329, 337, 337, 337, 
2842762, 346, 342, 338, 338, 
2842793, 344, 338, 335, 337, 
2842825, 357, 342, 339, 339, 
2842858, 354, 340, 339, 339, 
2842890, 349, 339, 337, 337, 
2842923, 352, 340, 337, 338, 
2842954, 347, 336, 338, 338, 
2842987, 353, 341, 337, 338, 
2843019, 348, 337, 338, 337, 
2843052, 350, 342, 339, 337, 
2843083, 344, 339, 336, 337, 
2843116, 346, 342, 338, 337, 
2843148, 343, 339, 336, 337, 
2843181, 338, 337, 335, 336, 
2843212, 326, 345, 332, 331, 
2843245, 340, 339, 337, 336, 
2843277, 348, 339, 339, 337, 
2843310, 343, 338, 337, 338, 
2843341, 347, 339, 339, 338, 
2843374, 341, 336, 336, 338, 
2843406, 339, 336, 337, 337, 
2843439, 329, 333, 338, 337, 
2843470, 334, 338, 336, 337, 
2843503, 343, 340, 336, 336, 
2843535, 351, 341, 340, 338, 
2843568, 359, 340, 336, 338, 
2843599, 357, 340, 339, 337, 
2843632, 361, 341, 338, 338, 
2843664, 356, 341, 337, 338, 
2843697, 355, 338, 339, 338, 
2843728, 352, 339, 339, 338, 
2843761, 353, 339, 337, 338, 
2843793, 346, 337, 337, 337, 
2843826, 346, 339, 339, 337, 
2843857, 343, 339, 335, 337, 
2843889, 348, 341, 339, 337, 
2843922, 345, 335, 336, 336, 
2843954, 326, 342, 332, 329, 
2843986, 336, 340, 335, 333, 
2844018, 343, 340, 340, 335, 
2844051, 344, 338, 334, 335, 
2844083, 345, 339, 339, 336, 
2844115, 345, 338, 338, 336, 
2844147, 340, 337, 337, 337, 
2844180, 340, 339, 338, 337, 
2844212, 337, 338, 335, 338, 
2844244, 344, 340, 340, 340, 
2844276, 356, 342, 338, 340, 
2844309, 365, 342, 339, 342, 
2844341, 366, 343, 338, 343, 
2844374, 367, 340, 337, 343, 
2844405, 363, 342, 335, 344, 
2844438, 364, 340, 334, 343, 
2844470, 361, 339, 339, 344, 
2844503, 359, 339, 333, 343, 
2844534, 354, 339, 334, 340, 
2844567, 353, 338, 336, 340, 
2844599, 357, 340, 338, 338, 
2844632, 356, 338, 336, 336, 
2844663, 360, 337, 338, 335, 
2844696, 345, 339, 333, 330, 
2844728, 352, 338, 337, 333, 
2844761, 357, 336, 340, 333, 
2844792, 352, 335, 339, 333, 
2844825, 349, 336, 340, 334, 
2844857, 344, 335, 340, 334, 
2844889, 337, 333, 339, 334, 
2844921, 332, 332, 338, 333, 
2844953, 327, 334, 338, 332, 
2844986, 333, 335, 340, 333, 
2845018, 340, 337, 340, 333, 
2845050, 344, 338, 340, 334, 
2845082, 344, 338, 338, 334, 
2845115, 343, 337, 339, 335, 
2845147, 340, 336, 339, 335, 
2845179, 337, 338, 340, 336, 
2845211, 334, 336, 332, 336, 
2845244, 338, 337, 336, 336, 
2845276, 352, 337, 333, 335, 
2845308, 360, 336, 332, 337, 
2845340, 365, 338, 340, 337, 
2845373, 361, 337, 337, 336, 
2845405, 364, 337, 340, 337, 
2845437, 356, 334, 334, 334, 
2845469, 347, 340, 334, 332, 
2845502, 355, 336, 335, 335, 
2845534, 355, 335, 335, 336, 
2845566, 354, 334, 336, 338, 
2845598, 350, 333, 335, 338, 
2845631, 345, 335, 339, 338, 
2845663, 337, 332, 333, 338, 
2845696, 335, 333, 337, 338, 
2845727, 335, 336, 339, 339, 
2845760, 342, 337, 336, 340, 
2845792, 354, 338, 339, 341, 
2845825, 354, 337, 332, 341, 
2845856, 359, 340, 341, 340, 
2845889, 352, 338, 334, 341, 
2845921, 349, 341, 341, 339, 
2845953, 347, 341, 339, 340, 
2845985, 341, 341, 342, 339, 
2846017, 334, 339, 338, 339, 
2846050, 329, 337, 340, 337, 
2846082, 326, 337, 339, 337, 
2846114, 324, 336, 338, 336, 
2846146, 324, 337, 340, 336, 
2846179, 328, 336, 337, 337, 
2846211, 334, 337, 339, 336, 
2846243, 322, 337, 336, 333, 
2846275, 327, 338, 336, 335, 
2846308, 332, 335, 338, 338, 
2846340, 330, 335, 339, 338, 
2846372, 329, 334, 338, 339, 
2846404, 326, 334, 338, 338, 
2846437, 323, 332, 338, 337, 
2846469, 321, 332, 338, 336, 
2846501, 320, 333, 337, 336, 
2846533, 324, 335, 338, 337, 
2846566, 332, 336, 337, 338, 
2846598, 338, 337, 338, 339, 
2846630, 340, 337, 337, 339, 
2846662, 339, 337, 338, 340, 
2846695, 338, 337, 338, 339, 
2846727, 337, 337, 337, 341, 
2846759, 335, 336, 337, 340, 
2846791, 332, 337, 338, 341, 
2846824, 331, 336, 335, 341, 
2846856, 328, 336, 336, 340, 
2846888, 329, 337, 337, 340, 
2846920, 326, 337, 336, 339, 
2846952, 322, 336, 333, 339, 
2846985, 317, 334, 333, 338, 
2847016, 319, 336, 335, 339, 
2847049, 326, 337, 340, 339, 
2847081, 321, 333, 336, 339, 
2847114, 308, 340, 336, 334, 
2847145, 320, 339, 336, 337, 
2847178, 324, 337, 336, 337, 
2847210, 320, 335, 338, 338, 
2847243, 323, 336, 337, 339, 
2847275, 323, 336, 342, 339, 
2847307, 321, 335, 336, 340, 
2847339, 319, 336, 338, 341, 
2847372, 319, 334, 336, 341, 
2847404, 327, 336, 344, 342, 
2847436, 335, 337, 339, 344, 
2847468, 341, 338, 340, 345, 
2847501, 345, 336, 339, 346, 
2847533, 347, 337, 340, 345, 
2847565, 346, 336, 341, 344, 
2847597, 345, 336, 339, 341, 
2847630, 344, 336, 340, 339, 
2847662, 345, 337, 341, 337, 
2847694, 345, 337, 341, 335, 
2847726, 346, 337, 341, 334, 
2847759, 345, 337, 341, 332, 
2847791, 342, 337, 342, 331, 
2847823, 342, 337, 341, 332, 
2847855, 341, 336, 341, 331, 
2847888, 340, 336, 341, 331, 
2847920, 329, 332, 337, 330, 
2847952, 328, 338, 337, 329, 
2847984, 334, 335, 339, 331, 
2848016, 334, 334, 339, 333, 
2848049, 331, 335, 338, 332, 
2848080, 329, 334, 336, 334, 
2848113, 323, 332, 336, 334, 
2848145, 317, 333, 336, 334, 
2848178, 311, 335, 335, 335, 
2848209, 314, 338, 333, 335, 
2848242, 324, 341, 334, 336, 
2848274, 334, 341, 335, 337, 
2848307, 341, 341, 335, 337, 
2848338, 344, 341, 334, 336, 
2848371, 345, 339, 335, 336, 
2848403, 345, 339, 337, 336, 
2848436, 346, 338, 337, 336, 
2848467, 347, 338, 338, 337, 
2848500, 346, 338, 337, 336, 
2848532, 346, 337, 336, 336, 
2848565, 344, 337, 338, 336, 
2848596, 341, 337, 337, 337, 
2848629, 338, 337, 337, 337, 
2848661, 335, 336, 337, 337, 
2848694, 332, 336, 337, 337, 
2848726, 330, 337, 336, 336, 
2848758, 329, 337, 337, 337, 
2848790, 330, 337, 337, 337, 
2848823, 331, 336, 338, 337, 
2848855, 322, 334, 335, 335, 
2848887, 325, 339, 335, 335, 
2848919, 330, 336, 338, 337, 
2848952, 331, 336, 338, 338, 
2848984, 329, 336, 338, 338, 
2849015, 328, 335, 338, 339, 
2849048, 325, 335, 339, 338, 
2849080, 322, 334, 337, 338, 
2849113, 320, 334, 337, 338, 
2849144, 322, 337, 338, 338, 
2849177, 329, 338, 339, 338, 
2849209, 336, 340, 339, 339, 
2849242, 338, 340, 338, 337, 
2849273, 339, 340, 339, 338, 
2849306, 338, 339, 338, 338, 
2849338, 337, 339, 338, 338, 
2849371, 335, 339, 338, 338, 
2849402, 334, 338, 338, 338, 
2849435, 332, 339, 337, 338, 
2849467, 332, 339, 339, 338, 
2849500, 332, 338, 338, 338, 
2849531, 333, 338, 337, 339, 
2849564, 333, 338, 338, 338, 
2849596, 333, 337, 337, 338, 
2849629, 332, 338, 336, 337, 
2849660, 333, 338, 338, 338, 
2849693, 333, 338, 338, 339, 
2849725, 331, 335, 337, 339, 
2849758, 318, 340, 333, 335, 
2849789, 329, 337, 337, 337, 
2849822, 332, 336, 337, 337, 
2849854, 332, 336, 337, 339, 
2849887, 331, 336, 338, 338, 
2849918, 329, 336, 337, 338, 
2849951, 327, 335, 337, 337, 
2849983, 324, 335, 338, 337, 
2850016, 323, 336, 337, 337, 
2850048, 329, 338, 338, 338, 
2850079, 337, 340, 338, 337, 
2850112, 343, 340, 338, 337, 
2850144, 345, 341, 338, 339, 
2850177, 346, 339, 338, 338, 
2850208, 345, 339, 338, 338, 
2850241, 344, 340, 339, 338, 
2850273, 342, 339, 338, 338, 
2850306, 342, 339, 341, 338, 
2850337, 340, 339, 337, 338, 
2850370, 340, 337, 339, 338, 
2850402, 339, 337, 339, 338, 
2850435, 337, 337, 338, 337, 
2850466, 337, 337, 338, 338, 
2850499, 336, 337, 338, 337, 
2850531, 335, 338, 337, 337, 
2850564, 333, 337, 337, 338, 
2850595, 335, 338, 337, 338, 
2850628, 336, 337, 338, 337, 
2850660, 330, 332, 338, 337, 
2850693, 322, 340, 333, 334, 
2850724, 333, 337, 338, 337, 
2850757, 335, 336, 339, 338, 
2850789, 335, 336, 337, 338, 
2850822, 334, 336, 338, 339, 
2850853, 332, 336, 335, 339, 
2850886, 327, 334, 339, 338, 
2850918, 324, 335, 339, 337, 
2850951, 323, 336, 337, 337, 
2850982, 329, 338, 338, 338, 
2851015, 339, 339, 338, 338, 
2851047, 345, 339, 340, 338, 
2851079, 348, 339, 338, 338, 
2851111, 349, 339, 338, 339, 
2851143, 348, 338, 339, 338, 
2851176, 346, 338, 339, 340, 
2851208, 345, 338, 338, 338, 
2851240, 343, 338, 339, 338, 
2851272, 342, 338, 339, 338, 
2851305, 341, 337, 338, 339, 
2851337, 340, 338, 338, 338, 
2851369, 338, 337, 339, 338, 
2851401, 338, 338, 340, 337, 
2851434, 336, 337, 339, 337, 
2851466, 334, 338, 338, 337, 
2851499, 333, 338, 338, 338, 
2851530, 336, 337, 338, 338, 
2851563, 335, 337, 337, 337, 
2851595, 333, 333, 336, 337, 
2851628, 323, 339, 334, 335, 
2851659, 333, 337, 338, 337, 
2851692, 336, 335, 338, 338, 
2851724, 335, 336, 339, 338, 
2851757, 334, 335, 339, 337, 
2851788, 331, 335, 339, 338, 
2851821, 330, 334, 338, 336, 
2851853, 326, 334, 338, 336, 
2851886, 326, 335, 338, 336, 
2851917, 332, 338, 338, 337, 
2851950, 339, 339, 337, 337, 
2851982, 345, 340, 339, 337, 
2852015, 346, 339, 339, 338, 
2852046, 345, 339, 339, 337, 
2852079, 344, 339, 336, 337, 
2852111, 342, 340, 339, 339, 
2852143, 341, 339, 338, 338, 
2852175, 340, 339, 338, 339, 
2852207, 339, 338, 337, 337, 
2852240, 339, 338, 337, 337, 
2852272, 338, 337, 338, 337, 
2852304, 337, 339, 337, 338, 
2852336, 335, 337, 337, 336, 
2852369, 334, 337, 336, 336, 
2852401, 334, 337, 336, 336, 
2852433, 336, 337, 335, 336, 
2852465, 336, 335, 336, 337, 
2852498, 322, 338, 333, 333, 
2852530, 330, 339, 334, 335, 
2852562, 333, 336, 336, 336, 
2852594, 335, 335, 337, 337, 
2852627, 334, 336, 337, 337, 
2852659, 332, 335, 338, 338, 
