25440, 334, 338, 340, 339, 
1025473, ??b???b???b???bj
1025505, 337, 338, 339, 337, 
1025537, 336, 335, 339, 336, 
1025569, 312, 337, 337, 337, 
1025601, 331, 339, 338, 339, 
1025634, 336, 338, 340, 339, 
1025666, 336, 335, 340, 338, 
1025698, 335, 335, 339, 337, 
1025730, 334, 334, 339, 335, 
1025763, 328, 332, 339, 337, 
1025795, 322, 330, 339, 337, 
1025827, 321, 331, 339, 338, 
1025859, 330, 336, 339, 335, 
1025892, 341, 340, 339, 336, 
1025924, 348, 342, 340, 337, 
1025956, 350, 343, 340, 338, 
1025988, 349, 342, 339, 337, 
1026021, 347, 341, 339, 337, 
1026053, 346, 341, 338, 336, 
1026085, 344, 339, 338, 336, 
1026117, 343, 339, 339, 338, 
1026150, 342, 339, 338, 337, 
1026182, 341, 339, 338, 338, 
1026214, 339, 339, 337, 336, 
1026246, 336, 339, 339, 337, 
1026279, 335, 338, 337, 337, 
1026311, 337, 340, 338, 337, 
1026343, 338, 338, 339, 340, 
1026375, 317, 332, 337, 336, 
1026408, 331, 339, 337, 336, 
1026440, 336, 337, 338, 339, 
1026472, 337, 335, 338, 339, 
1026504, 336, 335, 338, 340, 
1026536, 334, 334, 338, 340, 
1026569, 329, 332, 338, 339, 
1026600, 324, 331, 338, 338, 
1026633, 321, 330, 338, 340, 
1026665, 329, 335, 338, 339, 
1026698, 339, 340, 338, 339, 
1026729, 347, 343, 339, 341, 
1026762, 350, 343, 339, 341, 
1026794, 349, 344, 339, 340, 
1026827, 347, 342, 338, 340, 
1026859, 346, 342, 338, 341, 
1026891, 344, 340, 339, 340, 
1026923, 343, 340, 338, 339, 
1026956, 341, 340, 339, 339, 
1026988, 340, 340, 338, 339, 
1027020, 339, 340, 339, 338, 
1027052, 337, 339, 338, 338, 
1027085, 335, 338, 338, 338, 
1027117, 338, 337, 338, 339, 
1027149, 339, 337, 338, 338, 
1027181, 327, 329, 338, 338, 
1027214, 326, 340, 336, 336, 
1027246, 336, 336, 337, 337, 
1027278, 337, 334, 338, 337, 
1027310, 336, 335, 339, 338, 
1027343, 335, 334, 338, 336, 
1027375, 332, 333, 338, 335, 
1027407, 327, 331, 339, 335, 
1027439, 322, 331, 338, 337, 
1027472, 326, 334, 338, 337, 
1027504, 336, 338, 338, 337, 
1027536, 346, 342, 338, 339, 
1027568, 349, 344, 338, 338, 
1027600, 348, 343, 338, 337, 
1027633, 346, 343, 339, 339, 
1027664, 345, 341, 338, 337, 
1027697, 344, 339, 338, 340, 
1027729, 342, 340, 338, 341, 
1027762, 342, 338, 338, 339, 
1027793, 339, 338, 338, 340, 
1027826, 339, 339, 338, 339, 
1027858, 338, 339, 339, 339, 
1027891, 338, 338, 337, 338, 
1027922, 334, 339, 337, 338, 
1027955, 337, 337, 338, 338, 
1027987, 339, 337, 338, 339, 
1028020, 332, 332, 337, 338, 
1028051, 320, 340, 336, 336, 
1028084, 336, 338, 337, 337, 
1028116, 338, 335, 338, 338, 
1028149, 336, 334, 338, 338, 
1028180, 335, 334, 338, 339, 
1028213, 332, 333, 338, 339, 
1028245, 328, 332, 338, 338, 
1028278, 323, 330, 337, 339, 
1028310, 326, 333, 337, 338, 
1028342, 335, 338, 338, 339, 
1028374, 345, 342, 338, 340, 
1028407, 348, 342, 338, 340, 
1028439, 349, 342, 338, 341, 
1028471, 348, 342, 338, 340, 
1028503, 347, 341, 338, 338, 
1028536, 345, 341, 338, 341, 
1028568, 344, 340, 338, 338, 
1028599, 343, 340, 339, 340, 
1028632, 341, 339, 339, 340, 
1028664, 339, 338, 338, 339, 
1028697, 338, 338, 338, 338, 
1028728, 338, 337, 338, 338, 
1028761, 336, 337, 337, 336, 
1028793, 334, 338, 337, 337, 
1028826, 336, 337, 337, 337, 
1028857, 338, 338, 338, 338, 
1028890, 326, 330, 337, 337, 
1028922, 324, 340, 336, 335, 
1028955, 336, 337, 337, 337, 
1028986, 337, 336, 338, 340, 
1029019, 338, 335, 338, 339, 
1029051, 334, 335, 339, 340, 
1029084, 332, 332, 338, 338, 
1029115, 327, 332, 337, 338, 
1029148, 323, 331, 337, 338, 
1029180, 324, 334, 337, 338, 
1029213, 337, 340, 338, 339, 
1029244, 345, 343, 338, 338, 
1029277, 348, 343, 339, 338, 
1029309, 349, 343, 339, 337, 
1029342, 347, 342, 340, 339, 
1029373, 345, 342, 339, 340, 
1029406, 343, 341, 339, 339, 
1029438, 342, 340, 339, 339, 
1029471, 342, 337, 339, 338, 
1029502, 340, 339, 339, 339, 
1029535, 339, 337, 338, 339, 
1029567, 339, 337, 338, 339, 
1029600, 337, 337, 339, 339, 
1029632, 337, 337, 338, 339, 
1029663, 335, 337, 338, 338, 
1029696, 334, 336, 338, 340, 
1029728, 336, 335, 339, 342, 
1029761, 338, 335, 339, 342, 
1029792, 322, 328, 337, 344, 
1029825, 327, 339, 335, 342, 
1029857, 335, 335, 338, 345, 
1029890, 337, 335, 337, 346, 
1029921, 337, 334, 338, 346, 
1029954, 334, 334, 338, 346, 
1029986, 332, 333, 337, 346, 
1030019, 327, 331, 337, 346, 
1030050, 323, 332, 337, 344, 
1030083, 327, 335, 337, 343, 
1030115, 336, 339, 338, 342, 
1030148, 345, 343, 338, 342, 
1030179, 348, 343, 337, 342, 
1030212, 348, 343, 338, 341, 
1030244, 346, 342, 338, 341, 
1030277, 345, 341, 338, 341, 
1030308, 343, 341, 338, 340, 
1030341, 342, 341, 339, 339, 
1030373, 341, 340, 338, 339, 
1030406, 340, 339, 338, 338, 
1030437, 340, 340, 338, 339, 
1030470, 339, 340, 337, 338, 
1030502, 338, 340, 338, 337, 
1030535, 338, 338, 338, 337, 
1030566, 338, 339, 338, 337, 
1030599, 336, 338, 338, 337, 
1030631, 334, 338, 339, 336, 
1030663, 335, 338, 338, 337, 
1030695, 337, 339, 338, 337, 
1030727, 331, 332, 338, 338, 
1030760, 320, 342, 336, 334, 
1030792, 334, 338, 337, 336, 
1030824, 336, 335, 338, 335, 
1030856, 336, 335, 338, 337, 
1030889, 334, 334, 338, 337, 
1030921, 332, 333, 338, 337, 
1030953, 328, 332, 337, 337, 
1030985, 324, 331, 339, 337, 
1031018, 325, 333, 338, 336, 
1031050, 334, 339, 338, 336, 
1031083, 343, 341, 339, 337, 
1031114, 348, 343, 339, 337, 
1031147, 349, 342, 339, 336, 
1031179, 347, 342, 339, 336, 
1031212, 346, 341, 339, 337, 
1031243, 345, 341, 339, 337, 
1031276, 343, 340, 338, 338, 
1031308, 342, 339, 339, 337, 
1031341, 340, 339, 339, 335, 
1031372, 340, 338, 338, 336, 
1031405, 339, 338, 339, 335, 
1031437, 338, 338, 339, 337, 
1031470, 338, 338, 338, 336, 
1031501, 338, 338, 339, 336, 
1031534, 336, 339, 338, 336, 
1031566, 335, 338, 338, 335, 
1031599, 333, 338, 338, 334, 
1031630, 336, 338, 338, 334, 
1031663, 337, 337, 338, 335, 
1031695, 321, 330, 337, 334, 
1031727, 328, 340, 336, 333, 
1031759, 335, 337, 337, 334, 
1031791, 337, 336, 338, 336, 
1031824, 336, 334, 338, 336, 
1031856, 334, 334, 340, 336, 
1031888, 331, 333, 337, 336, 
1031920, 326, 331, 337, 335, 
1031953, 323, 330, 338, 335, 
1031985, 327, 334, 338, 336, 
1032017, 337, 339, 339, 337, 
1032049, 347, 341, 339, 336, 
1032082, 349, 342, 339, 337, 
1032114, 348, 342, 339, 338, 
1032146, 347, 341, 340, 338, 
1032178, 346, 341, 339, 337, 
1032211, 344, 340, 339, 336, 
1032243, 342, 338, 339, 337, 
1032275, 341, 339, 339, 337, 
1032307, 340, 339, 339, 338, 
1032340, 340, 339, 339, 337, 
1032372, 339, 338, 338, 338, 
1032404, 339, 338, 338, 337, 
1032436, 337, 336, 338, 337, 
1032469, 338, 338, 338, 338, 
1032501, 335, 338, 337, 337, 
1032534, 333, 338, 337, 337, 
1032565, 335, 337, 338, 337, 
1032598, 337, 338, 338, 337, 
1032630, 329, 331, 338, 337, 
1032663, 322, 339, 336, 334, 
1032694, 334, 337, 337, 336, 
1032726, 337, 335, 337, 338, 
1032759, 336, 335, 338, 338, 
1032791, 334, 334, 338, 338, 
1032823, 331, 333, 338, 338, 
1032855, 325, 331, 339, 337, 
1032888, 323, 331, 338, 337, 
1032920, 325, 333, 338, 337, 
1032952, 336, 338, 338, 337, 
1032984, 344, 341, 338, 339, 
1033017, 347, 342, 339, 337, 
1033049, 349, 342, 339, 338, 
1033081, 347, 342, 338, 338, 
1033113, 346, 341, 338, 338, 
1033146, 345, 341, 339, 338, 
1033178, 344, 340, 338, 338, 
1033210, 342, 339, 339, 338, 
1033242, 341, 339, 338, 338, 
1033275, 339, 338, 338, 338, 
1033307, 340, 338, 339, 338, 
1033339, 338, 338, 338, 338, 
1033371, 337, 337, 339, 338, 
1033404, 336, 338, 337, 337, 
1033436, 334, 337, 338, 337, 
1033468, 336, 337, 338, 337, 
1033500, 338, 337, 338, 337, 
1033533, 323, 330, 337, 338, 
1033565, 326, 341, 335, 335, 
1033597, 336, 335, 337, 337, 
1033629, 337, 335, 338, 339, 
1033662, 337, 334, 339, 338, 
1033694, 335, 335, 338, 338, 
1033726, 332, 333, 338, 337, 
1033758, 327, 331, 337, 337, 
1033790, 322, 330, 338, 338, 
1033823, 326, 334, 337, 337, 
1033854, 337, 339, 338, 338, 
1033887, 346, 341, 338, 338, 
1033919, 348, 343, 338, 338, 
1033952, 348, 342, 338, 338, 
1033984, 346, 341, 338, 339, 
1034016, 345, 341, 338, 338, 
1034048, 344, 340, 339, 338, 
1034081, 342, 340, 339, 338, 
1034113, 341, 340, 338, 338, 
1034145, 340, 339, 339, 339, 
1034177, 339, 338, 338, 340, 
1034210, 339, 339, 339, 339, 
1034242, 337, 339, 338, 338, 
1034274, 338, 338, 338, 338, 
1034306, 337, 337, 337, 338, 
1034339, 335, 337, 337, 337, 
1034371, 335, 336, 339, 338, 
1034403, 337, 338, 340, 338, 
1034435, 337, 333, 338, 338, 
1034468, 316, 337, 335, 335, 
1034500, 334, 337, 338, 336, 
1034532, 337, 336, 337, 339, 
1034564, 337, 336, 339, 338, 
1034597, 336, 334, 338, 338, 
1034629, 333, 333, 338, 339, 
1034661, 329, 332, 338, 338, 
1034693, 325, 330, 338, 339, 
1034726, 323, 333, 338, 338, 
1034758, 332, 336, 338, 338, 
1034789, 341, 341, 340, 338, 
1034822, 347, 343, 339, 339, 
1034854, 349, 343, 339, 338, 
1034887, 347, 342, 339, 338, 
1034918, 346, 341, 339, 338, 
1034951, 345, 340, 339, 339, 
1034983, 344, 341, 339, 340, 
1035016, 342, 340, 339, 338, 
1035047, 341, 339, 339, 337, 
1035080, 339, 338, 340, 338, 
1035112, 339, 338, 339, 338, 
1035145, 338, 340, 338, 340, 
1035176, 338, 338, 338, 338, 
1035209, 338, 337, 339, 338, 
1035241, 336, 337, 338, 338, 
1035274, 336, 338, 338, 338, 
1035305, 335, 337, 338, 338, 
1035338, 337, 337, 338, 338, 
1035370, 334, 333, 337, 339, 
1035403, 319, 337, 336, 335, 
1035435, 334, 336, 336, 337, 
1035467, 337, 335, 337, 337, 
1035499, 337, 336, 338, 338, 
1035532, 335, 334, 338, 339, 
1035564, 332, 334, 338, 339, 
1035596, 328, 332, 338, 339, 
1035628, 323, 332, 337, 338, 
1035661, 323, 331, 337, 339, 
1035693, 332, 337, 338, 339, 
1035725, 343, 340, 339, 339, 
1035757, 348, 339, 338, 339, 
1035790, 349, 337, 339, 340, 
1035822, 348, 338, 338, 340, 
1035853, 346, 337, 338, 341, 
1035886, 345, 339, 338, 340, 
1035918, 343, 338, 338, 340, 
1035951, 342, 340, 337, 340, 
1035982, 341, 340, 339, 340, 
1036015, 340, 340, 338, 341, 
1036047, 340, 340, 338, 343, 
1036080, 338, 341, 338, 342, 
1036111, 338, 340, 337, 343, 
1036144, 337, 341, 338, 342, 
1036176, 336, 341, 338, 342, 
1036209, 335, 342, 337, 341, 
1036240, 336, 341, 338, 340, 
1036273, 337, 341, 338, 339, 
1036305, 333, 335, 338, 338, 
1036338, 318, 340, 336, 334, 
1036369, 335, 339, 337, 335, 
1036402, 336, 337, 338, 334, 
1036434, 337, 337, 340, 334, 
1036467, 335, 336, 339, 334, 
1036498, 333, 335, 338, 334, 
1036531, 328, 333, 338, 334, 
1036563, 323, 331, 338, 333, 
1036596, 323, 333, 338, 334, 
1036627, 333, 338, 338, 334, 
1036660, 344, 342, 339, 335, 
1036692, 349, 344, 339, 335, 
1036725, 350, 345, 339, 335, 
1036756, 348, 343, 339, 336, 
1036789, 346, 342, 339, 335, 
1036821, 345, 341, 339, 335, 
1036853, 344, 341, 340, 336, 
1036886, 342, 340, 339, 336, 
1036917, 341, 340, 339, 337, 
1036950, 340, 338, 339, 337, 
1036982, 340, 337, 339, 336, 
1037015, 340, 337, 338, 336, 
1037046, 339, 336, 339, 335, 
1037079, 337, 336, 336, 335, 
1037111, 337, 337, 338, 335, 
1037144, 335, 337, 338, 335, 
1037175, 338, 335, 338, 336, 
1037208, 338, 337, 338, 336, 
1037240, 327, 328, 338, 336, 
1037273, 325, 340, 337, 334, 
1037304, 335, 337, 337, 336, 
1037337, 337, 336, 338, 336, 
1037369, 337, 335, 338, 338, 
1037402, 336, 333, 339, 338, 
1037433, 332, 334, 338, 339, 
1037466, 327, 331, 337, 337, 
1037498, 322, 330, 337, 337, 
1037531, 326, 334, 338, 337, 
1037562, 337, 339, 339, 338, 
1037595, 345, 341, 339, 338, 
1037627, 350, 343, 339, 340, 
1037660, 349, 342, 339, 338, 
1037691, 347, 341, 340, 338, 
1037724, 345, 340, 339, 339, 
1037756, 343, 339, 339, 338, 
1037789, 342, 339, 340, 339, 
1037820, 341, 339, 338, 339, 
1037853, 340, 338, 339, 338, 
1037885, 338, 338, 339, 339, 
1037917, 339, 338, 338, 338, 
1037949, 338, 338, 337, 339, 
1037981, 337, 339, 339, 339, 
1038014, 337, 338, 338, 339, 
1038046, 337, 338, 338, 338, 
1038078, 334, 337, 339, 338, 
1038110, 333, 337, 338, 337, 
1038143, 336, 338, 338, 340, 
1038175, 337, 337, 339, 338, 
1038208, 322, 331, 336, 337, 
1038239, 326, 340, 335, 336, 
1038272, 336, 337, 337, 337, 
1038304, 337, 337, 339, 338, 
1038337, 337, 335, 339, 338, 
1038368, 335, 335, 338, 338, 
1038401, 331, 333, 338, 339, 
1038433, 326, 331, 338, 339, 
1038466, 322, 330, 338, 339, 
1038497, 326, 334, 338, 340, 
1038530, 338, 340, 339, 340, 
1038562, 348, 342, 339, 340, 
1038595, 350, 344, 339, 341, 
1038626, 350, 343, 339, 341, 
1038659, 349, 343, 339, 340, 
1038691, 348, 342, 339, 339, 
1038724, 345, 341, 339, 340, 
1038755, 343, 340, 338, 339, 
1038788, 341, 340, 339, 339, 
1038820, 341, 339, 338, 339, 
1038853, 340, 339, 339, 340, 
1038884, 338, 338, 338, 338, 
1038916, 339, 339, 337, 338, 
1038949, 337, 338, 338, 340, 
1038981, 338, 338, 339, 339, 
1039013, 337, 337, 338, 338, 
1039045, 336, 337, 338, 338, 
1039078, 335, 337, 339, 337, 
1039110, 335, 336, 339, 337, 
1039142, 336, 336, 339, 337, 
1039174, 337, 336, 338, 338, 
1039207, 320, 329, 337, 336, 
1039239, 328, 340, 336, 334, 
1039271, 336, 336, 337, 337, 
1039303, 337, 336, 337, 338, 
1039336, 336, 335, 339, 339, 
1039368, 334, 334, 338, 338, 
1039400, 330, 333, 339, 337, 
1039432, 324, 331, 338, 337, 
1039465, 321, 330, 337, 338, 
1039497, 326, 334, 338, 338, 
1039529, 337, 339, 338, 339, 
1039561, 347, 342, 339, 338, 
1039594, 349, 342, 338, 338, 
1039626, 349, 343, 339, 338, 
1039659, 347, 341, 339, 339, 
1039690, 346, 341, 338, 339, 
1039723, 344, 340, 338, 339, 
1039755, 343, 340, 338, 339, 
1039788, 343, 339, 338, 339, 
1039819, 340, 339, 338, 339, 
1039852, 340, 339, 338, 339, 
1039884, 339, 338, 338, 338, 
1039917, 339, 338, 339, 339, 
1039948, 337, 337, 338, 339, 
1039980, 338, 338, 338, 338, 
1040013, 337, 338, 339, 338, 
1040045, 336, 337, 338, 339, 
1040077, 336, 338, 338, 338, 
1040109, 333, 337, 338, 339, 
1040142, 335, 336, 337, 338, 
1040174, 336, 337, 339, 340, 
1040206, 325, 329, 337, 338, 
1040238, 322, 340, 336, 334, 
1040271, 335, 338, 337, 337, 
1040303, 336, 336, 339, 337, 
1040335, 336, 335, 338, 336, 
1040367, 334, 333, 338, 336, 
1040400, 331, 331, 339, 338, 
1040432, 326, 330, 338, 337, 
1040464, 321, 329, 339, 338, 
1040496, 324, 332, 339, 338, 
1040529, 335, 333, 338, 339, 
1040561, 345, 332, 340, 340, 
1040593, 349, 330, 338, 340, 
1040625, 351, 328, 338, 340, 
1040658, 348, 329, 338, 341, 
1040690, 346, 328, 338, 341, 
1040722, 344, 331, 339, 342, 
1040754, 343, 334, 338, 342, 
1040787, 341, 336, 338, 343, 
1040819, 340, 337, 339, 345, 
1040851, 338, 338, 338, 347, 
1040883, 338, 338, 338, 348, 
1040916, 337, 340, 337, 351, 
1040948, 336, 340, 337, 353, 
1040979, 335, 342, 337, 354, 
1041012, 336, 343, 338, 355, 
1041044, 337, 347, 337, 357, 
1041077, 334, 352, 336, 359, 
1041108, 333, 354, 336, 360, 
1041141, 335, 354, 337, 359, 
1041173, 336, 351, 336, 353, 
1041206, 316, 350, 335, 345, 
1041238, 330, 349, 335, 343, 
1041270, 335, 345, 336, 344, 
1041302, 336, 344, 338, 343, 
1041335, 335, 344, 338, 341, 
1041367, 331, 342, 337, 340, 
1041399, 329, 340, 340, 340, 
1041431, 324, 337, 338, 341, 
1041464, 321, 338, 338, 343, 
1041496, 329, 339, 338, 343, 
1041528, 340, 342, 338, 345, 
1041560, 347, 344, 338, 345, 
1041593, 350, 344, 337, 346, 
1041625, 350, 343, 338, 346, 
1041657, 347, 342, 338, 346, 
1041689, 346, 341, 338, 345, 
1041722, 345, 340, 337, 345, 
1041754, 342, 339, 337, 344, 
1041786, 342, 339, 337, 343, 
1041818, 340, 338, 336, 342, 
1041851, 340, 336, 337, 342, 
1041883, 339, 338, 338, 341, 
1041915, 338, 337, 337, 341, 
1041947, 339, 337, 337, 339, 
1041980, 336, 336, 336, 337, 
1042012, 336, 336, 336, 335, 
1042043, 334, 335, 337, 334, 
1042076, 337, 335, 336, 333, 
1042108, 337, 336, 336, 331, 
1042141, 320, 331, 335, 330, 
1042172, 329, 337, 334, 329, 
1042205, 336, 334, 335, 330, 
1042237, 338, 333, 336, 331, 
1042270, 337, 332, 335, 329, 
1042301, 334, 332, 336, 330, 
1042334, 331, 331, 337, 330, 
1042366, 325, 329, 335, 329, 
1042399, 322, 329, 337, 328, 
1042430, 327, 333, 337, 329, 
1042463, 338, 336, 336, 328, 
1042495, 346, 338, 339, 328, 
1042528, 350, 340, 337, 328, 
1042560, 349, 339, 338, 329, 
1042592, 347, 338, 338, 328, 
1042624, 346, 338, 338, 330, 
1042657, 343, 338, 337, 329, 
1042689, 343, 338, 338, 329, 
1042721, 341, 337, 339, 330, 
1042753, 340, 338, 338, 329, 
1042786, 340, 337, 339, 329, 
1042818, 339, 338, 338, 328, 
1042850, 339, 336, 338, 328, 
1042882, 338, 338, 337, 327, 
1042915, 337, 336, 337, 325, 
1042947, 337, 336, 337, 324, 
1042979, 336, 337, 338, 322, 
1043011, 336, 336, 337, 321, 
1043043, 334, 337, 339, 323, 
1043076, 335, 336, 337, 325, 
1043107, 337, 336, 338, 327, 
1043140, 333, 332, 337, 329, 
1043172, 318, 340, 337, 329, 
1043205, 333, 337, 336, 333, 
1043236, 336, 335, 338, 336, 
1043269, 336, 334, 338, 337, 
1043301, 335, 333, 337, 338, 
1043334, 333, 333, 337, 337, 
1043365, 328, 332, 338, 338, 
1043398, 323, 330, 337, 339, 
1043430, 322, 332, 338, 338, 
1043463, 332, 336, 338, 337, 
1043494, 342, 339, 338, 339, 
1043527, 348, 341, 339, 339, 
1043559, 349, 341, 339, 339, 
1043592, 348, 340, 339, 338, 
1043623, 346, 339, 338, 338, 
1043656, 345, 339, 339, 337, 
1043688, 342, 338, 339, 338, 
1043721, 341, 338, 338, 338, 
1043752, 340, 337, 338, 337, 
1043785, 341, 338, 340, 338, 
1043817, 339, 337, 339, 337, 
1043850, 338, 337, 338, 336, 
1043881, 338, 337, 338, 337, 
1043914, 337, 337, 338, 338, 
1043946, 338, 337, 338, 337, 
1043979, 337, 337, 338, 338, 
1044011, 337, 336, 338, 338, 
1044043, 337, 337, 338, 338, 
1044075, 334, 337, 338, 337, 
1044107, 334, 337, 338, 336, 
1044140, 336, 338, 338, 337, 
1044171, 336, 335, 338, 337, 
1044204, 316, 337, 336, 335, 
1044236, 332, 338, 337, 336, 
1044269, 336, 336, 338, 336, 
1044300, 336, 334, 338, 337, 
1044333, 336, 333, 339, 338, 
1044365, 333, 333, 338, 337, 
1044398, 329, 332, 338, 337, 
1044429, 325, 331, 338, 337, 
1044462, 322, 332, 338, 336, 
1044494, 329, 335, 338, 336, 
1044527, 341, 339, 338, 336, 
1044558, 347, 341, 340, 337, 
1044591, 349, 342, 339, 337, 
1044623, 349, 342, 339, 337, 
1044656, 346, 340, 339, 337, 
1044687, 345, 340, 339, 337, 
1044720, 343, 340, 340, 337, 
1044752, 343, 339, 339, 337, 
1044785, 340, 338, 339, 337, 
1044816, 340, 339, 339, 337, 
1044849, 339, 338, 339, 337, 
1044881, 338, 338, 339, 337, 
1044914, 337, 336, 338, 337, 
1044945, 337, 338, 338, 337, 
1044978, 337, 337, 338, 337, 
1045010, 337, 337, 338, 337, 
1045043, 336, 337, 338, 337, 
1045074, 336, 337, 339, 336, 
1045106, 335, 336, 338, 337, 
1045139, 334, 337, 338, 336, 
1045171, 335, 337, 338, 337, 
1045203, 336, 336, 337, 337, 
1045235, 331, 332, 338, 336, 
1045268, 320, 339, 337, 335, 
1045300, 333, 336, 337, 336, 
1045332, 336, 336, 338, 336, 
1045364, 335, 335, 338, 336, 
1045397, 335, 335, 338, 337, 
1045429, 331, 334, 338, 336, 
1045462, 328, 332, 339, 337, 
1045493, 324, 331, 338, 336, 
1045526, 324, 332, 339, 337, 
1045558, 333, 337, 339, 337, 
1045591, 344, 340, 338, 337, 
1045622, 348, 341, 339, 337, 
1045655, 350, 342, 340, 338, 
1045687, 348, 341, 338, 337, 
1045720, 346, 341, 340, 339, 
1045751, 345, 340, 338, 339, 
1045784, 343, 339, 340, 338, 
1045816, 342, 339, 339, 338, 
1045849, 341, 338, 339, 338, 
1045880, 340, 338, 338, 339, 
1045913, 339, 338, 338, 338, 
1045945, 339, 338, 338, 338, 
1045978, 338, 338, 337, 337, 
1046009, 338, 339, 339, 338, 
1046042, 337, 337, 338, 338, 
1046074, 335, 337, 338, 338, 
1046107, 334, 337, 338, 338, 
1046138, 337, 337, 338, 339, 
1046170, 338, 337, 338, 338, 
1046203, 326, 331, 338, 338, 
1046235, 325, 341, 336, 336, 
1046267, 335, 336, 338, 338, 
1046299, 338, 336, 339, 339, 
1046332, 336, 336, 340, 337, 
1046364, 334, 334, 339, 337, 
1046396, 332, 334, 338, 338, 
1046428, 327, 332, 338, 338, 
1046461, 322, 331, 338, 337, 
1046493, 324, 333, 338, 337, 
1046525, 335, 338, 339, 337, 
1046557, 344, 340, 338, 337, 
1046590, 346, 340, 337, 338, 
1046622, 349, 342, 338, 338, 
1046654, 349, 342, 338, 339, 
1046686, 347, 341, 340, 341, 
1046719, 346, 340, 339, 341, 
1046751, 344, 338, 338, 342, 
1046784, 342, 338, 338, 341, 
1046815, 341, 338, 338, 342, 
1046848, 340, 337, 338, 339, 
1046880, 339, 337, 338, 338, 
1046913, 339, 337, 338, 336, 
1046944, 339, 337, 338, 335, 
1046977, 339, 337, 339, 335, 
1047009, 339, 336, 339, 334, 
1047042, 339, 336, 339, 333, 
1047073, 337, 335, 339, 331, 
1047106, 336, 337, 339, 330, 
1047138, 334, 336, 340, 331, 
1047170, 336, 337, 340, 332, 
1047202, 336, 336, 339, 332, 
1047234, 322, 331, 340, 331, 
1047267, 328, 341, 338, 331, 
1047299, 336, 338, 340, 334, 
1047331, 337, 336, 340, 333, 
1047363, 338, 335, 340, 333, 
1047396, 335, 334, 340, 335, 
1047428, 331, 333, 340, 334, 
1047460, 326, 331, 339, 334, 
1047492, 321, 331, 339, 334, 
1047525, 325, 334, 339, 335, 
1047557, 336, 340, 339, 337, 
1047589, 346, 343, 341, 337, 
1047621, 349, 344, 341, 339, 
1047654, 351, 344, 340, 341, 
1047686, 348, 342, 341, 341, 
1047718, 347, 341, 340, 341, 
1047750, 344, 341, 340, 343, 
1047783, 343, 340, 339, 341, 
1047815, 342, 339, 340, 341, 
1047847, 341, 339, 340, 342, 
1047879, 339, 339, 339, 341, 
1047912, 340, 339, 339, 340, 
1047944, 338, 340, 340, 340, 
1047976, 338, 339, 340, 340, 
1048008, 337, 338, 339, 340, 
1048041, 337, 338, 339, 340, 
1048073, 337, 338, 339, 339, 
1048105, 335, 338, 338, 339, 
1048137, 335, 338, 339, 339, 
1048170, 334, 337, 338, 339, 
1048202, 335, 337, 338, 340, 
1048233, 333, 333, 338, 338, 
1048266, 315, 338, 337, 336, 
1048298, 332, 337, 337, 338, 
1048331, 336, 335, 339, 339, 
1048363, 336, 334, 338, 339, 
1048395, 335, 334, 338, 339, 
1048427, 332, 332, 338, 339, 
1048460, 327, 331, 338, 338, 
1048492, 322, 329, 338, 338, 
1048524, 321, 330, 338, 338, 
1048556, 331, 336, 338, 338, 
1048589, 342, 340, 339, 338, 
1048621, 349, 342, 340, 338, 
1048653, 351, 342, 339, 338, 
1048685, 350, 342, 340, 338, 
1048718, 348, 340, 339, 338, 
1048750, 346, 340, 339, 339, 
1048782, 345, 339, 339, 340, 
1048814, 342, 339, 340, 342, 
1048847, 341, 339, 339, 342, 
1048879, 340, 339, 339, 343, 
1048911, 339, 338, 339, 343, 
1048943, 338, 338, 339, 343, 
1048976, 338, 338, 338, 343, 
1049008, 337, 339, 338, 343, 
1049040, 337, 338, 338, 342, 
1049072, 336, 338, 338, 343, 
1049105, 336, 338, 338, 343, 
1049137, 335, 338, 337, 342, 
1049169, 334, 338, 337, 343, 
1049201, 336, 339, 337, 343, 
1049233, 338, 338, 337, 344, 
1049266, 326, 330, 337, 343, 
1049297, 324, 340, 335, 341, 
1049330, 335, 337, 336, 344, 
1049362, 336, 336, 338, 345, 
1049395, 336, 335, 338, 345, 
1049426, 335, 335, 337, 345, 
1049459, 331, 335, 337, 345, 
1049491, 327, 332, 339, 344, 
1049524, 322, 330, 337, 343, 
1049555, 324, 333, 337, 343, 
1049588, 336, 339, 337, 341, 
1049620, 345, 342, 338, 341, 
1049653, 349, 345, 339, 339, 
1049684, 350, 344, 338, 337, 
1049717, 349, 344, 338, 338, 
1049749, 346, 343, 337, 336, 
1049782, 345, 342, 338, 334, 
1049814, 343, 341, 338, 333, 
1049846, 342, 340, 339, 333, 
1049878, 341, 340, 339, 332, 
1049911, 341, 339, 339, 332, 
1049943, 339, 338, 338, 332, 
1049975, 339, 337, 338, 332, 
1050007, 338, 338, 338, 334, 
1050040, 337, 337, 338, 334, 
1050072, 336, 336, 338, 334, 
1050104, 336, 337, 338, 335, 
1050136, 337, 336, 338, 336, 
1050169, 337, 334, 338, 336, 
1050201, 317, 335, 336, 334, 
1050233, 334, 335, 337, 334, 
1050265, 337, 335, 337, 335, 
1050297, 336, 334, 338, 335, 
1050330, 335, 335, 338, 334, 
1050361, 333, 335, 339, 335, 
1050394, 329, 333, 340, 335, 
1050426, 323, 330, 338, 335, 
1050459, 321, 332, 338, 336, 
1050490, 331, 336, 339, 335, 
1050523, 341, 341, 339, 336, 
1050555, 349, 343, 339, 336, 
1050588, 350, 343, 340, 336, 
1050619, 348, 343, 339, 336, 
1050652, 346, 340, 340, 336, 
1050684, 345, 342, 339, 336, 
1050717, 343, 340, 338, 337, 
1050748, 343, 340, 339, 337, 
1050781, 341, 339, 339, 338, 
1050813, 339, 338, 338, 337, 
1050846, 339, 337, 338, 337, 
1050877, 339, 338, 339, 337, 
1050910, 338, 337, 339, 336, 
1050942, 339, 337, 338, 336, 
1050975, 337, 337, 338, 335, 
1051006, 335, 337, 338, 336, 
1051039, 335, 337, 338, 336, 
1051071, 336, 337, 338, 338, 
1051104, 337, 336, 338, 337, 
1051136, 316, 332, 336, 334, 
1051168, 330, 338, 336, 335, 
1051200, 336, 336, 337, 337, 
1051233, 337, 335, 338, 338, 
1051265, 336, 335, 338, 338, 
1051296, 334, 334, 338, 338, 
1051329, 330, 332, 337, 338, 
1051361, 324, 331, 337, 338, 
1051394, 321, 330, 338, 338, 
1051425, 327, 335, 338, 338, 
1051458, 339, 339, 338, 338, 
1051490, 348, 342, 338, 339, 
1051523, 350, 343, 340, 339, 
1051554, 350, 343, 339, 338, 
1051587, 348, 342, 339, 339, 
1051619, 347, 341, 339, 338, 
1051652, 344, 340, 339, 339, 
1051683, 343, 339, 338, 339, 
1051716, 342, 339, 338, 339, 
1051748, 342, 338, 339, 338, 
1051781, 340, 338, 339, 339, 
1051812, 339, 338, 337, 339, 
1051845, 338, 338, 337, 338, 
1051877, 338, 337, 337, 338, 
1051910, 338, 338, 337, 338, 
1051941, 337, 338, 337, 338, 
1051974, 335, 337, 337, 338, 
1052006, 334, 338, 337, 337, 
1052039, 335, 337, 338, 338, 
1052070, 337, 340, 338, 338, 
1052103, 334, 334, 337, 339, 
1052135, 316, 338, 335, 335, 
1052168, 333, 337, 337, 336, 
1052199, 336, 336, 337, 339, 
1052232, 336, 336, 337, 338, 
1052264, 335, 335, 336, 339, 
1052297, 332, 333, 337, 338, 
1052328, 328, 331, 337, 338, 
1052360, 322, 330, 337, 338, 
1052393, 321, 331, 338, 338, 
1052425, 330, 336, 339, 338, 
1052457, 342, 342, 339, 338, 
1052489, 349, 344, 339, 339, 
1052522, 350, 343, 338, 339, 
1052554, 348, 342, 339, 339, 
1052587, 347, 341, 338, 338, 
1052618, 346, 341, 339, 339, 
1052651, 344, 340, 339, 337, 
1052683, 342, 341, 339, 338, 
1052716, 341, 339, 339, 338, 
1052747, 340, 338, 339, 338, 
1052780, 339, 338, 338, 339, 
1052812, 338, 338, 338, 338, 
1052845, 338, 338, 338, 338, 
1052876, 337, 337, 338, 338, 
1052909, 337, 337, 338, 338, 
1052941, 336, 337, 337, 338, 
1052974, 334, 337, 338, 337, 
1053005, 336, 337, 339, 338, 
1053038, 337, 337, 337, 338, 
1053070, 325, 329, 336, 338, 
1053103, 324, 339, 335, 335, 
1053134, 335, 336, 338, 338, 
1053167, 337, 336, 338, 339, 
1053199, 336, 335, 338, 341, 
1053232, 335, 335, 338, 340, 
1053263, 331, 335, 338, 340, 
1053296, 326, 331, 338, 341, 
1053328, 322, 331, 338, 341, 
1053360, 326, 335, 338, 341, 
1053392, 337, 339, 338, 339, 
1053424, 346, 342, 338, 339, 
1053457, 350, 344, 339, 341, 
1053489, 350, 344, 338, 340, 
1053521, 348, 342, 338, 340, 
1053553, 346, 341, 339, 340, 
1053586, 344, 341, 339, 339, 
1053618, 343, 340, 338, 339, 
1053650, 343, 341, 338, 338, 
1053682, 341, 339, 338, 339, 
1053715, 340, 339, 338, 338, 
1053747, 340, 339, 338, 338, 
1053779, 339, 339, 338, 340, 
1053811, 338, 338, 338, 338, 
1053844, 338, 337, 338, 338, 
1053876, 337, 337, 338, 337, 
1053908, 335, 337, 339, 337, 
1053940, 335, 337, 338, 338, 
1053973, 338, 338, 338, 338, 
1054005, 337, 336, 337, 337, 
1054038, 316, 335, 335, 335, 
1054069, 332, 338, 336, 336, 
1054102, 337, 336, 337, 337, 
1054134, 337, 335, 337, 338, 
1054167, 336, 335, 338, 336, 
1054198, 333, 334, 339, 337, 
1054231, 329, 332, 337, 337, 
1054263, 323, 330, 338, 336, 
1054296, 321, 330, 338, 337, 
1054327, 330, 335, 338, 337, 
1054360, 341, 340, 338, 338, 
1054392, 349, 343, 338, 338, 
1054424, 350, 343, 338, 338, 
1054456, 350, 342, 338, 339, 
1054488, 348, 343, 339, 338, 
1054521, 346, 341, 338, 338, 
1054553, 345, 341, 339, 338, 
1054585, 345, 340, 338, 339, 
1054617, 341, 339, 338, 339, 
1054650, 340, 339, 338, 338, 
1054682, 339, 340, 339, 339, 
1054714, 339, 339, 338, 338, 
1054746, 338, 339, 339, 338, 
1054779, 338, 338, 338, 339, 
1054811, 337, 338, 338, 338, 
1054843, 336, 337, 339, 339, 
1054875, 336, 338, 338, 338, 
1054908, 335, 337, 338, 337, 
1054940, 335, 338, 337, 338, 
1054972, 336, 337, 338, 337, 
1055004, 338, 337, 338, 338, 
1055037, 322, 329, 337, 336, 
1055069, 325, 338, 335, 334, 
1055101, 336, 336, 337, 337, 
1055133, 336, 335, 337, 338, 
1055166, 336, 335, 338, 338, 
1055198, 334, 334, 337, 339, 
1055230, 330, 333, 338, 338, 
1055262, 325, 330, 338, 337, 
1055295, 322, 330, 339, 337, 
1055327, 325, 334, 338, 338, 
1055360, 337, 339, 338, 338, 
1055391, 345, 343, 339, 338, 
1055423, 349, 343, 339, 338, 
1055456, 350, 344, 338, 338, 
1055488, 349, 342, 338, 338, 
1055520, 347, 342, 339, 337, 
1055552, 344, 341, 339, 338, 
1055585, 343, 341, 339, 337, 
1055617, 341, 339, 339, 337, 
1055649, 340, 339, 338, 337, 
1055681, 339, 339, 339, 338, 
1055714, 339, 339, 338, 338, 
1055746, 338, 338, 339, 338, 
1055778, 338, 338, 338, 337, 
1055810, 337, 337, 338, 338, 
1055843, 336, 338, 338, 337, 
1055875, 335, 338, 338, 338, 
1055907, 336, 338, 338, 337, 
1055939, 337, 338, 338, 336, 
1055972, 327, 330, 337, 336, 
1056004, 322, 338, 335, 333, 
1056036, 335, 336, 338, 335, 
1056068, 337, 336, 337, 336, 
1056101, 337, 335, 338, 338, 
1056133, 335, 333, 338, 337, 
1056165, 332, 334, 338, 337, 
1056197, 327, 331, 338, 337, 
1056230, 322, 330, 337, 337, 
1056262, 324, 332, 337, 338, 
1056294, 335, 338, 338, 337, 
1056326, 345, 341, 338, 338, 
1056359, 349, 342, 338, 337, 
1056391, 350, 343, 338, 339, 
1056423, 348, 342, 339, 338, 
1056455, 346, 341, 339, 338, 
1056487, 344, 341, 339, 338, 
1056520, 343, 340, 338, 338, 
1056551, 341, 339, 338, 339, 
1056584, 339, 339, 338, 338, 
1056616, 340, 339, 339, 337, 
1056649, 339, 337, 338, 337, 
1056680, 338, 337, 337, 337, 
1056713, 338, 337, 338, 338, 
1056745, 337, 337, 338, 338, 
1056778, 338, 337, 338, 338, 
1056809, 337, 337, 338, 339, 
1056842, 336, 336, 338, 337, 
1056874, 334, 337, 338, 337, 
1056907, 336, 338, 338, 337, 
1056939, 337, 337, 339, 338, 
1056971, 329, 331, 337, 334, 
1057003, 322, 341, 336, 335, 
1057036, 334, 339, 338, 336, 
1057068, 336, 337, 338, 336, 
1057100, 336, 336, 339, 337, 
1057132, 334, 334, 338, 336, 
1057165, 331, 334, 338, 337, 
1057197, 326, 333, 337, 337, 
1057229, 322, 332, 337, 336, 
1057261, 323, 334, 339, 338, 
1057294, 334, 339, 339, 340, 
1057326, 343, 342, 339, 339, 
1057358, 348, 343, 338, 340, 
1057390, 350, 342, 340, 340, 
1057423, 348, 341, 339, 339, 
1057455, 346, 340, 338, 340, 
1057486, 346, 340, 338, 338, 
1057519, 343, 340, 338, 339, 
1057551, 342, 339, 338, 339, 
1057584, 340, 338, 338, 340, 
1057615, 342, 339, 338, 338, 
1057648, 339, 338, 339, 338, 
1057680, 338, 338, 338, 338, 
1057713, 337, 337, 338, 338, 
1057744, 337, 337, 338, 339, 
1057777, 336, 337, 338, 336, 
1057809, 337, 339, 338, 338, 
1057842, 336, 337, 337, 337, 
1057873, 334, 339, 337, 337, 
1057906, 334, 337, 337, 338, 
1057938, 336, 337, 338, 338, 
1057971, 336, 335, 337, 337, 
1058002, 314, 335, 336, 334, 
1058035, 331, 338, 336, 336, 
1058067, 336, 335, 337, 337, 
1058100, 337, 334, 337, 337, 
1058131, 336, 334, 339, 337, 
1058164, 333, 334, 338, 337, 
1058196, 329, 332, 338, 336, 
1058229, 323, 329, 338, 337, 
1058260, 321, 331, 338, 338, 
1058293, 328, 335, 339, 339, 
1058325, 340, 340, 340, 339, 
1058358, 348, 342, 340, 339, 
1058390, 350, 341, 340, 340, 
1058422, 350, 338, 339, 342, 
1058454, 349, 338, 339, 341, 
1058487, 346, 336, 339, 341, 
1058519, 345, 337, 338, 342, 
1058550, 343, 338, 339, 343, 
1058583, 342, 337, 338, 344, 
1058615, 341, 339, 339, 343, 
1058648, 340, 339, 338, 343, 
1058679, 340, 339, 339, 343, 
1058712, 339, 339, 338, 344, 
1058744, 339, 340, 338, 345, 
1058777, 337, 340, 339, 346, 
1058808, 336, 341, 338, 346, 
1058841, 337, 341, 338, 345, 
1058873, 337, 341, 338, 344, 
1058906, 334, 341, 337, 344, 
1058937, 334, 342, 339, 343, 
1058970, 336, 341, 338, 341, 
1059002, 336, 339, 337, 341, 
1059035, 317, 336, 335, 337, 
1059066, 332, 340, 336, 337, 
1059099, 336, 338, 338, 337, 
1059131, 336, 336, 338, 337, 
1059164, 335, 335, 339, 337, 
1059195, 333, 335, 338, 336, 
1059228, 329, 333, 337, 337, 
1059260, 325, 331, 337, 336, 
1059293, 323, 331, 338, 336, 
1059324, 329, 336, 338, 336, 
1059357, 340, 340, 338, 336, 
1059389, 347, 343, 339, 336, 
1059422, 349, 343, 339, 338, 
1059453, 350, 343, 339, 337, 
1059486, 347, 343, 339, 337, 
1059518, 346, 341, 339, 337, 
1059550, 344, 341, 339, 337, 
1059582, 343, 340, 339, 337, 
1059614, 341, 339, 339, 337, 
1059647, 342, 339, 340, 337, 
1059679, 340, 339, 339, 337, 
1059712, 339, 338, 339, 337, 
1059743, 338, 338, 339, 337, 
1059776, 337, 338, 338, 336, 
1059808, 336, 338, 338, 337, 
1059841, 335, 338, 338, 336, 
1059872, 337, 338, 338, 337, 
1059905, 337, 337, 338, 337, 
1059937, 318, 331, 336, 335, 
1059970, 330, 339, 336, 335, 
1060001, 337, 337, 338, 337, 
1060034, 335, 335, 339, 337, 
1060066, 336, 335, 339, 338, 
1060099, 334, 334, 339, 338, 
1060130, 330, 333, 338, 337, 
1060163, 325, 332, 338, 337, 
1060195, 322, 331, 338, 337, 
1060228, 328, 335, 338, 337, 
1060259, 339, 339, 339, 338, 
1060292, 347, 342, 339, 339, 
1060324, 349, 343, 339, 338, 
1060357, 350, 343, 339, 338, 
1060388, 347, 342, 338, 338, 
1060421, 347, 340, 339, 338, 
1060453, 343, 340, 339, 338, 
1060486, 343, 339, 339, 338, 
1060517, 341, 339, 339, 337, 
1060550, 340, 339, 339, 337, 
1060582, 339, 338, 340, 338, 
1060614, 339, 338, 338, 337, 
1060646, 339, 338, 339, 337, 
1060678, 337, 337, 338, 337, 
1060711, 337, 338, 338, 337, 
1060743, 335, 337, 338, 336, 
1060775, 335, 338, 338, 336, 
1060807, 334, 337, 338, 336, 
1060840, 336, 336, 338, 338, 
1060872, 336, 335, 337, 337, 
1060904, 316, 335, 335, 334, 
1060936, 332, 339, 337, 336, 
1060969, 336, 336, 338, 337, 
1061001, 338, 335, 338, 337, 
1061033, 336, 335, 338, 337, 
1061065, 334, 334, 338, 337, 
1061098, 329, 331, 337, 336, 
1061130, 324, 330, 337, 336, 
1061163, 321, 331, 337, 336, 
1061194, 329, 335, 338, 337, 
1061227, 340, 340, 340, 338, 
1061259, 347, 341, 339, 339, 
1061292, 349, 343, 339, 338, 
1061323, 349, 342, 339, 338, 
1061356, 347, 341, 338, 338, 
1061388, 345, 340, 339, 338, 
1061421, 343, 339, 339, 339, 
1061452, 343, 339, 338, 338, 
1061485, 341, 339, 340, 338, 
1061517, 341, 338, 339, 338, 
1061550, 339, 338, 339, 338, 
1061581, 338, 338, 339, 337, 
1061613, 338, 338, 338, 338, 
1061646, 338, 338, 338, 338, 
1061678, 336, 337, 338, 338, 
1061710, 337, 337, 338, 338, 
1061742, 336, 337, 337, 337, 
1061775, 334, 337, 337, 338, 
1061807, 335, 338, 337, 337, 
1061839, 337, 337, 338, 338, 
1061871, 334, 333, 337, 337, 
1061904, 318, 337, 335, 334, 
1061936, 334, 337, 337, 336, 
1061968, 337, 335, 337, 337, 
1062000, 337, 335, 337, 338, 
1062033, 334, 335, 339, 338, 
1062065, 333, 333, 338, 337, 
1062097, 329, 331, 337, 337, 
1062129, 323, 329, 337, 337, 
1062162, 322, 330, 337, 337, 
1062194, 330, 336, 338, 337, 
1062226, 342, 341, 339, 337, 
1062258, 348, 342, 338, 337, 
1062291, 349, 344, 338, 338, 
1062323, 348, 342, 338, 338, 
1062355, 346, 341, 338, 338, 
1062387, 345, 340, 338, 338, 
1062420, 343, 339, 339, 337, 
1062452, 342, 338, 339, 338, 
1062484, 341, 338, 339, 339, 
1062516, 340, 339, 338, 338, 
1062549, 339, 338, 338, 338, 
1062581, 339, 339, 338, 338, 
1062614, 338, 339, 337, 336, 
1062645, 338, 338, 337, 338, 
1062677, 336, 337, 337, 338, 
1062710, 335, 338, 337, 339, 
1062742, 336, 338, 337, 339, 
1062774, 337, 337, 338, 338, 
1062806, 330, 331, 337, 338, 
1062839, 321, 339, 335, 335, 
1062871, 334, 336, 337, 337, 
1062903, 336, 335, 338, 337, 
1062935, 336, 336, 338, 338, 
1062968, 335, 335, 338, 338, 
1063000, 332, 333, 338, 338, 
1063032, 327, 331, 338, 337, 
1063064, 322, 331, 338, 337, 
1063097, 323, 332, 337, 338, 
1063129, 334, 337, 338, 338, 
1063161, 344, 342, 339, 338, 
1063193, 349, 342, 339, 338, 
1063226, 350, 343, 339, 338, 
1063258, 348, 342, 339, 339, 
1063290, 347, 341, 339, 338, 
1063322, 344, 341, 339, 338, 
1063355, 342, 340, 339, 339, 
1063387, 341, 339, 338, 339, 
1063419, 341, 339, 338, 339, 
1063451, 339, 338, 338, 339, 
1063484, 339, 338, 338, 339, 
1063516, 338, 338, 338, 337, 
1063548, 337, 338, 338, 337, 
1063580, 337, 338, 338, 337, 
1063613, 337, 338, 338, 338, 
