 345, 337, 342, 
226
2265050, 343, 344, 338, 343, 
2265081, 342, 344, 335, 342, 
2265114, 343, 343, 339, 341, 
2265146, 342, 345, 337, 342, 
226179, 343, 345, 340, 340, 
2265210, 344, 344, 341, 341, 
2265243, 342, 344, 339, 341, 
2265275, 337, 342, 339, 339, 
2265308, 338, 343, 339, 339, 
2265339, 341, 342, 339, 339, 
2265372, 340, 340, 340, 339, 
2265404, 329, 331, 339, 337, 
2265437, 329, 340, 338, 335, 
2265468, 339, 336, 340, 337, 
2265501, 341, 337, 342, 338, 
2265533, 340, 338, 344, 337, 
2265566, 338, 336, 345, 338, 
2265597, 334, 333, 342, 337, 
2265630, 329, 332, 339, 337, 
2265662, 321, 330, 333, 338, 
2265695, 328, 335, 328, 338, 
2265726, 337, 341, 321, 338, 
2265759, 344, 342, 314, 337, 
2265791, 351, 346, 316, 338, 
2265824, 350, 345, 314, 340, 
2265856, 347, 343, 312, 339, 
2265888, 342, 339, 313, 338, 
2265920, 342, 341, 319, 337, 
2265953, 341, 341, 326, 337, 
2265985, 336, 339, 326, 337, 
2266016, 336, 341, 332, 337, 
2266049, 335, 338, 331, 337, 
2266081, 338, 339, 334, 337, 
2266114, 336, 336, 331, 336, 
2266145, 336, 336, 336, 338, 
2266178, 339, 336, 337, 337, 
2266210, 335, 338, 336, 337, 
2266243, 335, 337, 340, 340, 
2266274, 340, 340, 343, 340, 
2266307, 341, 339, 346, 341, 
2266339, 319, 334, 343, 339, 
2266372, 334, 339, 345, 339, 
2266403, 341, 338, 347, 339, 
2266436, 338, 336, 348, 341, 
2266468, 341, 339, 352, 341, 
2266501, 338, 335, 352, 339, 
2266532, 332, 335, 351, 339, 
2266565, 328, 333, 350, 340, 
2266597, 326, 333, 348, 338, 
2266630, 330, 337, 348, 339, 
2266661, 341, 341, 350, 339, 
2266694, 349, 345, 347, 338, 
2266726, 351, 346, 346, 338, 
2266759, 351, 345, 344, 338, 
2266790, 350, 345, 344, 339, 
2266823, 349, 345, 345, 340, 
2266855, 346, 344, 343, 339, 
2266888, 347, 343, 342, 340, 
2266919, 346, 343, 343, 340, 
2266952, 343, 342, 341, 340, 
2266984, 343, 343, 342, 341, 
2267017, 340, 340, 343, 341, 
2267048, 342, 342, 343, 341, 
2267080, 342, 342, 344, 340, 
2267113, 339, 340, 343, 340, 
2267145, 341, 339, 343, 340, 
2267177, 337, 341, 342, 339, 
2267209, 336, 340, 342, 340, 
2267242, 340, 341, 344, 340, 
2267274, 339, 339, 343, 340, 
2267307, 320, 332, 342, 340, 
2267338, 330, 342, 341, 338, 
2267371, 336, 339, 342, 341, 
2267403, 338, 339, 341, 342, 
2267436, 337, 337, 341, 341, 
2267467, 334, 337, 342, 341, 
2267500, 332, 334, 341, 340, 
2267532, 327, 332, 340, 339, 
2267565, 322, 330, 341, 339, 
2267596, 325, 333, 342, 339, 
2267629, 341, 339, 342, 340, 
2267661, 348, 342, 342, 340, 
2267694, 351, 343, 341, 339, 
2267725, 352, 344, 340, 340, 
2267758, 351, 343, 340, 341, 
2267790, 347, 340, 339, 342, 
2267823, 345, 341, 339, 341, 
2267854, 343, 338, 337, 342, 
2267887, 348, 342, 337, 341, 
2267919, 343, 341, 337, 342, 
2267952, 342, 337, 337, 341, 
2267983, 343, 343, 338, 340, 
2268016, 339, 341, 339, 340, 
2268048, 340, 341, 339, 339, 
2268080, 337, 342, 339, 340, 
2268112, 337, 340, 340, 339, 
2268144, 339, 340, 340, 340, 
2268177, 335, 335, 340, 340, 
2268209, 317, 339, 338, 337, 
2268241, 335, 339, 340, 338, 
2268273, 337, 337, 341, 338, 
2268306, 337, 337, 342, 339, 
2268338, 335, 336, 341, 339, 
2268370, 333, 335, 341, 339, 
2268402, 329, 332, 341, 340, 
2268435, 324, 331, 341, 339, 
2268467, 322, 333, 341, 339, 
2268499, 333, 339, 342, 339, 
2268531, 343, 342, 341, 339, 
2268564, 349, 345, 340, 339, 
2268596, 350, 344, 342, 339, 
2268628, 348, 342, 343, 340, 
2268660, 347, 342, 344, 340, 
2268693, 345, 342, 343, 339, 
2268725, 343, 340, 343, 339, 
2268758, 343, 339, 343, 338, 
2268789, 341, 338, 342, 338, 
2268822, 338, 339, 342, 337, 
2268854, 337, 338, 341, 337, 
2268887, 338, 338, 341, 337, 
2268918, 340, 337, 341, 337, 
2268951, 327, 328, 339, 337, 
2268983, 326, 338, 337, 334, 
2269016, 338, 336, 339, 337, 
2269047, 337, 336, 340, 338, 
2269080, 337, 337, 342, 339, 
2269112, 336, 337, 342, 340, 
2269144, 333, 336, 341, 341, 
2269176, 329, 333, 339, 340, 
2269208, 324, 332, 339, 341, 
2269241, 325, 334, 337, 340, 
2269273, 335, 340, 336, 339, 
2269305, 338, 340, 333, 339, 
2269337, 352, 346, 340, 341, 
2269370, 351, 346, 339, 342, 
2269402, 355, 349, 344, 342, 
2269434, 349, 348, 341, 343, 
2269466, 345, 347, 341, 342, 
2269499, 344, 343, 340, 341, 
2269531, 342, 345, 340, 341, 
2269563, 340, 340, 338, 340, 
2269595, 338, 341, 339, 339, 
2269628, 337, 341, 338, 338, 
2269660, 337, 341, 340, 340, 
2269692, 338, 339, 340, 339, 
2269724, 325, 331, 340, 338, 
2269757, 325, 337, 338, 335, 
2269789, 337, 337, 340, 336, 
2269821, 331, 335, 341, 337, 
2269853, 336, 336, 342, 337, 
2269886, 336, 336, 342, 337, 
2269918, 333, 336, 344, 339, 
2269950, 329, 335, 343, 338, 
2269982, 326, 335, 342, 339, 
2270015, 329, 338, 343, 340, 
2270047, 341, 344, 345, 341, 
2270080, 347, 345, 344, 342, 
2270111, 351, 347, 344, 342, 
2270143, 348, 345, 343, 341, 
2270176, 346, 345, 343, 341, 
2270208, 346, 344, 342, 341, 
2270240, 343, 342, 342, 340, 
2270272, 339, 342, 341, 340, 
2270305, 340, 341, 341, 340, 
2270337, 338, 341, 341, 339, 
2270369, 334, 340, 341, 339, 
2270401, 337, 340, 341, 339, 
2270434, 338, 339, 341, 339, 
2270466, 326, 331, 340, 339, 
2270498, 325, 340, 338, 337, 
2270530, 335, 339, 340, 339, 
2270563, 335, 336, 340, 340, 
2270595, 336, 337, 340, 339, 
2270627, 334, 335, 340, 339, 
2270659, 330, 335, 341, 339, 
2270692, 327, 332, 339, 339, 
2270724, 324, 332, 339, 338, 
2270756, 328, 336, 339, 339, 
2270788, 336, 339, 340, 339, 
2270821, 344, 342, 340, 339, 
2270853, 346, 344, 340, 338, 
2270885, 346, 343, 339, 338, 
2270917, 344, 343, 339, 339, 
2270950, 344, 341, 339, 338, 
2270982, 342, 341, 339, 338, 
2271014, 342, 340, 339, 339, 
2271046, 341, 340, 339, 338, 
2271079, 337, 340, 338, 339, 
2271111, 336, 339, 338, 339, 
2271143, 340, 339, 339, 340, 
2271175, 341, 339, 339, 340, 
2271207, 329, 330, 338, 339, 
2271240, 329, 342, 337, 337, 
2271271, 337, 339, 339, 338, 
2271304, 339, 337, 339, 340, 
2271336, 339, 337, 339, 339, 
2271369, 337, 336, 338, 340, 
2271400, 333, 335, 339, 339, 
2271433, 329, 334, 339, 338, 
2271465, 327, 333, 339, 339, 
2271498, 330, 338, 339, 339, 
2271529, 340, 341, 340, 340, 
2271562, 345, 342, 340, 341, 
2271594, 350, 344, 339, 340, 
2271627, 350, 342, 339, 340, 
2271659, 347, 341, 339, 339, 
2271691, 347, 342, 339, 340, 
2271723, 345, 341, 339, 341, 
2271756, 343, 341, 339, 341, 
2271788, 344, 341, 340, 340, 
2271820, 341, 340, 339, 340, 
2271852, 341, 339, 339, 340, 
2271885, 341, 338, 339, 340, 
2271917, 342, 338, 339, 339, 
2271949, 339, 337, 339, 339, 
2271981, 337, 337, 339, 339, 
2272014, 339, 337, 339, 339, 
2272046, 341, 337, 339, 339, 
2272078, 333, 331, 338, 339, 
2272110, 326, 340, 337, 337, 
2272143, 340, 338, 338, 338, 
2272175, 341, 337, 339, 339, 
2272206, 341, 335, 339, 340, 
2272239, 339, 335, 339, 339, 
2272271, 337, 334, 339, 339, 
2272304, 332, 331, 339, 339, 
2272335, 328, 332, 339, 339, 
2272368, 331, 335, 338, 339, 
2272400, 339, 338, 338, 341, 
2272433, 347, 342, 341, 340, 
2272464, 351, 344, 341, 340, 
2272497, 351, 343, 340, 340, 
2272529, 349, 343, 340, 340, 
2272562, 348, 342, 340, 340, 
2272593, 346, 342, 340, 340, 
2272626, 345, 341, 340, 340, 
2272658, 343, 341, 340, 341, 
2272691, 343, 341, 341, 339, 
2272722, 341, 340, 340, 339, 
2272755, 341, 340, 340, 340, 
2272787, 340, 340, 340, 339, 
2272820, 340, 339, 340, 340, 
2272851, 340, 340, 340, 340, 
2272884, 340, 340, 341, 340, 
2272916, 340, 340, 339, 339, 
2272949, 339, 337, 339, 339, 
2272980, 335, 339, 340, 339, 
2273013, 338, 340, 338, 339, 
2273045, 340, 339, 339, 339, 
2273078, 339, 338, 338, 338, 
2273110, 321, 338, 336, 337, 
2273142, 336, 339, 338, 338, 
2273174, 339, 337, 339, 339, 
2273207, 339, 337, 339, 338, 
2273239, 339, 338, 339, 340, 
2273270, 336, 337, 340, 339, 
2273303, 334, 336, 339, 338, 
2273335, 330, 334, 340, 339, 
2273368, 327, 335, 339, 338, 
2273399, 333, 339, 339, 338, 
2273432, 342, 342, 340, 338, 
2273464, 347, 345, 341, 338, 
2273497, 350, 345, 340, 339, 
2273528, 350, 343, 339, 339, 
2273561, 347, 342, 339, 340, 
2273593, 346, 342, 339, 340, 
2273626, 345, 341, 339, 338, 
2273657, 345, 341, 339, 338, 
2273690, 343, 340, 339, 338, 
2273722, 343, 340, 339, 339, 
2273755, 343, 339, 339, 339, 
2273786, 341, 338, 340, 340, 
2273819, 341, 340, 338, 339, 
2273851, 339, 340, 339, 340, 
2273884, 341, 341, 338, 339, 
2273915, 337, 341, 338, 339, 
2273948, 336, 340, 337, 340, 
2273980, 338, 339, 337, 339, 
2274013, 341, 340, 338, 338, 
2274044, 328, 330, 337, 337, 
2274077, 328, 342, 336, 336, 
2274109, 337, 338, 337, 337, 
2274142, 339, 336, 338, 339, 
2274173, 339, 335, 338, 338, 
2274206, 337, 334, 339, 339, 
2274238, 335, 334, 340, 339, 
2274270, 328, 332, 340, 338, 
2274302, 325, 330, 339, 338, 
2274334, 327, 334, 340, 339, 
2274367, 338, 339, 341, 339, 
2274399, 347, 341, 340, 340, 
2274432, 350, 345, 340, 339, 
2274463, 351, 344, 340, 339, 
2274496, 350, 344, 340, 340, 
2274528, 348, 341, 339, 340, 
2274561, 346, 341, 339, 339, 
2274592, 346, 342, 341, 339, 
2274625, 344, 340, 339, 339, 
2274657, 342, 340, 339, 339, 
2274690, 340, 340, 339, 339, 
2274721, 339, 338, 339, 339, 
2274754, 336, 337, 337, 339, 
2274786, 334, 337, 336, 340, 
2274819, 331, 336, 339, 339, 
2274850, 330, 337, 337, 340, 
2274883, 335, 339, 339, 340, 
2274915, 336, 339, 340, 340, 
2274948, 335, 338, 340, 340, 
2274979, 341, 339, 339, 338, 
2275012, 315, 334, 337, 336, 
2275044, 334, 339, 336, 337, 
2275077, 336, 337, 337, 338, 
2275108, 339, 335, 337, 336, 
2275141, 335, 335, 336, 330, 
2275173, 336, 335, 335, 323, 
2275206, 327, 331, 333, 318, 
2275237, 327, 330, 333, 316, 
2275270, 322, 330, 332, 318, 
2275302, 329, 334, 331, 322, 
2275334, 340, 338, 329, 327, 
2275366, 346, 339, 328, 335, 
2275398, 350, 342, 329, 338, 
2275431, 347, 341, 329, 344, 
2275463, 344, 338, 331, 348, 
2275495, 344, 337, 332, 352, 
2275527, 341, 337, 332, 354, 
2275560, 340, 337, 332, 363, 
2275592, 336, 336, 332, 372, 
2275624, 342, 337, 332, 376, 
2275656, 334, 337, 330, 372, 
2275689, 341, 339, 330, 381, 
2275721, 334, 337, 328, 384, 
2275753, 330, 336, 328, 394, 
2275785, 337, 340, 330, 407, 
2275818, 326, 338, 330, 410, 
2275850, 337, 341, 334, 432, 
2275883, 324, 335, 334, 452, 
2275914, 319, 340, 337, 469, 
2275947, 323, 339, 338, 473, 
2275979, 337, 341, 342, 482, 
2276012, 333, 339, 342, 480, 
2276043, 328, 340, 343, 476, 
2276076, 324, 339, 342, 467, 
2276108, 324, 338, 341, 461, 
2276141, 321, 339, 340, 455, 
2276172, 317, 339, 341, 435, 
2276205, 331, 349, 341, 425, 
2276237, 331, 348, 341, 411, 
2276270, 352, 356, 340, 405, 
2276301, 339, 351, 339, 394, 
2276333, 351, 355, 337, 386, 
2276366, 333, 351, 336, 387, 
2276398, 344, 353, 335, 380, 
2276430, 337, 350, 334, 375, 
2276462, 338, 349, 334, 376, 
2276495, 340, 349, 335, 372, 
2276527, 332, 345, 334, 365, 
2276559, 342, 348, 335, 361, 
2276591, 333, 344, 335, 348, 
2276624, 343, 346, 336, 343, 
2276656, 335, 343, 335, 332, 
2276688, 338, 346, 336, 329, 
2276720, 328, 343, 335, 324, 
2276753, 337, 343, 335, 319, 
2276785, 332, 342, 336, 316, 
2276817, 316, 340, 333, 310, 
2276849, 335, 345, 335, 310, 
2276882, 335, 341, 335, 304, 
2276914, 343, 341, 336, 307, 
2276946, 340, 339, 337, 303, 
2276978, 340, 339, 339, 303, 
2277011, 331, 336, 337, 305, 
2277043, 331, 336, 337, 301, 
2277075, 324, 334, 338, 302, 
2277107, 334, 339, 338, 301, 
2277140, 343, 342, 339, 299, 
2277172, 346, 344, 339, 296, 
2277204, 353, 344, 341, 297, 
2277236, 347, 340, 340, 295, 
2277269, 353, 344, 340, 296, 
2277301, 343, 339, 341, 295, 
2277334, 352, 343, 341, 295, 
2277365, 341, 339, 341, 295, 
2277397, 348, 342, 341, 292, 
2277430, 341, 338, 343, 295, 
2277462, 345, 340, 343, 294, 
2277494, 344, 339, 342, 296, 
2277526, 341, 338, 343, 296, 
2277559, 345, 338, 344, 297, 
2277591, 335, 336, 342, 297, 
2277623, 342, 336, 343, 297, 
2277655, 338, 335, 343, 297, 
2277688, 344, 336, 344, 299, 
2277720, 339, 334, 344, 299, 
2277752, 344, 333, 342, 297, 
2277784, 322, 337, 341, 296, 
2277817, 338, 336, 342, 298, 
2277849, 344, 334, 343, 299, 
2277881, 341, 333, 343, 299, 
2277913, 342, 335, 344, 302, 
2277946, 336, 332, 344, 303, 
2277978, 335, 332, 344, 304, 
2278010, 325, 328, 343, 307, 
2278042, 336, 334, 345, 308, 
2278075, 331, 333, 344, 310, 
2278107, 351, 341, 345, 310, 
2278139, 355, 342, 345, 310, 
2278171, 355, 343, 345, 311, 
2278204, 349, 340, 344, 311, 
2278236, 349, 341, 344, 311, 
2278268, 346, 338, 343, 313, 
2278300, 346, 338, 345, 313, 
2278333, 351, 340, 345, 316, 
2278365, 337, 335, 344, 316, 
2278396, 348, 339, 345, 317, 
2278429, 337, 336, 344, 318, 
2278461, 348, 339, 345, 321, 
2278494, 340, 337, 344, 321, 
2278525, 345, 337, 343, 319, 
2278558, 343, 338, 344, 322, 
2278590, 337, 335, 344, 321, 
2278623, 345, 338, 343, 323, 
2278654, 329, 333, 343, 321, 
2278687, 339, 338, 342, 324, 
2278719, 335, 336, 342, 324, 
2278752, 343, 337, 343, 324, 
2278784, 321, 331, 342, 325, 
2278816, 328, 337, 341, 324, 
2278848, 337, 336, 342, 326, 
2278881, 334, 333, 342, 326, 
2278913, 341, 337, 343, 328, 
2278945, 333, 332, 343, 328, 
2278977, 336, 333, 342, 326, 
2279010, 326, 330, 343, 329, 
2279042, 324, 332, 342, 328, 
2279074, 327, 334, 342, 330, 
2279106, 340, 339, 342, 330, 
2279139, 352, 343, 343, 332, 
2279171, 349, 342, 342, 330, 
2279203, 356, 345, 342, 331, 
2279235, 342, 340, 343, 332, 
2279268, 354, 343, 342, 330, 
2279300, 337, 338, 343, 332, 
2279332, 345, 340, 342, 330, 
2279364, 346, 340, 343, 333, 
2279397, 331, 336, 341, 331, 
2279429, 347, 341, 343, 334, 
2279460, 337, 337, 342, 332, 
2279493, 343, 339, 342, 332, 
2279525, 338, 338, 342, 334, 
2279558, 344, 339, 341, 331, 
2279589, 340, 339, 342, 330, 
2279622, 337, 338, 341, 332, 
2279654, 341, 340, 343, 333, 
2279687, 334, 336, 341, 335, 
2279718, 346, 340, 341, 334, 
2279751, 332, 334, 341, 334, 
2279783, 325, 338, 340, 332, 
2279816, 329, 335, 340, 334, 
2279847, 342, 338, 342, 336, 
2279880, 336, 337, 341, 336, 
2279912, 335, 335, 341, 336, 
2279945, 341, 336, 342, 338, 
2279976, 328, 333, 341, 337, 
2280009, 329, 332, 340, 338, 
2280041, 325, 333, 343, 337, 
2280074, 335, 337, 342, 337, 
2280105, 344, 342, 342, 338, 
2280138, 347, 342, 341, 337, 
2280170, 352, 343, 340, 339, 
2280203, 350, 341, 340, 338, 
2280235, 350, 341, 342, 337, 
2280267, 346, 340, 341, 338, 
2280299, 347, 339, 341, 338, 
2280332, 339, 336, 341, 339, 
2280364, 346, 340, 341, 339, 
2280396, 336, 336, 340, 339, 
2280428, 342, 338, 340, 339, 
2280460, 342, 338, 340, 338, 
2280493, 342, 338, 339, 337, 
2280524, 337, 339, 339, 337, 
2280557, 340, 338, 339, 338, 
2280589, 338, 339, 338, 338, 
2280622, 335, 337, 338, 335, 
2280653, 336, 338, 339, 338, 
2280686, 332, 337, 337, 337, 
2280718, 339, 338, 339, 338, 
2280751, 337, 337, 338, 335, 
2280782, 316, 335, 336, 335, 
2280815, 332, 338, 337, 336, 
2280847, 344, 338, 338, 335, 
2280880, 332, 334, 339, 337, 
2280911, 339, 337, 340, 337, 
2280944, 333, 335, 339, 338, 
2280976, 326, 332, 339, 337, 
2281009, 327, 332, 339, 338, 
2281040, 325, 331, 339, 338, 
2281073, 335, 337, 340, 336, 
2281105, 340, 340, 341, 336, 
2281138, 352, 344, 341, 338, 
2281169, 343, 341, 340, 339, 
2281202, 352, 344, 340, 339, 
2281234, 345, 341, 339, 339, 
2281267, 345, 340, 339, 337, 
2281298, 338, 339, 339, 338, 
2281331, 346, 340, 340, 340, 
2281363, 342, 340, 339, 339, 
2281396, 338, 338, 339, 338, 
2281427, 343, 340, 339, 338, 
2281460, 339, 338, 339, 338, 
2281492, 339, 338, 339, 339, 
2281524, 335, 337, 338, 339, 
2281556, 341, 338, 339, 338, 
2281588, 333, 336, 338, 339, 
2281621, 338, 338, 339, 339, 
2281653, 334, 336, 338, 339, 
2281686, 337, 338, 338, 337, 
2281717, 333, 337, 338, 336, 
2281750, 335, 336, 338, 337, 
2281782, 334, 336, 339, 337, 
2281815, 314, 328, 338, 336, 
2281846, 335, 337, 338, 336, 
2281879, 332, 335, 338, 337, 
2281911, 330, 332, 338, 335, 
2281944, 337, 335, 339, 333, 
2281975, 338, 335, 342, 326, 
2282008, 334, 331, 339, 313, 
2282040, 336, 333, 340, 299, 
2282073, 325, 327, 343, 289, 
2282104, 340, 338, 342, 286, 
2282137, 343, 336, 346, 285, 
2282169, 356, 344, 348, 287, 
2282202, 351, 341, 348, 291, 
2282233, 358, 345, 352, 296, 
2282266, 353, 343, 347, 303, 
2282298, 355, 343, 352, 309, 
2282331, 348, 336, 351, 315, 
2282362, 349, 340, 351, 321, 
2282395, 349, 339, 354, 326, 
2282427, 349, 339, 353, 330, 
2282460, 349, 341, 351, 333, 
2282491, 349, 339, 352, 334, 
2282523, 347, 339, 349, 337, 
2282556, 348, 339, 347, 340, 
2282588, 343, 334, 344, 340, 
2282620, 346, 336, 344, 342, 
2282652, 339, 333, 342, 343, 
2282685, 343, 336, 342, 344, 
2282717, 340, 335, 341, 346, 
2282749, 343, 335, 339, 347, 
2282781, 343, 334, 339, 348, 
2282814, 329, 325, 337, 348, 
2282846, 326, 334, 332, 348, 
2282878, 338, 333, 336, 348, 
2282910, 341, 330, 337, 349, 
2282943, 339, 329, 337, 351, 
2282975, 336, 328, 337, 350, 
2283008, 334, 328, 337, 350, 
2283039, 329, 326, 337, 350, 
2283072, 324, 326, 334, 349, 
2283104, 327, 330, 336, 349, 
2283137, 334, 335, 337, 349, 
2283168, 347, 342, 338, 350, 
2283201, 349, 344, 339, 350, 
2283233, 350, 344, 338, 349, 
2283266, 348, 345, 337, 348, 
2283297, 347, 344, 337, 346, 
2283330, 344, 344, 338, 346, 
2283362, 343, 345, 337, 345, 
2283395, 341, 344, 337, 344, 
2283426, 339, 343, 338, 344, 
2283459, 338, 343, 337, 343, 
2283491, 337, 342, 337, 343, 
2283524, 337, 342, 337, 343, 
2283555, 337, 342, 337, 342, 
2283587, 337, 342, 336, 341, 
2283620, 336, 341, 336, 341, 
2283652, 335, 341, 337, 341, 
2283684, 335, 341, 337, 340, 
2283716, 335, 341, 337, 339, 
2283749, 332, 340, 336, 339, 
2283781, 333, 340, 336, 338, 
2283813, 334, 340, 336, 339, 
2283845, 332, 335, 335, 338, 
2283878, 314, 340, 333, 335, 
2283910, 329, 339, 332, 336, 
2283942, 333, 338, 334, 339, 
2283974, 330, 336, 332, 337, 
2284007, 333, 337, 332, 338, 
2284039, 326, 336, 331, 338, 
2284071, 325, 336, 336, 338, 
2284103, 322, 336, 339, 338, 
2284136, 322, 338, 341, 338, 
2284168, 334, 342, 341, 340, 
2284200, 344, 345, 339, 340, 
2284232, 350, 347, 341, 340, 
2284265, 349, 346, 337, 340, 
2284297, 353, 345, 341, 340, 
2284329, 349, 342, 340, 342, 
2284361, 347, 341, 340, 339, 
2284394, 345, 339, 340, 342, 
2284426, 344, 340, 338, 341, 
2284459, 342, 338, 339, 343, 
2284490, 342, 339, 338, 343, 
2284523, 341, 338, 339, 345, 
2284555, 340, 339, 338, 345, 
2284587, 339, 339, 338, 348, 
2284619, 339, 338, 338, 347, 
2284651, 338, 338, 337, 348, 
2284684, 337, 339, 338, 349, 
2284716, 337, 338, 337, 348, 
2284748, 336, 338, 337, 348, 
2284780, 335, 339, 338, 349, 
2284813, 337, 338, 337, 348, 
2284845, 338, 339, 338, 348, 
2284877, 329, 331, 337, 347, 
2284909, 321, 339, 334, 345, 
2284942, 336, 337, 336, 346, 
2284974, 337, 336, 337, 347, 
2285006, 338, 336, 338, 348, 
2285038, 336, 335, 337, 349, 
2285071, 333, 334, 337, 352, 
2285103, 326, 333, 337, 354, 
2285135, 322, 331, 337, 354, 
2285167, 323, 333, 336, 353, 
2285200, 334, 339, 337, 351, 
2285232, 345, 343, 337, 351, 
2285264, 350, 345, 336, 348, 
2285296, 351, 344, 337, 346, 
2285329, 349, 344, 336, 345, 
2285361, 347, 343, 336, 345, 
2285393, 345, 342, 336, 343, 
2285425, 344, 341, 336, 342, 
2285458, 343, 341, 336, 341, 
2285490, 341, 341, 337, 342, 
2285522, 340, 341, 338, 341, 
2285554, 339, 340, 337, 340, 
2285587, 339, 340, 337, 340, 
2285619, 338, 339, 337, 340, 
2285650, 336, 340, 337, 339, 
2285683, 335, 339, 337, 338, 
2285715, 338, 339, 338, 338, 
2285748, 339, 339, 337, 337, 
2285779, 322, 330, 336, 337, 
2285812, 327, 341, 336, 333, 
2285844, 337, 338, 336, 336, 
2285877, 339, 337, 338, 336, 
2285908, 337, 336, 337, 335, 
2285941, 334, 335, 338, 336, 
2285973, 331, 334, 339, 336, 
2286006, 326, 332, 339, 337, 
2286038, 322, 331, 338, 336, 
2286070, 326, 335, 337, 336, 
2286102, 337, 340, 338, 338, 
2286135, 347, 344, 339, 336, 
2286167, 351, 345, 339, 335, 
2286199, 351, 344, 339, 336, 
2286231, 349, 343, 338, 336, 
2286264, 347, 342, 338, 335, 
2286296, 345, 342, 339, 335, 
2286328, 345, 342, 340, 335, 
2286360, 342, 341, 339, 336, 
2286393, 341, 341, 339, 336, 
2286425, 340, 340, 339, 336, 
2286457, 340, 341, 340, 336, 
2286489, 339, 340, 339, 335, 
2286522, 339, 341, 339, 335, 
2286554, 338, 340, 338, 335, 
2286586, 336, 338, 339, 335, 
2286618, 335, 339, 338, 336, 
2286650, 336, 340, 338, 335, 
2286683, 337, 339, 339, 335, 
2286714, 337, 336, 338, 334, 
2286747, 314, 336, 336, 332, 
2286779, 332, 340, 336, 334, 
2286812, 337, 338, 338, 334, 
2286843, 337, 336, 337, 335, 
2286876, 337, 335, 339, 335, 
2286908, 334, 334, 338, 336, 
2286941, 328, 334, 338, 336, 
2286972, 324, 331, 338, 335, 
2287005, 322, 332, 339, 336, 
2287037, 330, 336, 339, 336, 
2287070, 341, 341, 340, 336, 
2287101, 349, 344, 340, 337, 
2287134, 350, 344, 340, 336, 
2287166, 350, 344, 339, 336, 
2287199, 348, 343, 339, 336, 
2287230, 346, 343, 340, 336, 
2287263, 344, 341, 339, 336, 
2287295, 343, 340, 339, 336, 
2287328, 342, 339, 339, 336, 
2287360, 340, 339, 339, 336, 
2287392, 340, 340, 339, 337, 
2287424, 338, 339, 338, 338, 
2287457, 340, 340, 338, 337, 
2287489, 339, 339, 339, 338, 
2287521, 338, 340, 339, 337, 
2287553, 338, 339, 338, 337, 
2287586, 336, 337, 338, 337, 
2287618, 334, 338, 338, 337, 
2287650, 335, 338, 338, 337, 
2287682, 337, 339, 338, 337, 
2287714, 334, 333, 337, 336, 
2287747, 316, 338, 336, 335, 
2287778, 334, 338, 337, 337, 
2287811, 338, 336, 336, 337, 
2287843, 337, 336, 339, 337, 
2287876, 337, 335, 339, 338, 
2287907, 334, 334, 339, 337, 
2287940, 329, 332, 339, 339, 
2287972, 324, 331, 339, 339, 
2288005, 324, 332, 338, 338, 
2288036, 335, 338, 338, 339, 
2288069, 344, 342, 339, 339, 
2288101, 350, 344, 339, 339, 
2288134, 351, 344, 340, 338, 
2288165, 350, 343, 339, 339, 
2288198, 348, 343, 339, 340, 
2288230, 346, 341, 339, 339, 
2288263, 344, 341, 339, 338, 
2288294, 343, 340, 338, 339, 
2288327, 342, 340, 339, 339, 
2288359, 341, 340, 339, 339, 
2288392, 342, 339, 339, 339, 
2288423, 339, 340, 339, 339, 
2288456, 339, 339, 338, 339, 
2288488, 338, 338, 339, 339, 
2288521, 336, 338, 339, 339, 
2288552, 335, 339, 339, 339, 
2288585, 338, 339, 339, 339, 
2288617, 339, 338, 339, 338, 
2288650, 317, 332, 337, 337, 
2288681, 331, 340, 337, 337, 
2288713, 338, 337, 338, 338, 
2288746, 338, 338, 339, 338, 
2288778, 337, 336, 339, 339, 
2288811, 334, 335, 340, 339, 
2288842, 331, 334, 339, 339, 
2288875, 325, 332, 338, 339, 
2288907, 322, 332, 339, 339, 
2288940, 328, 336, 339, 340, 
2288971, 340, 341, 341, 339, 
2289004, 349, 344, 340, 339, 
2289036, 351, 346, 340, 339, 
2289069, 351, 344, 340, 340, 
2289100, 348, 343, 339, 340, 
2289133, 346, 342, 339, 339, 
2289165, 345, 342, 340, 339, 
2289198, 344, 342, 339, 339, 
2289229, 343, 341, 339, 340, 
2289262, 341, 340, 341, 340, 
2289294, 340, 341, 339, 340, 
2289327, 340, 339, 340, 340, 
2289358, 339, 339, 340, 340, 
2289391, 339, 339, 339, 340, 
2289423, 338, 339, 339, 340, 
2289456, 337, 338, 340, 340, 
2289487, 336, 339, 339, 338, 
2289520, 335, 337, 339, 340, 
2289552, 337, 337, 339, 340, 
2289585, 339, 338, 339, 340, 
2289616, 321, 330, 337, 338, 
2289649, 326, 341, 336, 337, 
2289681, 336, 338, 338, 338, 
2289714, 339, 337, 338, 339, 
2289745, 338, 335, 338, 339, 
2289777, 335, 334, 339, 340, 
2289810, 332, 333, 339, 339, 
2289842, 327, 331, 338, 339, 
2289874, 322, 331, 339, 339, 
2289906, 326, 334, 339, 339, 
2289939, 337, 339, 340, 341, 
2289971, 345, 343, 340, 340, 
2290003, 350, 344, 340, 340, 
2290035, 350, 343, 341, 340, 
2290068, 348, 343, 340, 340, 
2290100, 347, 343, 340, 340, 
2290132, 344, 341, 339, 340, 
2290164, 345, 340, 338, 341, 
2290197, 343, 340, 338, 341, 
2290229, 341, 341, 339, 341, 
2290262, 341, 340, 339, 342, 
2290293, 340, 340, 339, 341, 
2290326, 340, 340, 339, 342, 
2290358, 338, 340, 340, 342, 
2290391, 335, 337, 336, 341, 
2290422, 338, 341, 339, 342, 
2290455, 328, 336, 332, 343, 
2290487, 336, 337, 337, 343, 
2290520, 334, 339, 335, 342, 
2290551, 339, 339, 339, 343, 
2290584, 338, 335, 341, 341, 
2290616, 320, 341, 339, 339, 
2290649, 337, 338, 339, 340, 
2290680, 341, 337, 340, 339, 
2290713, 339, 335, 340, 339, 
2290745, 334, 332, 336, 338, 
2290777, 330, 332, 336, 336, 
2290809, 330, 332, 339, 335, 
2290841, 327, 332, 341, 335, 
2290874, 326, 335, 341, 333, 
2290906, 334, 339, 341, 332, 
2290938, 344, 342, 341, 332, 
2290970, 349, 344, 341, 331, 
2291003, 349, 342, 340, 331, 
2291035, 348, 340, 339, 331, 
2291067, 347, 341, 340, 332, 
2291099, 345, 340, 339, 332, 
2291132, 345, 338, 339, 334, 
2291164, 342, 338, 338, 334, 
2291196, 340, 336, 337, 335, 
2291228, 336, 338, 337, 336, 
2291261, 339, 336, 339, 338, 
2291293, 344, 342, 339, 338, 
2291325, 344, 342, 339, 338, 
2291357, 345, 341, 339, 338, 
2291390, 340, 340, 338, 339, 
2291422, 339, 338, 339, 339, 
2291454, 336, 340, 338, 338, 
2291486, 335, 338, 338, 338, 
2291519, 334, 339, 339, 339, 
2291551, 335, 340, 339, 340, 
2291584, 335, 338, 339, 339, 
2291615, 313, 334, 336, 338, 
2291648, 328, 340, 337, 338, 
2291680, 333, 338, 339, 339, 
2291713, 336, 336, 339, 340, 
2291744, 333, 336, 339, 340, 
2291777, 331, 334, 340, 340, 
2291809, 328, 333, 340, 340, 
2291841, 321, 330, 339, 341, 
2291873, 318, 331, 339, 341, 
2291905, 326, 335, 340, 341, 
2291938, 337, 340, 339, 341, 
2291970, 341, 343, 338, 339, 
2292002, 344, 342, 338, 340, 
2292034, 344, 343, 339, 341, 
2292067, 340, 339, 334, 341, 
2292099, 346, 343, 339, 342, 
2292131, 339, 340, 335, 341, 
2292163, 340, 341, 336, 343, 
2292196, 343, 343, 345, 344, 
2292228, 342, 343, 341, 344, 
2292260, 341, 341, 344, 344, 
2292292, 341, 340, 341, 342, 
2292325, 341, 340, 343, 343, 
2292357, 340, 337, 341, 341, 
2292389, 334, 335, 338, 341, 
2292421, 336, 334, 338, 342, 
2292454, 337, 334, 341, 339, 
2292486, 336, 334, 339, 339, 
2292518, 338, 335, 340, 339, 
2292550, 340, 335, 338, 338, 
2292583, 338, 329, 341, 338, 
2292615, 323, 334, 335, 335, 
2292647, 339, 334, 340, 337, 
2292679, 337, 332, 339, 340, 
2292712, 339, 335, 341, 338, 
2292744, 335, 331, 339, 338, 
2292776, 336, 333, 337, 338, 
2292808, 331, 333, 337, 339, 
2292840, 327, 331, 334, 339, 
2292873, 327, 333, 335, 341, 
2292904, 334, 340, 334, 342, 
2292937, 340, 342, 335, 341, 
2292969, 354, 349, 334, 343, 
2293002, 350, 348, 337, 343, 
2293033, 355, 351, 337, 344, 
2293066, 351, 349, 334, 343, 
2293098, 352, 351, 335, 342, 
2293131, 348, 349, 336, 342, 
2293163, 342, 346, 334, 341, 
2293195, 345, 347, 337, 341, 
2293227, 341, 347, 337, 342, 
2293260, 338, 346, 337, 340, 
2293292, 337, 348, 340, 341, 
2293324, 329, 343, 339, 341, 
2293356, 335, 342, 342, 341, 
2293389, 327, 340, 340, 340, 
2293421, 340, 345, 345, 338, 
2293453, 332, 340, 342, 339, 
2293485, 333, 340, 340, 338, 
2293518, 337, 342, 342, 339, 
2293550, 337, 340, 341, 340, 
2293582, 340, 338, 341, 339, 
2293614, 315, 332, 337, 336, 
2293647, 334, 339, 340, 336, 
2293679, 335, 335, 340, 338, 
2293711, 341, 337, 340, 339, 
2293743, 337, 335, 339, 340, 
2293776, 335, 334, 340, 340, 
2293808, 330, 332, 339, 339, 
2293840, 326, 330, 340, 341, 
2293872, 325, 331, 340, 340, 
2293904, 333, 336, 341, 342, 
2293937, 345, 342, 342, 341, 
2293968, 350, 343, 341, 342, 
2294001, 349, 344, 340, 341, 
2294033, 352, 344, 341, 342, 
2294066, 348, 342, 340, 342, 
2294097, 346, 341, 339, 341, 
2294130, 344, 340, 341, 342, 
2294162, 347, 342, 340, 341, 
2294195, 339, 338, 340, 341, 
2294226, 343, 340, 340, 341, 
2294259, 340, 338, 340, 341, 
2294291, 340, 339, 340, 340, 
2294324, 339, 339, 340, 341, 
2294355, 339, 339, 340, 340, 
2294388, 338, 338, 340, 341, 
2294420, 337, 338, 340, 339, 
2294453, 337, 338, 339, 340, 
2294484, 340, 339, 340, 339, 
2294517, 329, 330, 338, 339, 
2294549, 326, 338, 337, 336, 
2294582, 338, 336, 339, 338, 
2294614, 340, 335, 339, 339, 
2294646, 335, 335, 339, 340, 
2294678, 338, 336, 339, 340, 
2294711, 334, 335, 339, 340, 
2294743, 329, 332, 338, 340, 
2294775, 326, 332, 337, 339, 
2294807, 326, 333, 339, 339, 
2294840, 337, 339, 338, 338, 
2294872, 339, 341, 339, 339, 
2294903, 350, 343, 339, 339, 
2294936, 349, 344, 340, 340, 
2294968, 349, 344, 340, 340, 
2295001, 347, 343, 340, 340, 
2295032, 346, 344, 340, 340, 
2295065, 341, 341, 341, 342, 
2295097, 345, 342, 340, 341, 
2295130, 342, 340, 340, 342, 
2295161, 342, 340, 340, 340, 
2295194, 337, 339, 341, 340, 
2295226, 339, 339, 340, 340, 
2295259, 335, 338, 340, 340, 
2295290, 340, 340, 340, 340, 
2295323, 334, 338, 338, 339, 
2295355, 336, 339, 339, 339, 
2295388, 335, 339, 339, 338, 
2295419, 336, 339, 338, 338, 
2295452, 335, 335, 339, 338, 
2295484, 315, 336, 335, 335, 
2295517, 330, 336, 336, 337, 
2295548, 339, 339, 339, 339, 
2295581, 334, 336, 338, 339, 
2295613, 336, 336, 339, 338, 
2295646, 330, 333, 339, 339, 
2295677, 329, 334, 339, 338, 
2295710, 321, 329, 337, 338, 
2295742, 314, 331, 336, 338, 
2295775, 332, 338, 339, 338, 
2295806, 344, 342, 339, 338, 
2295839, 350, 345, 341, 340, 
2295871, 353, 345, 341, 341, 
2295904, 350, 343, 339, 340, 
2295936, 347, 342, 339, 340, 
2295967, 346, 342, 339, 341, 
2296000, 343, 341, 339, 339, 
2296032, 342, 340, 338, 339, 
2296065, 341, 340, 339, 339, 
2296096, 340, 340, 337, 340, 
2296129, 341, 340, 338, 338, 
2296161, 337, 338, 337, 338, 
2296194, 339, 339, 338, 337, 
2296225, 338, 339, 338, 337, 
2296258, 337, 338, 338, 337, 
2296290, 336, 338, 337, 337, 
2296323, 336, 340, 338, 337, 
2296354, 333, 337, 338, 337, 
2296387, 338, 338, 338, 337, 
2296419, 338, 339, 340, 337, 
2296452, 323, 328, 338, 336, 
2296483, 328, 340, 337, 334, 
2296516, 335, 337, 338, 336, 
2296548, 338, 336, 338, 336, 
2296581, 335, 334, 339, 337, 
2296612, 335, 334, 340, 338, 
2296645, 330, 334, 338, 338, 
2296677, 328, 332, 338, 338, 
2296710, 323, 330, 338, 338, 
2296741, 325, 334, 337, 339, 
2296774, 338, 339, 339, 340, 
2296806, 346, 343, 340, 339, 
2296839, 349, 344, 340, 340, 
2296870, 348, 343, 340, 339, 
2296903, 348, 343, 340, 339, 
2296935, 348, 342, 340, 340, 
2296967, 345, 342, 339, 337, 
2296999, 345, 342, 340, 338, 
2297031, 343, 340, 339, 338, 
2297064, 342, 340, 340, 339, 
2297096, 341, 340, 339, 340, 
2297128, 337, 338, 337, 338, 
2297160, 340, 339, 339, 338, 
2297193, 336, 337, 338, 340, 
2297225, 338, 339, 338, 340, 
2297257, 338, 337, 339, 338, 
2297289, 338, 337, 338, 338, 
2297322, 334, 338, 338, 338, 
2297354, 337, 337, 338, 338, 
2297387, 340, 338, 339, 339, 
2297418, 325, 328, 337, 337, 
2297451, 326, 337, 336, 335, 
2297483, 338, 338, 338, 337, 
2297516, 340, 337, 339, 338, 
2297547, 337, 336, 339, 338, 
2297580, 336, 336, 339, 337, 
2297612, 332, 335, 339, 340, 
2297645, 327, 332, 338, 338, 
2297676, 327, 332, 340, 338, 
2297709, 324, 330, 338, 339, 
2297741, 339, 340, 339, 339, 
2297774, 346, 341, 340, 339, 
2297805, 347, 344, 337, 340, 
2297838, 351, 344, 340, 340, 
2297870, 348, 343, 340, 339, 
2297903, 346, 342, 339, 340, 
2297934, 347, 342, 340, 339, 
2297967, 345, 342, 341, 339, 
2297999, 344, 340, 340, 339, 
2298031, 341, 341, 340, 339, 
2298063, 343, 341, 340, 340, 
2298095, 340, 339, 338, 339, 
2298128, 340, 338, 340, 339, 
2298160, 337, 339, 339, 338, 
2298192, 340, 339, 341, 338, 
2298224, 335, 336, 339, 338, 
2298257, 334, 337, 338, 337, 
2298289, 335, 337, 340, 337, 
2298321, 338, 338, 338, 338, 
2298353, 340, 338, 339, 338, 
2298386, 319, 328, 338, 336, 
2298418, 327, 340, 337, 335, 
2298450, 338, 338, 339, 337, 
2298482, 337, 335, 339, 338, 
2298515, 338, 335, 338, 339, 
2298547, 336, 335, 339, 337, 
2298579, 332, 332, 338, 338, 
2298611, 326, 330, 338, 337, 
2298644, 324, 330, 339, 337, 
2298676, 325, 331, 338, 339, 
2298708, 337, 336, 341, 338, 
2298740, 338, 333, 339, 339, 
2298773, 355, 343, 340, 339, 
2298805, 349, 343, 341, 339, 
2298838, 351, 342, 340, 339, 
2298869, 348, 341, 341, 338, 
2298902, 347, 340, 341, 337, 
2298934, 344, 339, 339, 339, 
2298967, 346, 341, 342, 338, 
2298998, 346, 338, 340, 337, 
2299030, 345, 336, 339, 337, 
2299063, 343, 338, 340, 338, 
2299095, 338, 337, 339, 336, 
2299127, 341, 340, 340, 339, 
2299159, 338, 338, 339, 339, 
2299192, 342, 342, 339, 339, 
2299224, 338, 343, 336, 339, 
2299256, 341, 343, 337, 339, 
2299288, 336, 342, 337, 340, 
2299321, 337, 342, 338, 339, 
2299353, 342, 340, 338, 338, 
2299385, 330, 330, 337, 337, 
2299417, 327, 337, 337, 334, 
2299450, 337, 333, 338, 336, 
2299482, 339, 334, 339, 338, 
2299514, 340, 334, 340, 338, 
2299546, 337, 333, 341, 339, 
2299579, 330, 331, 337, 338, 
2299611, 330, 330, 340, 337, 
2299643, 323, 327, 338, 337, 
2299675, 329, 332, 340, 337, 
2299708, 338, 337, 341, 337, 
2299740, 346, 341, 341, 338, 
2299772, 349, 341, 341, 338, 
2299804, 350, 342, 341, 337, 
2299837, 347, 340, 340, 337, 
2299869, 346, 339, 339, 336, 
2299901, 340, 338, 337, 337, 
2299933, 338, 338, 337, 336, 
2299966, 345, 342, 341, 337, 
2299998, 343, 341, 340, 337, 
2300030, 336, 337, 337, 337, 
2300062, 330, 336, 331, 337, 
2300094, 337, 338, 334, 338, 
2300127, 337, 339, 341, 338, 
2300158, 341, 341, 339, 338, 
2300191, 342, 340, 343, 338, 
2300223, 336, 338, 340, 337, 
2300256, 340, 340, 342, 338, 
2300288, 334, 338, 341, 338, 
2300320, 336, 338, 341, 339, 
2300352, 337, 337, 341, 339, 
2300385, 339, 337, 340, 339, 
2300417, 326, 329, 339, 338, 
2300449, 325, 338, 337, 336, 
2300481, 337, 337, 339, 338, 
2300514, 339, 335, 339, 338, 
2300546, 339, 335, 338, 339, 
2300578, 336, 335, 339, 340, 
2300610, 334, 333, 339, 340, 
2300643, 328, 332, 339, 339, 
2300675, 324, 331, 339, 339, 
2300707, 325, 335, 340, 340, 
2300739, 337, 340, 340, 341, 
2300772, 346, 344, 340, 340, 
2300804, 349, 346, 340, 340, 
2300836, 348, 345, 340, 340, 
2300868, 348, 345, 339, 340, 
2300901, 346, 343, 339, 340, 
2300933, 344, 343, 339, 341, 
2300965, 343, 342, 339, 341, 
2300997, 341, 341, 339, 340, 
2301030, 341, 340, 340, 338, 
2301062, 340, 340, 339, 339, 
2301093, 339, 339, 339, 339, 
2301126, 339, 338, 338, 340, 
2301158, 339, 339, 339, 339, 
2301191, 338, 337, 339, 340, 
2301222, 337, 338, 339, 340, 
2301255, 337, 337, 339, 340, 
2301287, 336, 337, 340, 341, 
2301320, 337, 337, 339, 340, 
2301351, 334, 337, 339, 340, 
2301384, 336, 339, 339, 339, 
2301416, 337, 338, 338, 338, 
2301449, 326, 331, 338, 338, 
2301480, 322, 341, 336, 335, 
2301513, 335, 339, 338, 337, 
2301545, 338, 337, 338, 337, 
2301578, 338, 337, 339, 337, 
2301609, 336, 335, 339, 339, 
2301642, 333, 334, 339, 339, 
2301674, 327, 332, 338, 339, 
2301707, 323, 331, 339, 339, 
2301739, 325, 333, 338, 339, 
2301771, 336, 340, 339, 339, 
2301803, 346, 344, 340, 340, 
2301836, 351, 345, 340, 339, 
2301868, 351, 346, 340, 339, 
2301900, 349, 344, 339, 340, 
2301932, 348, 342, 338, 339, 
2301965, 347, 342, 339, 338, 
2301997, 344, 344, 340, 339, 
2302029, 342, 341, 339, 339, 
2302061, 342, 341, 340, 339, 
2302094, 340, 340, 338, 340, 
2302126, 335, 338, 336, 341, 
2302157, 330, 335, 331, 339, 
2302190, 332, 336, 331, 341, 
2302222, 335, 340, 339, 341, 
2302255, 338, 339, 338, 343, 
2302286, 341, 341, 339, 343, 
2302319, 342, 340, 343, 342, 
2302351, 340, 339, 341, 342, 
2302384, 337, 338, 343, 341, 
2302415, 340, 339, 342, 339, 
2302448, 342, 338, 341, 339, 
2302480, 325, 328, 339, 338, 
2302513, 326, 336, 338, 335, 
2302544, 336, 333, 339, 338, 
2302577, 338, 335, 340, 339, 
2302609, 338, 336, 339, 340, 
2302642, 336, 334, 339, 340, 
2302673, 332, 332, 339, 341, 
2302706, 326, 331, 340, 342, 
2302738, 323, 329, 338, 343, 
2302771, 326, 333, 339, 344, 
2302802, 337, 340, 340, 346, 
2302835, 347, 345, 339, 348, 
2302867, 351, 347, 339, 349, 
2302900, 351, 347, 338, 349, 
2302931, 350, 347, 339, 349, 
2302964, 348, 345, 339, 348, 
2302996, 347, 344, 340, 346, 
2303029, 346, 344, 340, 345, 
2303060, 345, 343, 340, 343, 
2303093, 343, 342, 340, 342, 
2303125, 342, 342, 339, 342, 
2303157, 341, 342, 339, 340, 
2303190, 340, 339, 339, 340, 
2303221, 340, 340, 338, 339, 
2303254, 339, 339, 339, 339, 
2303286, 337, 339, 340, 338, 
2303319, 339, 339, 339, 339, 
2303350, 339, 340, 340, 338, 
2303383, 335, 333, 339, 337, 
2303415, 319, 336, 335, 333, 
2303448, 337, 338, 338, 336, 
2303479, 338, 337, 338, 336, 
2303512, 338, 337, 337, 336, 
2303544, 335, 336, 339, 336, 
2303577, 333, 335, 339, 336, 
2303608, 328, 333, 338, 335, 
2303641, 324, 331, 338, 335, 
2303673, 324, 332, 339, 334, 
2303706, 334, 339, 339, 336, 
2303737, 345, 343, 340, 335, 
2303770, 350, 345, 339, 335, 
2303802, 350, 345, 339, 335, 
2303835, 350, 345, 340, 335, 
2303866, 347, 344, 341, 335, 
2303899, 345, 342, 340, 335, 
2303931, 345, 342, 341, 335, 
2303964, 343, 342, 340, 334, 
2303995, 342, 341, 341, 335, 
2304028, 341, 340, 340, 334, 
2304060, 340, 340, 339, 335, 
2304093, 340, 339, 339, 335, 
2304124, 338, 340, 339, 335, 
2304157, 338, 339, 339, 335, 
2304189, 337, 338, 339, 337, 
2304221, 336, 338, 339, 336, 
2304253, 334, 338, 339, 336, 
2304285, 336, 338, 339, 336, 
2304318, 338, 338, 340, 336, 
2304350, 333, 333, 337, 336, 
2304382, 318, 337, 336, 333, 
2304414, 335, 338, 338, 335, 
2304447, 338, 337, 339, 337, 
2304479, 338, 336, 340, 336, 
2304512, 336, 335, 339, 337, 
2304543, 333, 334, 340, 336, 
2304576, 329, 332, 339, 336, 
2304608, 324, 330, 338, 336, 
2304641, 324, 332, 339, 337, 
2304672, 334, 338, 339, 337, 
2304705, 345, 344, 339, 337, 
2304737, 349, 345, 341, 336, 
2304770, 351, 346, 340, 338, 
2304801, 349, 345, 341, 338, 
2304834, 348, 342, 340, 338, 
2304866, 346, 343, 340, 338, 
2304899, 344, 342, 340, 338, 
2304930, 343, 341, 340, 338, 
2304963, 343, 341, 340, 339, 
2304995, 342, 341, 341, 338, 
2305028, 340, 339, 340, 339, 
2305059, 340, 338, 340, 338, 
2305092, 339, 340, 339, 339, 
2305124, 339, 340, 339, 339, 
2305157, 338, 338, 339, 338, 
2305188, 338, 339, 339, 338, 
2305220, 338, 338, 339, 339, 
2305253, 336, 337, 339, 338, 
2305285, 335, 337, 339, 338, 
2305317, 336, 337, 338, 338, 
2305349, 339, 339, 339, 338, 
2305382, 331, 330, 338, 338, 
2305414, 318, 337, 336, 334, 
2305446, 335, 339, 339, 336, 
2305478, 338, 336, 339, 337, 
2305511, 338, 336, 339, 336, 
2305543, 336, 335, 339, 336, 
2305575, 333, 334, 339, 337, 
2305607, 329, 331, 339, 336, 
2305640, 324, 331, 337, 337, 
2305672, 323, 333, 339, 338, 
2305704, 334, 339, 339, 338, 
2305736, 346, 344, 340, 339, 
2305769, 350, 345, 341, 339, 
2305801, 351, 345, 340, 339, 
2305833, 350, 344, 340, 339, 
2305865, 347, 343, 341, 340, 
2305898, 346, 343, 340, 339, 
2305930, 344, 342, 340, 339, 
2305963, 344, 342, 340, 339, 
2305994, 341, 341, 339, 340, 
2306027, 341, 341, 339, 339, 
2306059, 340, 340, 339, 340, 
2306092, 339, 340, 339, 339, 
2306123, 338, 340, 339, 339, 
2306156, 338, 339, 338, 339, 
2306188, 337, 338, 338, 338, 
2306221, 337, 338, 339, 339, 
2306252, 336, 338, 338, 338, 
2306284, 335, 337, 339, 338, 
2306317, 337, 337, 339, 338, 
2306349, 338, 338, 339, 338, 
2306381, 330, 331, 338, 337, 
2306413, 321, 336, 336, 334, 
2306446, 337, 337, 338, 338, 
2306478, 339, 337, 339, 338, 
2306510, 338, 336, 339, 338, 
2306542, 336, 335, 339, 339, 
2306575, 333, 334, 339, 339, 
2306607, 328, 332, 339, 340, 
2306639, 324, 331, 338, 340, 
2306671, 325, 333, 339, 338, 
2306704, 336, 340, 340, 340, 
2306736, 346, 344, 339, 339, 
2306768, 351, 346, 339, 339, 
2306800, 352, 346, 339, 339, 
2306833, 349, 345, 339, 339, 
2306865, 347, 344, 339, 339, 
2306897, 345, 342, 339, 338, 
2306929, 344, 342, 339, 339, 
2306962, 343, 342, 340, 339, 
2306994, 343, 340, 339, 339, 
2307026, 342, 341, 339, 340, 
2307058, 340, 340, 339, 338, 
2307091, 340, 339, 338, 339, 
2307123, 339, 341, 339, 339, 
2307155, 338, 340, 339, 338, 
2307187, 337, 338, 338, 338, 
2307220, 335, 338, 339, 340, 
2307252, 336, 339, 338, 337, 
2307283, 338, 339, 339, 338, 
2307316, 336, 334, 338, 338, 
2307348, 315, 335, 335, 335, 
2307381, 335, 337, 338, 338, 
2307412, 338, 337, 339, 339, 
2307445, 338, 336, 339, 340, 
2307477, 336, 335, 340, 340, 
2307510, 333, 334, 339, 339, 
2307542, 331, 333, 339, 339, 
2307574, 324, 329, 339, 338, 
2307606, 323, 330, 339, 338, 
2307639, 331, 337, 339, 339, 
2307671, 344, 343, 340, 340, 
2307703, 349, 345, 341, 340, 
2307735, 351, 346, 340, 340, 
2307768, 350, 345, 340, 339, 
2307800, 348, 344, 342, 340, 
2307832, 346, 342, 340, 340, 
2307864, 344, 342, 339, 339, 
2307897, 343, 341, 339, 339, 
2307929, 342, 341, 339, 340, 
2307961, 341, 340, 339, 339, 
2307993, 340, 340, 339, 339, 
2308026, 340, 340, 339, 340, 
2308058, 338, 340, 340, 340, 
2308090, 339, 339, 338, 339, 
2308122, 338, 338, 339, 339, 
2308155, 337, 337, 337, 339, 
2308187, 335, 337, 338, 339, 
2308219, 335, 337, 339, 339, 
2308251, 337, 338, 339, 340, 
2308284, 337, 337, 339, 338, 
2308316, 317, 329, 335, 337, 
2308347, 329, 337, 338, 337, 
2308380, 337, 337, 338, 338, 
2308412, 338, 337, 339, 339, 
2308445, 338, 336, 339, 338, 
2308476, 334, 334, 339, 339, 
2308509, 331, 333, 339, 339, 
2308541, 326, 330, 337, 338, 
2308574, 322, 331, 339, 338, 
