9545, 335, 339, 339, 1016, 
1869578, 338, 339, 339, 1016, 
1869612, 337, 337, 340, 1016, 
1869511, 335, 339, 339, 1016, 
1869545, 335, 339, 339, 1016, 
1869578, 338, 339, 339, 1016, 
1869612, 337, 337, 39, 1016, 
1869644, 315, 334, 336, 1016, 
1869678, 333, 338, 338, 1016, 
1869711, 338, 337, 339, 1016, 
1869745, 337, 336, 340, 1016, 
1869777, 336, 335, 339, 1016, 
1869811, 332, 335, 339, 1016, 
1869844, 328, 331, 338, 1016, 
1869878, 322, 329, 338, 1016, 
1869911, 321, 330, 338, 1016, 
1869944, 332, 337, 340, 1017, 
1869977, 342, 344, 340, 1016, 
1870011, 348, 346, 340, 1016, 
1870044, 349, 347, 341, 1016, 
1870077, 348, 344, 340, 1016, 
1870110, 346, 343, 340, 1016, 
1870144, 344, 342, 340, 1016, 
1870177, 343, 341, 340, 1016, 
1870211, 341, 341, 339, 1016, 
1870243, 340, 341, 340, 1016, 
1870277, 338, 340, 340, 1016, 
1870310, 339, 338, 339, 1016, 
1870344, 338, 339, 339, 1016, 
1870376, 337, 338, 339, 1016, 
1870410, 337, 338, 339, 1016, 
1870443, 336, 338, 339, 1016, 
1870477, 335, 339, 340, 1016, 
1870510, 334, 338, 339, 1016, 
1870543, 333, 339, 339, 1016, 
1870576, 335, 341, 340, 1016, 
1870610, 335, 341, 339, 1016, 
1870643, 324, 330, 338, 1016, 
1870676, 322, 341, 336, 1016, 
1870709, 335, 339, 338, 1016, 
1870743, 336, 338, 340, 1017, 
1870776, 336, 337, 339, 1016, 
1870810, 333, 335, 339, 1015, 
1870842, 330, 331, 340, 1016, 
1870876, 325, 330, 338, 1016, 
1870909, 320, 328, 339, 1016, 
1870943, 325, 333, 339, 1016, 
1870976, 336, 341, 339, 1016, 
1871009, 346, 345, 341, 1016, 
1871042, 349, 346, 340, 1016, 
1871076, 348, 345, 340, 1016, 
1871109, 347, 345, 340, 1016, 
1871142, 346, 343, 340, 1016, 
1871175, 343, 343, 340, 1016, 
1871209, 342, 342, 340, 1016, 
1871242, 341, 342, 339, 1015, 
1871276, 340, 341, 339, 1016, 
1871308, 339, 341, 340, 1015, 
1871342, 338, 341, 341, 1009, 
1871375, 338, 340, 340, 996, 
1871408, 337, 340, 339, 983, 
1871439, 337, 339, 339, 968, 
1871472, 336, 337, 340, 952, 
1871504, 337, 338, 339, 936, 
1871537, 334, 338, 339, 921, 
1871568, 332, 338, 339, 904, 
1871601, 334, 338, 340, 888, 
1871633, 336, 340, 339, 871, 
1871666, 334, 334, 338, 854, 
1871697, 312, 336, 335, 834, 
1871730, 332, 338, 338, 820, 
1871762, 335, 336, 338, 807, 
1871795, 337, 335, 339, 793, 
1871826, 335, 335, 339, 779, 
1871859, 333, 334, 339, 765, 
1871891, 329, 332, 339, 751, 
1871924, 322, 329, 340, 738, 
1871955, 320, 329, 340, 725, 
1871988, 328, 335, 339, 713, 
1872020, 340, 342, 339, 701, 
1872053, 348, 346, 340, 689, 
1872084, 350, 346, 340, 676, 
1872117, 349, 346, 340, 665, 
1872149, 347, 345, 340, 655, 
1872181, 346, 343, 340, 647, 
1872214, 344, 342, 339, 640, 
1872245, 343, 343, 339, 632, 
1872278, 341, 342, 339, 623, 
1872310, 340, 341, 340, 613, 
1872343, 339, 340, 339, 602, 
1872374, 338, 340, 340, 594, 
1872407, 338, 340, 340, 584, 
1872439, 337, 339, 339, 577, 
1872472, 337, 329, 340, 568, 
1872503, 336, 307, 340, 564, 
1872536, 336, 290, 340, 559, 
1872568, 335, 279, 340, 554, 
1872601, 332, 277, 340, 549, 
1872632, 335, 284, 340, 543, 
1872665, 336, 294, 340, 536, 
1872697, 325, 298, 339, 526, 
1872730, 322, 316, 337, 516, 
1872761, 337, 324, 339, 513, 
1872794, 338, 329, 340, 508, 
1872826, 337, 329, 341, 505, 
1872859, 334, 329, 341, 501, 
1872890, 331, 329, 340, 496, 
1872923, 326, 330, 339, 486, 
1872955, 322, 332, 340, 479, 
1872988, 323, 338, 338, 474, 
1873019, 333, 347, 338, 471, 
1873052, 343, 354, 339, 470, 
1873084, 348, 357, 339, 470, 
1873117, 349, 358, 340, 470, 
1873148, 348, 358, 340, 466, 
1873181, 346, 357, 339, 462, 
1873213, 344, 357, 339, 457, 
1873245, 343, 357, 339, 451, 
1873277, 342, 356, 340, 449, 
1873309, 341, 355, 339, 448, 
1873342, 340, 355, 340, 448, 
1873374, 338, 356, 340, 447, 
1873406, 338, 354, 340, 441, 
1873438, 338, 353, 339, 438, 
1873471, 339, 352, 339, 436, 
1873503, 337, 350, 338, 433, 
1873536, 334, 350, 339, 432, 
1873567, 336, 349, 339, 436, 
1873600, 338, 350, 340, 436, 
1873632, 335, 344, 338, 430, 
1873665, 316, 346, 335, 420, 
1873696, 335, 347, 338, 419, 
1873729, 338, 345, 339, 418, 
1873761, 338, 344, 340, 421, 
1873794, 336, 343, 340, 400, 
1873825, 333, 341, 340, 373, 
1873858, 329, 340, 339, 376, 
1873890, 323, 335, 339, 404, 
1873923, 322, 336, 339, 415, 
1873954, 331, 343, 339, 421, 
1873987, 342, 349, 340, 432, 
1874019, 349, 351, 340, 422, 
1874052, 350, 351, 340, 406, 
1874083, 349, 352, 341, 404, 
1874116, 347, 349, 340, 409, 
1874148, 346, 347, 341, 406, 
1874181, 344, 346, 339, 422, 
1874212, 343, 346, 341, 427, 
1874244, 342, 346, 340, 436, 
1874277, 341, 345, 340, 436, 
1874309, 340, 344, 339, 420, 
1874341, 339, 343, 340, 402, 
1874373, 339, 342, 338, 390, 
1874406, 339, 341, 335, 384, 
1874438, 338, 340, 339, 384, 
1874470, 335, 340, 340, 386, 
1874502, 336, 340, 340, 383, 
1874535, 338, 340, 341, 376, 
1874567, 338, 338, 340, 374, 
1874599, 314, 336, 336, 369, 
1874631, 333, 340, 338, 372, 
1874664, 339, 339, 339, 374, 
1874696, 339, 338, 339, 375, 
1874728, 337, 337, 339, 375, 
1874760, 334, 336, 339, 374, 
1874793, 330, 335, 339, 374, 
1874825, 324, 331, 339, 373, 
1874857, 321, 332, 339, 373, 
1874889, 328, 337, 340, 372, 
1874922, 340, 344, 339, 371, 
1874954, 348, 347, 340, 370, 
1874987, 351, 348, 340, 370, 
1875018, 350, 348, 340, 368, 
1875051, 347, 347, 339, 369, 
1875083, 347, 345, 339, 368, 
1875116, 345, 344, 339, 366, 
1875147, 343, 343, 340, 367, 
1875180, 341, 342, 337, 365, 
1875212, 340, 342, 338, 364, 
1875245, 341, 341, 339, 365, 
1875276, 338, 341, 338, 366, 
1875308, 340, 341, 339, 364, 
1875341, 338, 340, 338, 364, 
1875373, 337, 339, 337, 364, 
1875405, 335, 337, 337, 363, 
1875437, 335, 338, 338, 363, 
1875470, 336, 338, 338, 364, 
1875502, 339, 339, 338, 365, 
1875534, 320, 329, 335, 364, 
1875566, 324, 339, 335, 363, 
1875599, 336, 338, 336, 368, 
1875631, 337, 337, 338, 371, 
1875663, 336, 336, 339, 375, 
1875695, 334, 335, 338, 379, 
1875728, 330, 333, 339, 384, 
1875760, 324, 331, 337, 386, 
1875792, 323, 331, 339, 387, 
1875824, 325, 333, 340, 387, 
1875857, 340, 339, 341, 388, 
1875889, 347, 343, 336, 386, 
1875921, 354, 346, 342, 384, 
1875953, 354, 346, 341, 384, 
1875986, 351, 344, 341, 381, 
1876018, 348, 342, 341, 382, 
1876050, 346, 341, 340, 380, 
1876082, 345, 341, 340, 380, 
1876115, 343, 340, 339, 380, 
1876147, 342, 339, 339, 380, 
1876179, 342, 339, 340, 379, 
1876211, 341, 340, 339, 379, 
1876244, 342, 339, 339, 378, 
1876276, 339, 338, 339, 377, 
1876307, 336, 339, 338, 377, 
1876340, 339, 340, 338, 376, 
1876372, 340, 339, 339, 374, 
1876405, 334, 331, 338, 372, 
1876436, 320, 338, 336, 366, 
1876469, 336, 338, 338, 366, 
1876501, 338, 337, 339, 365, 
1876534, 337, 336, 339, 363, 
1876566, 336, 335, 340, 362, 
1876598, 332, 334, 339, 359, 
1876630, 327, 333, 339, 357, 
1876663, 323, 331, 339, 355, 
1876695, 322, 332, 339, 354, 
1876727, 332, 337, 340, 354, 
1876759, 343, 343, 340, 352, 
1876792, 349, 345, 341, 351, 
1876824, 350, 347, 340, 351, 
1876856, 349, 344, 340, 349, 
1876888, 346, 343, 341, 348, 
1876921, 345, 342, 340, 348, 
1876953, 344, 341, 340, 346, 
1876985, 343, 340, 339, 345, 
1877017, 340, 339, 340, 344, 
1877050, 341, 339, 339, 342, 
1877082, 339, 338, 339, 342, 
1877114, 339, 339, 340, 342, 
1877146, 338, 341, 340, 343, 
1877179, 338, 338, 339, 343, 
1877211, 336, 338, 339, 343, 
1877243, 334, 339, 339, 344, 
1877275, 335, 339, 339, 345, 
1877308, 338, 339, 339, 344, 
1877340, 335, 333, 338, 344, 
1877371, 317, 339, 337, 341, 
1877404, 335, 340, 339, 343, 
1877436, 338, 339, 339, 346, 
1877469, 338, 336, 339, 344, 
1877500, 336, 335, 340, 343, 
1877533, 334, 335, 340, 342, 
1877565, 329, 331, 339, 339, 
1877598, 324, 330, 338, 340, 
1877629, 323, 331, 340, 340, 
1877662, 334, 336, 339, 340, 
1877694, 343, 341, 340, 341, 
1877727, 350, 344, 340, 342, 
1877758, 351, 345, 341, 342, 
1877791, 350, 344, 339, 342, 
1877823, 348, 343, 340, 342, 
1877856, 346, 342, 340, 342, 
1877888, 345, 341, 339, 341, 
1877920, 343, 341, 340, 342, 
1877952, 342, 341, 340, 342, 
1877985, 341, 340, 341, 342, 
1878017, 340, 340, 340, 343, 
1878049, 339, 340, 340, 343, 
1878081, 339, 339, 339, 343, 
1878114, 339, 338, 340, 343, 
1878146, 338, 338, 340, 343, 
1878178, 338, 338, 339, 341, 
1878210, 337, 339, 339, 343, 
1878243, 335, 338, 339, 343, 
1878275, 335, 338, 339, 344, 
1878307, 338, 339, 340, 345, 
1878339, 338, 337, 339, 344, 
1878371, 316, 330, 337, 341, 
1878404, 328, 341, 336, 340, 
1878435, 334, 337, 336, 342, 
1878468, 336, 334, 336, 342, 
1878500, 334, 334, 338, 340, 
1878533, 336, 335, 340, 342, 
1878564, 335, 335, 340, 342, 
1878597, 327, 332, 338, 342, 
1878629, 323, 332, 338, 342, 
1878662, 328, 336, 339, 344, 
1878693, 340, 342, 341, 345, 
1878726, 348, 344, 341, 345, 
1878758, 353, 345, 341, 345, 
1878791, 351, 345, 340, 343, 
1878822, 350, 343, 340, 343, 
1878855, 348, 342, 341, 342, 
1878887, 347, 342, 341, 344, 
1878920, 345, 341, 340, 343, 
1878951, 344, 340, 341, 342, 
1878984, 343, 340, 341, 342, 
1879016, 341, 339, 340, 341, 
1879049, 341, 339, 341, 341, 
1879080, 339, 339, 341, 341, 
1879113, 339, 339, 340, 342, 
1879145, 339, 339, 341, 341, 
1879178, 339, 339, 340, 341, 
1879209, 339, 339, 340, 341, 
1879242, 339, 339, 340, 343, 
1879274, 337, 339, 340, 342, 
1879307, 335, 338, 340, 341, 
1879339, 337, 339, 340, 341, 
1879371, 340, 339, 340, 342, 
1879403, 334, 333, 339, 341, 
1879435, 318, 338, 337, 338, 
1879468, 336, 338, 338, 340, 
1879499, 339, 337, 339, 341, 
1879532, 338, 336, 339, 342, 
1879564, 337, 337, 340, 342, 
1879597, 335, 335, 339, 342, 
1879628, 329, 333, 340, 343, 
1879661, 324, 331, 340, 342, 
1879693, 324, 332, 340, 343, 
1879726, 332, 337, 339, 342, 
1879757, 344, 342, 340, 343, 
1879790, 352, 343, 340, 343, 
1879822, 353, 345, 340, 343, 
1879855, 350, 345, 340, 343, 
1879886, 348, 343, 339, 342, 
1879919, 346, 342, 340, 342, 
1879951, 344, 341, 339, 342, 
1879984, 344, 340, 339, 342, 
1880015, 342, 340, 340, 342, 
1880048, 341, 340, 339, 342, 
1880080, 340, 339, 339, 342, 
1880113, 339, 339, 340, 343, 
1880144, 339, 339, 338, 343, 
1880177, 339, 339, 339, 343, 
1880209, 338, 339, 340, 343, 
1880242, 337, 338, 338, 343, 
1880273, 336, 338, 340, 343, 
1880306, 337, 339, 340, 343, 
1880338, 338, 338, 338, 343, 
1880371, 336, 335, 337, 342, 
1880402, 316, 336, 335, 339, 
1880434, 334, 338, 337, 341, 
1880467, 338, 336, 338, 342, 
1880499, 338, 336, 339, 343, 
1880531, 336, 335, 338, 343, 
1880563, 333, 334, 338, 343, 
1880596, 330, 333, 338, 343, 
1880628, 326, 331, 338, 342, 
1880660, 323, 331, 338, 343, 
1880692, 331, 335, 340, 343, 
1880725, 342, 341, 340, 344, 
1880757, 349, 344, 340, 345, 
1880790, 351, 345, 340, 344, 
1880821, 350, 345, 340, 344, 
1880854, 348, 343, 340, 344, 
1880886, 346, 342, 339, 344, 
1880919, 344, 342, 338, 343, 
1880950, 344, 340, 340, 344, 
1880983, 342, 340, 340, 344, 
1881015, 340, 340, 340, 344, 
1881048, 340, 339, 339, 343, 
1881079, 340, 339, 339, 343, 
1881112, 339, 339, 339, 344, 
1881144, 339, 338, 339, 344, 
1881177, 340, 338, 339, 343, 
1881208, 338, 338, 339, 345, 
1881241, 337, 338, 338, 343, 
1881273, 337, 338, 339, 343, 
1881306, 335, 338, 338, 343, 
1881337, 334, 338, 339, 343, 
1881370, 336, 338, 339, 344, 
1881402, 339, 338, 339, 343, 
1881435, 326, 329, 339, 344, 
1881466, 324, 340, 337, 340, 
1881498, 336, 337, 338, 342, 
1881531, 337, 337, 339, 343, 
1881563, 337, 334, 339, 343, 
1881595, 335, 335, 339, 344, 
1881627, 333, 334, 339, 343, 
1881660, 327, 331, 338, 343, 
1881692, 323, 330, 338, 343, 
1881724, 325, 334, 339, 344, 
1881756, 335, 339, 339, 344, 
1881789, 345, 343, 341, 344, 
1881821, 351, 345, 340, 344, 
1881853, 351, 345, 340, 344, 
1881885, 350, 344, 340, 344, 
1881918, 347, 343, 339, 345, 
1881950, 346, 343, 340, 344, 
1881982, 344, 342, 339, 344, 
1882014, 343, 341, 339, 344, 
1882047, 342, 341, 338, 344, 
1882079, 341, 341, 340, 344, 
1882112, 341, 340, 339, 344, 
1882143, 340, 341, 340, 344, 
1882176, 339, 340, 339, 343, 
1882208, 339, 339, 339, 343, 
1882241, 338, 339, 339, 343, 
1882272, 339, 339, 339, 342, 
1882305, 338, 339, 339, 342, 
1882337, 337, 339, 339, 343, 
1882370, 335, 337, 339, 342, 
1882401, 334, 337, 339, 343, 
1882434, 335, 339, 339, 343, 
1882466, 337, 339, 340, 343, 
1882498, 334, 334, 339, 343, 
1882530, 317, 336, 337, 340, 
1882562, 336, 338, 339, 341, 
1882595, 339, 337, 339, 343, 
1882627, 338, 336, 340, 343, 
1882659, 336, 336, 340, 342, 
1882691, 334, 335, 340, 344, 
1882724, 331, 334, 340, 343, 
1882756, 327, 331, 339, 342, 
1882788, 323, 332, 339, 342, 
1882820, 332, 337, 340, 342, 
1882853, 343, 342, 341, 345, 
1882885, 350, 346, 340, 344, 
1882917, 350, 345, 340, 343, 
1882949, 351, 344, 340, 344, 
1882982, 348, 343, 339, 343, 
1883014, 346, 342, 340, 343, 
1883046, 343, 341, 340, 343, 
1883078, 343, 341, 340, 343, 
1883111, 341, 340, 339, 344, 
1883143, 340, 340, 338, 344, 
1883175, 341, 340, 340, 344, 
1883207, 340, 340, 339, 344, 
1883240, 340, 339, 338, 344, 
1883272, 338, 338, 338, 344, 
1883304, 337, 337, 336, 344, 
1883336, 337, 338, 338, 344, 
1883369, 335, 339, 338, 343, 
1883401, 337, 338, 336, 344, 
1883433, 341, 339, 340, 346, 
1883465, 330, 331, 341, 347, 
1883498, 325, 340, 338, 342, 
1883530, 337, 338, 340, 343, 
1883561, 338, 336, 339, 345, 
1883594, 338, 335, 339, 343, 
1883626, 335, 334, 339, 344, 
1883659, 332, 333, 339, 343, 
1883691, 327, 331, 338, 342, 
1883723, 323, 330, 337, 342, 
1883755, 324, 331, 338, 342, 
1883788, 333, 337, 338, 343, 
1883820, 345, 342, 340, 343, 
1883852, 348, 344, 340, 345, 
1883884, 349, 344, 339, 342, 
1883917, 348, 344, 340, 343, 
1883949, 347, 344, 341, 344, 
1883981, 343, 342, 337, 344, 
1884013, 343, 343, 338, 348, 
1884046, 342, 344, 339, 349, 
1884078, 339, 342, 336, 351, 
1884110, 340, 348, 340, 352, 
1884142, 338, 349, 339, 352, 
1884175, 336, 348, 338, 350, 
1884207, 335, 348, 339, 348, 
1884239, 329, 345, 333, 346, 
1884271, 333, 343, 335, 343, 
1884304, 329, 339, 333, 342, 
1884336, 335, 340, 342, 339, 
1884368, 333, 338, 341, 339, 
1884400, 336, 338, 342, 337, 
1884433, 337, 337, 342, 337, 
1884465, 334, 328, 341, 333, 
1884497, 319, 333, 340, 331, 
1884529, 336, 332, 340, 333, 
1884561, 340, 331, 341, 334, 
1884594, 339, 329, 338, 336, 
1884625, 338, 329, 339, 336, 
1884658, 335, 327, 337, 336, 
1884690, 333, 327, 339, 336, 
1884723, 324, 324, 336, 337, 
1884754, 327, 328, 339, 338, 
1884787, 334, 335, 338, 340, 
1884819, 344, 340, 335, 341, 
1884852, 352, 344, 341, 343, 
1884883, 352, 345, 341, 343, 
1884916, 351, 346, 342, 343, 
1884948, 349, 344, 342, 342, 
1884981, 347, 343, 339, 343, 
1885012, 346, 342, 342, 344, 
1885045, 345, 341, 340, 342, 
1885077, 344, 340, 340, 341, 
1885110, 344, 341, 342, 341, 
1885142, 341, 339, 340, 342, 
1885174, 340, 338, 340, 342, 
1885206, 340, 340, 341, 342, 
1885239, 339, 339, 340, 343, 
1885271, 339, 339, 340, 341, 
1885303, 339, 339, 340, 343, 
1885335, 338, 340, 337, 342, 
1885368, 336, 338, 339, 342, 
1885400, 335, 339, 337, 342, 
1885432, 336, 339, 341, 344, 
1885464, 336, 340, 336, 342, 
1885497, 340, 341, 341, 344, 
1885529, 318, 334, 338, 342, 
1885561, 330, 341, 336, 341, 
1885593, 336, 340, 337, 342, 
1885625, 338, 338, 339, 343, 
1885658, 337, 336, 337, 343, 
1885689, 337, 337, 340, 344, 
1885722, 333, 335, 341, 344, 
1885754, 327, 332, 336, 343, 
1885787, 324, 331, 339, 342, 
1885818, 329, 337, 341, 343, 
1885851, 340, 342, 341, 344, 
1885883, 348, 346, 341, 344, 
1885916, 350, 346, 341, 344, 
1885947, 351, 345, 341, 344, 
1885980, 350, 344, 341, 343, 
1886012, 347, 343, 341, 343, 
1886045, 345, 341, 340, 342, 
1886076, 345, 341, 340, 342, 
1886109, 342, 340, 339, 343, 
1886141, 342, 341, 339, 342, 
1886174, 341, 340, 340, 343, 
1886205, 339, 339, 337, 342, 
1886238, 339, 340, 339, 343, 
1886270, 338, 341, 339, 344, 
1886303, 339, 342, 340, 344, 
1886334, 340, 345, 341, 346, 
1886367, 337, 345, 338, 351, 
1886399, 335, 345, 338, 355, 
1886432, 336, 345, 339, 356, 
1886464, 333, 345, 334, 356, 
1886496, 332, 346, 339, 356, 
1886528, 332, 345, 333, 355, 
1886561, 332, 344, 333, 352, 
1886593, 326, 335, 339, 349, 
1886624, 321, 341, 338, 345, 
1886657, 334, 338, 340, 343, 
1886689, 334, 335, 337, 342, 
1886722, 338, 334, 343, 339, 
1886753, 330, 330, 334, 338, 
1886786, 335, 332, 343, 338, 
1886818, 329, 327, 342, 336, 
1886851, 326, 325, 341, 334, 
1886882, 328, 327, 341, 333, 
1886915, 336, 332, 340, 334, 
1886947, 346, 336, 340, 335, 
1886980, 350, 338, 340, 336, 
1887011, 352, 339, 339, 338, 
1887044, 349, 337, 337, 337, 
1887076, 348, 339, 340, 337, 
1887109, 344, 337, 339, 339, 
1887140, 347, 339, 341, 339, 
1887173, 344, 340, 340, 339, 
1887205, 342, 338, 341, 340, 
1887238, 344, 339, 340, 340, 
1887269, 339, 337, 340, 340, 
1887302, 341, 338, 338, 340, 
1887334, 340, 337, 338, 340, 
1887367, 340, 338, 339, 341, 
1887398, 339, 338, 338, 341, 
1887431, 338, 338, 339, 342, 
1887463, 336, 338, 339, 341, 
1887496, 338, 338, 339, 341, 
1887527, 340, 337, 339, 341, 
1887560, 340, 337, 340, 341, 
1887592, 317, 332, 334, 337, 
1887625, 335, 338, 338, 339, 
1887656, 337, 337, 339, 340, 
1887688, 339, 336, 337, 341, 
1887721, 338, 335, 341, 341, 
1887753, 335, 334, 339, 341, 
1887785, 332, 333, 339, 341, 
1887817, 326, 330, 338, 341, 
1887850, 324, 331, 339, 341, 
1887882, 329, 335, 340, 343, 
1887915, 341, 341, 338, 343, 
1887946, 349, 344, 341, 343, 
1887979, 351, 345, 339, 342, 
1888011, 350, 344, 340, 342, 
1888044, 345, 343, 339, 342, 
1888075, 347, 342, 341, 342, 
1888108, 344, 340, 338, 342, 
1888140, 344, 341, 342, 342, 
1888173, 341, 340, 339, 342, 
1888204, 341, 340, 339, 342, 
1888237, 341, 339, 341, 342, 
1888269, 340, 340, 339, 342, 
1888302, 340, 340, 340, 341, 
1888333, 338, 338, 340, 342, 
1888366, 339, 339, 339, 342, 
1888398, 337, 338, 340, 342, 
1888431, 338, 338, 340, 341, 
1888462, 339, 339, 340, 343, 
1888495, 336, 337, 337, 341, 
1888527, 336, 340, 340, 341, 
1888560, 336, 337, 340, 342, 
1888591, 340, 339, 339, 342, 
1888624, 328, 330, 337, 341, 
1888656, 321, 338, 336, 339, 
1888688, 336, 338, 339, 341, 
1888720, 337, 337, 338, 340, 
1888752, 339, 336, 339, 341, 
1888785, 337, 336, 340, 341, 
1888817, 332, 333, 339, 341, 
1888849, 329, 333, 338, 341, 
1888881, 324, 330, 340, 341, 
1888914, 324, 331, 337, 340, 
1888946, 335, 337, 339, 341, 
1888978, 344, 341, 340, 342, 
1889010, 350, 346, 340, 343, 
1889043, 350, 345, 341, 342, 
1889075, 350, 344, 341, 342, 
1889107, 348, 343, 340, 342, 
1889139, 346, 342, 340, 341, 
1889172, 346, 342, 340, 342, 
1889204, 341, 341, 339, 341, 
1889236, 343, 341, 342, 341, 
1889268, 342, 340, 340, 342, 
1889301, 340, 339, 340, 341, 
1889333, 338, 339, 338, 341, 
1889366, 338, 338, 339, 340, 
1889397, 340, 339, 339, 341, 
1889430, 336, 338, 339, 340, 
1889462, 340, 340, 342, 341, 
1889495, 338, 338, 338, 340, 
1889526, 337, 338, 339, 340, 
1889559, 336, 337, 338, 340, 
1889591, 335, 338, 339, 341, 
1889624, 334, 337, 338, 340, 
1889655, 336, 338, 339, 341, 
1889688, 339, 338, 339, 340, 
1889720, 318, 329, 337, 339, 
1889752, 330, 340, 337, 338, 
1889784, 335, 338, 338, 340, 
1889816, 338, 337, 338, 340, 
1889849, 337, 335, 339, 341, 
1889881, 335, 335, 340, 341, 
1889913, 332, 334, 338, 340, 
1889945, 327, 331, 337, 340, 
1889978, 323, 330, 339, 340, 
1890010, 327, 334, 338, 339, 
1890042, 337, 340, 338, 340, 
1890074, 347, 344, 339, 343, 
1890107, 349, 345, 340, 342, 
1890139, 349, 344, 339, 341, 
1890171, 349, 344, 341, 341, 
1890203, 348, 343, 339, 341, 
1890236, 345, 342, 340, 341, 
1890268, 343, 341, 336, 340, 
1890300, 342, 342, 338, 341, 
1890332, 341, 340, 339, 340, 
1890365, 337, 339, 336, 339, 
1890397, 340, 341, 340, 341, 
1890429, 337, 338, 335, 340, 
1890461, 340, 339, 343, 341, 
1890494, 338, 338, 338, 340, 
1890526, 340, 339, 338, 339, 
1890558, 338, 337, 339, 340, 
1890590, 335, 337, 338, 340, 
1890623, 335, 338, 343, 342, 
1890655, 334, 337, 338, 342, 
1890688, 340, 339, 341, 344, 
1890719, 331, 331, 341, 342, 
1890751, 320, 337, 337, 340, 
1890784, 338, 338, 340, 342, 
1890816, 339, 336, 341, 343, 
1890848, 337, 334, 337, 342, 
1890880, 337, 334, 341, 343, 
1890913, 333, 333, 338, 341, 
1890945, 331, 332, 340, 341, 
1890977, 326, 332, 339, 341, 
1891009, 326, 333, 340, 341, 
1891042, 336, 339, 340, 342, 
1891074, 345, 344, 341, 342, 
1891106, 351, 345, 341, 342, 
1891138, 353, 345, 340, 342, 
1891171, 351, 345, 340, 342, 
1891203, 348, 344, 340, 341, 
1891235, 347, 342, 340, 340, 
1891267, 345, 342, 340, 340, 
1891300, 343, 339, 340, 340, 
1891332, 341, 339, 339, 339, 
1891364, 341, 339, 339, 340, 
1891396, 341, 339, 339, 340, 
1891429, 340, 339, 340, 339, 
1891461, 339, 338, 339, 339, 
1891493, 338, 337, 339, 340, 
1891525, 339, 340, 338, 340, 
1891558, 338, 339, 339, 340, 
1891590, 338, 339, 340, 342, 
1891622, 338, 339, 338, 341, 
1891654, 336, 338, 339, 340, 
1891687, 334, 338, 340, 341, 
1891719, 335, 337, 338, 341, 
1891751, 338, 338, 337, 342, 
1891783, 332, 332, 338, 340, 
1891815, 318, 339, 336, 338, 
1891848, 335, 339, 338, 340, 
1891879, 336, 337, 338, 341, 
1891912, 337, 336, 339, 342, 
1891944, 336, 335, 339, 341, 
1891977, 332, 333, 338, 341, 
1892008, 328, 331, 338, 341, 
1892041, 323, 329, 338, 340, 
1892073, 323, 331, 339, 340, 
1892106, 332, 337, 338, 341, 
1892137, 343, 343, 340, 341, 
1892170, 350, 345, 342, 341, 
1892202, 351, 345, 340, 341, 
1892235, 351, 344, 339, 341, 
1892267, 347, 343, 339, 341, 
1892299, 344, 341, 338, 342, 
1892331, 344, 341, 339, 342, 
1892364, 344, 342, 340, 341, 
1892396, 342, 341, 341, 341, 
1892428, 341, 341, 340, 341, 
1892460, 340, 340, 339, 341, 
1892493, 339, 339, 339, 340, 
1892525, 339, 339, 339, 341, 
1892557, 339, 339, 339, 340, 
1892589, 338, 338, 340, 340, 
1892622, 337, 337, 340, 341, 
1892654, 337, 338, 339, 339, 
1892686, 338, 337, 338, 340, 
1892718, 337, 337, 338, 340, 
1892751, 335, 337, 339, 339, 
1892783, 333, 336, 339, 340, 
1892814, 336, 337, 338, 340, 
1892847, 336, 337, 337, 341, 
1892879, 319, 327, 335, 339, 
1892912, 324, 337, 335, 338, 
1892943, 335, 338, 336, 339, 
1892976, 331, 335, 334, 339, 
1893008, 335, 337, 339, 341, 
1893041, 334, 336, 340, 341, 
1893072, 330, 336, 339, 343, 
1893105, 327, 333, 340, 345, 
1893137, 324, 332, 341, 346, 
1893170, 325, 334, 341, 347, 
1893201, 338, 341, 342, 350, 
1893234, 347, 344, 340, 352, 
1893266, 353, 348, 342, 354, 
1893299, 350, 346, 342, 355, 
1893330, 350, 346, 341, 357, 
1893363, 347, 344, 340, 357, 
1893395, 345, 342, 341, 357, 
1893428, 345, 341, 339, 357, 
1893459, 344, 340, 339, 358, 
1893492, 341, 337, 338, 358, 
1893524, 342, 337, 340, 358, 
1893557, 341, 336, 341, 359, 
1893588, 338, 337, 340, 362, 
1893621, 339, 338, 341, 365, 
1893653, 341, 339, 340, 367, 
1893686, 336, 337, 339, 368, 
1893718, 339, 340, 339, 367, 
1893750, 333, 338, 338, 365, 
1893782, 336, 340, 339, 361, 
1893815, 333, 338, 336, 357, 
1893847, 339, 339, 338, 355, 
1893878, 334, 334, 338, 353, 
1893911, 318, 341, 336, 349, 
1893943, 336, 340, 339, 351, 
1893976, 338, 339, 337, 352, 
1894007, 340, 338, 339, 351, 
1894040, 337, 337, 338, 352, 
1894072, 334, 336, 338, 350, 
1894105, 331, 335, 339, 351, 
1894136, 323, 331, 338, 351, 
1894169, 323, 333, 338, 350, 
1894201, 332, 338, 339, 349, 
1894234, 344, 344, 340, 349, 
1894265, 352, 346, 341, 349, 
1894298, 354, 347, 340, 348, 
1894330, 352, 345, 340, 346, 
1894363, 348, 344, 340, 343, 
1894394, 348, 343, 340, 342, 
1894427, 346, 342, 339, 339, 
1894459, 343, 340, 339, 339, 
1894492, 343, 340, 339, 337, 
1894523, 342, 340, 339, 337, 
1894556, 340, 339, 338, 336, 
1894588, 342, 340, 340, 335, 
1894621, 338, 340, 340, 336, 
1894652, 339, 339, 338, 335, 
1894685, 340, 339, 339, 334, 
1894717, 337, 338, 338, 334, 
1894750, 338, 338, 338, 333, 
1894781, 338, 339, 339, 333, 
1894814, 335, 337, 338, 332, 
1894846, 334, 337, 338, 332, 
1894878, 337, 338, 338, 332, 
1894910, 337, 337, 339, 332, 
1894942, 328, 329, 338, 331, 
1894975, 320, 339, 336, 329, 
1895007, 334, 338, 338, 330, 
1895040, 338, 336, 338, 331, 
1895071, 338, 336, 338, 331, 
1895104, 335, 334, 338, 332, 
1895136, 333, 334, 338, 332, 
1895169, 328, 332, 338, 331, 
1895200, 322, 330, 338, 331, 
1895233, 323, 332, 338, 331, 
1895265, 332, 337, 338, 332, 
1895298, 345, 343, 339, 332, 
1895329, 352, 346, 339, 333, 
1895362, 352, 346, 339, 332, 
1895394, 350, 345, 339, 332, 
1895427, 349, 344, 339, 332, 
1895458, 347, 342, 339, 333, 
1895491, 345, 341, 340, 333, 
1895523, 344, 341, 339, 332, 
1895556, 343, 340, 339, 332, 
1895587, 341, 339, 338, 332, 
1895620, 341, 340, 339, 333, 
1895652, 340, 339, 338, 332, 
1895685, 340, 339, 338, 332, 
1895716, 339, 339, 339, 333, 
1895749, 338, 338, 339, 333, 
1895781, 337, 338, 337, 333, 
1895814, 339, 338, 338, 333, 
1895845, 336, 338, 338, 332, 
1895878, 336, 337, 340, 332, 
1895910, 335, 337, 338, 332, 
1895942, 334, 337, 338, 332, 
1895974, 338, 338, 340, 332, 
1896006, 338, 337, 339, 332, 
1896039, 316, 330, 337, 330, 
1896071, 329, 338, 337, 331, 
1896103, 338, 337, 339, 332, 
1896135, 338, 336, 339, 333, 
1896168, 337, 334, 339, 334, 
1896200, 335, 334, 339, 333, 
1896232, 331, 332, 339, 333, 
1896264, 326, 331, 339, 333, 
1896297, 322, 329, 339, 332, 
1896329, 327, 334, 338, 333, 
1896361, 339, 340, 339, 333, 
1896393, 349, 344, 339, 334, 
1896426, 352, 345, 340, 334, 
1896458, 352, 345, 340, 334, 
1896491, 351, 344, 340, 336, 
1896522, 348, 342, 340, 336, 
1896555, 346, 341, 339, 336, 
1896587, 345, 341, 340, 336, 
1896620, 342, 340, 341, 335, 
1896651, 342, 340, 340, 336, 
1896684, 341, 340, 339, 336, 
1896716, 340, 340, 339, 336, 
1896749, 340, 340, 340, 336, 
1896780, 339, 339, 340, 336, 
1896813, 338, 339, 339, 336, 
1896845, 337, 338, 339, 336, 
1896878, 336, 338, 340, 336, 
1896909, 335, 337, 338, 337, 
1896941, 338, 338, 339, 336, 
1896974, 338, 336, 338, 335, 
1897006, 314, 333, 336, 334, 
1897038, 333, 338, 337, 334, 
1897070, 337, 337, 339, 335, 
1897103, 337, 336, 340, 336, 
1897135, 336, 335, 339, 336, 
1897167, 334, 335, 339, 336, 
1897199, 330, 334, 339, 336, 
1897232, 325, 331, 339, 336, 
1897264, 321, 331, 339, 336, 
1897296, 328, 336, 340, 336, 
1897328, 341, 342, 339, 337, 
1897361, 349, 343, 340, 337, 
1897393, 352, 346, 340, 337, 
1897425, 351, 345, 340, 339, 
1897457, 351, 344, 340, 338, 
1897490, 346, 342, 339, 337, 
1897522, 346, 342, 339, 338, 
1897554, 344, 341, 339, 338, 
1897586, 342, 340, 339, 337, 
1897619, 341, 339, 339, 337, 
1897651, 341, 339, 339, 338, 
1897683, 340, 337, 338, 337, 
1897715, 340, 339, 339, 337, 
1897748, 340, 339, 340, 338, 
1897780, 338, 338, 338, 338, 
1897812, 338, 338, 338, 338, 
1897844, 337, 338, 338, 338, 
1897877, 336, 337, 338, 338, 
1897909, 334, 337, 339, 337, 
1897942, 337, 338, 338, 337, 
1897973, 338, 338, 338, 337, 
1898005, 332, 332, 338, 337, 
1898038, 317, 338, 336, 335, 
1898070, 334, 338, 338, 336, 
1898102, 339, 336, 338, 337, 
1898134, 338, 337, 340, 338, 
1898167, 336, 334, 339, 339, 
1898199, 333, 335, 339, 338, 
1898231, 329, 332, 338, 337, 
1898263, 324, 330, 338, 337, 
1898296, 322, 331, 339, 339, 
1898328, 332, 337, 339, 337, 
1898360, 344, 343, 340, 337, 
1898392, 350, 345, 340, 336, 
1898425, 352, 345, 341, 339, 
1898457, 351, 344, 341, 337, 
1898489, 349, 344, 339, 337, 
1898521, 347, 342, 339, 339, 
1898554, 345, 341, 339, 339, 
1898586, 344, 340, 341, 339, 
1898618, 343, 340, 339, 339, 
1898650, 341, 340, 340, 339, 
1898683, 341, 339, 339, 338, 
1898715, 339, 339, 339, 338, 
1898747, 339, 339, 339, 339, 
1898779, 338, 339, 338, 339, 
1898812, 338, 338, 339, 340, 
1898844, 335, 337, 338, 339, 
1898876, 338, 337, 337, 340, 
1898908, 331, 336, 339, 340, 
1898941, 335, 339, 337, 340, 
1898973, 337, 340, 340, 338, 
1899004, 338, 339, 339, 339, 
1899037, 339, 337, 339, 338, 
1899069, 308, 332, 330, 336, 
1899102, 334, 339, 338, 337, 
1899133, 335, 335, 334, 340, 
1899166, 341, 337, 339, 339, 
1899198, 341, 337, 341, 340, 
1899231, 338, 336, 341, 339, 
1899262, 332, 334, 340, 338, 
1899295, 328, 333, 341, 338, 
1899327, 324, 333, 339, 339, 
1899360, 331, 337, 341, 339, 
1899392, 340, 342, 338, 338, 
1899424, 350, 347, 341, 339, 
1899456, 350, 346, 339, 341, 
1899489, 351, 345, 339, 341, 
1899521, 349, 344, 341, 342, 
1899553, 346, 341, 337, 342, 
1899585, 347, 341, 342, 341, 
1899618, 344, 339, 340, 339, 
1899650, 344, 338, 340, 338, 
1899682, 342, 338, 340, 337, 
1899714, 341, 336, 338, 336, 
1899747, 342, 337, 340, 335, 
1899779, 340, 336, 338, 333, 
1899811, 341, 337, 339, 333, 
1899843, 340, 336, 339, 333, 
1899876, 337, 337, 339, 332, 
1899908, 335, 338, 339, 332, 
1899940, 335, 337, 339, 333, 
1899972, 338, 339, 339, 335, 
1900005, 339, 338, 340, 334, 
1900037, 317, 332, 338, 331, 
1900068, 332, 339, 339, 332, 
1900101, 336, 336, 338, 333, 
1900133, 338, 336, 338, 334, 
1900166, 337, 335, 340, 334, 
1900197, 334, 334, 339, 335, 
1900230, 330, 333, 338, 333, 
1900262, 327, 330, 339, 333, 
1900295, 323, 330, 339, 334, 
1900326, 327, 334, 339, 334, 
1900359, 339, 340, 339, 336, 
1900391, 347, 343, 340, 335, 
1900424, 351, 344, 340, 336, 
1900455, 350, 343, 340, 336, 
1900488, 348, 343, 340, 336, 
1900520, 347, 341, 340, 336, 
1900553, 345, 341, 340, 337, 
1900584, 344, 340, 340, 337, 
1900617, 344, 339, 339, 336, 
1900649, 342, 339, 339, 335, 
1900682, 341, 338, 339, 337, 
1900713, 340, 338, 339, 336, 
1900746, 339, 338, 339, 337, 
1900778, 339, 338, 339, 337, 
1900811, 339, 338, 337, 338, 
1900843, 337, 338, 338, 337, 
1900875, 337, 337, 339, 338, 
1900907, 338, 337, 339, 338, 
1900940, 335, 337, 338, 338, 
1900972, 334, 337, 339, 339, 
1901004, 336, 338, 339, 338, 
1901036, 337, 338, 340, 339, 
1901068, 325, 329, 338, 338, 
1901101, 324, 340, 336, 337, 
1901132, 336, 338, 338, 338, 
1901165, 338, 338, 338, 339, 
1901197, 337, 336, 338, 341, 
1901230, 336, 336, 338, 341, 
1901261, 333, 333, 337, 340, 
1901294, 328, 332, 338, 339, 
1901326, 322, 330, 338, 340, 
1901359, 325, 333, 338, 341, 
1901390, 333, 338, 337, 341, 
1901423, 346, 344, 338, 341, 
1901455, 347, 344, 338, 342, 
1901488, 351, 346, 339, 341, 
1901519, 348, 343, 340, 341, 
1901552, 348, 344, 339, 341, 
1901584, 345, 343, 339, 341, 
1901617, 340, 341, 337, 341, 
1901648, 344, 342, 340, 342, 
1901681, 335, 339, 339, 343, 
1901713, 336, 339, 336, 343, 
1901746, 339, 341, 339, 346, 
1901777, 338, 340, 339, 348, 
1901810, 337, 340, 342, 350, 
1901842, 339, 341, 341, 351, 
1901875, 338, 339, 342, 352, 
1901906, 338, 341, 342, 352, 
1901939, 338, 340, 342, 351, 
1901971, 336, 338, 341, 352, 
1902004, 334, 336, 341, 349, 
1902035, 334, 336, 340, 350, 
1902068, 335, 337, 340, 348, 
1902100, 332, 337, 340, 347, 
1902132, 329, 332, 338, 346, 
1902164, 312, 335, 335, 341, 
1902196, 331, 336, 335, 344, 
1902229, 333, 334, 337, 345, 
1902261, 332, 334, 336, 344, 
1902294, 332, 334, 335, 343, 
1902325, 328, 333, 334, 343, 
1902358, 323, 332, 333, 343, 
1902390, 318, 330, 333, 344, 
1902423, 318, 333, 333, 343, 
1902454, 327, 340, 332, 343, 
1902487, 340, 346, 335, 344, 
1902519, 346, 348, 335, 345, 
1902552, 346, 349, 335, 345, 
1902583, 348, 348, 336, 345, 
1902616, 341, 346, 334, 344, 
1902648, 343, 345, 336, 342, 
1902681, 340, 346, 337, 341, 
1902712, 341, 345, 338, 341, 
1902745, 342, 347, 340, 341, 
1902777, 339, 345, 342, 340, 
1902810, 340, 346, 343, 341, 
1902841, 337, 344, 342, 339, 
1902874, 339, 345, 344, 339, 
1902906, 337, 344, 344, 337, 
1902939, 342, 346, 346, 338, 
1902970, 338, 343, 344, 338, 
1903003, 342, 346, 344, 337, 
1903035, 339, 343, 344, 336, 
1903068, 338, 343, 343, 336, 
1903099, 332, 339, 343, 337, 
1903131, 342, 344, 341, 337, 
1903164, 336, 335, 340, 337, 
1903196, 318, 336, 335, 334, 
1903228, 336, 340, 337, 337, 
1903260, 337, 338, 339, 339, 
1903293, 341, 339, 339, 339, 
1903325, 336, 337, 339, 340, 
1903357, 336, 337, 339, 340, 
1903389, 331, 335, 340, 340, 
1903422, 326, 332, 339, 339, 
1903454, 323, 330, 339, 340, 
1903486, 334, 338, 340, 339, 
1903518, 343, 342, 341, 341, 
1903551, 349, 345, 340, 342, 
1903583, 354, 347, 341, 342, 
1903616, 353, 345, 341, 341, 
1903647, 346, 342, 342, 341, 
1903680, 351, 344, 342, 341, 
1903712, 348, 343, 341, 341, 
1903745, 344, 342, 341, 341, 
1903776, 345, 342, 341, 341, 
1903809, 343, 340, 341, 341, 
1903841, 342, 340, 341, 341, 
1903874, 342, 340, 341, 341, 
1903905, 340, 340, 341, 341, 
1903938, 341, 338, 340, 342, 
1903970, 341, 338, 340, 340, 
1904003, 339, 338, 340, 341, 
1904034, 340, 337, 339, 342, 
1904067, 338, 338, 340, 340, 
1904099, 337, 338, 340, 340, 
1904132, 339, 338, 338, 340, 
1904163, 340, 338, 340, 339, 
1904195, 333, 331, 340, 339, 
1904228, 323, 338, 336, 336, 
1904260, 336, 336, 338, 338, 
1904292, 339, 336, 339, 339, 
1904324, 340, 336, 340, 340, 
1904357, 338, 335, 340, 340, 
1904389, 333, 333, 338, 339, 
1904421, 331, 330, 339, 339, 
1904453, 322, 328, 339, 339, 
1904486, 325, 329, 339, 339, 
1904518, 334, 335, 340, 340, 
1904550, 347, 342, 340, 340, 
1904582, 352, 344, 341, 341, 
1904615, 352, 343, 341, 341, 
1904647, 352, 343, 340, 341, 
1904679, 349, 341, 340, 341, 
1904711, 349, 342, 341, 341, 
1904744, 343, 339, 340, 341, 
1904776, 346, 340, 341, 341, 
1904808, 342, 338, 340, 340, 
1904840, 343, 338, 340, 341, 
1904873, 339, 336, 339, 340, 
1904905, 341, 337, 339, 341, 
1904937, 339, 337, 340, 341, 
1904969, 340, 337, 339, 340, 
1905002, 339, 336, 339, 339, 
1905034, 339, 337, 340, 340, 
1905067, 338, 336, 339, 339, 
1905098, 337, 335, 339, 338, 
1905131, 335, 336, 339, 339, 
1905163, 336, 337, 339, 338, 
1905195, 336, 337, 339, 339, 
1905227, 341, 338, 340, 340, 
1905259, 321, 330, 337, 337, 
1905292, 327, 338, 337, 336, 
1905324, 338, 338, 339, 340, 
1905356, 339, 337, 339, 339, 
1905388, 340, 338, 340, 340, 
1905421, 334, 333, 339, 339, 
1905453, 334, 334, 340, 339, 
1905485, 326, 331, 338, 338, 
1905517, 324, 331, 339, 338, 
1905550, 326, 332, 339, 339, 
1905582, 338, 340, 339, 341, 
1905614, 346, 344, 340, 340, 
1905646, 351, 346, 341, 341, 
1905679, 352, 345, 341, 340, 
1905711, 348, 343, 340, 340, 
1905743, 348, 343, 340, 339, 
1905775, 347, 342, 338, 339, 
1905808, 346, 342, 340, 341, 
1905840, 345, 341, 340, 340, 
1905872, 343, 340, 339, 340, 
1905904, 343, 340, 340, 339, 
1905937, 339, 339, 339, 339, 
1905969, 341, 339, 339, 339, 
1906001, 339, 338, 339, 339, 
1906033, 338, 337, 339, 339, 
1906066, 339, 338, 339, 338, 
1906098, 338, 338, 339, 338, 
1906130, 338, 338, 339, 338, 
1906162, 334, 337, 338, 338, 
1906195, 335, 339, 339, 338, 
1906227, 335, 336, 337, 338, 
1906258, 339, 336, 338, 339, 
1906291, 316, 328, 336, 336, 
1906323, 328, 336, 337, 337, 
1906356, 339, 336, 338, 338, 
1906387, 338, 336, 339, 339, 
1906420, 337, 334, 338, 339, 
1906452, 337, 335, 339, 338, 
1906485, 330, 331, 338, 340, 
1906516, 328, 331, 339, 339, 
1906549, 321, 328, 338, 338, 
1906581, 327, 332, 338, 339, 
1906614, 338, 340, 339, 339, 
1906646, 349, 343, 339, 339, 
1906678, 352, 346, 340, 340, 
1906710, 353, 345, 340, 340, 
1906743, 349, 343, 340, 340, 
1906775, 349, 343, 341, 340, 
1906807, 346, 342, 340, 340, 
1906839, 345, 341, 339, 338, 
1906872, 345, 340, 340, 340, 
1906904, 340, 339, 339, 339, 
1906936, 344, 340, 339, 340, 
1906968, 338, 337, 339, 340, 
1907001, 341, 339, 339, 340, 
1907033, 338, 338, 340, 340, 
1907065, 341, 339, 339, 340, 
1907097, 335, 338, 336, 339, 
1907130, 338, 338, 339, 339, 
1907162, 337, 337, 339, 340, 
1907194, 340, 338, 339, 340, 
1907226, 318, 331, 337, 336, 
1907258, 331, 338, 336, 336, 
1907291, 337, 337, 339, 338, 
1907322, 338, 336, 338, 340, 
1907355, 338, 336, 339, 340, 
1907387, 335, 335, 339, 340, 
1907420, 332, 333, 338, 340, 
1907451, 327, 331, 338, 339, 
1907484, 320, 329, 339, 339, 
1907516, 327, 334, 338, 340, 
1907549, 338, 341, 340, 340, 
1907580, 349, 345, 340, 341, 
1907613, 349, 344, 340, 341, 
1907645, 353, 345, 339, 340, 
1907678, 349, 343, 340, 340, 
1907709, 349, 343, 340, 341, 
1907742, 344, 340, 339, 340, 
1907774, 345, 340, 339, 340, 
1907807, 341, 340, 339, 340, 
1907838, 342, 339, 340, 340, 
1907871, 341, 339, 339, 341, 
1907903, 341, 339, 340, 340, 
1907936, 338, 337, 340, 340, 
1907968, 339, 338, 341, 340, 
1908000, 339, 338, 340, 340, 
1908032, 337, 337, 339, 339, 
1908065, 336, 336, 338, 338, 
1908097, 335, 336, 338, 339, 
1908129, 335, 337, 339, 339, 
1908161, 339, 338, 339, 339, 
1908194, 333, 331, 337, 339, 
1908226, 314, 333, 335, 335, 
1908258, 337, 339, 337, 338, 
1908290, 339, 337, 340, 339, 
1908322, 339, 336, 340, 338, 
1908355, 337, 334, 339, 338, 
1908386, 333, 334, 339, 338, 
1908419, 332, 333, 341, 339, 
1908451, 326, 332, 339, 342, 
1908484, 328, 331, 340, 345, 
1908515, 330, 336, 340, 348, 
1908548, 348, 342, 343, 349, 
1908580, 352, 346, 342, 349, 
1908613, 352, 345, 340, 346, 
1908644, 352, 344, 339, 342, 
1908677, 351, 341, 340, 337, 
1908709, 350, 342, 339, 334, 
1908742, 349, 341, 339, 331, 
1908773, 344, 342, 339, 329, 
1908806, 346, 340, 339, 330, 
1908838, 346, 340, 341, 332, 
1908871, 342, 339, 339, 333, 
1908902, 342, 338, 341, 337, 
1908935, 341, 336, 338, 340, 
1908967, 339, 337, 339, 343, 
1909000, 339, 337, 340, 346, 
1909031, 339, 340, 339, 346, 
1909064, 336, 338, 338, 347, 
1909096, 334, 338, 337, 346, 
1909129, 335, 338, 340, 346, 
1909160, 341, 341, 340, 344, 
1909193, 339, 338, 339, 343, 
1909225, 315, 333, 336, 340, 
1909258, 333, 339, 339, 339, 
1909289, 337, 337, 338, 339, 
1909321, 338, 336, 339, 339, 
1909354, 336, 335, 339, 339, 
1909386, 333, 334, 338, 338, 
1909419, 330, 332, 339, 337, 
1909450, 324, 330, 337, 337, 
1909483, 320, 330, 335, 336, 
1909515, 326, 335, 339, 338, 
1909548, 338, 341, 337, 337, 
1909579, 348, 345, 340, 336, 
1909612, 350, 345, 339, 337, 
1909644, 350, 345, 339, 338, 
1909677, 349, 345, 340, 338, 
1909708, 346, 343, 339, 338, 
1909741, 345, 341, 339, 339, 
1909773, 343, 340, 339, 338, 
1909806, 343, 340, 339, 338, 
1909837, 341, 340, 339, 337, 
1909870, 341, 338, 340, 337, 
1909902, 339, 338, 340, 336, 
1909935, 339, 339, 340, 336, 
1909966, 339, 338, 339, 336, 
1909999, 338, 338, 339, 337, 
1910031, 338, 337, 339, 337, 
1910064, 338, 337, 338, 338, 
1910095, 337, 338, 339, 339, 
1910128, 336, 337, 338, 338, 
1910160, 331, 337, 337, 338, 
1910193, 332, 336, 337, 338, 
1910224, 336, 337, 337, 338, 
1910257, 326, 328, 335, 338, 
1910289, 314, 336, 333, 334, 
1910322, 328, 336, 337, 336, 
1910353, 337, 336, 338, 337, 
1910385, 337, 335, 340, 338, 
1910418, 330, 333, 339, 338, 
1910450, 335, 335, 338, 337, 
1910482, 325, 331, 339, 337, 
1910514, 324, 331, 339, 338, 
1910547, 324, 334, 341, 338, 
1910579, 330, 337, 340, 340, 
1910611, 347, 345, 341, 342, 
1910643, 344, 342, 342, 344, 
1910676, 353, 343, 339, 347, 
1910708, 351, 341, 341, 349, 
1910740, 351, 343, 342, 353, 
1910772, 347, 345, 341, 357, 
1910805, 344, 345, 341, 361, 
1910837, 346, 348, 341, 359, 
1910870, 343, 348, 341, 356, 
1910901, 341, 347, 340, 352, 
1910934, 343, 349, 340, 352, 
1910966, 338, 347, 340, 347, 
1910999, 342, 349, 340, 351, 
1911030, 341, 347, 341, 355, 
1911063, 341, 346, 339, 361, 
1911095, 339, 346, 339, 368, 
1911128, 335, 345, 338, 372, 
1911159, 336, 347, 339, 377, 
1911192, 337, 346, 339, 380, 
1911224, 338, 346, 338, 380, 
1911257, 335, 341, 338, 377, 
1911288, 317, 345, 336, 369, 
1911321, 335, 343, 338, 367, 
1911353, 338, 344, 338, 366, 
1911385, 337, 342, 339, 365, 
1911417, 335, 342, 339, 362, 
1911449, 333, 343, 338, 358, 
1911482, 328, 342, 339, 356, 
1911514, 322, 347, 338, 353, 
1911546, 320, 359, 338, 349, 
1911578, 330, 369, 338, 346, 
1911611, 342, 370, 338, 343, 
1911643, 349, 367, 338, 341, 
1911675, 352, 359, 339, 338, 
1911707, 350, 352, 338, 336, 
1911740, 348, 345, 339, 335, 
1911772, 346, 340, 338, 334, 
1911804, 345, 336, 338, 333, 
1911836, 344, 333, 339, 333, 
1911869, 343, 331, 340, 333, 
1911901, 342, 330, 338, 334, 
1911933, 341, 330, 339, 333, 
1911965, 340, 329, 338, 334, 
1911998, 339, 329, 338, 334, 
1912030, 339, 329, 338, 335, 
1912062, 338, 329, 339, 337, 
1912094, 338, 329, 338, 336, 
1912127, 336, 329, 338, 335, 
1912159, 333, 330, 338, 337, 
1912192, 335, 330, 338, 335, 
1912223, 337, 330, 338, 335, 
1912256, 340, 329, 338, 335, 
1912288, 315, 324, 337, 332, 
1912321, 329, 333, 336, 331, 
1912352, 337, 331, 338, 333, 
1912385, 338, 330, 339, 333, 
1912417, 337, 330, 339, 334, 
1912449, 336, 329, 339, 333, 
1912481, 330, 328, 339, 333, 
1912513, 326, 327, 339, 333, 
1912546, 321, 326, 339, 332, 
1912578, 327, 330, 340, 333, 
1912610, 338, 335, 339, 333, 
1912642, 348, 339, 341, 332, 
1912675, 351, 340, 340, 333, 
1912707, 352, 340, 340, 333, 
1912739, 349, 339, 340, 333, 
1912771, 347, 339, 339, 335, 
1912804, 345, 339, 339, 333, 
1912836, 343, 339, 339, 333, 
1912868, 342, 337, 339, 334, 
1912900, 340, 336, 339, 335, 
1912933, 340, 337, 339, 335, 
1912965, 340, 336, 339, 334, 
1912997, 339, 335, 339, 334, 
1913029, 338, 336, 339, 334, 
1913062, 339, 335, 339, 333, 
1913094, 338, 336, 339, 334, 
1913126, 338, 335, 339, 334, 
1913158, 336, 334, 338, 334, 
1913191, 337, 333, 338, 333, 
1913223, 335, 334, 338, 332, 
1913255, 335, 335, 339, 333, 
1913287, 337, 336, 339, 332, 
1913320, 338, 337, 338, 332, 
1913352, 324, 327, 338, 332, 
1913384, 323, 339, 337, 330, 
1913416, 335, 336, 338, 331, 
1913448, 339, 335, 338, 332, 
1913481, 338, 334, 340, 333, 
1913512, 336, 333, 339, 334, 
1913545, 333, 333, 339, 334, 
1913577, 327, 331, 339, 333, 
1913610, 322, 329, 338, 334, 
1913641, 322, 332, 339, 334, 
1913674, 334, 337, 340, 335, 
1913706, 346, 343, 339, 335, 
1913739, 351, 345, 339, 335, 
1913771, 352, 344, 339, 335, 
1913803, 350, 343, 339, 335, 
1913835, 348, 342, 339, 335, 
1913868, 346, 341, 338, 335, 
1913900, 343, 340, 339, 335, 
1913932, 343, 340, 339, 336, 
1913964, 342, 340, 338, 335, 
1913997, 341, 339, 339, 335, 
1914029, 340, 339, 340, 335, 
1914061, 339, 338, 339, 335, 
1914093, 340, 338, 338, 335, 
1914126, 338, 338, 338, 335, 
1914158, 339, 338, 338, 335, 
1914190, 339, 337, 338, 336, 
1914222, 338, 337, 338, 336, 
1914255, 338, 338, 339, 337, 
1914287, 337, 337, 338, 336, 
1914319, 335, 338, 338, 336, 
1914351, 335, 337, 338, 336, 
1914384, 337, 338, 338, 336, 
1914416, 336, 334, 338, 335, 
1914448, 315, 336, 337, 333, 
1914480, 334, 336, 338, 334, 
1914512, 338, 337, 338, 335, 
1914545, 337, 335, 339, 335, 
1914576, 336, 335, 338, 335, 
1914609, 333, 335, 339, 336, 
1914641, 329, 333, 339, 336, 
1914674, 324, 331, 339, 336, 
1914705, 322, 332, 340, 337, 
1914738, 330, 337, 339, 337, 
1914770, 341, 341, 339, 336, 
1914803, 349, 344, 339, 337, 
1914834, 352, 345, 340, 337, 
1914867, 351, 345, 340, 337, 
1914899, 349, 343, 339, 337, 
1914932, 347, 343, 339, 337, 
1914963, 345, 343, 339, 336, 
1914996, 344, 340, 339, 336, 
1915028, 343, 341, 340, 336, 
1915061, 341, 341, 339, 335, 
1915092, 341, 340, 339, 335, 
1915125, 340, 341, 339, 336, 
1915157, 338, 340, 339, 335, 
1915190, 338, 339, 339, 335, 
1915222, 338, 338, 338, 335, 
1915254, 336, 337, 338, 335, 
1915286, 334, 339, 339, 335, 
1915319, 335, 338, 339, 335, 
1915351, 337, 338, 339, 335, 
1915383, 335, 334, 338, 334, 
1915415, 314, 337, 335, 332, 
1915448, 334, 338, 337, 333, 
1915480, 337, 337, 337, 334, 
1915511, 337, 336, 337, 335, 
1915544, 335, 335, 338, 337, 
1915576, 333, 334, 339, 337, 
1915609, 329, 333, 339, 338, 
1915640, 323, 331, 339, 339, 
1915673, 323, 331, 340, 338, 
1915705, 330, 337, 339, 338, 
1915738, 343, 341, 339, 338, 
1915769, 349, 344, 339, 338, 
1915802, 351, 344, 341, 338, 
1915834, 350, 344, 339, 337, 
1915867, 348, 343, 339, 337, 
1915898, 345, 341, 339, 337, 
1915931, 345, 341, 338, 337, 
1915963, 343, 340, 339, 338, 
1915996, 342, 339, 338, 336, 
1916027, 341, 339, 340, 336, 
1916060, 340, 339, 339, 336, 
1916092, 339, 339, 339, 337, 
1916125, 339, 338, 338, 337, 
1916156, 337, 338, 339, 337, 
1916189, 338, 337, 339, 337, 
