, 
917416, 339, 338, 339, 338, 
917448, 338, 337, 339, 338, 
917479, 337, 336, 338, 8, 339, 339, 
917386, 339, 338, 339, 338, 
917416, 339, 338, 339, 338, 
917448, 338, 337, 339, 338, 
917479, 337, 336, 338, 37, 
917510, 335, 337, 338, 337, 
917541, 334, 337, 338, 338, 
917572, 337, 340, 340, 338, 
917604, 337, 336, 339, 337, 
917635, 320, 330, 339, 337, 
917666, 326, 340, 336, 335, 
917697, 335, 337, 337, 336, 
917729, 337, 335, 338, 337, 
917760, 336, 334, 338, 337, 
917791, 335, 334, 339, 338, 
917822, 332, 333, 339, 338, 
917854, 327, 331, 338, 338, 
917884, 323, 330, 338, 338, 
917916, 323, 333, 339, 338, 
917947, 334, 338, 339, 338, 
917979, 344, 341, 339, 338, 
918009, 349, 343, 338, 338, 
918040, 350, 343, 339, 339, 
918072, 349, 342, 339, 338, 
918103, 348, 342, 339, 338, 
918134, 345, 341, 339, 337, 
918165, 344, 340, 339, 338, 
918197, 342, 341, 339, 338, 
918227, 343, 339, 339, 339, 
918259, 340, 339, 339, 338, 
918290, 339, 338, 339, 339, 
918322, 339, 338, 339, 338, 
918352, 338, 338, 338, 338, 
918384, 337, 337, 337, 337, 
918415, 337, 338, 338, 338, 
918447, 336, 337, 339, 338, 
918477, 334, 338, 337, 338, 
918508, 335, 337, 338, 338, 
918540, 337, 338, 338, 337, 
918571, 337, 336, 338, 337, 
918602, 315, 334, 335, 335, 
918633, 330, 338, 336, 337, 
918665, 336, 336, 338, 338, 
918695, 337, 335, 339, 337, 
918727, 336, 334, 339, 339, 
918758, 334, 334, 339, 338, 
918790, 331, 333, 338, 339, 
918820, 326, 331, 340, 338, 
918852, 322, 330, 338, 338, 
918883, 326, 333, 339, 337, 
918915, 337, 338, 338, 338, 
918945, 346, 342, 339, 339, 
918977, 349, 343, 338, 338, 
919008, 349, 343, 338, 338, 
919038, 348, 342, 339, 338, 
919070, 348, 341, 339, 338, 
919101, 344, 340, 338, 338, 
919133, 344, 342, 339, 338, 
919163, 343, 340, 338, 338, 
919195, 341, 340, 339, 337, 
919226, 341, 338, 339, 337, 
919258, 340, 338, 339, 338, 
919288, 339, 339, 338, 338, 
919320, 338, 338, 340, 339, 
919351, 336, 338, 338, 337, 
919383, 335, 338, 338, 338, 
919413, 336, 338, 338, 339, 
919445, 339, 339, 338, 339, 
919476, 331, 331, 337, 338, 
919506, 320, 341, 336, 336, 
919538, 334, 337, 337, 339, 
919569, 338, 336, 338, 338, 
919601, 338, 336, 339, 338, 
919631, 335, 335, 339, 338, 
919663, 332, 336, 338, 338, 
919694, 328, 333, 338, 338, 
919726, 323, 331, 338, 340, 
919756, 322, 333, 339, 339, 
919788, 331, 335, 338, 338, 
919819, 340, 341, 338, 339, 
919851, 347, 343, 338, 339, 
919881, 350, 344, 338, 339, 
919913, 349, 344, 338, 340, 
919944, 348, 343, 338, 339, 
919975, 346, 341, 339, 339, 
920006, 343, 341, 338, 339, 
920037, 342, 340, 338, 339, 
920069, 342, 341, 339, 339, 
920099, 342, 340, 338, 339, 
920131, 341, 339, 339, 338, 
920162, 339, 338, 339, 338, 
920194, 339, 338, 338, 338, 
920224, 338, 338, 339, 339, 
920256, 337, 338, 338, 338, 
920287, 336, 338, 338, 337, 
920318, 335, 338, 338, 337, 
920349, 335, 337, 338, 337, 
920381, 337, 337, 338, 337, 
920412, 331, 331, 337, 337, 
920443, 318, 338, 336, 334, 
920474, 333, 337, 337, 336, 
920505, 336, 335, 338, 338, 
920537, 337, 335, 338, 337, 
920567, 336, 335, 338, 340, 
920599, 333, 334, 338, 338, 
920630, 328, 331, 338, 338, 
920662, 323, 331, 338, 337, 
920692, 321, 331, 338, 337, 
920724, 328, 335, 338, 337, 
920755, 341, 340, 337, 337, 
920786, 347, 343, 339, 337, 
920817, 350, 343, 339, 337, 
920849, 349, 342, 338, 337, 
920880, 348, 342, 339, 338, 
920911, 346, 341, 339, 338, 
920942, 345, 340, 339, 338, 
920974, 343, 340, 340, 339, 
921005, 343, 340, 338, 337, 
921035, 341, 339, 339, 338, 
921067, 341, 337, 338, 339, 
921098, 339, 338, 338, 338, 
921129, 339, 339, 338, 338, 
921160, 339, 338, 338, 339, 
921192, 338, 339, 338, 338, 
921223, 337, 336, 338, 337, 
921254, 335, 338, 338, 337, 
921285, 334, 336, 338, 338, 
921317, 337, 337, 338, 339, 
921348, 338, 337, 338, 338, 
921379, 319, 330, 337, 337, 
921410, 327, 339, 336, 336, 
921442, 336, 337, 337, 338, 
921473, 337, 335, 338, 338, 
921503, 337, 335, 339, 340, 
921535, 335, 335, 338, 340, 
921566, 331, 334, 338, 340, 
921597, 327, 332, 338, 340, 
921628, 322, 332, 338, 343, 
921660, 323, 334, 338, 342, 
921691, 334, 339, 338, 342, 
921722, 344, 343, 339, 344, 
921753, 349, 345, 339, 344, 
921785, 350, 344, 338, 343, 
921816, 348, 344, 339, 344, 
921847, 346, 344, 339, 343, 
921878, 345, 342, 339, 344, 
921910, 343, 342, 340, 343, 
921940, 342, 342, 339, 343, 
921972, 341, 340, 339, 342, 
922003, 340, 341, 339, 343, 
922034, 340, 340, 337, 342, 
922065, 338, 339, 338, 342, 
922096, 338, 338, 337, 342, 
922128, 337, 339, 338, 342, 
922159, 337, 338, 338, 343, 
922190, 337, 337, 338, 342, 
922221, 336, 337, 337, 342, 
922253, 336, 338, 337, 341, 
922284, 333, 336, 339, 340, 
922315, 336, 337, 339, 339, 
922346, 337, 335, 338, 338, 
922378, 318, 329, 335, 335, 
922408, 327, 336, 336, 335, 
922440, 335, 334, 337, 335, 
922471, 338, 334, 337, 335, 
922502, 337, 333, 338, 336, 
922533, 335, 333, 338, 335, 
922564, 331, 332, 339, 336, 
922596, 327, 329, 338, 335, 
922627, 322, 328, 338, 335, 
922658, 325, 331, 339, 335, 
922689, 334, 337, 338, 335, 
922721, 345, 341, 340, 336, 
922752, 348, 342, 338, 336, 
922783, 350, 344, 339, 337, 
922814, 350, 344, 339, 336, 
922846, 347, 342, 339, 336, 
922876, 346, 341, 338, 336, 
922908, 345, 339, 339, 337, 
922939, 343, 339, 339, 337, 
922971, 341, 339, 338, 336, 
923001, 340, 339, 338, 336, 
923032, 341, 338, 338, 337, 
923064, 339, 338, 338, 336, 
923095, 339, 338, 338, 336, 
923126, 338, 338, 338, 336, 
923157, 338, 338, 338, 336, 
923189, 336, 338, 339, 335, 
923219, 334, 339, 338, 334, 
923251, 334, 337, 338, 335, 
923282, 337, 338, 338, 336, 
923314, 337, 337, 338, 336, 
923344, 316, 333, 336, 333, 
923376, 329, 339, 336, 334, 
923407, 335, 337, 338, 335, 
923439, 337, 336, 337, 336, 
923469, 337, 335, 337, 336, 
923500, 334, 334, 338, 336, 
923532, 331, 334, 337, 336, 
923563, 326, 331, 338, 336, 
923594, 322, 330, 338, 336, 
923625, 324, 333, 338, 336, 
923657, 335, 338, 338, 336, 
923687, 346, 343, 339, 337, 
923719, 349, 344, 339, 338, 
923750, 350, 343, 339, 337, 
923782, 349, 343, 338, 338, 
923812, 347, 342, 338, 337, 
923844, 345, 340, 339, 337, 
923875, 345, 340, 339, 337, 
923907, 342, 340, 340, 337, 
923937, 342, 339, 339, 337, 
923969, 340, 338, 339, 338, 
924000, 340, 339, 338, 337, 
924030, 339, 338, 339, 338, 
924062, 338, 339, 338, 337, 
924093, 338, 338, 338, 337, 
924125, 337, 337, 338, 337, 
924155, 337, 337, 338, 338, 
924187, 335, 337, 339, 337, 
924218, 334, 337, 339, 337, 
924250, 335, 337, 338, 337, 
924280, 336, 336, 338, 338, 
924312, 336, 335, 337, 337, 
924343, 315, 332, 335, 334, 
924375, 330, 337, 336, 335, 
924405, 336, 335, 338, 336, 
924437, 337, 335, 337, 337, 
924468, 336, 334, 338, 337, 
924498, 335, 334, 340, 337, 
924530, 331, 332, 338, 337, 
924561, 326, 331, 338, 336, 
924593, 321, 330, 337, 336, 
924623, 325, 333, 338, 337, 
924655, 336, 338, 337, 337, 
924686, 345, 342, 339, 338, 
924718, 350, 345, 339, 339, 
924748, 350, 344, 339, 338, 
924780, 349, 343, 339, 337, 
924811, 347, 342, 338, 338, 
924843, 345, 341, 338, 337, 
924873, 343, 340, 338, 337, 
924905, 343, 340, 338, 337, 
924936, 341, 341, 338, 337, 
924967, 340, 339, 339, 339, 
924998, 340, 338, 338, 337, 
925029, 339, 338, 338, 337, 
925061, 338, 338, 338, 337, 
925091, 337, 337, 338, 337, 
925123, 338, 337, 338, 337, 
925154, 338, 338, 339, 337, 
925186, 337, 336, 337, 337, 
925216, 336, 337, 337, 337, 
925248, 334, 337, 338, 337, 
925279, 336, 337, 339, 337, 
925310, 337, 336, 338, 336, 
925341, 319, 329, 337, 335, 
925373, 327, 339, 337, 334, 
925404, 335, 336, 337, 336, 
925435, 337, 335, 338, 337, 
925466, 337, 335, 337, 335, 
925497, 335, 334, 338, 337, 
925529, 331, 333, 338, 338, 
925559, 327, 330, 338, 337, 
925591, 323, 329, 337, 336, 
925622, 325, 333, 338, 338, 
925654, 334, 337, 338, 337, 
925684, 344, 341, 338, 337, 
925716, 349, 343, 339, 338, 
925747, 350, 343, 339, 338, 
925778, 349, 342, 338, 338, 
925809, 347, 341, 339, 338, 
925841, 345, 340, 340, 338, 
925872, 343, 340, 339, 338, 
925903, 342, 340, 339, 338, 
925934, 342, 340, 339, 337, 
925966, 341, 339, 339, 337, 
925997, 339, 338, 338, 337, 
926027, 339, 339, 338, 338, 
926059, 339, 338, 338, 338, 
926090, 338, 338, 338, 339, 
926121, 337, 337, 339, 338, 
926152, 337, 337, 339, 338, 
926184, 337, 337, 338, 338, 
926215, 335, 337, 337, 336, 
926246, 333, 337, 337, 337, 
926277, 336, 336, 338, 337, 
926309, 337, 337, 337, 338, 
926340, 326, 329, 337, 338, 
926371, 321, 338, 335, 334, 
926402, 334, 336, 337, 337, 
926434, 337, 335, 336, 339, 
926465, 336, 336, 338, 337, 
926495, 336, 334, 338, 338, 
926527, 333, 333, 338, 338, 
926558, 328, 331, 338, 338, 
926589, 322, 329, 338, 338, 
926620, 322, 330, 338, 337, 
926652, 331, 336, 338, 337, 
926683, 342, 340, 338, 337, 
926714, 348, 343, 338, 338, 
926745, 350, 343, 338, 338, 
926777, 348, 343, 339, 338, 
926808, 347, 342, 339, 339, 
926839, 346, 341, 340, 338, 
926870, 344, 340, 339, 337, 
926902, 343, 340, 339, 338, 
926932, 341, 340, 340, 338, 
926964, 341, 339, 339, 338, 
926995, 339, 339, 339, 339, 
927026, 339, 339, 338, 338, 
927057, 339, 338, 338, 338, 
927088, 338, 338, 338, 338, 
927120, 337, 337, 338, 338, 
927151, 335, 338, 338, 338, 
927182, 335, 337, 338, 338, 
927213, 337, 338, 338, 338, 
927245, 338, 337, 338, 339, 
927276, 319, 330, 337, 337, 
927307, 327, 339, 336, 335, 
927338, 336, 336, 338, 339, 
927370, 337, 336, 338, 338, 
927400, 336, 334, 338, 338, 
927432, 335, 335, 338, 338, 
927463, 331, 333, 338, 338, 
927494, 326, 331, 337, 338, 
927525, 321, 330, 337, 337, 
927556, 323, 332, 338, 336, 
927588, 334, 337, 338, 335, 
927619, 344, 341, 338, 337, 
927650, 349, 343, 338, 335, 
927681, 349, 343, 338, 335, 
927713, 348, 342, 338, 335, 
927744, 346, 340, 338, 333, 
927775, 345, 340, 338, 334, 
927806, 343, 339, 339, 333, 
927838, 342, 339, 339, 333, 
927868, 342, 338, 339, 334, 
927900, 340, 337, 338, 333, 
927931, 339, 336, 338, 335, 
927963, 339, 336, 338, 334, 
927993, 338, 336, 338, 336, 
928024, 337, 335, 338, 336, 
928056, 337, 336, 338, 336, 
928087, 337, 336, 338, 337, 
928118, 336, 337, 338, 337, 
928149, 334, 337, 338, 338, 
928181, 336, 336, 338, 338, 
928211, 337, 336, 338, 337, 
928243, 325, 330, 337, 338, 
928274, 322, 341, 336, 336, 
928306, 334, 337, 338, 337, 
928336, 336, 337, 338, 339, 
928368, 336, 338, 338, 339, 
928399, 335, 338, 338, 340, 
928431, 332, 337, 338, 339, 
928461, 328, 335, 338, 339, 
928492, 322, 333, 339, 339, 
928524, 322, 334, 339, 339, 
928555, 332, 338, 338, 340, 
928586, 342, 343, 339, 339, 
928617, 349, 344, 339, 340, 
928649, 351, 344, 339, 341, 
928679, 349, 343, 339, 339, 
928711, 347, 342, 339, 339, 
928742, 345, 341, 339, 339, 
928774, 343, 340, 339, 338, 
928804, 342, 339, 338, 339, 
928836, 342, 340, 339, 339, 
928867, 341, 339, 338, 339, 
928899, 340, 339, 338, 338, 
928929, 339, 339, 339, 338, 
928961, 338, 338, 338, 338, 
928992, 337, 339, 339, 339, 
929022, 337, 337, 338, 338, 
929054, 337, 337, 338, 339, 
929085, 335, 336, 338, 338, 
929117, 334, 337, 339, 337, 
929147, 334, 337, 338, 337, 
929179, 336, 337, 338, 338, 
929210, 335, 334, 337, 337, 
929242, 316, 334, 336, 335, 
929272, 332, 336, 335, 336, 
929304, 335, 336, 337, 337, 
929335, 337, 336, 337, 338, 
929367, 337, 334, 338, 338, 
929397, 335, 334, 338, 338, 
929429, 331, 333, 338, 338, 
929460, 326, 331, 338, 338, 
929490, 322, 330, 340, 340, 
929522, 327, 334, 338, 338, 
929553, 338, 338, 338, 337, 
929585, 348, 342, 339, 339, 
929615, 350, 343, 339, 338, 
929647, 350, 342, 339, 338, 
929678, 350, 342, 338, 338, 
929710, 346, 342, 338, 339, 
929740, 345, 342, 340, 339, 
929772, 344, 340, 339, 339, 
929803, 343, 341, 338, 340, 
929835, 341, 340, 338, 339, 
929865, 340, 339, 338, 340, 
929897, 340, 339, 338, 339, 
929928, 339, 339, 338, 339, 
929959, 338, 338, 339, 338, 
929990, 337, 337, 338, 338, 
930021, 336, 337, 339, 338, 
930053, 336, 338, 339, 337, 
930083, 335, 337, 338, 337, 
930115, 336, 337, 339, 337, 
930146, 338, 337, 339, 338, 
930178, 329, 330, 337, 337, 
930208, 321, 340, 335, 336, 
930240, 334, 338, 338, 338, 
930271, 337, 336, 337, 339, 
930302, 337, 335, 338, 337, 
930333, 335, 334, 337, 337, 
930365, 333, 332, 338, 339, 
930396, 327, 330, 338, 335, 
930427, 324, 328, 337, 336, 
930458, 322, 330, 338, 336, 
930489, 331, 335, 338, 336, 
930521, 344, 340, 339, 337, 
930551, 349, 343, 338, 338, 
930583, 350, 343, 339, 339, 
930614, 349, 342, 338, 338, 
930646, 348, 342, 339, 338, 
930676, 346, 342, 338, 338, 
930708, 344, 340, 339, 339, 
930739, 343, 340, 338, 338, 
930770, 343, 339, 339, 339, 
930801, 341, 340, 339, 340, 
930833, 340, 339, 339, 339, 
930864, 339, 339, 338, 340, 
930895, 337, 339, 338, 339, 
930926, 339, 340, 338, 339, 
930958, 337, 340, 338, 339, 
930989, 337, 338, 338, 339, 
931019, 335, 338, 338, 339, 
931051, 334, 337, 338, 339, 
931082, 336, 338, 338, 339, 
931113, 337, 338, 338, 339, 
931144, 334, 333, 337, 338, 
931176, 315, 339, 336, 336, 
931207, 333, 339, 338, 338, 
931238, 336, 337, 339, 339, 
931269, 337, 336, 338, 340, 
931301, 336, 336, 339, 340, 
931332, 334, 334, 339, 340, 
931363, 329, 334, 338, 339, 
931394, 324, 331, 338, 340, 
931426, 321, 331, 339, 339, 
931457, 328, 335, 338, 339, 
931487, 340, 340, 340, 339, 
931519, 350, 343, 339, 339, 
931550, 351, 344, 339, 340, 
931581, 350, 343, 339, 339, 
931612, 347, 342, 339, 339, 
931644, 346, 340, 339, 339, 
931675, 345, 341, 338, 338, 
931706, 343, 341, 338, 338, 
931737, 342, 341, 339, 338, 
931769, 341, 340, 338, 338, 
931800, 340, 340, 339, 338, 
931831, 339, 339, 339, 338, 
931862, 338, 339, 339, 337, 
931894, 338, 338, 338, 339, 
931924, 337, 338, 338, 338, 
931956, 337, 338, 339, 338, 
931987, 338, 337, 339, 339, 
932018, 336, 337, 338, 338, 
932049, 334, 337, 338, 337, 
932080, 334, 337, 338, 337, 
932112, 336, 338, 338, 337, 
932143, 337, 335, 337, 337, 
932174, 314, 334, 336, 335, 
932205, 330, 337, 338, 336, 
932237, 336, 335, 338, 337, 
932268, 337, 334, 338, 338, 
932299, 336, 334, 338, 337, 
932330, 334, 333, 338, 339, 
932362, 330, 332, 338, 338, 
932392, 325, 331, 338, 338, 
932424, 321, 329, 338, 339, 
932455, 325, 334, 338, 338, 
932486, 338, 339, 339, 339, 
932517, 346, 341, 339, 339, 
932548, 349, 343, 339, 338, 
932580, 349, 343, 338, 337, 
932611, 349, 342, 339, 338, 
932642, 349, 342, 339, 340, 
932673, 346, 341, 339, 339, 
932705, 345, 340, 340, 339, 
932736, 344, 339, 339, 339, 
932767, 344, 340, 339, 339, 
932798, 341, 339, 337, 338, 
932830, 340, 339, 339, 339, 
932860, 340, 338, 339, 339, 
932892, 339, 338, 338, 339, 
932923, 337, 337, 338, 337, 
932955, 336, 338, 338, 337, 
932985, 336, 338, 338, 337, 
933016, 336, 338, 337, 337, 
933048, 337, 338, 338, 339, 
933079, 327, 329, 337, 337, 
933110, 321, 340, 337, 335, 
933141, 334, 337, 337, 337, 
933173, 337, 336, 338, 337, 
933203, 337, 336, 338, 338, 
933235, 335, 335, 339, 339, 
933266, 332, 334, 338, 338, 
933298, 328, 332, 338, 339, 
933328, 322, 330, 338, 338, 
933360, 322, 332, 339, 339, 
933391, 332, 337, 339, 339, 
933423, 342, 341, 339, 339, 
933453, 349, 343, 339, 338, 
933484, 350, 343, 339, 338, 
933516, 349, 343, 340, 338, 
933547, 348, 341, 340, 338, 
933578, 345, 342, 339, 337, 
933609, 345, 340, 339, 337, 
933641, 343, 340, 339, 339, 
933671, 341, 340, 338, 338, 
933703, 341, 339, 339, 339, 
933734, 340, 339, 338, 339, 
933766, 338, 340, 338, 338, 
933796, 338, 339, 338, 337, 
933828, 337, 339, 338, 338, 
933859, 338, 339, 338, 337, 
933891, 336, 339, 338, 338, 
933921, 335, 338, 338, 337, 
933953, 335, 338, 338, 337, 
933984, 337, 337, 338, 338, 
934014, 337, 334, 338, 337, 
934046, 314, 336, 336, 335, 
934077, 333, 339, 337, 337, 
934109, 336, 336, 338, 337, 
934139, 337, 337, 337, 338, 
934171, 336, 335, 338, 338, 
934202, 334, 335, 338, 339, 
934234, 331, 333, 338, 338, 
934264, 324, 332, 338, 339, 
934296, 320, 331, 338, 339, 
934327, 325, 334, 339, 338, 
934359, 337, 339, 338, 338, 
934389, 346, 341, 338, 339, 
934421, 350, 342, 339, 339, 
934452, 350, 342, 340, 339, 
934482, 348, 342, 339, 339, 
934514, 348, 340, 340, 339, 
934545, 345, 341, 339, 340, 
934577, 344, 340, 339, 339, 
934607, 342, 339, 339, 339, 
934639, 341, 339, 339, 339, 
934670, 341, 339, 339, 339, 
934702, 339, 339, 339, 340, 
934732, 339, 338, 338, 340, 
934764, 338, 339, 339, 339, 
934795, 337, 338, 339, 338, 
934827, 337, 337, 339, 338, 
934857, 336, 338, 337, 339, 
934889, 334, 337, 339, 338, 
934920, 333, 337, 338, 339, 
934951, 336, 338, 338, 338, 
934982, 336, 337, 338, 337, 
935013, 323, 329, 337, 337, 
935045, 323, 338, 337, 334, 
935075, 335, 336, 337, 336, 
935107, 336, 334, 339, 337, 
935138, 336, 334, 339, 336, 
935170, 335, 333, 338, 336, 
935200, 331, 332, 339, 337, 
935232, 327, 329, 338, 336, 
935263, 322, 329, 340, 336, 
935294, 322, 333, 339, 336, 
935325, 332, 339, 339, 337, 
935357, 343, 347, 339, 337, 
935388, 348, 346, 340, 337, 
935419, 349, 342, 340, 337, 
935450, 349, 333, 339, 337, 
935481, 347, 330, 340, 338, 
935513, 345, 329, 339, 339, 
935543, 343, 329, 339, 338, 
935575, 343, 332, 339, 338, 
935606, 340, 337, 339, 339, 
935638, 341, 341, 338, 339, 
935668, 340, 343, 339, 339, 
935700, 339, 344, 339, 339, 
935731, 337, 345, 338, 338, 
935762, 335, 345, 338, 338, 
935793, 335, 342, 338, 338, 
935825, 336, 341, 338, 339, 
935856, 336, 337, 338, 339, 
935887, 316, 337, 335, 335, 
935918, 333, 338, 336, 337, 
935950, 336, 336, 337, 338, 
935981, 337, 336, 338, 338, 
936011, 335, 335, 338, 339, 
936043, 333, 333, 338, 338, 
936074, 329, 333, 339, 339, 
936105, 323, 330, 338, 338, 
936136, 320, 331, 338, 339, 
936168, 327, 334, 338, 338, 
936199, 339, 339, 338, 338, 
936230, 346, 342, 338, 337, 
936261, 349, 342, 338, 338, 
936293, 350, 342, 338, 338, 
936324, 348, 341, 339, 338, 
936355, 346, 340, 338, 338, 
936386, 344, 340, 339, 337, 
936418, 343, 340, 339, 338, 
936449, 342, 340, 338, 337, 
936479, 343, 340, 338, 336, 
936511, 340, 340, 339, 338, 
936542, 339, 339, 338, 337, 
936573, 338, 338, 337, 337, 
936604, 339, 339, 338, 337, 
936636, 338, 338, 339, 337, 
936667, 335, 337, 337, 337, 
936698, 334, 338, 339, 336, 
936729, 336, 338, 338, 337, 
936761, 337, 337, 338, 337, 
936792, 328, 330, 337, 337, 
936823, 321, 341, 336, 335, 
936854, 335, 338, 338, 337, 
936886, 337, 336, 338, 337, 
936916, 337, 335, 339, 338, 
936948, 336, 335, 339, 338, 
936979, 333, 334, 339, 337, 
937010, 328, 332, 339, 337, 
937041, 323, 330, 337, 337, 
937072, 322, 332, 337, 336, 
937104, 331, 336, 338, 337, 
937135, 341, 339, 338, 337, 
937166, 348, 342, 338, 338, 
937197, 350, 342, 339, 337, 
937229, 350, 342, 339, 338, 
937260, 347, 341, 339, 337, 
937291, 347, 341, 338, 337, 
937322, 344, 340, 338, 337, 
937354, 342, 340, 338, 337, 
937384, 341, 340, 338, 337, 
937416, 340, 340, 338, 337, 
937447, 339, 338, 338, 337, 
937478, 338, 339, 338, 339, 
937509, 337, 338, 338, 338, 
937540, 337, 338, 338, 338, 
937572, 337, 337, 338, 337, 
937603, 336, 338, 338, 336, 
937634, 334, 338, 339, 337, 
937665, 334, 338, 337, 337, 
937697, 337, 337, 338, 337, 
937728, 337, 337, 337, 337, 
937759, 315, 333, 336, 334, 
937790, 330, 339, 336, 335, 
937822, 335, 336, 337, 336, 
937852, 337, 335, 338, 337, 
937884, 336, 335, 338, 338, 
937915, 334, 335, 338, 339, 
937947, 331, 333, 338, 338, 
937977, 325, 331, 338, 337, 
938008, 321, 331, 339, 339, 
938040, 324, 334, 338, 338, 
938071, 337, 339, 338, 338, 
938102, 345, 341, 339, 337, 
938133, 351, 343, 339, 337, 
938165, 350, 343, 339, 338, 
938195, 350, 341, 337, 337, 
938227, 346, 340, 338, 337, 
938258, 346, 340, 338, 337, 
938290, 343, 340, 338, 337, 
938320, 342, 340, 338, 337, 
938352, 341, 339, 338, 337, 
938383, 341, 338, 338, 338, 
938415, 340, 339, 339, 338, 
938445, 338, 338, 338, 337, 
938476, 337, 338, 338, 337, 
938508, 335, 338, 338, 337, 
938539, 338, 338, 338, 337, 
938570, 338, 338, 339, 338, 
938601, 332, 331, 337, 338, 
938633, 319, 339, 336, 335, 
938663, 336, 337, 338, 337, 
938695, 338, 335, 339, 337, 
938726, 337, 336, 338, 338, 
938758, 336, 335, 338, 338, 
938788, 333, 335, 338, 338, 
938820, 328, 333, 339, 338, 
938851, 323, 332, 339, 338, 
938883, 321, 332, 338, 338, 
938913, 330, 336, 339, 338, 
938945, 342, 341, 339, 338, 
938976, 347, 343, 338, 338, 
939006, 350, 343, 338, 338, 
939038, 350, 343, 338, 338, 
939069, 348, 342, 338, 338, 
939101, 346, 341, 337, 337, 
939131, 344, 339, 337, 337, 
939163, 342, 341, 338, 338, 
939194, 341, 339, 338, 338, 
939226, 340, 340, 339, 338, 
939256, 339, 339, 339, 338, 
939288, 339, 338, 338, 339, 
939319, 338, 338, 338, 338, 
939351, 338, 338, 339, 338, 
939381, 336, 337, 338, 338, 
939413, 335, 338, 338, 337, 
939444, 334, 338, 337, 337, 
939474, 336, 337, 338, 338, 
939506, 337, 337, 337, 338, 
939537, 322, 330, 336, 336, 
939569, 324, 342, 336, 336, 
939599, 335, 337, 336, 337, 
939631, 337, 335, 337, 337, 
939662, 337, 335, 338, 338, 
939694, 335, 334, 337, 338, 
939724, 332, 333, 338, 338, 
939756, 327, 332, 338, 337, 
939787, 322, 330, 338, 339, 
939819, 324, 332, 338, 339, 
939849, 334, 338, 338, 337, 
939881, 345, 340, 339, 338, 
939912, 349, 342, 339, 338, 
939943, 350, 342, 339, 338, 
939974, 350, 342, 338, 339, 
940005, 347, 341, 339, 338, 
940037, 345, 340, 339, 339, 
940067, 344, 340, 338, 338, 
940099, 343, 339, 338, 338, 
940130, 341, 339, 338, 337, 
940162, 340, 339, 338, 339, 
940192, 339, 338, 337, 338, 
940224, 338, 338, 338, 338, 
940255, 339, 338, 338, 338, 
940286, 339, 338, 339, 338, 
940317, 337, 337, 338, 338, 
940349, 336, 337, 338, 338, 
940380, 334, 338, 338, 338, 
940411, 336, 338, 338, 338, 
940442, 337, 337, 337, 338, 
940473, 328, 329, 337, 337, 
940505, 321, 340, 336, 334, 
940535, 335, 337, 337, 337, 
940567, 337, 336, 338, 338, 
940598, 337, 335, 338, 338, 
940630, 336, 335, 338, 337, 
940660, 332, 333, 338, 337, 
940692, 328, 332, 338, 336, 
940723, 324, 329, 337, 336, 
940754, 323, 331, 338, 336, 
940785, 331, 335, 338, 336, 
940817, 342, 339, 338, 337, 
940848, 348, 341, 338, 337, 
940879, 351, 342, 339, 337, 
940910, 349, 341, 338, 338, 
940942, 347, 341, 338, 338, 
940973, 345, 342, 339, 339, 
941003, 343, 341, 340, 339, 
941035, 343, 341, 339, 339, 
941066, 341, 341, 339, 339, 
941097, 340, 340, 339, 339, 
941128, 339, 340, 339, 338, 
941160, 338, 339, 339, 338, 
941191, 338, 339, 339, 338, 
941222, 338, 339, 338, 338, 
941253, 337, 338, 338, 337, 
941285, 335, 338, 337, 337, 
941316, 334, 338, 338, 337, 
941347, 336, 337, 338, 338, 
941378, 337, 337, 337, 338, 
941410, 324, 330, 336, 337, 
941441, 323, 342, 335, 336, 
941471, 335, 338, 336, 338, 
941503, 337, 337, 336, 339, 
941534, 336, 336, 337, 339, 
941565, 335, 337, 337, 340, 
941596, 332, 334, 337, 340, 
941628, 327, 335, 337, 342, 
941659, 322, 334, 338, 344, 
941690, 322, 335, 337, 345, 
941721, 332, 342, 338, 347, 
941753, 342, 346, 337, 347, 
941784, 348, 347, 338, 347, 
941815, 349, 347, 338, 346, 
941846, 349, 347, 338, 345, 
941878, 347, 346, 338, 343, 
941908, 346, 344, 338, 342, 
941940, 345, 343, 338, 342, 
941971, 343, 341, 339, 340, 
942002, 342, 342, 339, 340, 
942033, 342, 340, 338, 340, 
942064, 340, 340, 339, 338, 
942096, 339, 339, 339, 339, 
942127, 339, 339, 339, 338, 
942158, 338, 338, 338, 337, 
942189, 338, 337, 338, 336, 
942221, 337, 336, 338, 336, 
942252, 337, 336, 338, 335, 
942283, 336, 336, 339, 335, 
942314, 334, 336, 339, 335, 
942346, 335, 335, 339, 334, 
942376, 337, 336, 339, 335, 
942408, 337, 333, 339, 336, 
942439, 314, 336, 336, 332, 
942470, 331, 338, 338, 335, 
942501, 336, 336, 338, 335, 
942532, 337, 335, 339, 337, 
942564, 337, 335, 338, 336, 
942595, 334, 333, 340, 336, 
942626, 330, 333, 338, 337, 
942657, 325, 330, 339, 338, 
942689, 321, 330, 338, 337, 
942720, 326, 334, 339, 338, 
942751, 338, 339, 339, 337, 
942782, 346, 341, 339, 338, 
942814, 349, 342, 339, 337, 
942844, 349, 342, 339, 337, 
942876, 347, 341, 339, 337, 
942907, 346, 340, 340, 337, 
942939, 344, 339, 339, 337, 
942969, 343, 339, 339, 337, 
943000, 341, 338, 339, 336, 
943032, 341, 339, 338, 336, 
943063, 340, 337, 339, 336, 
943094, 339, 337, 339, 338, 
943125, 337, 337, 338, 336, 
943157, 339, 337, 339, 335, 
943187, 337, 337, 338, 337, 
943219, 337, 336, 339, 336, 
943250, 336, 336, 338, 337, 
943282, 335, 336, 337, 335, 
943312, 333, 336, 339, 338, 
943344, 335, 336, 338, 338, 
943375, 337, 336, 338, 338, 
943407, 325, 329, 337, 337, 
943437, 323, 338, 335, 338, 
943468, 336, 335, 337, 340, 
943500, 337, 335, 337, 341, 
943531, 337, 334, 338, 344, 
943562, 334, 334, 338, 341, 
943593, 332, 333, 338, 346, 
943625, 326, 331, 338, 346, 
943655, 322, 330, 339, 347, 
943687, 322, 330, 338, 350, 
943718, 331, 336, 339, 349, 
943750, 343, 341, 339, 351, 
943780, 349, 343, 339, 350, 
943812, 350, 343, 338, 352, 
943843, 349, 341, 337, 354, 
943875, 348, 342, 337, 356, 
943905, 347, 341, 336, 356, 
943937, 343, 341, 335, 360, 
943968, 343, 342, 334, 357, 
943998, 340, 343, 335, 362, 
944030, 340, 343, 334, 363, 
944061, 336, 343, 335, 364, 
944093, 339, 344, 335, 365, 
944123, 338, 343, 335, 364, 
944155, 334, 342, 334, 362, 
944186, 338, 339, 333, 362, 
944218, 329, 335, 332, 360, 
944248, 335, 336, 331, 365, 
944280, 335, 337, 330, 366, 
944311, 335, 336, 331, 365, 
944343, 316, 336, 330, 369, 
944373, 330, 338, 330, 370, 
944405, 334, 333, 333, 373, 
944436, 334, 332, 332, 372, 
944466, 336, 334, 334, 372, 
944498, 332, 335, 335, 368, 
944529, 328, 336, 336, 366, 
944561, 325, 336, 335, 367, 
944591, 319, 335, 334, 365, 
944623, 325, 339, 334, 366, 
944654, 337, 344, 335, 366, 
944686, 345, 347, 335, 362, 
944716, 348, 348, 336, 364, 
944748, 351, 348, 338, 362, 
944779, 345, 346, 336, 363, 
944811, 347, 346, 336, 360, 
944841, 345, 345, 335, 360, 
944873, 343, 344, 334, 353, 
944904, 342, 344, 333, 350, 
944935, 339, 342, 334, 348, 
944966, 340, 343, 334, 347, 
944997, 337, 341, 334, 346, 
945029, 339, 342, 335, 339, 
945059, 337, 341, 336, 345, 
945091, 338, 341, 336, 346, 
945122, 338, 340, 338, 348, 
945154, 335, 338, 338, 343, 
945184, 336, 339, 339, 339, 
945216, 334, 337, 339, 336, 
945247, 339, 337, 339, 333, 
945278, 337, 335, 339, 331, 
945309, 315, 337, 337, 325, 
945341, 332, 337, 338, 323, 
945372, 335, 335, 339, 326, 
945403, 339, 335, 339, 325, 
945434, 334, 333, 339, 320, 
945465, 336, 333, 340, 318, 
945497, 329, 331, 339, 316, 
945527, 325, 330, 340, 312, 
945559, 323, 330, 340, 314, 
945590, 325, 332, 340, 310, 
945622, 341, 338, 341, 313, 
945652, 346, 341, 341, 313, 
945684, 348, 340, 341, 312, 
945715, 352, 340, 341, 316, 
945746, 348, 338, 341, 315, 
945777, 346, 338, 341, 316, 
945809, 346, 337, 341, 319, 
945840, 342, 336, 341, 318, 
945871, 344, 337, 341, 318, 
945902, 340, 336, 342, 321, 
945934, 340, 336, 340, 317, 
945965, 340, 336, 341, 317, 
945995, 338, 335, 341, 320, 
946027, 338, 336, 342, 320, 
946058, 338, 336, 340, 321, 
946089, 339, 335, 342, 321, 
946120, 338, 335, 341, 320, 
946152, 333, 335, 341, 323, 
946183, 336, 335, 341, 324, 
946214, 335, 335, 341, 323, 
946245, 338, 335, 340, 321, 
946277, 320, 329, 340, 321, 
946308, 325, 336, 338, 321, 
946339, 336, 334, 340, 321, 
946370, 338, 333, 340, 322, 
946402, 338, 333, 340, 323, 
946433, 337, 333, 340, 325, 
946463, 333, 333, 341, 327, 
946495, 327, 330, 340, 324, 
946526, 323, 330, 341, 327, 
946557, 323, 331, 341, 326, 
946588, 333, 335, 341, 328, 
946620, 346, 340, 341, 328, 
946651, 348, 341, 341, 328, 
946682, 352, 342, 341, 330, 
946713, 351, 342, 340, 328, 
946745, 345, 341, 339, 327, 
946776, 349, 340, 340, 330, 
946807, 344, 339, 341, 330, 
946838, 343, 339, 340, 330, 
946870, 343, 339, 339, 330, 
946900, 340, 338, 339, 331, 
946932, 341, 339, 339, 331, 
946963, 338, 338, 339, 332, 
946994, 339, 339, 339, 331, 
947025, 334, 340, 339, 330, 
947056, 337, 340, 338, 331, 
947088, 339, 339, 339, 333, 
947119, 336, 335, 339, 332, 
947150, 318, 332, 337, 333, 
947181, 328, 336, 337, 331, 
947213, 335, 334, 339, 333, 
947244, 336, 333, 339, 333, 
947275, 338, 331, 339, 333, 
947306, 334, 331, 339, 333, 
947338, 329, 329, 339, 333, 
947368, 325, 327, 338, 332, 
947400, 321, 328, 339, 332, 
947431, 324, 331, 339, 334, 
947462, 335, 335, 340, 333, 
947493, 345, 338, 339, 335, 
947524, 347, 338, 339, 333, 
947556, 352, 340, 339, 335, 
947587, 348, 338, 339, 335, 
947618, 347, 339, 339, 333, 
947649, 347, 338, 339, 336, 
947681, 343, 337, 339, 335, 
947712, 344, 338, 339, 335, 
947743, 340, 338, 339, 336, 
947774, 340, 337, 339, 336, 
947806, 339, 337, 339, 336, 
947836, 339, 337, 339, 336, 
947868, 338, 337, 339, 335, 
947899, 338, 337, 339, 334, 
947931, 336, 337, 338, 335, 
947961, 334, 337, 338, 335, 
947992, 336, 337, 339, 335, 
948024, 337, 337, 339, 335, 
948055, 331, 331, 338, 336, 
948086, 318, 340, 336, 334, 
948117, 334, 337, 338, 334, 
948149, 338, 336, 339, 335, 
948179, 333, 335, 337, 336, 
948211, 338, 334, 338, 334, 
948242, 332, 334, 338, 337, 
948274, 328, 331, 339, 337, 
948304, 324, 331, 338, 337, 
948336, 322, 332, 339, 338, 
948367, 331, 336, 338, 336, 
948399, 343, 341, 340, 337, 
948429, 348, 342, 339, 336, 
948460, 350, 342, 338, 338, 
948492, 350, 342, 339, 338, 
948523, 349, 341, 339, 339, 
948554, 346, 340, 339, 335, 
948585, 344, 340, 339, 336, 
948617, 343, 339, 338, 334, 
948647, 342, 340, 339, 335, 
948679, 341, 340, 338, 336, 
948710, 339, 338, 338, 335, 
948742, 339, 338, 339, 334, 
948772, 339, 338, 339, 336, 
948804, 337, 337, 338, 335, 
948835, 337, 337, 338, 335, 
948867, 336, 337, 338, 336, 
948897, 332, 336, 338, 335, 
948929, 337, 337, 337, 336, 
948960, 336, 337, 338, 339, 
948990, 330, 330, 337, 337, 
949022, 319, 338, 336, 334, 
949053, 334, 335, 338, 337, 
949085, 338, 336, 338, 339, 
949115, 337, 335, 338, 339, 
949147, 335, 335, 338, 339, 
949178, 332, 333, 338, 337, 
949210, 328, 333, 338, 339, 
949240, 321, 330, 338, 339, 
949272, 323, 333, 338, 340, 
949303, 329, 337, 338, 337, 
949335, 342, 341, 339, 337, 
949365, 349, 344, 339, 337, 
949397, 350, 344, 339, 337, 
949428, 347, 342, 339, 337, 
949458, 348, 342, 339, 336, 
949490, 344, 341, 338, 337, 
949521, 345, 341, 339, 336, 
949553, 343, 340, 338, 336, 
949583, 343, 340, 338, 337, 
949615, 342, 339, 338, 336, 
949646, 340, 340, 339, 338, 
949678, 340, 339, 338, 339, 
949708, 337, 337, 337, 336, 
949740, 335, 338, 338, 335, 
949771, 334, 337, 338, 336, 
949803, 338, 338, 338, 333, 
949833, 337, 334, 337, 336, 
949865, 317, 336, 336, 332, 
949896, 331, 336, 337, 335, 
949927, 335, 335, 337, 334, 
949958, 339, 336, 338, 338, 
949989, 336, 335, 338, 336, 
950021, 334, 335, 338, 338, 
950051, 329, 333, 338, 338, 
950083, 323, 331, 338, 338, 
950114, 322, 331, 339, 338, 
950146, 327, 337, 339, 337, 
950176, 341, 340, 339, 335, 
950208, 348, 342, 338, 337, 
950239, 350, 344, 339, 337, 
950270, 351, 343, 338, 337, 
950301, 346, 342, 338, 338, 
950333, 346, 341, 339, 340, 
950364, 343, 340, 338, 337, 
950395, 343, 340, 338, 339, 
950426, 343, 340, 338, 338, 
950457, 341, 339, 338, 338, 
950489, 341, 339, 338, 337, 
950519, 340, 339, 338, 336, 
950551, 340, 339, 338, 338, 
950582, 338, 339, 338, 338, 
950614, 338, 338, 338, 338, 
950644, 335, 338, 339, 338, 
950676, 336, 338, 338, 339, 
950707, 339, 338, 339, 338, 
950738, 338, 336, 338, 336, 
950769, 316, 334, 337, 334, 
950801, 331, 337, 338, 333, 
950832, 336, 334, 339, 335, 
950863, 338, 334, 340, 333, 
950894, 338, 335, 340, 334, 
950926, 335, 332, 338, 332, 
950957, 332, 332, 339, 331, 
950987, 327, 329, 339, 332, 
951019, 322, 329, 339, 330, 
951050, 327, 332, 339, 331, 
951081, 339, 337, 339, 332, 
951112, 348, 340, 339, 330, 
951144, 350, 341, 340, 330, 
951175, 351, 341, 340, 330, 
951206, 349, 341, 340, 329, 
951237, 347, 339, 340, 328, 
951269, 343, 338, 339, 326, 
951300, 343, 338, 340, 327, 
951331, 344, 338, 340, 326, 
951362, 341, 336, 339, 325, 
951394, 339, 336, 339, 325, 
951425, 339, 335, 339, 325, 
951455, 338, 335, 339, 325, 
951487, 338, 335, 339, 326, 
951518, 338, 334, 339, 327, 
951549, 337, 333, 339, 327, 
951580, 336, 334, 340, 330, 
951612, 335, 334, 339, 329, 
951643, 334, 336, 339, 330, 
951674, 335, 335, 339, 332, 
951705, 337, 335, 339, 334, 
951737, 332, 328, 339, 333, 
951768, 317, 336, 337, 332, 
951799, 333, 333, 339, 334, 
951830, 335, 333, 338, 336, 
951862, 336, 332, 340, 337, 
951892, 335, 332, 338, 337, 
951924, 332, 332, 339, 339, 
951955, 329, 331, 338, 339, 
951986, 323, 329, 338, 339, 
952017, 322, 331, 339, 338, 
952048, 329, 337, 338, 339, 
952080, 340, 341, 339, 339, 
952111, 347, 344, 338, 339, 
952142, 349, 344, 339, 341, 
952173, 348, 343, 339, 340, 
952205, 347, 343, 338, 340, 
952236, 345, 342, 338, 340, 
952267, 345, 341, 338, 340, 
952298, 342, 341, 338, 340, 
952330, 341, 340, 339, 339, 
952360, 341, 339, 339, 340, 
952392, 339, 339, 338, 339, 
952423, 341, 339, 337, 338, 
952454, 339, 339, 338, 338, 
952485, 338, 338, 337, 339, 
952516, 339, 337, 338, 338, 
952548, 337, 339, 337, 337, 
952579, 335, 337, 338, 337, 
952610, 336, 338, 338, 338, 
952641, 338, 337, 337, 338, 
952673, 324, 331, 336, 337, 
952704, 324, 342, 335, 337, 
952735, 334, 338, 337, 339, 
952766, 336, 338, 337, 340, 
952798, 336, 337, 338, 341, 
952828, 335, 337, 338, 341, 
952860, 331, 335, 337, 342, 
952891, 328, 333, 337, 341, 
952923, 323, 332, 338, 342, 
952953, 323, 334, 338, 343, 
952984, 334, 338, 339, 344, 
953016, 344, 342, 338, 345, 
953047, 348, 344, 338, 342, 
953078, 350, 343, 338, 344, 
953109, 349, 342, 338, 343, 
953141, 346, 341, 338, 341, 
953171, 344, 340, 338, 341, 
953203, 343, 340, 338, 337, 
953234, 341, 339, 339, 338, 
953266, 342, 339, 339, 337, 
953296, 340, 340, 339, 334, 
953328, 338, 340, 339, 333, 
953359, 339, 340, 339, 331, 
953391, 338, 338, 338, 332, 
953421, 337, 341, 338, 332, 
953452, 337, 340, 338, 331, 
953484, 336, 340, 338, 333, 
953515, 336, 341, 338, 334, 
953546, 333, 340, 337, 333, 
953577, 335, 339, 338, 334, 
953609, 336, 339, 337, 335, 
953639, 330, 333, 337, 334, 
953671, 319, 341, 335, 333, 
953702, 332, 339, 337, 336, 
953734, 336, 337, 337, 338, 
953764, 336, 336, 338, 337, 
953796, 335, 336, 337, 339, 
953827, 332, 334, 338, 339, 
953859, 328, 333, 337, 339, 
953889, 323, 331, 336, 338, 
953921, 321, 332, 338, 339, 
953952, 329, 337, 337, 339, 
953982, 341, 342, 337, 338, 
954014, 348, 345, 338, 338, 
954045, 350, 345, 339, 340, 
954077, 350, 343, 338, 340, 
954107, 347, 342, 338, 340, 
954139, 346, 342, 337, 339, 
954170, 343, 341, 338, 340, 
954202, 342, 340, 338, 342, 
954232, 341, 340, 338, 341, 
954264, 340, 339, 337, 342, 
954295, 340, 340, 338, 342, 
954327, 339, 340, 338, 343, 
954357, 338, 339, 338, 345, 
954389, 338, 340, 338, 345, 
954420, 337, 341, 337, 345, 
954450, 337, 339, 338, 346, 
954482, 337, 339, 337, 347, 
954513, 337, 339, 337, 349, 
954545, 335, 339, 337, 348, 
954575, 334, 339, 338, 349, 
954607, 337, 340, 337, 349, 
954638, 337, 339, 337, 348, 
954670, 318, 332, 336, 345, 
954700, 328, 342, 335, 344, 
954732, 336, 339, 337, 345, 
954763, 338, 337, 337, 344, 
954795, 337, 337, 338, 343, 
954825, 336, 336, 338, 343, 
954857, 332, 335, 336, 342, 
954888, 326, 332, 338, 342, 
954919, 320, 330, 337, 340, 
954950, 322, 331, 338, 340, 
954981, 333, 338, 339, 340, 
955013, 345, 342, 339, 339, 
955043, 350, 345, 340, 339, 
955075, 351, 344, 338, 339, 
955106, 350, 343, 338, 341, 
955138, 347, 342, 339, 339, 
955168, 345, 341, 338, 341, 
955200, 345, 341, 338, 340, 
955231, 343, 341, 337, 340, 
955262, 341, 341, 338, 343, 
955293, 342, 341, 337, 341, 
955325, 340, 341, 339, 344, 
955356, 339, 341, 338, 343, 
955387, 338, 339, 338, 343, 
955418, 338, 340, 339, 342, 
955449, 336, 341, 337, 344, 
955481, 336, 341, 337, 344, 
955511, 335, 340, 337, 346, 
955543, 334, 340, 337, 350, 
955574, 334, 339, 337, 347, 
955606, 335, 340, 336, 349, 
955636, 336, 338, 337, 350, 
955668, 314, 332, 335, 341, 
955699, 327, 342, 334, 343, 
955730, 335, 341, 335, 346, 
955761, 337, 340, 335, 344, 
955793, 334, 340, 335, 344, 
955824, 333, 341, 333, 344, 
955855, 330, 341, 333, 343, 
955886, 323, 339, 331, 344, 
955918, 320, 338, 329, 343, 
955949, 322, 341, 329, 345, 
955979, 333, 345, 330, 341, 
956011, 344, 350, 332, 347, 
956042, 348, 351, 334, 344, 
956073, 348, 351, 335, 342, 
956104, 347, 350, 336, 342, 
956136, 345, 350, 337, 339, 
956167, 343, 349, 338, 340, 
956198, 342, 348, 339, 336, 
956229, 341, 349, 339, 340, 
956261, 339, 348, 339, 339, 
956292, 340, 347, 339, 340, 
956323, 338, 347, 339, 335, 
956354, 336, 348, 339, 339, 
956386, 337, 347, 339, 337, 
956417, 337, 346, 338, 337, 
956447, 335, 344, 339, 341, 
956479, 336, 342, 338, 336, 
956510, 333, 343, 338, 338, 
956541, 333, 340, 337, 335, 
956572, 335, 340, 338, 334, 
956604, 336, 339, 336, 337, 
956635, 320, 331, 335, 333, 
956666, 326, 340, 333, 333, 
956697, 336, 338, 336, 334, 
956729, 337, 336, 335, 340, 
956760, 336, 335, 334, 336, 
956791, 334, 335, 335, 338, 
956822, 331, 332, 334, 338, 
956854, 325, 329, 335, 334, 
956884, 322, 328, 336, 338, 
956916, 323, 329, 335, 338, 
956947, 332, 335, 335, 336, 
956978, 345, 338, 335, 339, 
957009, 350, 339, 337, 336, 
957040, 352, 341, 336, 340, 
957072, 349, 339, 335, 339, 
957103, 346, 337, 335, 337, 
957134, 346, 338, 336, 336, 
957165, 346, 337, 336, 339, 
957197, 342, 335, 336, 337, 
957228, 342, 335, 336, 336, 
957259, 339, 334, 336, 337, 
957290, 342, 335, 336, 337, 
957322, 341, 334, 336, 336, 
957352, 338, 334, 336, 335, 
957384, 335, 333, 336, 334, 
957415, 338, 334, 337, 336, 
957446, 339, 333, 337, 336, 
957477, 328, 325, 337, 334, 
957508, 323, 335, 335, 332, 
957540, 334, 331, 337, 333, 
957571, 338, 331, 337, 333, 
957602, 337, 330, 338, 335, 
957633, 335, 330, 339, 334, 
957665, 332, 329, 339, 334, 
957696, 327, 327, 339, 334, 
957727, 323, 326, 339, 332, 
957758, 323, 327, 338, 332, 
957790, 331, 332, 339, 333, 
957820, 343, 336, 340, 331, 
957852, 348, 338, 340, 331, 
957883, 350, 338, 340, 331, 
957915, 349, 338, 342, 331, 
957945, 347, 337, 341, 329, 
957976, 344, 336, 341, 332, 
958008, 344, 336, 342, 332, 
958039, 342, 336, 340, 331, 
958070, 342, 336, 340, 331, 
958101, 341, 335, 341, 332, 
958133, 340, 334, 340, 332, 
958163, 340, 335, 341, 333, 
958195, 338, 334, 340, 333, 
958226, 335, 335, 339, 331, 
958258, 335, 334, 340, 331, 
958288, 338, 334, 341, 334, 
958320, 338, 332, 340, 333, 
958351, 317, 328, 338, 332, 
958383, 329, 335, 338, 332, 
958413, 337, 334, 340, 332, 
958444, 337, 332, 341, 335, 
958476, 337, 333, 341, 335, 
958507, 335, 332, 342, 335, 
958538, 329, 330, 341, 336, 
958569, 326, 329, 340, 335, 
958601, 322, 328, 341, 334, 
958631, 324, 331, 340, 333, 
958663, 338, 337, 341, 334, 
958694, 346, 339, 341, 335, 
958726, 348, 340, 341, 334, 
958756, 350, 342, 341, 334, 
958788, 347, 340, 341, 334, 
958819, 346, 339, 341, 333, 
958851, 345, 339, 341, 334, 
958881, 343, 338, 341, 332, 
958913, 342, 338, 343, 332, 
958944, 341, 338, 341, 335, 
958974, 339, 337, 340, 333, 
959006, 340, 337, 341, 334, 
959037, 339, 337, 341, 334, 
959069, 336, 336, 340, 334, 
959099, 337, 336, 340, 334, 
959131, 333, 336, 340, 335, 
959162, 337, 336, 340, 335, 
959194, 338, 337, 340, 334, 
959224, 330, 330, 339, 335, 
959256, 320, 339, 337, 330, 
959287, 334, 336, 339, 335, 
959319, 336, 334, 339, 334, 
959349, 337, 334, 340, 334, 
959381, 334, 333, 340, 334, 
959412, 333, 333, 340, 333, 
959442, 330, 332, 340, 332, 
959474, 321, 330, 340, 333, 
959505, 322, 330, 340, 331, 
959537, 332, 336, 339, 331, 
959567, 342, 340, 340, 332, 
959599, 349, 341, 339, 331, 
959630, 350, 342, 340, 334, 
959662, 349, 342, 340, 334, 
959692, 348, 340, 340, 334, 
959724, 345, 339, 340, 332, 
959755, 344, 339, 340, 335, 
959787, 342, 338, 338, 334, 
959817, 340, 337, 340, 335, 
959849, 341, 338, 340, 335, 
959880, 340, 337, 339, 335, 
959911, 339, 338, 340, 334, 
959942, 338, 337, 340, 336, 
959973, 337, 337, 339, 334, 
960005, 337, 336, 339, 335, 
960035, 334, 337, 338, 334, 
960067, 333, 336, 338, 335, 
960098, 337, 336, 339, 335, 
960130, 336, 334, 338, 335, 
960160, 313, 334, 336, 330, 
960192, 333, 336, 337, 334, 
960223, 336, 334, 338, 334, 
960254, 336, 335, 338, 334, 
960285, 337, 335, 339, 334, 
960317, 333, 334, 339, 334, 
960348, 329, 332, 338, 332, 
960379, 324, 332, 338, 332, 
960410, 320, 330, 339, 332, 
960441, 327, 335, 338, 332, 
960473, 339, 339, 337, 330, 
960503, 346, 342, 339, 333, 
960535, 350, 343, 339, 334, 
960566, 350, 342, 339, 333, 
960598, 347, 341, 338, 332, 
960628, 346, 340, 339, 333, 
960660, 345, 340, 338, 330, 
960691, 341, 339, 339, 332, 
960722, 343, 339, 338, 331, 
960753, 341, 339, 339, 330, 
960785, 338, 338, 338, 329, 
