340, 342, 338, 340, 
1658912, 339, 341, 338, 339, 
1658945, 339, 341, 339, 339, 
1658977, 338, 340, 339, 339, 
165
1658881, 340, 342, 338, 340, 
1658912, 339, 341, 338, 339, 
1658945, 339, 341, 339, 339, 
1658977, 338, 340, 339, 339, 
165???b???b???b???b???bj
1659041, 338, 339, 340, 339, 
1659074, 335, 338, 340, 340, 
1659106, 338, 338, 341, 341, 
1659139, 339, 338, 340, 340, 
1659170, 332, 331, 339, 339, 
1659203, 320, 339, 337, 337, 
1659235, 336, 337, 338, 339, 
1659268, 338, 335, 339, 340, 
1659299, 339, 335, 341, 340, 
1659332, 337, 335, 340, 341, 
1659364, 334, 334, 341, 342, 
1659397, 329, 332, 339, 345, 
1659428, 323, 331, 339, 347, 
1659461, 326, 334, 340, 348, 
1659493, 337, 341, 340, 347, 
1659526, 347, 344, 341, 348, 
1659557, 352, 346, 341, 346, 
1659590, 351, 346, 341, 346, 
1659622, 351, 346, 341, 345, 
1659654, 348, 344, 340, 344, 
1659686, 346, 342, 341, 343, 
1659718, 345, 342, 341, 343, 
1659751, 344, 342, 340, 344, 
1659783, 343, 342, 340, 343, 
1659815, 344, 340, 339, 341, 
1659847, 342, 342, 340, 342, 
1659880, 341, 340, 340, 341, 
1659912, 340, 340, 341, 340, 
1659944, 340, 340, 341, 340, 
1659976, 339, 339, 340, 338, 
1660009, 338, 339, 341, 339, 
1660041, 338, 339, 341, 339, 
1660073, 334, 338, 341, 338, 
1660105, 338, 339, 342, 337, 
1660138, 339, 338, 342, 337, 
1660170, 325, 330, 341, 336, 
1660203, 326, 339, 339, 332, 
1660234, 337, 338, 341, 333, 
1660267, 338, 337, 341, 335, 
1660299, 337, 337, 342, 336, 
1660332, 335, 335, 341, 335, 
1660363, 333, 334, 342, 336, 
1660396, 327, 331, 340, 335, 
1660428, 324, 331, 342, 336, 
1660461, 328, 334, 341, 338, 
1660492, 339, 340, 342, 338, 
1660525, 349, 344, 342, 339, 
1660557, 352, 345, 342, 340, 
1660590, 352, 345, 341, 339, 
1660621, 350, 344, 342, 339, 
1660653, 348, 343, 341, 339, 
1660686, 346, 342, 341, 341, 
1660718, 345, 342, 341, 341, 
1660750, 343, 341, 341, 340, 
1660782, 343, 341, 341, 341, 
1660815, 342, 340, 341, 341, 
1660847, 342, 340, 341, 341, 
1660879, 340, 340, 340, 341, 
1660911, 339, 339, 340, 341, 
1660944, 338, 339, 340, 340, 
1660976, 337, 339, 340, 340, 
1661008, 340, 339, 340, 340, 
1661040, 340, 338, 340, 340, 
1661073, 321, 331, 338, 339, 
1661105, 330, 341, 338, 337, 
1661137, 338, 338, 339, 339, 
1661169, 339, 337, 341, 340, 
1661202, 339, 336, 339, 341, 
1661234, 335, 335, 339, 340, 
1661266, 331, 334, 340, 342, 
1661298, 325, 332, 340, 341, 
1661331, 323, 332, 340, 341, 
1661363, 330, 336, 341, 340, 
1661395, 342, 342, 341, 341, 
1661427, 350, 345, 341, 341, 
1661460, 353, 345, 341, 341, 
1661492, 352, 346, 341, 340, 
1661524, 351, 345, 342, 341, 
1661556, 347, 344, 342, 340, 
1661589, 347, 343, 341, 342, 
1661621, 345, 343, 341, 341, 
1661654, 344, 341, 340, 342, 
1661685, 343, 341, 340, 341, 
1661717, 343, 341, 340, 340, 
1661750, 341, 340, 340, 341, 
1661782, 340, 340, 339, 340, 
1661814, 341, 340, 340, 340, 
1661846, 341, 340, 340, 340, 
1661879, 340, 340, 340, 342, 
1661911, 338, 339, 340, 340, 
1661943, 337, 339, 341, 340, 
1661975, 338, 340, 340, 341, 
1662008, 340, 339, 341, 341, 
1662040, 334, 333, 339, 340, 
1662072, 321, 340, 339, 337, 
1662104, 337, 340, 339, 339, 
1662137, 339, 338, 340, 340, 
1662169, 338, 336, 340, 340, 
1662201, 337, 336, 340, 340, 
1662233, 334, 335, 340, 340, 
1662266, 330, 333, 340, 339, 
1662298, 324, 330, 340, 339, 
1662330, 325, 333, 340, 339, 
1662362, 336, 341, 341, 341, 
1662395, 346, 344, 342, 341, 
1662427, 351, 345, 342, 342, 
1662459, 352, 345, 342, 341, 
1662491, 350, 345, 341, 342, 
1662524, 348, 344, 341, 341, 
1662556, 346, 343, 341, 340, 
1662588, 346, 342, 340, 340, 
1662620, 344, 341, 341, 340, 
1662653, 343, 341, 341, 341, 
1662685, 342, 340, 340, 340, 
1662716, 342, 340, 340, 340, 
1662749, 340, 340, 340, 340, 
1662781, 338, 339, 340, 340, 
1662814, 339, 339, 340, 340, 
1662845, 338, 339, 340, 340, 
1662878, 339, 340, 340, 340, 
1662910, 338, 339, 339, 339, 
1662943, 336, 338, 339, 340, 
1662974, 335, 338, 339, 339, 
1663007, 336, 338, 339, 341, 
1663039, 337, 338, 340, 340, 
1663072, 329, 331, 339, 339, 
1663104, 323, 340, 337, 338, 
1663136, 335, 338, 339, 339, 
1663168, 339, 338, 340, 340, 
1663201, 338, 337, 341, 340, 
1663233, 335, 336, 339, 341, 
1663265, 333, 335, 340, 341, 
1663297, 325, 331, 338, 339, 
1663330, 321, 330, 337, 339, 
1663362, 322, 332, 337, 339, 
1663394, 339, 340, 335, 342, 
1663426, 347, 346, 339, 341, 
1663459, 355, 350, 345, 343, 
1663491, 353, 349, 343, 343, 
1663523, 353, 346, 342, 342, 
1663555, 350, 347, 342, 340, 
1663588, 348, 343, 344, 340, 
1663620, 346, 342, 343, 339, 
1663652, 345, 343, 343, 338, 
1663684, 343, 341, 343, 338, 
1663717, 340, 340, 343, 338, 
1663749, 343, 341, 342, 338, 
1663780, 340, 339, 341, 339, 
1663813, 340, 339, 341, 338, 
1663845, 339, 339, 341, 339, 
1663878, 337, 339, 340, 339, 
1663909, 337, 338, 339, 339, 
1663942, 336, 338, 339, 339, 
1663974, 336, 339, 339, 340, 
1664007, 338, 339, 340, 342, 
1664038, 336, 336, 337, 340, 
1664071, 315, 335, 335, 337, 
1664103, 334, 340, 337, 340, 
1664136, 337, 337, 338, 340, 
1664167, 340, 338, 340, 340, 
1664200, 338, 337, 339, 340, 
1664232, 335, 337, 340, 339, 
1664265, 331, 334, 340, 339, 
1664296, 324, 332, 341, 338, 
1664329, 324, 333, 340, 339, 
1664361, 334, 337, 340, 339, 
1664394, 345, 344, 341, 340, 
1664425, 351, 347, 342, 341, 
1664458, 353, 346, 341, 341, 
1664490, 351, 346, 340, 340, 
1664523, 350, 345, 342, 340, 
1664555, 347, 344, 340, 340, 
1664587, 346, 344, 340, 341, 
1664619, 345, 342, 340, 340, 
1664652, 345, 342, 340, 340, 
1664684, 341, 340, 340, 340, 
1664716, 342, 341, 340, 340, 
1664748, 341, 340, 341, 340, 
1664780, 341, 341, 343, 340, 
1664813, 339, 339, 341, 341, 
1664844, 339, 340, 339, 340, 
1664877, 339, 340, 340, 340, 
1664909, 339, 339, 340, 340, 
1664942, 337, 339, 340, 341, 
1664973, 337, 339, 340, 339, 
1665006, 337, 339, 339, 339, 
1665038, 338, 339, 340, 340, 
1665071, 335, 333, 340, 339, 
1665102, 319, 339, 337, 336, 
1665135, 337, 339, 338, 338, 
1665167, 339, 338, 340, 340, 
1665200, 338, 336, 339, 339, 
1665231, 337, 336, 342, 340, 
1665264, 334, 335, 340, 339, 
1665296, 330, 332, 340, 339, 
1665329, 325, 330, 339, 339, 
1665360, 324, 332, 340, 339, 
1665393, 335, 341, 338, 340, 
1665425, 346, 345, 341, 341, 
1665458, 351, 346, 341, 341, 
1665489, 351, 346, 340, 341, 
1665522, 350, 344, 341, 341, 
1665554, 348, 345, 341, 342, 
1665587, 347, 343, 340, 341, 
1665618, 345, 343, 341, 341, 
1665651, 344, 342, 341, 342, 
1665683, 343, 342, 341, 344, 
1665716, 342, 341, 341, 342, 
1665747, 342, 342, 341, 341, 
1665780, 340, 341, 340, 340, 
1665812, 340, 340, 340, 340, 
1665844, 340, 340, 339, 340, 
1665876, 339, 339, 339, 340, 
1665908, 338, 339, 339, 339, 
1665941, 337, 339, 340, 339, 
1665973, 335, 339, 339, 339, 
1666006, 338, 339, 340, 339, 
1666037, 338, 339, 339, 339, 
1666070, 321, 330, 338, 338, 
1666102, 328, 341, 336, 336, 
1666135, 338, 339, 339, 337, 
1666166, 339, 337, 340, 340, 
1666199, 338, 337, 339, 340, 
1666231, 336, 336, 340, 340, 
1666264, 332, 333, 341, 340, 
1666295, 326, 330, 339, 339, 
1666328, 323, 330, 340, 339, 
1666360, 328, 334, 341, 339, 
1666393, 340, 342, 340, 341, 
1666424, 347, 344, 341, 341, 
1666457, 353, 347, 342, 341, 
1666489, 351, 346, 339, 340, 
1666522, 351, 346, 341, 341, 
1666553, 349, 344, 341, 340, 
1666586, 348, 344, 342, 341, 
1666618, 346, 343, 340, 340, 
1666651, 343, 342, 340, 341, 
1666682, 344, 341, 339, 340, 
1666715, 341, 341, 340, 340, 
1666747, 341, 341, 340, 340, 
1666780, 340, 341, 341, 340, 
1666811, 340, 340, 340, 340, 
1666843, 338, 339, 340, 341, 
1666876, 338, 339, 340, 340, 
1666908, 336, 339, 340, 340, 
1666940, 337, 339, 340, 341, 
1666972, 338, 339, 340, 340, 
1667005, 337, 336, 339, 341, 
1667037, 317, 335, 337, 336, 
1667069, 335, 339, 339, 337, 
1667101, 339, 338, 338, 339, 
1667134, 338, 337, 340, 341, 
1667166, 338, 337, 340, 340, 
1667198, 334, 335, 340, 339, 
1667230, 329, 334, 339, 339, 
1667263, 324, 330, 340, 338, 
1667295, 323, 330, 339, 340, 
1667328, 333, 337, 340, 339, 
1667359, 344, 343, 340, 340, 
1667392, 350, 346, 341, 340, 
1667424, 353, 347, 341, 340, 
1667457, 352, 346, 342, 342, 
1667488, 350, 346, 341, 341, 
1667521, 346, 343, 339, 340, 
1667553, 346, 343, 341, 339, 
1667586, 342, 341, 338, 340, 
1667617, 344, 342, 340, 340, 
1667650, 343, 341, 341, 340, 
1667682, 342, 341, 340, 340, 
1667715, 342, 341, 341, 341, 
1667746, 340, 340, 340, 341, 
1667779, 338, 340, 340, 340, 
1667811, 335, 338, 341, 340, 
1667844, 339, 340, 340, 340, 
1667875, 340, 340, 341, 340, 
1667907, 328, 330, 339, 339, 
1667940, 326, 340, 338, 336, 
1667972, 337, 338, 339, 339, 
1668004, 339, 338, 341, 339, 
1668036, 337, 336, 340, 340, 
1668069, 338, 336, 342, 340, 
1668101, 332, 334, 339, 339, 
1668133, 327, 332, 340, 339, 
1668165, 323, 331, 340, 339, 
1668198, 325, 334, 339, 339, 
1668230, 340, 341, 341, 340, 
1668262, 348, 344, 340, 339, 
1668294, 353, 347, 342, 341, 
1668327, 351, 345, 340, 340, 
1668359, 350, 345, 340, 340, 
1668391, 348, 345, 343, 341, 
1668423, 345, 343, 340, 340, 
1668456, 344, 342, 342, 341, 
1668488, 343, 342, 341, 340, 
1668520, 341, 341, 339, 340, 
1668552, 342, 340, 340, 340, 
1668585, 340, 339, 340, 340, 
1668617, 341, 340, 341, 339, 
1668649, 339, 340, 339, 339, 
1668681, 339, 339, 341, 339, 
1668714, 336, 339, 339, 340, 
1668746, 337, 339, 339, 340, 
1668779, 338, 339, 340, 340, 
1668810, 338, 338, 338, 339, 
1668843, 315, 332, 338, 336, 
1668875, 332, 340, 338, 337, 
1668907, 338, 338, 340, 339, 
1668939, 339, 337, 341, 338, 
1668971, 337, 336, 340, 340, 
1669004, 336, 335, 340, 340, 
1669036, 331, 333, 339, 340, 
1669068, 326, 331, 340, 340, 
1669100, 323, 332, 339, 340, 
1669133, 329, 336, 339, 340, 
1669165, 344, 343, 340, 340, 
1669197, 349, 345, 342, 342, 
1669229, 353, 347, 342, 341, 
1669262, 352, 346, 342, 342, 
1669294, 350, 345, 340, 342, 
1669326, 348, 345, 341, 341, 
1669358, 347, 343, 341, 341, 
1669391, 345, 343, 340, 342, 
1669423, 344, 341, 341, 341, 
1669455, 342, 341, 340, 341, 
1669487, 342, 340, 341, 340, 
1669520, 342, 342, 340, 340, 
1669552, 338, 339, 339, 341, 
1669584, 339, 340, 340, 340, 
1669616, 339, 339, 341, 341, 
1669649, 334, 338, 340, 340, 
1669681, 337, 339, 339, 340, 
1669713, 338, 339, 340, 340, 
1669745, 340, 337, 339, 339, 
1669778, 317, 334, 338, 336, 
1669810, 335, 338, 337, 337, 
1669842, 341, 338, 340, 339, 
1669874, 340, 337, 341, 340, 
1669907, 339, 337, 340, 339, 
1669939, 333, 335, 339, 340, 
1669970, 332, 334, 340, 340, 
1670003, 326, 332, 340, 339, 
1670035, 323, 331, 339, 338, 
1670068, 332, 337, 340, 338, 
1670099, 343, 342, 339, 339, 
1670132, 351, 346, 339, 339, 
1670164, 352, 347, 339, 338, 
1670197, 351, 345, 341, 340, 
1670228, 349, 345, 340, 340, 
1670261, 346, 343, 341, 339, 
1670293, 345, 343, 339, 340, 
1670326, 345, 343, 341, 340, 
1670358, 343, 342, 341, 340, 
1670390, 342, 341, 339, 340, 
1670422, 342, 342, 338, 339, 
1670455, 344, 341, 340, 340, 
1670487, 341, 341, 338, 340, 
1670519, 340, 340, 341, 339, 
1670551, 337, 339, 341, 339, 
1670584, 342, 340, 342, 340, 
1670616, 341, 339, 342, 339, 
1670648, 326, 330, 339, 338, 
1670680, 327, 339, 336, 336, 
1670713, 338, 337, 339, 338, 
1670745, 341, 337, 340, 339, 
1670777, 339, 336, 340, 341, 
1670809, 336, 336, 340, 340, 
1670842, 333, 333, 340, 340, 
1670874, 328, 332, 340, 339, 
1670906, 325, 331, 340, 340, 
1670938, 330, 335, 341, 339, 
1670970, 340, 340, 340, 341, 
1671003, 350, 344, 341, 340, 
1671034, 355, 347, 341, 341, 
1671067, 355, 346, 341, 342, 
1671099, 353, 345, 341, 342, 
1671132, 350, 344, 342, 342, 
1671163, 348, 344, 341, 342, 
1671196, 346, 342, 340, 342, 
1671228, 343, 342, 340, 342, 
1671261, 342, 341, 340, 342, 
1671292, 341, 340, 340, 341, 
1671325, 341, 339, 341, 341, 
1671357, 340, 340, 340, 341, 
1671390, 339, 339, 340, 341, 
1671421, 338, 338, 340, 340, 
1671454, 336, 339, 339, 340, 
1671486, 335, 338, 340, 340, 
1671519, 335, 339, 339, 341, 
1671550, 337, 339, 339, 341, 
1671583, 338, 339, 338, 340, 
1671615, 317, 330, 337, 338, 
1671648, 329, 341, 337, 337, 
1671680, 337, 338, 338, 340, 
1671712, 337, 336, 339, 340, 
1671744, 338, 337, 339, 340, 
1671777, 336, 336, 340, 340, 
1671809, 332, 335, 340, 340, 
1671841, 325, 331, 340, 339, 
1671873, 321, 331, 339, 340, 
1671906, 328, 336, 340, 340, 
1671938, 341, 342, 341, 340, 
1671970, 349, 345, 342, 341, 
1672002, 352, 346, 342, 341, 
1672034, 351, 345, 341, 340, 
1672067, 350, 344, 341, 340, 
1672098, 348, 343, 340, 341, 
1672131, 346, 342, 340, 340, 
1672163, 345, 342, 340, 340, 
1672196, 344, 341, 340, 340, 
1672227, 343, 342, 340, 339, 
1672260, 342, 340, 339, 339, 
1672292, 341, 340, 340, 338, 
1672325, 340, 339, 340, 339, 
1672356, 339, 341, 341, 339, 
1672389, 337, 339, 340, 340, 
1672421, 336, 340, 341, 340, 
1672454, 335, 340, 341, 341, 
1672485, 337, 340, 341, 341, 
1672518, 338, 340, 342, 341, 
1672550, 322, 331, 339, 339, 
1672583, 326, 340, 338, 337, 
1672614, 337, 339, 339, 339, 
1672647, 338, 337, 341, 339, 
1672679, 338, 335, 340, 340, 
1672712, 335, 334, 341, 339, 
1672743, 332, 334, 341, 338, 
1672776, 327, 333, 341, 338, 
1672808, 323, 331, 340, 339, 
1672841, 328, 335, 341, 339, 
1672872, 339, 340, 341, 341, 
1672905, 348, 346, 341, 341, 
1672937, 351, 346, 342, 341, 
1672970, 351, 346, 341, 341, 
1673001, 350, 345, 340, 339, 
1673033, 346, 344, 340, 341, 
1673066, 346, 342, 341, 340, 
1673098, 344, 342, 341, 342, 
1673131, 343, 342, 340, 340, 
1673162, 343, 342, 340, 339, 
1673195, 342, 340, 340, 340, 
1673227, 340, 340, 340, 340, 
1673260, 340, 339, 339, 340, 
1673291, 339, 339, 340, 340, 
1673324, 339, 338, 339, 339, 
1673356, 338, 339, 340, 340, 
1673389, 337, 339, 339, 339, 
1673420, 336, 338, 340, 340, 
1673453, 337, 338, 339, 340, 
1673485, 340, 339, 339, 339, 
1673518, 335, 334, 338, 339, 
1673549, 318, 339, 337, 336, 
1673582, 336, 339, 338, 339, 
1673614, 339, 337, 339, 339, 
1673647, 339, 337, 340, 341, 
1673678, 337, 336, 340, 342, 
1673711, 334, 335, 340, 341, 
1673743, 329, 332, 340, 340, 
1673776, 325, 331, 340, 340, 
1673807, 323, 332, 340, 340, 
1673840, 334, 339, 341, 340, 
1673872, 345, 343, 342, 340, 
1673905, 350, 346, 340, 341, 
1673936, 351, 346, 341, 341, 
1673969, 351, 345, 341, 341, 
1674001, 349, 344, 340, 340, 
1674034, 347, 343, 341, 341, 
1674065, 345, 343, 341, 340, 
1674097, 343, 341, 341, 340, 
1674130, 343, 342, 340, 340, 
1674162, 342, 342, 341, 340, 
1674194, 341, 341, 340, 340, 
1674226, 341, 340, 340, 340, 
1674259, 340, 339, 340, 340, 
1674291, 339, 339, 341, 340, 
1674323, 339, 339, 341, 340, 
1674355, 339, 338, 340, 340, 
1674388, 338, 339, 339, 339, 
1674420, 335, 338, 340, 339, 
1674452, 338, 338, 340, 339, 
1674484, 339, 338, 340, 339, 
1674517, 326, 328, 339, 339, 
1674549, 325, 339, 337, 336, 
1674582, 337, 337, 339, 338, 
1674613, 339, 337, 339, 340, 
1674646, 339, 337, 340, 340, 
1674678, 336, 336, 340, 340, 
1674711, 333, 335, 340, 340, 
1674742, 328, 333, 340, 340, 
1674775, 323, 332, 339, 340, 
1674807, 327, 335, 340, 340, 
1674840, 339, 341, 340, 339, 
1674871, 347, 345, 341, 341, 
1674904, 351, 347, 341, 341, 
1674936, 351, 346, 341, 340, 
1674969, 349, 345, 341, 341, 
1675000, 347, 343, 340, 340, 
1675033, 345, 342, 340, 340, 
1675065, 344, 342, 340, 340, 
1675097, 342, 341, 340, 342, 
1675129, 343, 341, 341, 340, 
1675161, 341, 341, 340, 340, 
1675194, 342, 341, 341, 340, 
1675226, 341, 341, 341, 341, 
1675258, 340, 340, 341, 340, 
1675290, 340, 340, 340, 341, 
1675323, 337, 339, 339, 340, 
1675355, 336, 339, 341, 340, 
1675387, 339, 339, 339, 340, 
1675419, 341, 339, 339, 339, 
1675452, 319, 331, 339, 338, 
1675484, 331, 341, 337, 337, 
1675516, 337, 338, 339, 339, 
1675548, 338, 337, 339, 340, 
1675581, 337, 337, 340, 340, 
1675613, 335, 336, 340, 340, 
1675645, 331, 334, 340, 340, 
1675677, 326, 331, 339, 339, 
1675710, 321, 331, 339, 340, 
1675742, 327, 335, 340, 339, 
1675774, 338, 341, 338, 340, 
1675806, 345, 344, 339, 340, 
1675839, 350, 346, 341, 341, 
1675871, 346, 344, 337, 341, 
1675904, 347, 344, 340, 341, 
1675935, 347, 345, 340, 341, 
1675968, 345, 345, 337, 340, 
1676000, 346, 344, 339, 340, 
1676033, 343, 343, 339, 340, 
1676064, 343, 343, 340, 339, 
1676097, 340, 342, 337, 339, 
1676129, 341, 341, 338, 339, 
1676161, 340, 339, 338, 340, 
1676193, 340, 337, 340, 339, 
1676225, 339, 336, 339, 340, 
1676258, 340, 337, 342, 340, 
1676290, 337, 336, 339, 340, 
1676322, 335, 337, 339, 342, 
1676354, 338, 339, 342, 342, 
1676387, 339, 338, 338, 342, 
1676419, 339, 337, 337, 339, 
1676451, 317, 336, 338, 333, 
1676483, 334, 340, 338, 336, 
1676516, 339, 339, 339, 339, 
1676548, 338, 338, 339, 341, 
1676580, 337, 339, 339, 342, 
1676612, 335, 341, 342, 345, 
1676645, 332, 339, 339, 346, 
1676677, 326, 337, 339, 348, 
1676709, 323, 337, 339, 349, 
1676741, 333, 344, 340, 350, 
1676774, 341, 347, 339, 351, 
1676806, 348, 349, 339, 351, 
1676838, 349, 346, 342, 350, 
1676870, 348, 344, 337, 348, 
1676903, 349, 343, 344, 347, 
1676935, 347, 343, 337, 344, 
1676967, 343, 342, 341, 344, 
1676999, 343, 342, 340, 342, 
1677032, 342, 342, 339, 341, 
1677064, 342, 344, 343, 341, 
1677096, 340, 343, 339, 339, 
1677128, 340, 342, 343, 340, 
1677160, 339, 342, 340, 339, 
1677193, 339, 341, 340, 338, 
1677224, 339, 342, 343, 337, 
1677257, 338, 341, 341, 338, 
1677289, 338, 340, 342, 338, 
1677322, 335, 340, 341, 337, 
1677353, 336, 341, 342, 337, 
1677386, 338, 340, 339, 337, 
1677418, 338, 338, 340, 337, 
1677451, 318, 336, 339, 334, 
1677483, 334, 341, 340, 335, 
1677515, 337, 338, 341, 337, 
1677547, 337, 337, 340, 338, 
1677580, 336, 337, 341, 339, 
1677612, 333, 336, 341, 338, 
1677644, 330, 334, 341, 338, 
1677676, 325, 332, 341, 337, 
1677709, 324, 332, 340, 337, 
1677741, 330, 338, 340, 337, 
1677773, 341, 343, 341, 338, 
1677805, 348, 345, 341, 338, 
1677838, 351, 346, 341, 338, 
1677870, 349, 345, 341, 338, 
1677902, 348, 345, 342, 338, 
1677934, 346, 344, 341, 339, 
1677967, 345, 343, 341, 338, 
1677999, 344, 344, 342, 339, 
1678031, 343, 341, 342, 339, 
1678063, 343, 342, 341, 340, 
1678096, 342, 341, 340, 339, 
1678128, 340, 340, 340, 340, 
1678160, 340, 340, 339, 339, 
1678192, 339, 340, 340, 339, 
1678224, 339, 339, 340, 338, 
1678257, 339, 340, 339, 338, 
1678288, 337, 338, 339, 338, 
1678321, 336, 338, 339, 337, 
1678353, 338, 339, 340, 338, 
1678386, 339, 338, 339, 338, 
1678417, 325, 329, 339, 337, 
1678450, 329, 340, 337, 334, 
1678482, 338, 337, 339, 336, 
1678515, 339, 336, 340, 338, 
1678546, 338, 336, 341, 339, 
1678579, 337, 334, 341, 338, 
1678611, 333, 333, 342, 338, 
1678644, 328, 330, 341, 337, 
1678675, 324, 329, 341, 339, 
1678708, 327, 333, 340, 339, 
1678740, 339, 338, 341, 338, 
1678773, 348, 343, 342, 339, 
1678804, 351, 344, 341, 339, 
1678837, 351, 344, 341, 340, 
1678869, 349, 343, 341, 341, 
1678902, 347, 342, 340, 341, 
1678934, 345, 341, 341, 340, 
1678966, 344, 342, 339, 339, 
1678998, 344, 341, 341, 341, 
1679031, 342, 340, 340, 341, 
1679063, 342, 340, 339, 340, 
1679095, 340, 339, 339, 340, 
1679127, 339, 339, 339, 340, 
1679160, 339, 339, 339, 340, 
1679192, 338, 338, 339, 340, 
1679223, 337, 338, 339, 340, 
1679256, 337, 338, 339, 341, 
1679288, 336, 337, 340, 339, 
1679321, 335, 338, 339, 339, 
1679352, 335, 338, 339, 339, 
1679385, 339, 338, 339, 339, 
1679417, 331, 330, 338, 339, 
1679450, 322, 339, 337, 336, 
1679481, 336, 337, 338, 338, 
1679514, 338, 337, 338, 339, 
1679546, 339, 336, 339, 339, 
1679579, 337, 335, 339, 339, 
1679610, 334, 333, 339, 339, 
1679643, 330, 331, 339, 339, 
1679675, 326, 331, 339, 340, 
1679708, 327, 331, 340, 339, 
1679739, 338, 339, 341, 340, 
1679772, 346, 343, 341, 340, 
1679804, 352, 345, 341, 341, 
1679837, 352, 346, 341, 341, 
1679868, 350, 343, 340, 340, 
1679901, 349, 342, 341, 341, 
1679933, 348, 342, 340, 341, 
1679966, 346, 341, 340, 339, 
1679997, 345, 340, 340, 340, 
1680030, 344, 339, 340, 340, 
1680062, 344, 339, 340, 339, 
1680095, 343, 339, 340, 341, 
1680126, 342, 338, 339, 340, 
1680159, 341, 338, 340, 339, 
1680191, 342, 338, 339, 339, 
1680224, 341, 338, 340, 340, 
1680256, 339, 338, 338, 338, 
1680287, 338, 337, 339, 339, 
1680320, 339, 338, 339, 339, 
1680352, 341, 338, 339, 339, 
1680385, 335, 331, 338, 339, 
1680416, 324, 337, 336, 336, 
1680449, 338, 337, 338, 339, 
1680481, 341, 336, 339, 338, 
1680514, 340, 335, 339, 340, 
1680545, 338, 336, 339, 339, 
1680578, 334, 334, 339, 339, 
1680610, 330, 332, 339, 339, 
1680643, 326, 331, 339, 339, 
1680674, 327, 333, 338, 340, 
1680707, 337, 340, 339, 340, 
1680739, 347, 344, 340, 341, 
1680772, 351, 346, 340, 340, 
1680803, 353, 346, 341, 340, 
1680836, 350, 345, 340, 338, 
1680868, 349, 344, 341, 340, 
1680901, 346, 342, 340, 341, 
1680932, 346, 343, 340, 339, 
1680965, 344, 341, 340, 340, 
1680997, 343, 342, 341, 339, 
1681030, 341, 341, 340, 339, 
1681061, 342, 341, 340, 340, 
1681094, 340, 339, 340, 339, 
1681126, 339, 339, 341, 340, 
1681159, 339, 339, 341, 339, 
1681190, 339, 339, 341, 340, 
1681223, 338, 338, 340, 339, 
1681255, 335, 339, 339, 339, 
1681287, 339, 340, 340, 340, 
1681319, 339, 339, 340, 340, 
1681351, 333, 332, 338, 339, 
1681384, 323, 340, 336, 336, 
1681416, 337, 340, 339, 339, 
1681448, 339, 336, 339, 339, 
1681480, 339, 337, 340, 340, 
1681513, 337, 335, 340, 339, 
1681545, 335, 334, 340, 338, 
1681577, 330, 332, 339, 339, 
1681609, 325, 332, 339, 339, 
1681642, 326, 333, 339, 339, 
1681674, 337, 339, 340, 339, 
1681707, 347, 344, 342, 340, 
1681738, 352, 346, 341, 341, 
1681771, 352, 345, 341, 340, 
1681803, 351, 346, 341, 340, 
1681836, 349, 343, 340, 340, 
1681867, 348, 343, 340, 340, 
1681900, 348, 342, 340, 340, 
1681932, 347, 341, 340, 340, 
1681965, 346, 341, 339, 341, 
1681996, 344, 341, 340, 340, 
1682029, 342, 340, 340, 341, 
1682061, 342, 339, 341, 340, 
1682094, 341, 340, 340, 341, 
1682125, 340, 339, 340, 339, 
1682158, 339, 339, 339, 339, 
1682190, 339, 340, 340, 340, 
1682223, 337, 338, 339, 339, 
1682254, 336, 338, 340, 340, 
1682287, 337, 339, 339, 339, 
1682319, 338, 338, 340, 339, 
1682351, 330, 331, 339, 340, 
1682383, 322, 338, 334, 336, 
1682415, 335, 337, 339, 338, 
1682448, 337, 337, 340, 338, 
1682480, 336, 336, 337, 339, 
1682512, 335, 336, 342, 340, 
1682544, 332, 334, 340, 339, 
1682577, 328, 332, 340, 338, 
1682609, 324, 332, 341, 338, 
1682641, 326, 334, 340, 338, 
1682673, 336, 339, 341, 338, 
1682706, 345, 345, 342, 339, 
1682738, 349, 345, 341, 339, 
1682770, 350, 345, 340, 339, 
1682802, 348, 344, 341, 338, 
1682835, 346, 342, 341, 338, 
1682867, 345, 341, 341, 338, 
1682899, 344, 341, 341, 339, 
1682931, 342, 340, 342, 338, 
1682964, 341, 340, 340, 340, 
1682996, 341, 340, 342, 344, 
1683028, 340, 339, 341, 345, 
1683060, 340, 340, 341, 344, 
1683093, 340, 338, 341, 344, 
1683125, 339, 338, 341, 342, 
1683158, 339, 337, 342, 339, 
1683189, 336, 337, 341, 339, 
1683222, 336, 336, 341, 338, 
1683254, 338, 335, 341, 338, 
1683287, 337, 333, 340, 338, 
1683318, 318, 335, 338, 334, 
1683350, 335, 340, 340, 336, 
1683383, 337, 340, 341, 338, 
1683415, 338, 341, 340, 338, 
1683447, 337, 340, 340, 338, 
1683479, 333, 339, 340, 339, 
1683512, 329, 337, 339, 338, 
1683544, 324, 333, 340, 338, 
1683576, 324, 334, 340, 337, 
1683608, 333, 340, 340, 338, 
1683641, 343, 343, 342, 340, 
1683673, 350, 345, 342, 341, 
1683705, 351, 343, 341, 341, 
1683737, 350, 344, 341, 340, 
1683770, 346, 341, 340, 340, 
1683802, 344, 340, 341, 340, 
1683834, 342, 339, 339, 341, 
1683866, 341, 339, 340, 341, 
1683899, 340, 337, 340, 341, 
1683931, 341, 336, 339, 341, 
1683963, 338, 333, 339, 340, 
1683995, 338, 333, 339, 340, 
1684028, 334, 331, 338, 340, 
1684060, 337, 333, 337, 341, 
1684092, 332, 332, 337, 342, 
1684124, 339, 336, 338, 344, 
1684157, 335, 335, 337, 345, 
1684189, 339, 337, 338, 347, 
1684221, 334, 337, 337, 346, 
1684253, 332, 336, 336, 347, 
1684286, 341, 341, 338, 347, 
1684318, 333, 335, 337, 345, 
1684350, 325, 345, 337, 342, 
1684382, 338, 343, 337, 344, 
1684414, 344, 342, 340, 342, 
1684447, 339, 340, 339, 341, 
1684478, 339, 339, 340, 342, 
1684511, 333, 336, 338, 341, 
1684543, 333, 337, 340, 340, 
1684576, 325, 334, 339, 341, 
1684608, 328, 337, 340, 341, 
1684640, 335, 342, 340, 341, 
1684672, 348, 347, 342, 343, 
1684705, 354, 349, 342, 343, 
1684737, 354, 348, 340, 343, 
1684769, 351, 346, 342, 343, 
1684801, 352, 346, 341, 342, 
1684834, 348, 344, 341, 342, 
1684866, 345, 342, 341, 341, 
1684898, 347, 344, 342, 340, 
1684930, 343, 342, 340, 340, 
1684963, 344, 342, 341, 339, 
1684995, 343, 342, 341, 339, 
1685027, 342, 341, 342, 338, 
1685059, 339, 340, 341, 338, 
1685092, 340, 340, 341, 338, 
1685124, 340, 339, 341, 339, 
1685156, 340, 340, 341, 338, 
1685188, 340, 339, 341, 339, 
1685221, 338, 338, 341, 338, 
1685253, 336, 338, 341, 337, 
1685285, 337, 338, 340, 337, 
1685317, 338, 338, 340, 337, 
1685350, 338, 336, 340, 337, 
1685382, 316, 334, 338, 335, 
1685413, 333, 339, 339, 336, 
1685446, 337, 339, 339, 337, 
1685478, 338, 337, 339, 338, 
1685511, 336, 336, 340, 338, 
1685542, 334, 336, 339, 338, 
1685575, 329, 335, 340, 337, 
1685607, 324, 333, 340, 337, 
1685640, 321, 332, 339, 337, 
1685671, 327, 337, 341, 338, 
1685704, 340, 342, 340, 338, 
1685736, 348, 347, 342, 339, 
1685769, 350, 347, 341, 339, 
1685800, 350, 346, 340, 339, 
1685833, 347, 344, 338, 339, 
1685865, 346, 343, 339, 339, 
1685898, 344, 343, 341, 340, 
1685929, 344, 343, 341, 342, 
1685962, 344, 343, 341, 343, 
1685994, 342, 343, 341, 344, 
1686027, 340, 339, 338, 345, 
1686059, 342, 342, 340, 349, 
1686091, 342, 343, 341, 353, 
1686123, 343, 345, 340, 357, 
1686156, 338, 342, 337, 359, 
1686188, 339, 342, 339, 358, 
1686220, 333, 341, 333, 358, 
1686252, 341, 343, 339, 352, 
1686285, 334, 342, 339, 349, 
1686317, 339, 342, 339, 344, 
1686349, 344, 343, 343, 340, 
1686381, 339, 336, 340, 336, 
1686414, 319, 338, 340, 331, 
1686446, 334, 337, 338, 333, 
1686477, 339, 337, 340, 331, 
1686510, 334, 332, 335, 330, 
1686542, 337, 333, 338, 330, 
1686575, 331, 330, 338, 329, 
1686606, 330, 330, 339, 330, 
1686639, 327, 329, 340, 330, 
1686671, 321, 328, 337, 330, 
1686704, 335, 336, 343, 330, 
1686735, 344, 341, 340, 330, 
1686768, 349, 344, 340, 332, 
1686800, 355, 346, 343, 333, 
1686833, 350, 344, 341, 334, 
1686864, 348, 342, 340, 334, 
1686897, 348, 343, 341, 333, 
1686929, 346, 343, 340, 335, 
1686962, 345, 342, 343, 336, 
1686993, 340, 341, 341, 336, 
1687026, 343, 343, 342, 337, 
1687058, 340, 341, 341, 337, 
1687091, 339, 341, 340, 337, 
1687122, 340, 342, 340, 337, 
1687155, 340, 343, 343, 338, 
1687187, 338, 341, 341, 338, 
1687220, 339, 341, 341, 338, 
1687251, 337, 340, 339, 338, 
1687284, 337, 341, 341, 338, 
1687316, 336, 340, 340, 338, 
1687349, 337, 341, 341, 340, 
1687380, 341, 340, 342, 338, 
1687413, 312, 331, 336, 335, 
1687445, 329, 341, 339, 335, 
1687477, 337, 338, 338, 338, 
1687510, 337, 337, 338, 338, 
1687541, 337, 336, 340, 339, 
1687574, 334, 334, 338, 339, 
1687606, 333, 335, 340, 338, 
1687639, 323, 330, 339, 339, 
1687670, 324, 331, 339, 338, 
1687703, 327, 334, 338, 336, 
1687735, 342, 342, 340, 338, 
1687768, 348, 346, 340, 340, 
1687799, 353, 346, 338, 339, 
1687832, 350, 345, 340, 340, 
1687864, 352, 345, 341, 339, 
1687897, 349, 345, 342, 339, 
1687928, 343, 341, 339, 340, 
1687961, 347, 342, 343, 340, 
1687993, 340, 340, 338, 341, 
1688026, 343, 342, 341, 341, 
1688057, 343, 341, 340, 341, 
1688090, 340, 340, 338, 341, 
1688122, 343, 342, 340, 341, 
1688155, 339, 341, 338, 341, 
1688186, 340, 351, 338, 342, 
1688219, 341, 357, 342, 342, 
1688251, 336, 355, 338, 341, 
1688284, 335, 353, 339, 341, 
1688315, 337, 352, 338, 341, 
1688348, 340, 349, 340, 343, 
1688380, 333, 340, 339, 340, 
1688413, 321, 343, 337, 337, 
1688444, 336, 340, 337, 339, 
1688477, 340, 339, 340, 341, 
1688509, 337, 336, 339, 341, 
1688541, 338, 336, 341, 341, 
1688573, 334, 335, 339, 341, 
1688605, 329, 333, 339, 340, 
1688638, 325, 330, 339, 340, 
1688670, 326, 331, 340, 340, 
1688702, 336, 338, 339, 340, 
1688734, 347, 342, 343, 340, 
1688767, 347, 342, 340, 340, 
1688799, 352, 343, 339, 340, 
1688832, 350, 343, 343, 340, 
1688863, 348, 341, 341, 341, 
1688896, 348, 341, 342, 342, 
1688928, 343, 339, 341, 341, 
1688961, 345, 341, 342, 340, 
1688992, 342, 339, 339, 340, 
1689025, 343, 339, 343, 341, 
1689057, 340, 338, 340, 340, 
1689090, 341, 338, 340, 340, 
1689121, 340, 338, 343, 340, 
1689154, 339, 337, 341, 340, 
1689186, 336, 336, 340, 339, 
1689219, 335, 336, 339, 339, 
1689250, 338, 337, 341, 339, 
1689283, 337, 336, 338, 339, 
1689315, 319, 330, 339, 338, 
1689348, 331, 339, 336, 336, 
1689379, 338, 337, 341, 338, 
1689412, 340, 337, 341, 340, 
1689444, 336, 336, 337, 338, 
1689477, 337, 336, 341, 340, 
1689508, 332, 334, 340, 339, 
1689540, 325, 330, 337, 338, 
1689573, 323, 331, 341, 337, 
1689605, 327, 334, 335, 336, 
1689637, 342, 341, 341, 338, 
1689669, 349, 345, 342, 339, 
1689702, 348, 344, 337, 339, 
1689734, 353, 346, 344, 340, 
1689766, 351, 345, 343, 342, 
1689798, 350, 344, 343, 343, 
1689831, 346, 342, 341, 344, 
1689863, 346, 341, 341, 345, 
1689895, 341, 339, 339, 345, 
1689927, 343, 339, 341, 345, 
1689960, 339, 337, 340, 345, 
1689992, 341, 339, 342, 345, 
1690024, 341, 339, 341, 344, 
1690056, 340, 337, 340, 343, 
1690089, 339, 338, 341, 343, 
1690121, 339, 338, 341, 342, 
1690153, 337, 336, 340, 341, 
1690185, 336, 336, 341, 341, 
1690218, 337, 336, 340, 341, 
1690250, 338, 336, 339, 341, 
1690283, 336, 332, 341, 341, 
1690314, 318, 337, 337, 338, 
1690347, 333, 336, 336, 340, 
1690379, 338, 336, 341, 342, 
1690412, 338, 336, 338, 341, 
1690443, 335, 335, 341, 340, 
1690476, 335, 334, 342, 340, 
1690508, 330, 333, 340, 340, 
1690541, 326, 332, 339, 339, 
1690572, 324, 333, 339, 339, 
1690604, 333, 338, 340, 339, 
1690637, 344, 343, 341, 341, 
1690669, 349, 346, 341, 339, 
1690701, 351, 346, 341, 340, 
1690733, 350, 345, 340, 340, 
1690766, 348, 344, 341, 339, 
1690798, 346, 343, 340, 339, 
1690830, 345, 342, 340, 338, 
1690862, 343, 341, 340, 339, 
1690895, 343, 341, 340, 339, 
1690927, 342, 341, 340, 339, 
1690959, 341, 341, 340, 340, 
1690991, 341, 340, 339, 339, 
1691024, 340, 340, 340, 341, 
1691056, 341, 340, 340, 339, 
1691088, 339, 341, 339, 340, 
1691120, 338, 339, 339, 340, 
1691153, 338, 339, 340, 340, 
1691185, 337, 339, 339, 339, 
1691217, 336, 340, 340, 340, 
1691249, 337, 339, 339, 339, 
1691282, 338, 340, 339, 339, 
1691314, 332, 333, 338, 338, 
1691346, 321, 339, 337, 337, 
1691378, 336, 338, 338, 338, 
1691411, 339, 336, 339, 338, 
1691443, 337, 337, 340, 339, 
1691475, 337, 335, 340, 339, 
1691507, 333, 333, 339, 338, 
1691540, 329, 332, 340, 338, 
1691572, 325, 331, 340, 338, 
1691603, 327, 333, 340, 338, 
1691636, 336, 339, 340, 339, 
1691668, 346, 344, 341, 340, 
1691701, 350, 347, 342, 340, 
1691732, 351, 345, 341, 339, 
1691765, 349, 345, 340, 339, 
1691797, 348, 343, 339, 340, 
1691830, 346, 343, 340, 340, 
1691862, 345, 342, 341, 340, 
1691894, 343, 341, 339, 340, 
1691926, 343, 342, 341, 341, 
1691959, 343, 341, 340, 340, 
1691991, 342, 340, 340, 342, 
1692023, 340, 340, 340, 340, 
1692055, 340, 340, 339, 341, 
1692088, 339, 341, 339, 341, 
1692120, 339, 340, 340, 340, 
1692152, 338, 340, 340, 341, 
1692184, 336, 339, 339, 340, 
1692217, 336, 339, 339, 340, 
1692249, 339, 340, 340, 340, 
1692281, 340, 338, 340, 340, 
1692313, 321, 330, 338, 339, 
1692346, 330, 340, 337, 338, 
1692378, 337, 338, 339, 339, 
1692410, 339, 337, 338, 340, 
1692442, 340, 336, 339, 340, 
1692475, 336, 335, 341, 340, 
1692507, 332, 335, 339, 339, 
1692539, 327, 332, 339, 340, 
1692571, 324, 332, 339, 339, 
1692604, 328, 336, 340, 339, 
1692636, 339, 341, 341, 340, 
1692667, 348, 345, 340, 342, 
1692700, 351, 346, 340, 341, 
1692732, 351, 346, 341, 340, 
1692765, 350, 345, 341, 341, 
1692796, 347, 344, 340, 341, 
1692829, 345, 343, 340, 341, 
1692861, 345, 343, 341, 341, 
1692894, 343, 342, 340, 342, 
1692925, 342, 341, 340, 340, 
1692958, 341, 340, 342, 340, 
1692990, 340, 340, 340, 341, 
1693023, 340, 340, 341, 340, 
1693054, 339, 339, 340, 340, 
1693087, 339, 339, 340, 340, 
1693119, 339, 340, 340, 338, 
1693152, 338, 339, 340, 339, 
1693184, 339, 338, 339, 340, 
1693216, 337, 338, 338, 339, 
1693248, 335, 338, 339, 339, 
1693281, 336, 338, 341, 340, 
1693313, 339, 339, 339, 339, 
1693345, 337, 336, 339, 339, 
1693377, 316, 338, 338, 337, 
1693410, 335, 339, 339, 339, 
1693442, 339, 339, 340, 339, 
1693474, 339, 337, 340, 339, 
1693506, 337, 337, 340, 339, 
1693539, 335, 335, 339, 340, 
1693571, 330, 333, 339, 339, 
1693603, 326, 331, 339, 339, 
1693635, 324, 333, 340, 339, 
1693667, 333, 338, 340, 340, 
1693700, 343, 344, 342, 340, 
1693731, 349, 347, 342, 341, 
1693764, 352, 347, 342, 340, 
1693796, 350, 345, 341, 341, 
1693829, 349, 344, 342, 341, 
1693860, 347, 344, 341, 340, 
1693893, 347, 343, 341, 340, 
1693925, 346, 342, 341, 340, 
1693958, 343, 341, 341, 341, 
1693989, 343, 342, 341, 340, 
1694022, 341, 341, 340, 340, 
1694054, 341, 341, 339, 340, 
1694087, 340, 340, 340, 340, 
1694118, 339, 340, 340, 340, 
1694151, 340, 341, 341, 340, 
1694183, 339, 340, 341, 340, 
1694216, 338, 341, 340, 340, 
1694247, 338, 340, 340, 340, 
1694280, 337, 338, 340, 339, 
1694312, 336, 339, 340, 339, 
1694345, 336, 338, 340, 339, 
1694376, 338, 339, 339, 339, 
1694409, 338, 338, 340, 340, 
1694441, 317, 333, 338, 336, 
1694474, 332, 339, 338, 337, 
1694505, 338, 338, 339, 339, 
1694538, 338, 337, 340, 340, 
1694570, 337, 336, 340, 341, 
1694603, 335, 335, 340, 340, 
1694635, 331, 334, 340, 339, 
1694667, 327, 332, 340, 339, 
1694699, 324, 331, 340, 338, 
1694731, 330, 335, 341, 339, 
1694764, 341, 342, 341, 341, 
1694795, 350, 346, 342, 341, 
1694828, 351, 346, 342, 340, 
1694860, 350, 345, 343, 341, 
1694893, 349, 344, 341, 340, 
1694924, 347, 342, 342, 340, 
1694957, 346, 341, 342, 340, 
1694989, 345, 340, 342, 341, 
1695022, 344, 339, 341, 339, 
1695053, 342, 339, 342, 340, 
1695086, 341, 337, 341, 340, 
1695118, 341, 338, 340, 341, 
1695151, 340, 337, 341, 341, 
1695182, 339, 337, 340, 340, 
1695215, 340, 337, 340, 340, 
1695247, 339, 339, 340, 340, 
1695280, 338, 337, 340, 339, 
1695311, 337, 337, 339, 341, 
1695344, 335, 337, 341, 341, 
1695376, 338, 339, 339, 342, 
1695409, 340, 339, 339, 343, 
1695440, 327, 329, 338, 342, 
1695473, 325, 339, 336, 339, 
1695505, 337, 337, 338, 340, 
1695538, 339, 336, 339, 341, 
1695569, 340, 336, 338, 341, 
1695602, 338, 335, 338, 340, 
1695634, 332, 334, 339, 339, 
1695667, 329, 332, 338, 338, 
1695698, 324, 331, 338, 338, 
1695730, 327, 334, 338, 338, 
1695763, 337, 341, 341, 340, 
1695795, 347, 347, 341, 341, 
1695827, 351, 349, 341, 342, 
1695859, 352, 348, 341, 342, 
1695892, 352, 348, 341, 341, 
1695924, 349, 346, 341, 341, 
1695956, 347, 345, 341, 341, 
1695988, 346, 344, 341, 341, 
1696021, 344, 344, 341, 340, 
1696053, 344, 342, 340, 340, 
1696086, 342, 341, 340, 340, 
1696117, 341, 341, 340, 340, 
1696150, 340, 340, 339, 340, 
1696182, 340, 342, 340, 340, 
1696215, 338, 341, 340, 340, 
1696246, 338, 340, 339, 341, 
1696279, 338, 340, 340, 341, 
1696311, 339, 340, 340, 341, 
1696344, 338, 341, 339, 341, 
1696375, 335, 340, 339, 340, 
1696408, 335, 339, 339, 340, 
1696440, 338, 341, 339, 340, 
1696473, 338, 339, 339, 340, 
1696504, 316, 333, 337, 337, 
1696537, 332, 340, 337, 336, 
1696569, 337, 339, 338, 338, 
1696602, 340, 337, 340, 339, 
1696633, 338, 337, 339, 339, 
1696666, 336, 336, 339, 339, 
1696698, 332, 334, 339, 339, 
1696731, 327, 331, 339, 338, 
1696762, 323, 332, 339, 338, 
1696794, 329, 335, 340, 338, 
1696827, 340, 342, 340, 339, 
1696859, 349, 345, 340, 340, 
1696891, 350, 345, 339, 340, 
1696923, 347, 342, 336, 341, 
1696956, 350, 344, 340, 340, 
1696988, 341, 340, 331, 339, 
1697020, 350, 345, 343, 339, 
1697052, 347, 345, 343, 340, 
1697085, 347, 344, 342, 340, 
1697117, 346, 343, 341, 340, 
1697149, 343, 342, 341, 339, 
1697181, 341, 342, 341, 340, 
1697214, 341, 340, 340, 339, 
1697246, 341, 340, 340, 339, 
1697278, 339, 339, 340, 340, 
1697310, 337, 337, 336, 339, 
1697343, 336, 337, 338, 339, 
1697375, 340, 339, 341, 340, 
1697408, 336, 338, 338, 340, 
1697439, 331, 337, 336, 339, 
1697472, 338, 340, 342, 341, 
1697504, 331, 337, 333, 340, 
1697537, 341, 340, 341, 340, 
1697568, 315, 334, 335, 337, 
1697601, 334, 341, 341, 339, 
1697633, 340, 340, 342, 341, 
1697666, 341, 339, 340, 341, 
1697697, 342, 338, 344, 341, 
1697730, 336, 336, 342, 340, 
1697762, 332, 334, 341, 339, 
1697794, 326, 331, 341, 340, 
1697826, 324, 331, 342, 339, 
1697858, 330, 334, 340, 340, 
1697891, 341, 341, 342, 340, 
1697923, 349, 345, 341, 342, 
1697955, 352, 345, 342, 342, 
1697987, 353, 345, 340, 342, 
1698020, 349, 344, 342, 342, 
1698052, 348, 343, 340, 342, 
1698084, 346, 342, 340, 343, 
1698116, 344, 344, 339, 343, 
1698149, 343, 354, 340, 343, 
1698181, 343, 358, 340, 345, 
1698213, 341, 357, 337, 344, 
1698245, 340, 353, 340, 345, 
1698278, 341, 354, 337, 344, 
1698310, 340, 347, 339, 346, 
1698342, 339, 345, 338, 346, 
1698374, 339, 343, 339, 347, 
1698407, 339, 341, 338, 346, 
1698439, 338, 339, 338, 346, 
1698471, 335, 338, 338, 346, 
1698503, 335, 337, 339, 346, 
1698536, 338, 337, 339, 346, 
1698568, 339, 336, 338, 347, 
1698600, 316, 330, 334, 343, 
1698632, 333, 337, 336, 345, 
1698665, 338, 334, 337, 348, 
1698697, 339, 335, 338, 348, 
1698729, 337, 335, 337, 348, 
1698761, 336, 334, 337, 349, 
1698794, 333, 332, 336, 349, 
1698826, 328, 328, 335, 350, 
1698857, 327, 328, 336, 348, 
1698890, 331, 333, 335, 348, 
1698922, 342, 340, 334, 348, 
1698955, 349, 345, 336, 347, 
1698987, 351, 345, 333, 348, 
1699019, 351, 345, 335, 345, 
1699051, 348, 343, 332, 344, 
1699084, 346, 342, 332, 343, 
1699116, 343, 343, 333, 343, 
1699148, 343, 358, 329, 343, 
1699180, 339, 379, 328, 342, 
1699213, 338, 383, 328, 343, 
1699245, 337, 379, 329, 346, 
1699277, 336, 372, 329, 344, 
1699309, 335, 363, 328, 344, 
1699342, 332, 355, 330, 345, 
1699374, 331, 346, 330, 344, 
1699406, 330, 340, 330, 344, 
1699438, 329, 335, 332, 344, 
1699471, 329, 330, 332, 344, 
1699503, 327, 328, 333, 344, 
1699535, 328, 328, 332, 344, 
1699567, 331, 327, 336, 347, 
1699600, 331, 326, 335, 345, 
1699632, 310, 321, 334, 341, 
1699664, 328, 329, 336, 343, 
1699696, 333, 327, 338, 344, 
1699729, 333, 325, 339, 345, 
1699761, 334, 325, 340, 345, 
1699793, 330, 325, 340, 345, 
1699825, 327, 322, 344, 344, 
1699857, 322, 319, 346, 344, 
1699890, 320, 319, 347, 345, 
1699921, 326, 326, 348, 343, 
1699954, 338, 334, 348, 343, 
1699986, 346, 340, 350, 343, 
1700019, 348, 340, 350, 341, 
1700050, 348, 340, 350, 341, 
1700083, 348, 338, 348, 340, 
1700115, 346, 337, 348, 340, 
1700148, 343, 337, 346, 340, 
1700179, 342, 336, 345, 339, 
1700212, 342, 336, 345, 339, 
1700244, 341, 335, 345, 339, 
1700277, 341, 335, 343, 338, 
1700308, 340, 335, 344, 338, 
1700341, 339, 335, 342, 338, 
1700373, 340, 336, 345, 339, 
1700406, 340, 335, 341, 337, 
1700438, 340, 335, 345, 338, 
1700470, 338, 334, 342, 337, 
1700502, 336, 334, 340, 336, 
1700535, 337, 336, 340, 336, 
1700567, 339, 337, 342, 337, 
1700599, 339, 334, 343, 336, 
1700631, 316, 331, 340, 332, 
1700664, 336, 338, 338, 334, 
1700696, 341, 336, 345, 336, 
1700728, 341, 335, 341, 337, 
1700760, 341, 334, 346, 335, 
1700793, 337, 333, 343, 336, 
1700825, 333, 331, 347, 337, 
1700857, 327, 328, 342, 335, 
1700889, 325, 327, 344, 336, 
1700921, 333, 335, 345, 336, 
1700954, 345, 343, 342, 335, 
1700985, 353, 347, 346, 336, 
1701018, 355, 349, 345, 336, 
1701050, 354, 348, 343, 335, 
1701083, 353, 346, 345, 336, 
1701114, 350, 345, 343, 334, 
1701147, 348, 343, 342, 334, 
1701179, 347, 344, 344, 334, 
1701212, 346, 343, 342, 333, 
1701243, 344, 341, 342, 333, 
1701276, 344, 341, 342, 333, 
1701308, 342, 340, 341, 333, 
1701341, 342, 340, 344, 333, 
1701372, 342, 339, 342, 333, 
1701405, 341, 340, 342, 333, 
1701437, 341, 340, 343, 333, 
1701470, 341, 339, 341, 334, 
1701501, 339, 339, 340, 333, 
1701534, 338, 337, 341, 333, 
1701566, 340, 339, 342, 333, 
1701599, 342, 339, 339, 333, 
1701630, 324, 326, 340, 331, 
1701663, 330, 340, 338, 330, 
1701695, 341, 339, 341, 334, 
1701728, 343, 337, 341, 335, 
1701760, 342, 337, 340, 336, 
1701792, 339, 335, 340, 336, 
1701824, 335, 333, 340, 335, 
1701857, 330, 330, 340, 336, 
1701889, 325, 328, 340, 337, 
1701920, 329, 333, 341, 338, 
1701953, 341, 341, 339, 337, 
1701985, 350, 348, 344, 339, 
1702018, 354, 348, 339, 338, 
1702049, 355, 348, 341, 340, 
1702082, 352, 348, 343, 343, 
1702114, 350, 346, 336, 343, 
1702147, 348, 344, 342, 345, 
1702178, 346, 343, 341, 344, 
1702211, 345, 342, 341, 343, 
1702243, 344, 341, 341, 342, 
1702276, 343, 339, 339, 338, 
1702307, 345, 340, 341, 338, 
1702340, 341, 340, 340, 336, 
1702372, 341, 341, 340, 336, 
1702405, 340, 340, 341, 335, 
1702436, 338, 338, 338, 332, 
1702469, 337, 338, 341, 333, 
1702501, 337, 339, 340, 333, 
1702534, 339, 339, 340, 333, 
1702565, 337, 334, 340, 333, 
1702598, 317, 336, 334, 329, 
1702630, 337, 339, 339, 332, 
1702663, 340, 338, 339, 333, 
1702694, 340, 336, 340, 333, 
1702727, 338, 335, 340, 334, 
1702759, 335, 333, 340, 335, 
1702792, 330, 330, 340, 335, 
1702823, 325, 326, 339, 335, 
1702856, 323, 329, 341, 335, 
1702888, 332, 336, 340, 336, 
1702921, 344, 344, 339, 336, 
1702952, 351, 347, 342, 337, 
1702984, 352, 348, 340, 336, 
1703017, 351, 347, 340, 336, 
1703049, 349, 345, 341, 337, 
1703081, 348, 345, 341, 337, 
1703113, 345, 344, 339, 337, 
1703146, 344, 342, 341, 336, 
1703178, 343, 342, 342, 337, 
1703211, 342, 340, 340, 336, 
1703242, 342, 340, 341, 337, 
1703275, 340, 341, 339, 336, 
1703307, 339, 339, 340, 337, 
1703340, 339, 339, 340, 337, 
1703371, 338, 339, 340, 337, 
1703404, 338, 338, 340, 338, 
1703436, 338, 338, 338, 336, 
1703469, 335, 336, 340, 337, 
1703500, 335, 336, 338, 337, 
1703533, 340, 339, 340, 338, 
1703565, 336, 331, 340, 337, 
1703598, 316, 335, 336, 334, 
1703629, 335, 339, 336, 336, 
1703662, 338, 338, 339, 338, 
1703694, 339, 336, 338, 337, 
1703727, 337, 336, 339, 339, 
1703758, 334, 332, 339, 338, 
1703791, 329, 330, 339, 338, 
1703823, 324, 328, 337, 338, 
1703856, 324, 329, 340, 338, 
1703887, 334, 337, 339, 339, 
1703920, 344, 344, 339, 339, 
1703952, 350, 346, 340, 339, 
1703984, 353, 348, 341, 339, 
1704016, 350, 347, 339, 339, 
1704048, 349, 345, 341, 339, 
1704081, 347, 343, 338, 339, 
1704113, 345, 343, 340, 338, 
1704145, 344, 341, 340, 339, 
1704177, 343, 341, 341, 339, 
1704210, 342, 340, 339, 339, 
1704242, 342, 339, 339, 339, 
1704274, 342, 339, 340, 338, 
1704306, 340, 339, 339, 339, 
1704339, 340, 338, 337, 338, 
1704371, 339, 338, 337, 338, 
1704403, 336, 337, 338, 338, 
