339, 341, 
2362544, 339, 339, 339, 341, 
2362575, 339,340, 341, 339, 341, 
2362479, 340, 341, 340, 341, 
2362511, 339, 340, 339, 341, 
2362544, 339, 339, 339, 341, 
2362575, 339,?&b???b???bj
2362608, 338, 336, 338, 339, 
2362640, 336, 336, 338, 338, 
2362673, 337, 336, 337, 338, 
2362704, 339, 338, 340, 338, 
2362737, 338, 336, 338, 338, 
2362769, 313, 333, 336, 337, 
2362802, 330, 340, 336, 338, 
2362833, 337, 339, 339, 340, 
2362866, 339, 337, 339, 341, 
2362898, 336, 338, 339, 341, 
2362931, 335, 336, 339, 341, 
2362962, 331, 334, 339, 341, 
2362994, 325, 332, 339, 342, 
2363027, 322, 332, 339, 342, 
2363059, 329, 337, 341, 342, 
2363091, 341, 341, 341, 342, 
2363123, 349, 346, 340, 342, 
2363156, 352, 346, 341, 341, 
2363188, 351, 345, 340, 341, 
2363220, 349, 343, 340, 341, 
2363252, 346, 344, 339, 340, 
2363285, 345, 341, 339, 340, 
2363317, 343, 341, 339, 340, 
2363350, 343, 340, 339, 339, 
2363381, 343, 339, 338, 339, 
2363414, 341, 338, 338, 338, 
2363446, 341, 338, 338, 338, 
2363479, 339, 336, 338, 339, 
2363510, 338, 338, 338, 339, 
2363543, 338, 338, 339, 340, 
2363575, 336, 339, 338, 340, 
2363608, 334, 338, 339, 341, 
2363639, 335, 338, 339, 341, 
2363672, 338, 339, 339, 342, 
2363704, 336, 334, 339, 340, 
2363737, 316, 338, 335, 338, 
2363768, 336, 338, 338, 338, 
2363801, 338, 337, 339, 340, 
2363833, 338, 338, 339, 340, 
2363866, 336, 336, 339, 340, 
2363897, 334, 336, 339, 339, 
2363930, 330, 333, 339, 340, 
2363962, 326, 330, 340, 340, 
2363995, 323, 332, 340, 339, 
2364026, 330, 336, 340, 339, 
2364058, 342, 344, 341, 340, 
2364091, 349, 345, 341, 340, 
2364123, 351, 345, 341, 340, 
2364155, 350, 344, 339, 340, 
2364187, 347, 343, 339, 340, 
2364220, 346, 342, 339, 340, 
2364252, 344, 341, 340, 341, 
2364284, 343, 341, 341, 341, 
2364316, 342, 341, 340, 341, 
2364349, 341, 340, 338, 341, 
2364381, 339, 340, 338, 341, 
2364413, 341, 340, 340, 342, 
2364445, 338, 339, 339, 340, 
2364478, 336, 338, 339, 339, 
2364510, 335, 337, 338, 338, 
2364542, 337, 337, 337, 338, 
2364574, 338, 337, 339, 338, 
2364607, 321, 329, 337, 338, 
2364639, 328, 341, 337, 336, 
2364672, 337, 337, 338, 337, 
2364703, 337, 336, 339, 338, 
2364736, 336, 335, 339, 339, 
2364768, 334, 335, 339, 339, 
2364801, 331, 333, 338, 338, 
2364832, 326, 330, 338, 337, 
2364865, 322, 329, 338, 337, 
2364897, 326, 333, 339, 337, 
2364930, 337, 339, 339, 337, 
2364961, 346, 345, 339, 338, 
2364994, 344, 343, 331, 338, 
2365026, 346, 344, 333, 339, 
2365058, 346, 346, 340, 341, 
2365090, 347, 347, 337, 343, 
2365122, 347, 348, 342, 341, 
2365155, 346, 346, 341, 343, 
2365187, 345, 345, 342, 342, 
2365219, 343, 344, 340, 340, 
2365251, 342, 341, 341, 339, 
2365284, 342, 338, 340, 338, 
2365316, 340, 338, 339, 338, 
2365348, 339, 336, 339, 336, 
2365380, 336, 335, 339, 335, 
2365413, 336, 335, 340, 336, 
2365445, 337, 336, 339, 337, 
2365477, 339, 337, 339, 337, 
2365509, 324, 327, 338, 337, 
2365542, 325, 338, 335, 334, 
2365574, 336, 336, 338, 336, 
2365606, 336, 335, 338, 336, 
2365638, 336, 335, 340, 338, 
2365671, 334, 334, 340, 337, 
2365703, 331, 333, 340, 337, 
2365735, 326, 332, 339, 337, 
2365767, 323, 330, 339, 336, 
2365800, 325, 334, 340, 337, 
2365832, 336, 340, 340, 337, 
2365864, 346, 343, 340, 338, 
2365896, 350, 346, 340, 338, 
2365929, 351, 345, 339, 337, 
2365961, 348, 344, 339, 337, 
2365993, 345, 342, 339, 337, 
2366025, 345, 342, 339, 337, 
2366058, 343, 342, 338, 339, 
2366090, 342, 341, 338, 337, 
2366121, 341, 340, 338, 338, 
2366154, 340, 340, 338, 338, 
2366186, 339, 340, 339, 339, 
2366219, 338, 339, 339, 339, 
2366251, 337, 339, 338, 340, 
2366283, 337, 338, 337, 339, 
2366315, 335, 339, 338, 339, 
2366348, 334, 337, 339, 339, 
2366380, 336, 337, 339, 339, 
2366412, 338, 338, 338, 339, 
2366444, 321, 328, 338, 339, 
2366477, 327, 340, 336, 335, 
2366509, 337, 337, 339, 338, 
2366541, 339, 336, 339, 338, 
2366573, 337, 337, 339, 339, 
2366606, 335, 335, 340, 339, 
2366638, 331, 334, 339, 339, 
2366670, 324, 330, 337, 338, 
2366702, 324, 330, 339, 339, 
2366735, 327, 335, 340, 339, 
2366767, 337, 340, 339, 339, 
2366799, 347, 345, 339, 339, 
2366831, 350, 345, 340, 339, 
2366864, 349, 343, 339, 339, 
2366896, 348, 344, 339, 339, 
2366928, 347, 341, 339, 339, 
2366960, 345, 343, 340, 339, 
2366993, 345, 342, 339, 338, 
2367025, 342, 340, 339, 339, 
2367057, 342, 341, 339, 338, 
2367089, 342, 340, 339, 338, 
2367121, 340, 340, 339, 339, 
2367154, 337, 339, 338, 338, 
2367185, 335, 337, 337, 338, 
2367218, 332, 335, 333, 338, 
2367250, 336, 338, 337, 339, 
2367283, 332, 336, 332, 339, 
2367314, 324, 331, 336, 338, 
2367347, 320, 338, 333, 336, 
2367379, 339, 339, 336, 339, 
2367412, 340, 339, 341, 340, 
2367443, 339, 337, 342, 339, 
2367476, 343, 339, 344, 340, 
2367508, 337, 336, 343, 340, 
2367541, 333, 334, 342, 340, 
2367572, 328, 331, 341, 339, 
2367605, 330, 334, 342, 339, 
2367637, 340, 339, 341, 341, 
2367670, 348, 343, 341, 340, 
2367702, 351, 343, 340, 340, 
2367734, 351, 343, 339, 341, 
2367766, 348, 343, 336, 341, 
2367799, 348, 342, 341, 343, 
2367831, 346, 342, 341, 343, 
2367863, 344, 340, 339, 344, 
2367895, 343, 342, 340, 345, 
2367928, 341, 339, 339, 344, 
2367960, 341, 341, 339, 346, 
2367992, 340, 341, 338, 345, 
2368024, 338, 340, 339, 346, 
2368057, 335, 339, 337, 344, 
2368089, 336, 339, 338, 344, 
2368121, 338, 339, 339, 344, 
2368153, 338, 338, 338, 342, 
2368185, 316, 330, 335, 337, 
2368218, 329, 337, 335, 336, 
2368249, 337, 337, 338, 337, 
2368282, 338, 336, 338, 337, 
2368314, 336, 335, 339, 335, 
2368347, 336, 335, 339, 336, 
2368378, 331, 333, 339, 334, 
2368411, 327, 331, 339, 334, 
2368443, 323, 331, 339, 334, 
2368476, 329, 334, 339, 335, 
2368507, 340, 341, 339, 334, 
2368540, 348, 344, 341, 336, 
2368572, 350, 346, 339, 336, 
2368605, 349, 344, 339, 337, 
2368636, 347, 343, 339, 336, 
2368669, 345, 341, 339, 336, 
2368701, 345, 341, 340, 336, 
2368734, 342, 340, 339, 337, 
2368765, 342, 340, 340, 337, 
2368798, 341, 339, 339, 336, 
2368830, 339, 339, 339, 337, 
2368863, 340, 340, 340, 338, 
2368894, 339, 339, 340, 337, 
2368927, 337, 338, 338, 337, 
2368959, 335, 338, 338, 337, 
2368992, 335, 338, 339, 338, 
2369024, 337, 338, 339, 338, 
2369056, 339, 337, 339, 338, 
2369088, 314, 329, 336, 335, 
2369121, 331, 339, 337, 335, 
2369153, 336, 337, 338, 337, 
2369184, 336, 336, 338, 338, 
2369217, 338, 335, 339, 337, 
2369249, 335, 334, 339, 338, 
2369282, 329, 330, 338, 337, 
2369313, 326, 330, 339, 337, 
2369346, 321, 329, 338, 337, 
2369378, 328, 334, 340, 338, 
2369411, 340, 340, 339, 338, 
2369442, 348, 344, 340, 338, 
2369475, 350, 346, 340, 338, 
2369507, 349, 344, 340, 338, 
2369540, 349, 343, 340, 338, 
2369571, 345, 342, 340, 338, 
2369604, 345, 341, 340, 338, 
2369636, 344, 341, 339, 338, 
2369669, 343, 339, 339, 338, 
2369700, 341, 340, 339, 338, 
2369733, 340, 339, 339, 337, 
2369765, 339, 338, 339, 337, 
2369798, 338, 338, 338, 337, 
2369829, 337, 337, 338, 338, 
2369862, 336, 337, 339, 337, 
2369894, 335, 336, 339, 337, 
2369927, 337, 337, 339, 338, 
2369958, 338, 339, 338, 337, 
2369991, 334, 333, 338, 337, 
2370023, 316, 336, 336, 334, 
2370056, 334, 337, 337, 337, 
2370087, 338, 336, 340, 337, 
2370120, 337, 336, 338, 337, 
2370152, 335, 336, 338, 337, 
2370185, 333, 334, 339, 338, 
2370216, 329, 331, 338, 338, 
2370248, 324, 329, 338, 337, 
2370281, 325, 330, 338, 337, 
2370313, 333, 337, 339, 339, 
2370345, 342, 342, 339, 338, 
2370377, 350, 345, 340, 338, 
2370410, 350, 344, 339, 338, 
2370442, 349, 344, 339, 338, 
2370475, 347, 343, 339, 338, 
2370506, 345, 342, 339, 338, 
2370539, 344, 341, 339, 339, 
2370571, 343, 340, 339, 338, 
2370604, 342, 339, 339, 338, 
2370635, 341, 339, 339, 338, 
2370668, 340, 339, 338, 339, 
2370700, 338, 338, 339, 338, 
2370733, 335, 338, 338, 337, 
2370764, 336, 338, 338, 338, 
2370797, 339, 338, 339, 338, 
2370829, 337, 336, 337, 338, 
2370862, 316, 334, 335, 335, 
2370893, 334, 337, 337, 336, 
2370926, 337, 337, 339, 338, 
2370958, 337, 336, 339, 338, 
2370991, 337, 335, 339, 338, 
2371022, 334, 334, 340, 338, 
2371055, 330, 332, 338, 338, 
2371087, 325, 330, 338, 337, 
2371120, 322, 329, 337, 337, 
2371151, 331, 336, 339, 338, 
2371184, 342, 341, 339, 338, 
2371216, 349, 344, 339, 337, 
2371248, 350, 345, 337, 338, 
2371280, 349, 344, 339, 338, 
2371312, 348, 343, 338, 339, 
2371345, 345, 343, 339, 339, 
2371377, 344, 343, 340, 339, 
2371409, 343, 341, 339, 339, 
2371441, 341, 341, 338, 338, 
2371474, 340, 339, 339, 338, 
2371506, 339, 338, 338, 338, 
2371538, 339, 341, 338, 338, 
2371570, 337, 338, 337, 338, 
2371603, 336, 338, 338, 337, 
2371635, 335, 337, 338, 337, 
2371667, 337, 338, 338, 338, 
2371699, 337, 337, 339, 338, 
2371732, 321, 328, 336, 337, 
2371764, 327, 338, 336, 335, 
2371796, 336, 337, 337, 337, 
2371828, 338, 336, 338, 338, 
2371861, 338, 335, 338, 339, 
2371893, 334, 334, 338, 338, 
2371926, 331, 332, 337, 338, 
2371957, 326, 330, 338, 337, 
2371990, 322, 329, 338, 338, 
2372022, 326, 334, 337, 338, 
2372055, 338, 339, 339, 339, 
2372086, 346, 344, 339, 338, 
2372119, 351, 345, 339, 339, 
2372151, 350, 344, 340, 338, 
2372184, 347, 343, 340, 338, 
2372215, 346, 342, 339, 339, 
2372248, 344, 341, 339, 339, 
2372280, 342, 340, 338, 338, 
2372312, 341, 340, 340, 338, 
2372344, 340, 339, 339, 338, 
2372376, 339, 338, 338, 338, 
2372409, 339, 338, 339, 337, 
2372441, 339, 338, 339, 338, 
2372473, 338, 338, 337, 338, 
2372505, 336, 337, 337, 337, 
2372538, 334, 338, 338, 338, 
2372570, 335, 336, 339, 337, 
2372602, 337, 338, 339, 338, 
2372634, 335, 334, 339, 338, 
2372667, 316, 334, 335, 335, 
2372699, 335, 337, 338, 337, 
2372731, 339, 338, 339, 338, 
2372763, 336, 335, 338, 338, 
2372796, 335, 335, 338, 338, 
2372828, 333, 334, 339, 339, 
2372860, 328, 332, 338, 338, 
2372892, 325, 330, 337, 337, 
2372925, 323, 331, 337, 337, 
2372957, 332, 338, 338, 337, 
2372989, 343, 341, 338, 337, 
2373021, 350, 344, 338, 338, 
2373054, 351, 345, 339, 339, 
2373086, 350, 346, 338, 338, 
2373118, 348, 344, 339, 339, 
2373150, 346, 343, 339, 339, 
2373183, 345, 342, 338, 338, 
2373215, 342, 341, 338, 338, 
2373248, 342, 340, 338, 337, 
2373279, 340, 338, 340, 338, 
2373311, 340, 338, 340, 337, 
2373344, 340, 338, 340, 337, 
2373376, 337, 337, 337, 336, 
2373408, 337, 337, 339, 336, 
2373440, 335, 338, 340, 338, 
2373473, 336, 340, 340, 339, 
2373505, 337, 341, 340, 340, 
2373537, 330, 331, 338, 338, 
2373569, 316, 339, 335, 336, 
2373602, 333, 339, 337, 337, 
2373634, 338, 336, 336, 338, 
2373666, 338, 335, 337, 337, 
2373698, 336, 333, 339, 337, 
2373731, 333, 331, 339, 335, 
2373763, 326, 329, 337, 336, 
2373795, 321, 327, 338, 335, 
2373827, 320, 330, 336, 337, 
2373860, 333, 339, 339, 338, 
2373892, 344, 345, 339, 340, 
2373924, 350, 347, 338, 340, 
2373956, 352, 347, 339, 339, 
2373989, 350, 345, 338, 340, 
2374021, 348, 344, 339, 339, 
2374053, 343, 342, 337, 339, 
2374085, 345, 341, 339, 339, 
2374118, 340, 339, 336, 338, 
2374150, 341, 340, 338, 338, 
2374182, 339, 339, 337, 339, 
2374214, 337, 337, 339, 339, 
2374247, 336, 337, 337, 338, 
2374279, 334, 337, 338, 339, 
2374311, 333, 336, 337, 337, 
2374343, 338, 338, 339, 339, 
2374375, 339, 336, 341, 338, 
2374408, 310, 332, 335, 334, 
2374439, 332, 336, 336, 336, 
2374472, 335, 334, 337, 337, 
2374504, 337, 334, 337, 337, 
2374537, 337, 333, 338, 338, 
2374568, 333, 333, 339, 338, 
2374601, 329, 331, 339, 338, 
2374633, 320, 328, 336, 339, 
2374666, 322, 329, 338, 338, 
2374697, 327, 334, 335, 338, 
2374730, 342, 341, 337, 338, 
2374762, 352, 344, 343, 339, 
2374795, 353, 345, 343, 339, 
2374827, 351, 343, 345, 340, 
2374859, 349, 341, 344, 338, 
2374891, 345, 340, 342, 337, 
2374924, 345, 340, 342, 338, 
2374956, 342, 341, 340, 338, 
2374988, 341, 339, 338, 337, 
2375020, 342, 340, 340, 337, 
2375053, 337, 339, 335, 338, 
2375085, 341, 340, 340, 339, 
2375117, 339, 339, 338, 339, 
2375149, 337, 341, 338, 339, 
2375182, 334, 338, 337, 341, 
2375214, 338, 340, 338, 340, 
2375246, 340, 339, 338, 339, 
2375278, 312, 333, 334, 337, 
2375311, 335, 343, 337, 337, 
2375343, 338, 339, 338, 342, 
2375374, 340, 340, 339, 342, 
2375407, 339, 339, 340, 343, 
2375439, 337, 338, 341, 343, 
2375472, 328, 333, 339, 343, 
2375503, 322, 332, 338, 342, 
2375536, 322, 332, 338, 341, 
2375568, 330, 335, 338, 340, 
2375601, 341, 340, 338, 340, 
2375632, 351, 344, 341, 341, 
2375665, 353, 344, 339, 341, 
2375697, 351, 343, 338, 340, 
2375730, 349, 341, 338, 339, 
2375761, 345, 340, 339, 339, 
2375794, 342, 339, 338, 339, 
2375826, 346, 342, 340, 339, 
2375859, 343, 339, 339, 339, 
2375890, 341, 339, 339, 339, 
2375923, 342, 339, 339, 340, 
2375955, 340, 338, 339, 340, 
2375988, 340, 339, 338, 340, 
2376019, 338, 337, 338, 340, 
2376052, 337, 337, 338, 338, 
2376084, 335, 336, 337, 338, 
2376117, 334, 337, 337, 338, 
2376148, 338, 337, 338, 338, 
2376181, 338, 336, 337, 338, 
2376213, 319, 327, 336, 336, 
2376246, 328, 339, 336, 334, 
2376278, 336, 336, 337, 336, 
2376310, 338, 335, 338, 337, 
2376342, 338, 336, 338, 338, 
2376375, 334, 334, 338, 338, 
2376407, 331, 333, 339, 337, 
2376438, 325, 331, 339, 338, 
2376471, 322, 329, 339, 338, 
2376503, 327, 335, 338, 336, 
2376536, 339, 339, 338, 338, 
2376567, 347, 344, 339, 339, 
2376600, 350, 345, 339, 338, 
2376632, 350, 344, 339, 338, 
2376665, 348, 344, 339, 338, 
2376696, 347, 343, 338, 338, 
2376729, 343, 338, 339, 338, 
2376761, 344, 342, 338, 339, 
2376794, 343, 341, 339, 337, 
2376825, 341, 340, 338, 338, 
2376858, 340, 340, 339, 337, 
2376890, 340, 339, 339, 338, 
2376923, 339, 339, 338, 339, 
2376954, 338, 339, 339, 337, 
2376987, 336, 338, 339, 337, 
2377019, 338, 338, 339, 337, 
2377052, 336, 338, 340, 336, 
2377083, 333, 336, 338, 336, 
2377116, 335, 337, 339, 337, 
2377148, 338, 338, 338, 337, 
2377181, 336, 335, 339, 337, 
2377212, 313, 334, 336, 334, 
2377245, 331, 336, 337, 335, 
2377277, 337, 337, 337, 336, 
2377310, 337, 335, 339, 337, 
2377341, 336, 335, 339, 337, 
2377374, 333, 334, 339, 337, 
2377406, 329, 332, 340, 338, 
2377438, 325, 331, 338, 339, 
2377470, 324, 331, 338, 341, 
2377502, 331, 337, 339, 341, 
2377535, 342, 342, 339, 341, 
2377567, 349, 344, 340, 341, 
2377600, 351, 344, 339, 341, 
2377631, 352, 344, 339, 340, 
2377664, 348, 343, 339, 339, 
2377696, 346, 342, 339, 339, 
2377729, 344, 340, 339, 338, 
2377760, 343, 339, 339, 338, 
2377793, 343, 339, 339, 337, 
2377825, 341, 339, 340, 338, 
2377858, 341, 339, 339, 338, 
2377889, 340, 339, 339, 339, 
2377922, 340, 340, 339, 339, 
2377954, 339, 338, 339, 339, 
2377987, 335, 337, 338, 337, 
2378018, 333, 337, 338, 337, 
2378051, 336, 338, 338, 338, 
2378083, 338, 338, 338, 338, 
2378116, 331, 331, 337, 336, 
2378147, 320, 337, 336, 335, 
2378180, 337, 337, 338, 338, 
2378212, 337, 336, 338, 338, 
2378245, 336, 335, 338, 339, 
2378276, 335, 336, 338, 338, 
2378309, 332, 334, 338, 339, 
2378341, 328, 332, 339, 339, 
2378374, 323, 330, 338, 338, 
2378405, 324, 333, 338, 338, 
2378438, 336, 340, 340, 338, 
2378470, 345, 343, 340, 338, 
2378502, 350, 344, 338, 336, 
2378534, 351, 345, 339, 337, 
2378566, 350, 343, 340, 338, 
2378599, 348, 343, 339, 337, 
2378631, 345, 341, 339, 337, 
2378663, 344, 340, 339, 336, 
2378695, 342, 340, 339, 336, 
2378728, 342, 340, 338, 336, 
2378760, 340, 340, 340, 337, 
2378792, 340, 339, 338, 337, 
2378824, 339, 338, 338, 337, 
2378857, 338, 339, 339, 337, 
2378889, 338, 338, 339, 337, 
2378921, 337, 338, 338, 337, 
2378953, 337, 338, 338, 337, 
2378986, 335, 337, 338, 336, 
2379018, 334, 337, 339, 336, 
2379051, 335, 338, 339, 336, 
2379082, 337, 339, 338, 336, 
2379115, 336, 334, 338, 335, 
2379147, 314, 336, 335, 333, 
2379180, 333, 338, 337, 335, 
2379211, 337, 336, 337, 336, 
2379244, 337, 336, 339, 337, 
2379276, 336, 334, 339, 337, 
2379309, 334, 335, 338, 338, 
2379340, 329, 332, 338, 337, 
2379373, 324, 331, 338, 337, 
2379405, 322, 331, 338, 338, 
2379438, 330, 336, 340, 337, 
2379469, 342, 341, 339, 338, 
2379501, 349, 344, 339, 338, 
2379534, 351, 344, 339, 338, 
2379566, 350, 343, 338, 338, 
2379598, 348, 342, 339, 339, 
2379630, 345, 341, 339, 338, 
2379663, 344, 341, 339, 338, 
2379695, 344, 340, 339, 338, 
2379727, 341, 340, 339, 338, 
2379759, 341, 339, 339, 338, 
2379792, 339, 338, 340, 339, 
2379824, 340, 339, 339, 338, 
2379856, 338, 339, 339, 338, 
2379888, 340, 339, 339, 337, 
2379921, 338, 338, 339, 338, 
2379953, 338, 338, 338, 338, 
2379985, 336, 338, 337, 337, 
2380017, 334, 337, 339, 337, 
2380050, 336, 337, 338, 337, 
2380082, 337, 339, 339, 338, 
2380114, 336, 336, 338, 337, 
2380146, 315, 335, 336, 336, 
2380179, 333, 338, 337, 336, 
2380211, 337, 335, 339, 337, 
2380243, 338, 337, 339, 338, 
2380275, 336, 336, 339, 339, 
2380308, 333, 335, 339, 338, 
2380340, 329, 333, 339, 338, 
2380372, 323, 331, 339, 338, 
2380404, 322, 331, 339, 338, 
2380437, 331, 337, 340, 338, 
2380469, 342, 343, 339, 338, 
2380502, 349, 345, 340, 339, 
2380533, 351, 345, 340, 338, 
2380565, 350, 345, 340, 338, 
2380598, 347, 343, 339, 338, 
2380630, 345, 342, 339, 339, 
2380662, 344, 341, 339, 338, 
2380694, 343, 341, 339, 338, 
2380727, 342, 341, 339, 338, 
2380759, 341, 340, 341, 339, 
2380791, 340, 339, 339, 338, 
2380823, 339, 339, 339, 338, 
2380856, 338, 338, 337, 338, 
2380888, 338, 338, 338, 337, 
2380920, 337, 338, 338, 338, 
2380952, 337, 338, 338, 337, 
2380985, 336, 338, 338, 337, 
2381017, 334, 337, 338, 338, 
2381049, 337, 337, 339, 338, 
2381081, 338, 338, 338, 339, 
2381114, 329, 329, 338, 337, 
2381146, 321, 339, 336, 335, 
2381178, 335, 336, 338, 337, 
2381210, 337, 335, 338, 338, 
2381243, 337, 335, 339, 338, 
2381275, 335, 335, 339, 337, 
2381307, 332, 333, 338, 338, 
2381339, 328, 331, 338, 338, 
2381372, 324, 329, 339, 338, 
2381404, 325, 333, 339, 338, 
2381436, 336, 340, 339, 340, 
2381468, 345, 343, 339, 339, 
2381501, 350, 346, 339, 340, 
2381533, 351, 345, 340, 338, 
2381564, 349, 345, 339, 338, 
2381597, 347, 343, 339, 338, 
2381629, 345, 342, 339, 337, 
2381662, 344, 340, 339, 336, 
2381693, 343, 340, 339, 336, 
2381726, 341, 339, 340, 336, 
2381758, 340, 339, 340, 337, 
2381791, 340, 339, 340, 338, 
2381822, 340, 339, 339, 338, 
2381855, 339, 339, 339, 338, 
2381887, 338, 340, 339, 339, 
2381920, 337, 338, 339, 339, 
2381952, 336, 337, 338, 337, 
2381984, 333, 339, 337, 338, 
2382016, 337, 337, 338, 338, 
2382049, 339, 338, 338, 338, 
2382081, 323, 328, 336, 336, 
2382113, 328, 340, 336, 336, 
2382145, 336, 337, 337, 337, 
2382178, 338, 336, 338, 338, 
2382210, 338, 335, 338, 338, 
2382242, 335, 333, 338, 338, 
2382274, 331, 333, 339, 338, 
2382307, 326, 330, 338, 338, 
2382339, 320, 329, 338, 338, 
2382371, 325, 333, 339, 339, 
2382403, 337, 338, 339, 339, 
2382436, 345, 344, 339, 339, 
2382468, 350, 344, 339, 339, 
2382500, 349, 344, 339, 340, 
2382532, 348, 344, 339, 341, 
2382565, 346, 344, 338, 340, 
2382597, 344, 342, 339, 340, 
2382628, 343, 342, 340, 341, 
2382661, 342, 342, 340, 340, 
2382693, 342, 340, 339, 339, 
2382726, 340, 339, 339, 338, 
2382757, 340, 339, 339, 338, 
2382790, 339, 339, 339, 339, 
2382822, 339, 338, 339, 337, 
2382855, 339, 338, 338, 338, 
2382886, 337, 338, 338, 337, 
2382919, 337, 339, 338, 338, 
2382951, 336, 337, 338, 337, 
2382984, 334, 337, 338, 337, 
2383015, 336, 336, 338, 337, 
2383048, 337, 337, 338, 338, 
2383080, 330, 329, 337, 336, 
2383113, 319, 338, 337, 334, 
2383144, 334, 336, 337, 336, 
2383177, 337, 335, 338, 336, 
2383209, 336, 334, 338, 338, 
2383242, 335, 333, 338, 336, 
2383273, 332, 332, 338, 337, 
2383306, 327, 330, 339, 336, 
2383338, 322, 328, 339, 336, 
2383371, 323, 331, 339, 336, 
2383403, 334, 338, 339, 335, 
2383435, 344, 342, 340, 335, 
2383467, 349, 344, 340, 335, 
2383500, 350, 344, 339, 335, 
2383532, 349, 344, 340, 336, 
2383564, 347, 343, 339, 336, 
2383596, 345, 342, 339, 336, 
2383628, 344, 341, 339, 336, 
2383661, 344, 341, 339, 338, 
2383692, 342, 340, 339, 336, 
2383725, 342, 340, 339, 336, 
2383757, 340, 340, 339, 337, 
2383790, 340, 339, 339, 336, 
2383821, 339, 339, 340, 336, 
2383854, 338, 339, 341, 338, 
2383886, 339, 339, 338, 338, 
2383919, 337, 339, 339, 338, 
2383950, 337, 339, 339, 338, 
2383983, 336, 338, 339, 336, 
2384015, 334, 338, 339, 338, 
2384048, 335, 338, 338, 338, 
2384079, 336, 338, 339, 338, 
2384112, 336, 337, 338, 338, 
2384144, 314, 335, 336, 335, 
2384177, 333, 341, 337, 336, 
2384208, 337, 338, 337, 339, 
2384241, 337, 339, 338, 340, 
2384273, 337, 338, 338, 340, 
2384306, 334, 338, 338, 340, 
2384337, 330, 335, 338, 341, 
2384370, 326, 334, 339, 341, 
2384402, 322, 333, 339, 342, 
2384435, 331, 339, 339, 341, 
2384466, 341, 345, 339, 345, 
2384499, 349, 348, 340, 346, 
2384531, 352, 349, 339, 349, 
2384564, 351, 348, 340, 353, 
2384595, 349, 347, 340, 360, 
2384628, 348, 347, 339, 367, 
2384660, 346, 348, 340, 375, 
2384692, 344, 347, 338, 380, 
2384724, 341, 346, 338, 383, 
2384756, 340, 346, 338, 381, 
2384789, 340, 346, 339, 372, 
2384821, 340, 344, 338, 366, 
2384854, 336, 342, 338, 358, 
2384885, 338, 343, 338, 351, 
2384918, 337, 341, 337, 345, 
2384950, 337, 342, 338, 339, 
2384983, 334, 341, 336, 338, 
2385014, 335, 341, 337, 336, 
2385047, 337, 339, 338, 335, 
2385079, 339, 338, 337, 332, 
2385112, 317, 330, 336, 329, 
2385143, 329, 337, 336, 327, 
2385176, 337, 335, 338, 327, 
2385208, 339, 335, 338, 327, 
2385241, 338, 332, 338, 327, 
2385272, 336, 332, 337, 327, 
2385305, 331, 330, 339, 328, 
2385337, 326, 328, 338, 328, 
2385370, 322, 328, 338, 331, 
2385401, 328, 331, 338, 333, 
2385434, 338, 337, 339, 334, 
2385466, 348, 341, 338, 338, 
2385499, 351, 342, 338, 340, 
2385530, 349, 342, 338, 342, 
2385563, 347, 340, 338, 344, 
2385595, 346, 341, 338, 347, 
2385628, 344, 340, 338, 348, 
2385659, 343, 340, 338, 347, 
2385691, 342, 340, 338, 349, 
2385724, 342, 341, 338, 349, 
2385756, 340, 339, 338, 348, 
2385788, 340, 340, 339, 347, 
2385820, 339, 340, 339, 347, 
2385853, 339, 340, 338, 347, 
2385885, 338, 339, 338, 346, 
2385917, 337, 338, 339, 346, 
2385949, 338, 338, 339, 345, 
2385982, 336, 337, 339, 344, 
2386014, 336, 337, 339, 344, 
2386046, 334, 336, 338, 343, 
2386078, 338, 337, 339, 341, 
2386111, 338, 335, 339, 339, 
2386143, 313, 331, 336, 337, 
2386176, 332, 336, 338, 338, 
2386207, 337, 334, 339, 339, 
2386240, 338, 333, 338, 339, 
2386272, 337, 332, 339, 340, 
2386305, 334, 332, 339, 339, 
2386336, 330, 329, 338, 340, 
2386369, 324, 327, 338, 338, 
2386401, 322, 328, 339, 339, 
2386434, 329, 333, 338, 339, 
2386465, 340, 338, 339, 338, 
2386498, 349, 342, 339, 340, 
2386530, 352, 343, 339, 340, 
2386563, 350, 342, 339, 340, 
2386594, 348, 343, 339, 339, 
2386627, 347, 342, 339, 338, 
2386659, 345, 340, 339, 336, 
2386692, 343, 340, 339, 335, 
2386723, 343, 341, 339, 334, 
2386755, 341, 339, 339, 333, 
2386788, 340, 339, 339, 332, 
2386820, 340, 338, 339, 332, 
2386852, 339, 338, 339, 332, 
2386884, 339, 338, 338, 331, 
2386917, 338, 338, 339, 332, 
2386949, 337, 337, 339, 330, 
2386981, 338, 337, 338, 331, 
2387013, 338, 336, 338, 332, 
2387046, 337, 337, 338, 330, 
2387078, 336, 337, 338, 330, 
2387110, 334, 335, 338, 330, 
2387142, 335, 336, 339, 331, 
2387175, 337, 337, 339, 331, 
2387207, 326, 328, 338, 330, 
2387239, 319, 336, 336, 328, 
2387271, 336, 336, 338, 330, 
2387304, 338, 335, 338, 331, 
2387336, 338, 335, 338, 331, 
2387368, 336, 334, 338, 332, 
2387400, 332, 333, 338, 332, 
2387433, 328, 330, 339, 332, 
2387465, 321, 328, 338, 333, 
2387497, 324, 332, 338, 333, 
2387529, 335, 338, 339, 332, 
2387562, 345, 342, 339, 332, 
2387594, 350, 344, 339, 332, 
2387627, 351, 341, 339, 333, 
2387658, 348, 342, 339, 332, 
2387691, 347, 342, 339, 332, 
2387723, 345, 340, 339, 333, 
2387755, 343, 341, 339, 334, 
2387787, 342, 340, 339, 333, 
2387819, 340, 339, 339, 334, 
2387852, 340, 339, 339, 334, 
2387884, 338, 338, 337, 335, 
2387916, 338, 338, 339, 334, 
2387948, 339, 338, 337, 333, 
2387981, 338, 338, 339, 334, 
2388013, 338, 337, 339, 333, 
2388045, 338, 338, 339, 334, 
2388077, 335, 336, 338, 333, 
2388110, 336, 337, 338, 334, 
2388142, 335, 337, 339, 333, 
2388174, 336, 338, 339, 333, 
2388206, 337, 337, 338, 333, 
2388239, 313, 333, 336, 331, 
2388271, 332, 338, 337, 332, 
2388303, 337, 336, 338, 333, 
2388335, 338, 336, 338, 334, 
2388368, 337, 334, 338, 335, 
2388400, 333, 334, 339, 334, 
2388432, 330, 332, 338, 336, 
2388464, 325, 330, 339, 336, 
2388497, 321, 330, 339, 335, 
2388529, 330, 335, 339, 335, 
2388561, 341, 342, 339, 335, 
2388593, 350, 345, 339, 335, 
2388626, 351, 346, 339, 336, 
2388658, 350, 345, 339, 336, 
2388690, 348, 343, 338, 336, 
2388722, 346, 342, 339, 336, 
2388755, 345, 342, 339, 336, 
2388787, 343, 339, 339, 335, 
2388818, 342, 340, 339, 336, 
2388851, 342, 340, 339, 336, 
2388883, 340, 339, 338, 335, 
2388916, 339, 339, 338, 336, 
2388947, 339, 339, 339, 335, 
2388980, 339, 338, 339, 336, 
2389012, 338, 338, 339, 336, 
2389045, 339, 338, 338, 336, 
2389076, 337, 338, 339, 336, 
2389109, 335, 337, 338, 335, 
2389141, 334, 337, 339, 334, 
2389174, 336, 339, 338, 335, 
2389206, 337, 338, 338, 336, 
2389238, 337, 336, 338, 335, 
2389270, 314, 333, 336, 334, 
2389303, 332, 338, 337, 334, 
2389335, 338, 336, 338, 335, 
2389367, 337, 334, 337, 336, 
2389399, 336, 335, 338, 336, 
2389432, 334, 334, 338, 336, 
2389464, 330, 332, 338, 336, 
2389496, 325, 330, 338, 336, 
2389528, 321, 331, 338, 336, 
2389561, 329, 335, 338, 336, 
2389593, 341, 341, 339, 336, 
2389625, 349, 344, 339, 338, 
2389657, 352, 344, 338, 336, 
2389690, 351, 344, 339, 336, 
2389722, 348, 343, 338, 337, 
2389754, 347, 342, 339, 337, 
2389786, 346, 341, 338, 337, 
2389818, 344, 341, 339, 337, 
2389851, 342, 341, 339, 337, 
2389882, 342, 340, 339, 337, 
2389915, 340, 339, 339, 337, 
2389947, 340, 339, 339, 336, 
2389980, 339, 338, 339, 337, 
2390011, 338, 337, 338, 336, 
2390044, 337, 337, 339, 337, 
2390076, 337, 338, 338, 337, 
2390109, 337, 337, 338, 337, 
2390140, 337, 337, 338, 338, 
2390173, 335, 336, 338, 337, 
2390205, 334, 336, 339, 338, 
2390238, 336, 339, 339, 337, 
2390269, 337, 337, 339, 336, 
2390302, 335, 334, 339, 336, 
2390334, 314, 334, 337, 334, 
2390367, 333, 336, 337, 336, 
2390398, 338, 336, 338, 336, 
2390431, 337, 336, 338, 337, 
2390463, 336, 335, 339, 336, 
2390496, 334, 334, 339, 336, 
2390528, 329, 332, 338, 336, 
2390560, 324, 330, 339, 336, 
2390592, 322, 330, 338, 337, 
2390625, 330, 334, 339, 336, 
2390657, 342, 341, 340, 337, 
2390689, 349, 345, 339, 337, 
2390721, 349, 345, 339, 338, 
2390754, 350, 344, 339, 337, 
2390786, 347, 344, 339, 338, 
2390818, 346, 342, 339, 338, 
2390850, 344, 341, 339, 338, 
2390882, 342, 341, 339, 338, 
2390915, 341, 340, 339, 339, 
2390946, 341, 340, 339, 338, 
2390979, 339, 340, 339, 338, 
2391011, 339, 341, 339, 339, 
2391044, 339, 339, 339, 338, 
2391075, 337, 339, 340, 338, 
2391108, 338, 339, 339, 337, 
2391140, 336, 337, 338, 336, 
2391173, 335, 335, 339, 336, 
2391204, 336, 336, 338, 336, 
2391237, 338, 337, 338, 335, 
2391269, 327, 328, 337, 335, 
2391302, 322, 337, 336, 336, 
2391333, 335, 337, 338, 336, 
2391366, 337, 336, 338, 337, 
2391398, 336, 336, 339, 337, 
2391431, 334, 335, 339, 338, 
2391462, 331, 335, 339, 337, 
2391495, 327, 333, 338, 337, 
2391527, 322, 330, 338, 336, 
2391560, 324, 333, 337, 336, 
2391591, 336, 339, 339, 337, 
2391624, 343, 341, 339, 337, 
2391656, 351, 344, 339, 337, 
2391689, 350, 344, 339, 338, 
2391720, 350, 345, 340, 336, 
2391753, 345, 342, 340, 336, 
2391785, 343, 340, 340, 336, 
2391818, 342, 340, 339, 335, 
2391849, 343, 340, 338, 334, 
2391881, 340, 340, 338, 335, 
2391914, 342, 342, 339, 335, 
2391946, 340, 341, 340, 335, 
2391979, 339, 340, 339, 334, 
2392010, 339, 340, 340, 335, 
2392043, 334, 337, 335, 334, 
2392075, 338, 339, 338, 334, 
2392108, 338, 338, 339, 335, 
2392139, 337, 337, 337, 334, 
2392172, 337, 338, 340, 335, 
2392204, 335, 337, 340, 335, 
2392237, 336, 337, 340, 336, 
2392268, 338, 337, 338, 337, 
2392301, 334, 330, 339, 338, 
2392333, 319, 335, 336, 336, 
2392366, 336, 335, 339, 337, 
2392397, 338, 334, 338, 337, 
2392430, 338, 333, 340, 335, 
2392462, 337, 332, 339, 334, 
2392495, 334, 332, 338, 333, 
2392526, 329, 331, 338, 333, 
2392559, 324, 329, 337, 332, 
2392591, 325, 332, 338, 332, 
2392624, 333, 338, 338, 331, 
2392655, 344, 344, 340, 332, 
2392688, 349, 345, 340, 332, 
2392720, 350, 346, 340, 332, 
2392753, 349, 344, 340, 333, 
2392784, 348, 345, 338, 333, 
2392817, 346, 343, 339, 333, 
2392849, 344, 342, 339, 333, 
2392882, 344, 341, 339, 334, 
2392913, 343, 340, 339, 335, 
2392945, 341, 339, 338, 335, 
2392978, 340, 339, 338, 335, 
2393010, 339, 338, 338, 336, 
2393042, 339, 338, 338, 335, 
2393074, 338, 337, 338, 336, 
2393107, 336, 337, 337, 336, 
2393139, 332, 335, 334, 337, 
2393171, 332, 336, 332, 337, 
2393203, 332, 336, 333, 338, 
2393236, 335, 339, 338, 338, 
2393268, 329, 337, 335, 339, 
2393300, 340, 340, 342, 339, 
2393332, 338, 340, 339, 338, 
2393365, 334, 335, 344, 339, 
2393397, 319, 338, 336, 336, 
2393430, 338, 340, 342, 338, 
2393461, 338, 336, 341, 338, 
2393494, 339, 336, 340, 338, 
2393526, 337, 335, 341, 338, 
2393559, 332, 333, 339, 338, 
2393590, 329, 332, 340, 338, 
2393623, 322, 330, 339, 339, 
2393655, 324, 333, 338, 339, 
2393688, 335, 339, 340, 340, 
2393719, 345, 343, 339, 341, 
2393752, 351, 347, 339, 343, 
2393784, 352, 348, 339, 343, 
2393817, 350, 346, 339, 345, 
2393848, 349, 346, 338, 346, 
2393881, 345, 346, 339, 347, 
2393913, 345, 345, 338, 349, 
2393945, 343, 343, 339, 347, 
2393977, 343, 344, 337, 349, 
2394009, 342, 343, 337, 350, 
2394042, 340, 343, 337, 350, 
2394074, 342, 344, 338, 351, 
2394106, 337, 342, 338, 352, 
2394138, 341, 344, 338, 354, 
2394171, 337, 343, 338, 355, 
2394203, 336, 343, 337, 354, 
2394235, 339, 343, 337, 353, 
2394267, 333, 342, 337, 351, 
2394300, 333, 341, 337, 350, 
2394332, 335, 344, 337, 349, 
2394364, 334, 344, 337, 347, 
2394396, 325, 335, 339, 346, 
2394429, 319, 342, 338, 344, 
2394461, 331, 342, 340, 351, 
2394493, 333, 342, 340, 363, 
2394525, 330, 341, 337, 368, 
2394558, 328, 341, 333, 369, 
2394590, 326, 339, 330, 368, 
2394622, 323, 339, 327, 361, 
2394654, 315, 336, 325, 355, 
2394687, 319, 339, 327, 345, 
2394719, 329, 344, 327, 338, 
2394752, 341, 348, 329, 334, 
2394783, 347, 351, 332, 331, 
2394816, 346, 350, 335, 330, 
2394848, 348, 349, 335, 330, 
2394881, 342, 346, 336, 330, 
2394912, 345, 347, 335, 331, 
2394945, 341, 344, 335, 332, 
2394977, 343, 346, 336, 333, 
2395009, 342, 344, 334, 334, 
2395041, 339, 343, 333, 334, 
2395073, 341, 342, 334, 333, 
2395106, 338, 341, 333, 334, 
2395138, 341, 341, 332, 334, 
2395170, 340, 341, 332, 335, 
2395202, 338, 339, 331, 333, 
2395235, 340, 340, 331, 335, 
2395267, 335, 338, 331, 334, 
2395299, 337, 339, 332, 334, 
2395331, 338, 338, 332, 334, 
2395364, 340, 337, 332, 334, 
2395396, 331, 330, 332, 333, 
2395428, 320, 336, 330, 329, 
2395460, 339, 337, 334, 334, 
2395493, 339, 335, 334, 333, 
2395525, 340, 335, 336, 334, 
2395557, 336, 334, 336, 335, 
2395589, 333, 332, 336, 335, 
2395622, 331, 331, 336, 334, 
2395654, 322, 328, 337, 334, 
2395686, 326, 331, 337, 334, 
2395718, 337, 337, 338, 335, 
2395751, 348, 341, 340, 336, 
2395783, 352, 343, 341, 337, 
2395815, 353, 342, 341, 336, 
2395847, 352, 343, 341, 337, 
2395880, 349, 342, 341, 336, 
2395912, 347, 339, 341, 336, 
2395944, 347, 340, 342, 336, 
2395976, 343, 338, 342, 337, 
2396008, 344, 337, 342, 337, 
2396041, 341, 337, 342, 335, 
2396072, 341, 337, 341, 337, 
2396105, 341, 337, 342, 337, 
2396137, 341, 336, 342, 337, 
2396170, 339, 336, 343, 337, 
2396201, 340, 336, 342, 337, 
2396234, 337, 335, 342, 337, 
2396266, 337, 336, 342, 337, 
2396299, 336, 335, 340, 336, 
2396331, 334, 334, 341, 337, 
2396363, 341, 337, 341, 337, 
2396395, 336, 334, 340, 336, 
2396428, 316, 332, 337, 332, 
2396460, 335, 336, 340, 335, 
2396492, 340, 335, 340, 338, 
2396524, 340, 336, 340, 337, 
2396557, 337, 334, 340, 338, 
2396589, 336, 333, 340, 339, 
2396621, 328, 330, 340, 339, 
2396653, 327, 328, 338, 338, 
2396686, 322, 328, 340, 339, 
2396718, 331, 334, 339, 338, 
2396750, 342, 340, 340, 338, 
2396782, 348, 344, 341, 337, 
2396815, 352, 344, 341, 338, 
2396847, 351, 342, 340, 338, 
2396879, 348, 340, 340, 338, 
2396911, 348, 341, 339, 338, 
2396944, 345, 339, 339, 339, 
2396976, 345, 339, 340, 338, 
2397008, 343, 339, 339, 337, 
2397040, 341, 338, 338, 338, 
2397072, 340, 337, 339, 337, 
2397105, 341, 337, 339, 337, 
2397136, 336, 335, 339, 337, 
2397169, 338, 337, 340, 337, 
2397201, 336, 333, 339, 338, 
2397234, 339, 335, 339, 337, 
2397265, 338, 335, 339, 338, 
2397298, 332, 333, 338, 338, 
2397330, 337, 335, 339, 338, 
2397363, 337, 334, 338, 338, 
2397394, 336, 330, 338, 337, 
2397427, 316, 331, 336, 333, 
2397459, 336, 332, 338, 336, 
2397492, 337, 332, 339, 337, 
2397523, 338, 332, 339, 337, 
2397556, 336, 331, 339, 337, 
2397588, 332, 330, 340, 338, 
2397621, 329, 329, 339, 337, 
2397652, 324, 326, 339, 338, 
2397685, 324, 329, 339, 337, 
2397717, 332, 333, 339, 338, 
2397750, 344, 339, 339, 338, 
2397782, 349, 342, 341, 339, 
2397814, 352, 343, 340, 339, 
2397846, 350, 342, 340, 339, 
2397879, 349, 341, 340, 339, 
2397911, 344, 340, 340, 339, 
2397943, 346, 340, 339, 339, 
2397975, 343, 341, 340, 338, 
2398008, 341, 339, 339, 339, 
2398040, 343, 341, 340, 337, 
2398071, 341, 340, 339, 336, 
2398104, 339, 340, 340, 339, 
2398136, 341, 340, 340, 338, 
2398169, 338, 338, 339, 339, 
2398200, 337, 339, 339, 338, 
2398233, 337, 339, 339, 338, 
2398265, 333, 337, 339, 339, 
2398298, 338, 339, 339, 338, 
2398329, 337, 338, 339, 337, 
2398362, 333, 331, 339, 337, 
2398394, 320, 338, 337, 333, 
2398427, 336, 337, 338, 336, 
2398458, 339, 337, 339, 338, 
2398491, 338, 336, 339, 337, 
2398523, 338, 337, 340, 338, 
2398556, 328, 333, 339, 338, 
2398587, 330, 332, 340, 338, 
2398620, 323, 328, 339, 337, 
2398652, 325, 333, 339, 339, 
2398685, 335, 338, 340, 338, 
2398716, 345, 344, 341, 339, 
2398749, 351, 346, 342, 339, 
2398781, 348, 344, 341, 339, 
2398814, 350, 344, 341, 339, 
2398845, 347, 343, 342, 339, 
2398878, 347, 342, 341, 339, 
2398910, 344, 340, 341, 337, 
2398943, 343, 340, 340, 338, 
2398974, 342, 340, 341, 339, 
2399007, 340, 339, 341, 339, 
2399039, 341, 340, 342, 338, 
2399072, 338, 338, 341, 337, 
2399104, 339, 339, 341, 338, 
2399135, 338, 338, 340, 338, 
2399168, 338, 337, 340, 338, 
2399200, 337, 337, 340, 337, 
2399233, 336, 337, 341, 337, 
2399264, 335, 336, 340, 337, 
2399297, 336, 337, 339, 337, 
2399329, 338, 338, 340, 337, 
2399362, 331, 332, 340, 336, 
