&	???bj
4191258, 331, 344, 336, 335, 
4191291, 338, 348, 337, 338, 
4191323, 342, 352, 338, 339, 
4191355, 345, 351, 338, 338, 
4191387, 345, 352, 338, 339, 
4191420, 344, 351, 337, 338, 
4191452, 344, 349, 337, 338, 
4191484, 343, 349, 337, 338, 
4191516, 341, 347, 337, 338, 
4191549, 341, 346, 337, 338, 
4191581, 341, 345, 337, 338, 
4191613, 340, 344, 337, 339, 
4191645, 340, 343, 337, 339, 
4191678, 340, 342, 338, 340, 
4191710, 338, 343, 337, 337, 
4191742, 339, 342, 336, 337, 
4191774, 338, 343, 336, 336, 
4191807, 339, 342, 336, 337, 
4191839, 338, 343, 337, 337, 
4191872, 341, 341, 337, 338, 
4191903, 330, 336, 334, 336, 
4191936, 339, 343, 335, 335, 
4191968, 339, 338, 336, 337, 
4192001, 341, 336, 336, 336, 
4192032, 338, 335, 336, 336, 
4192065, 337, 335, 336, 337, 
4192097, 334, 335, 336, 337, 
4192129, 332, 334, 336, 337, 
4192161, 332, 335, 335, 336, 
4192193, 336, 338, 336, 338, 
4192226, 342, 340, 337, 338, 
4192258, 345, 342, 338, 338, 
4192290, 347, 342, 338, 338, 
4192322, 347, 341, 339, 338, 
4192355, 347, 340, 338, 339, 
4192387, 344, 339, 338, 338, 
4192419, 343, 339, 337, 337, 
4192451, 341, 338, 337, 337, 
4192484, 341, 338, 338, 338, 
4192516, 340, 339, 337, 337, 
4192548, 339, 337, 337, 337, 
4192580, 340, 337, 337, 336, 
4192613, 340, 338, 337, 336, 
4192645, 339, 338, 338, 336, 
4192677, 340, 337, 337, 337, 
4192709, 339, 338, 337, 337, 
4192742, 341, 337, 337, 337, 
4192774, 340, 337, 337, 337, 
4192806, 338, 332, 336, 337, 
4192838, 336, 340, 336, 335, 
4192871, 342, 338, 336, 337, 
4192903, 342, 336, 336, 337, 
4192935, 341, 334, 336, 337, 
4192967, 340, 333, 336, 338, 
4193000, 337, 333, 336, 338, 
4193032, 332, 331, 335, 336, 
4193064, 329, 330, 336, 337, 
4193096, 329, 333, 336, 337, 
4193128, 334, 337, 337, 337, 
4193161, 340, 341, 338, 338, 
4193192, 340, 340, 338, 337, 
4193225, 339, 341, 338, 338, 
4193257, 337, 339, 337, 337, 
4193290, 336, 341, 337, 339, 
4193321, 335, 341, 336, 338, 
4193354, 335, 340, 336, 338, 
4193386, 335, 340, 336, 338, 
4193419, 335, 341, 337, 338, 
4193451, 335, 340, 336, 336, 
4193483, 336, 339, 334, 339, 
4193515, 337, 339, 335, 337, 
4193548, 339, 336, 335, 338, 
4193580, 340, 338, 335, 336, 
4193612, 341, 337, 335, 336, 
4193644, 341, 337, 335, 335, 
4193677, 343, 335, 335, 336, 
4193709, 343, 336, 337, 337, 
4193741, 344, 335, 337, 337, 
4193773, 335, 334, 335, 334, 
4193806, 346, 337, 336, 336, 
4193838, 349, 335, 338, 336, 
4193870, 352, 334, 338, 337, 
4193902, 353, 333, 339, 337, 
4193935, 353, 333, 338, 337, 
4193967, 350, 329, 337, 337, 
4193999, 346, 329, 337, 338, 
4194031, 345, 330, 337, 338, 
4194064, 349, 336, 337, 337, 
4194096, 353, 340, 338, 337, 
4194128, 354, 342, 338, 337, 
4194160, 353, 342, 338, 338, 
4194192, 351, 342, 338, 339, 
4194225, 349, 340, 338, 337, 
4194256, 347, 339, 338, 338, 
4194289, 345, 338, 338, 338, 
4194321, 343, 338, 339, 338, 
4194354, 342, 337, 338, 337, 
4194385, 340, 338, 337, 338, 
4194418, 339, 336, 337, 337, 
4194450, 338, 336, 337, 337, 
4194483, 336, 336, 338, 337, 
4194514, 334, 336, 337, 336, 
4194547, 333, 336, 337, 336, 
4194579, 333, 337, 337, 337, 
4194612, 332, 336, 336, 338, 
4194643, 327, 330, 337, 336, 
4194676, 326, 338, 335, 335, 
4194708, 331, 336, 337, 336, 
4194741, 330, 334, 337, 336, 
4194772, 329, 333, 335, 337, 
4194805, 329, 333, 337, 338, 
4194837, 327, 330, 337, 338, 
4194870, 325, 329, 336, 337, 
4194902, 324, 329, 337, 337, 
4194934, 328, 332, 337, 337, 
4194966, 333, 337, 337, 337, 
4194999, 338, 340, 337, 338, 
4195031, 340, 341, 338, 338, 
4195063, 340, 341, 338, 337, 
4195095, 339, 340, 337, 336, 
4195128, 338, 340, 338, 338, 
4195160, 338, 339, 338, 337, 
4195191, 337, 339, 338, 340, 
4195224, 336, 338, 338, 341, 
4195256, 335, 337, 338, 339, 
4195289, 335, 338, 337, 341, 
4195320, 334, 336, 337, 337, 
4195353, 334, 338, 337, 339, 
4195385, 335, 339, 336, 337, 
4195418, 334, 338, 337, 338, 
4195449, 334, 337, 336, 339, 
4195482, 333, 336, 336, 337, 
4195514, 333, 336, 336, 339, 
4195547, 333, 336, 336, 339, 
4195578, 324, 329, 336, 340, 
4195611, 331, 340, 335, 341, 
4195643, 332, 336, 336, 342, 
4195676, 333, 335, 337, 344, 
4195707, 329, 335, 337, 341, 
4195740, 329, 333, 337, 339, 
4195772, 328, 331, 337, 339, 
4195805, 325, 330, 336, 341, 
4195836, 324, 330, 337, 342, 
4195869, 328, 334, 336, 343, 
4195901, 335, 338, 337, 344, 
4195934, 339, 339, 337, 343, 
4195965, 340, 340, 338, 344, 
4195998, 339, 338, 338, 347, 
4196030, 337, 339, 337, 350, 
4196063, 334, 338, 337, 352, 
4196094, 333, 338, 337, 355, 
4196127, 329, 338, 337, 358, 
4196159, 326, 338, 337, 360, 
4196192, 323, 337, 336, 360, 
4196224, 321, 336, 337, 359, 
4196255, 321, 335, 338, 358, 
4196288, 323, 334, 336, 355, 
4196320, 323, 335, 336, 355, 
4196353, 325, 334, 336, 359, 
4196384, 327, 335, 337, 362, 
4196417, 329, 335, 337, 367, 
4196449, 331, 336, 337, 370, 
4196482, 335, 336, 337, 373, 
4196513, 336, 336, 338, 376, 
4196546, 337, 332, 338, 378, 
4196578, 332, 339, 336, 376, 
4196611, 339, 337, 336, 380, 
4196642, 340, 335, 338, 379, 
4196675, 340, 333, 337, 376, 
4196707, 340, 333, 337, 372, 
4196740, 339, 332, 337, 367, 
4196771, 334, 332, 336, 363, 
4196804, 329, 330, 337, 359, 
4196836, 329, 331, 336, 354, 
4196869, 334, 336, 337, 349, 
4196900, 337, 339, 337, 345, 
4196933, 337, 340, 336, 343, 
4196965, 337, 340, 337, 341, 
4196998, 337, 338, 336, 339, 
4197029, 336, 338, 337, 337, 
4197062, 336, 338, 337, 337, 
4197094, 335, 337, 337, 335, 
4197127, 335, 337, 337, 334, 
4197158, 340, 337, 337, 333, 
4197191, 347, 336, 337, 331, 
4197223, 350, 336, 337, 331, 
4197255, 347, 334, 337, 331, 
4197287, 345, 337, 337, 331, 
4197319, 335, 337, 337, 332, 
4197352, 327, 336, 337, 331, 
4197384, 322, 337, 338, 331, 
4197416, 320, 336, 338, 331, 
4197448, 317, 337, 338, 329, 
4197481, 318, 335, 337, 330, 
4197513, 321, 336, 337, 328, 
4197545, 316, 330, 336, 327, 
4197577, 321, 339, 335, 325, 
4197610, 327, 336, 336, 325, 
4197642, 330, 334, 336, 326, 
4197675, 331, 334, 337, 325, 
4197706, 331, 333, 336, 325, 
4197739, 330, 332, 336, 325, 
4197771, 327, 331, 336, 325, 
4197804, 327, 330, 337, 325, 
4197835, 331, 334, 338, 325, 
4197868, 338, 338, 337, 324, 
4197900, 344, 339, 337, 326, 
4197933, 345, 340, 338, 324, 
4197964, 347, 340, 338, 325, 
4197997, 345, 340, 338, 325, 
4198029, 344, 338, 337, 326, 
4198062, 343, 339, 336, 325, 
4198093, 343, 337, 337, 325, 
4198126, 343, 338, 337, 325, 
4198158, 342, 337, 337, 325, 
4198191, 342, 337, 336, 325, 
4198222, 342, 337, 337, 325, 
4198255, 341, 337, 337, 325, 
4198287, 342, 337, 337, 323, 
4198319, 341, 337, 336, 324, 
4198351, 341, 337, 337, 324, 
4198383, 341, 337, 337, 324, 
4198416, 340, 337, 336, 325, 
4198448, 339, 337, 336, 326, 
4198480, 339, 337, 337, 326, 
4198512, 340, 337, 338, 327, 
4198545, 339, 333, 335, 327, 
4198577, 334, 340, 335, 326, 
4198609, 340, 338, 337, 327, 
4198641, 339, 336, 336, 328, 
4198674, 338, 334, 337, 329, 
4198706, 337, 334, 337, 330, 
4198738, 336, 333, 336, 329, 
4198770, 335, 332, 336, 329, 
4198803, 332, 330, 336, 329, 
4198835, 333, 332, 336, 329, 
4198867, 339, 336, 337, 330, 
4198899, 345, 339, 338, 330, 
4198932, 347, 340, 337, 330, 
4198964, 347, 340, 336, 329, 
4198996, 347, 340, 336, 329, 
4199028, 345, 339, 337, 329, 
4199061, 343, 338, 337, 328, 
4199093, 342, 337, 337, 329, 
4199126, 341, 338, 336, 328, 
4199157, 341, 338, 336, 329, 
4199190, 340, 337, 337, 328, 
4199222, 340, 339, 337, 328, 
4199255, 340, 337, 337, 328, 
4199286, 339, 337, 338, 328, 
4199318, 339, 337, 337, 329, 
4199351, 338, 338, 337, 328, 
4199383, 339, 337, 337, 329, 
4199415, 338, 336, 337, 329, 
4199447, 337, 337, 337, 329, 
4199480, 336, 337, 337, 329, 
4199512, 336, 337, 336, 330, 
4199544, 337, 336, 337, 330, 
4199576, 328, 332, 336, 330, 
4199609, 335, 340, 335, 328, 
4199641, 336, 335, 336, 330, 
4199673, 336, 334, 336, 329, 
4199705, 335, 334, 337, 330, 
4199738, 334, 333, 337, 330, 
4199770, 333, 332, 337, 330, 
4199802, 330, 329, 336, 330, 
4199834, 330, 331, 336, 331, 
4199867, 332, 334, 337, 330, 
4199899, 338, 338, 337, 330, 
4199931, 343, 340, 337, 331, 
4199963, 343, 342, 338, 331, 
4199996, 343, 340, 337, 331, 
4200028, 341, 339, 337, 332, 
4200060, 341, 339, 337, 331, 
4200092, 340, 338, 336, 330, 
4200125, 342, 338, 337, 331, 
4200157, 341, 337, 337, 330, 
4200189, 340, 337, 336, 331, 
4200221, 339, 336, 336, 330, 
4200254, 338, 336, 336, 330, 
4200286, 337, 336, 337, 330, 
4200318, 337, 334, 336, 330, 
4200350, 335, 334, 336, 330, 
4200382, 335, 335, 335, 329, 
4200415, 335, 336, 335, 331, 
4200446, 337, 336, 336, 330, 
4200479, 337, 334, 335, 331, 
4200511, 328, 332, 335, 331, 
4200544, 334, 340, 335, 332, 
4200576, 335, 336, 335, 331, 
4200608, 334, 334, 335, 332, 
4200640, 332, 334, 336, 332, 
4200673, 331, 335, 337, 332, 
4200705, 331, 334, 336, 331, 
4200737, 327, 332, 336, 331, 
4200769, 327, 333, 335, 330, 
4200802, 331, 335, 336, 331, 
4200834, 337, 338, 337, 331, 
4200866, 341, 339, 337, 332, 
4200898, 342, 339, 337, 332, 
4200931, 342, 338, 337, 334, 
4200963, 341, 338, 337, 333, 
4200995, 342, 338, 337, 334, 
4201027, 340, 338, 337, 334, 
4201060, 339, 337, 337, 334, 
4201092, 338, 337, 337, 335, 
4201124, 337, 338, 337, 335, 
4201156, 337, 338, 337, 335, 
4201189, 336, 337, 337, 334, 
4201221, 335, 337, 337, 334, 
4201253, 335, 337, 337, 334, 
4201285, 337, 337, 337, 333, 
4201318, 336, 338, 337, 332, 
4201350, 337, 338, 336, 332, 
4201381, 337, 337, 336, 332, 
4201414, 337, 336, 337, 333, 
4201446, 329, 333, 336, 332, 
4201479, 337, 340, 336, 332, 
4201510, 336, 335, 336, 333, 
4201543, 335, 333, 338, 334, 
4201575, 334, 332, 336, 335, 
4201608, 332, 332, 337, 335, 
4201639, 329, 331, 336, 335, 
4201672, 325, 329, 335, 335, 
4201704, 324, 331, 335, 337, 
4201737, 329, 334, 336, 336, 
4201768, 335, 338, 337, 336, 
4201801, 340, 339, 337, 337, 
4201833, 342, 340, 338, 337, 
4201866, 341, 339, 336, 337, 
4201897, 341, 340, 337, 336, 
4201930, 340, 338, 336, 335, 
4201962, 339, 338, 337, 337, 
4201995, 340, 337, 337, 337, 
4202027, 339, 337, 337, 335, 
4202059, 339, 336, 337, 336, 
4202091, 339, 336, 335, 335, 
4202124, 341, 336, 336, 335, 
4202156, 341, 336, 337, 336, 
4202188, 340, 336, 338, 336, 
4202220, 339, 336, 336, 335, 
4202253, 336, 336, 337, 335, 
4202285, 332, 335, 335, 337, 
4202317, 334, 337, 337, 336, 
4202349, 334, 336, 338, 337, 
4202382, 322, 336, 337, 337, 
4202414, 330, 339, 335, 337, 
4202445, 329, 336, 336, 338, 
4202478, 330, 333, 336, 339, 
4202510, 328, 333, 337, 339, 
4202543, 327, 332, 337, 338, 
4202574, 323, 330, 336, 337, 
4202607, 323, 330, 335, 336, 
4202639, 324, 331, 336, 335, 
4202672, 330, 336, 337, 334, 
4202703, 338, 339, 337, 334, 
4202736, 343, 341, 337, 333, 
4202768, 343, 341, 337, 332, 
4202801, 342, 342, 337, 332, 
4202832, 342, 340, 337, 332, 
4202865, 342, 340, 337, 333, 
4202897, 339, 340, 337, 333, 
4202930, 340, 339, 337, 333, 
4202961, 343, 340, 338, 334, 
4202994, 345, 340, 338, 333, 
4203026, 346, 339, 337, 334, 
4203059, 346, 339, 337, 335, 
4203090, 349, 339, 337, 334, 
4203123, 350, 339, 338, 334, 
4203155, 350, 337, 337, 334, 
4203188, 350, 336, 337, 333, 
4203219, 349, 337, 336, 333, 
4203252, 348, 337, 337, 334, 
4203284, 346, 334, 337, 334, 
4203317, 337, 337, 334, 333, 
4203348, 345, 339, 336, 334, 
4203381, 345, 337, 336, 334, 
4203413, 344, 335, 337, 335, 
4203445, 342, 334, 337, 335, 
4203478, 341, 332, 337, 335, 
4203509, 338, 332, 336, 335, 
4203542, 335, 330, 336, 337, 
4203574, 336, 332, 337, 335, 
4203607, 341, 336, 337, 335, 
4203638, 347, 340, 337, 334, 
4203671, 348, 339, 337, 334, 
4203703, 348, 341, 338, 335, 
4203736, 347, 340, 337, 334, 
4203767, 344, 340, 336, 334, 
4203800, 342, 339, 337, 334, 
4203832, 340, 338, 336, 334, 
4203865, 337, 337, 336, 333, 
4203896, 336, 338, 336, 334, 
4203929, 336, 337, 336, 334, 
4203961, 335, 338, 337, 334, 
4203994, 334, 337, 336, 335, 
4204025, 332, 336, 336, 334, 
4204058, 330, 337, 337, 333, 
4204090, 331, 336, 337, 334, 
4204123, 332, 336, 337, 335, 
4204154, 328, 330, 335, 334, 
4204187, 325, 336, 334, 332, 
4204219, 333, 336, 336, 334, 
4204252, 331, 333, 336, 334, 
4204283, 331, 332, 336, 335, 
4204316, 330, 332, 337, 336, 
4204348, 328, 330, 336, 335, 
4204381, 326, 330, 336, 337, 
4204412, 324, 328, 335, 338, 
4204445, 327, 331, 335, 337, 
4204477, 332, 335, 336, 338, 
4204509, 337, 339, 337, 337, 
4204541, 340, 339, 337, 339, 
4204573, 339, 340, 338, 340, 
4204606, 338, 339, 338, 340, 
4204638, 338, 340, 339, 340, 
4204670, 337, 339, 338, 340, 
4204702, 337, 339, 338, 340, 
4204735, 336, 338, 338, 339, 
4204767, 335, 338, 337, 339, 
4204800, 334, 337, 337, 339, 
4204831, 334, 336, 337, 337, 
4204864, 333, 334, 337, 337, 
4204896, 332, 336, 336, 336, 
4204929, 333, 336, 335, 338, 
4204960, 333, 337, 336, 338, 
4204993, 335, 336, 336, 339, 
4205025, 325, 332, 335, 336, 
4205058, 335, 340, 335, 337, 
4205089, 334, 336, 336, 337, 
4205122, 333, 334, 336, 337, 
4205154, 332, 333, 336, 339, 
4205187, 330, 333, 336, 337, 
4205218, 328, 331, 336, 337, 
4205251, 326, 329, 335, 337, 
4205283, 326, 329, 335, 336, 
4205316, 330, 334, 336, 336, 
4205347, 337, 339, 337, 337, 
4205380, 340, 340, 336, 337, 
4205412, 341, 341, 338, 336, 
4205445, 340, 341, 337, 337, 
4205476, 339, 340, 337, 338, 
4205508, 338, 338, 336, 336, 
4205541, 337, 338, 337, 336, 
4205573, 336, 337, 338, 337, 
4205605, 336, 337, 337, 338, 
4205637, 335, 338, 337, 338, 
4205670, 335, 336, 335, 338, 
4205702, 334, 336, 336, 337, 
4205734, 333, 336, 336, 337, 
4205766, 333, 336, 336, 338, 
4205799, 334, 336, 338, 337, 
4205831, 335, 337, 337, 337, 
4205863, 332, 331, 336, 337, 
4205895, 328, 338, 335, 334, 
4205928, 335, 337, 337, 336, 
4205960, 335, 334, 336, 337, 
4205992, 334, 331, 336, 337, 
4206024, 333, 332, 337, 336, 
4206057, 331, 330, 336, 336, 
4206089, 329, 329, 336, 336, 
4206121, 326, 328, 336, 338, 
4206153, 327, 331, 337, 340, 
4206186, 334, 337, 337, 340, 
4206218, 339, 341, 338, 339, 
4206251, 342, 343, 339, 341, 
4206282, 342, 342, 337, 340, 
4206315, 340, 341, 338, 340, 
4206347, 339, 339, 337, 339, 
4206380, 338, 337, 337, 339, 
4206411, 338, 337, 336, 338, 
4206444, 337, 337, 337, 339, 
4206476, 336, 337, 337, 339, 
4206509, 336, 337, 337, 339, 
4206540, 334, 337, 337, 339, 
4206572, 334, 337, 337, 339, 
4206605, 334, 336, 337, 339, 
4206637, 333, 337, 337, 339, 
4206669, 334, 338, 337, 339, 
4206701, 335, 337, 337, 339, 
4206734, 325, 332, 335, 337, 
4206766, 334, 340, 335, 337, 
4206798, 336, 336, 336, 339, 
4206830, 334, 336, 337, 340, 
4206863, 334, 335, 336, 340, 
4206895, 332, 333, 336, 339, 
4206927, 330, 331, 336, 340, 
4206959, 328, 330, 336, 340, 
4206992, 327, 330, 336, 339, 
4207024, 332, 336, 337, 338, 
4207056, 338, 339, 337, 339, 
4207088, 342, 342, 339, 339, 
4207121, 344, 342, 337, 339, 
4207153, 342, 340, 338, 339, 
4207185, 342, 340, 337, 339, 
4207217, 340, 340, 337, 339, 
4207250, 339, 339, 338, 340, 
4207282, 339, 337, 338, 340, 
4207314, 337, 338, 337, 340, 
4207346, 337, 339, 337, 340, 
4207379, 336, 336, 337, 338, 
4207411, 335, 336, 337, 339, 
4207443, 335, 336, 338, 339, 
4207475, 335, 337, 337, 338, 
4207508, 335, 334, 338, 337, 
4207540, 326, 332, 335, 336, 
4207571, 335, 338, 335, 337, 
4207604, 335, 335, 336, 338, 
4207636, 335, 334, 336, 339, 
4207669, 334, 332, 336, 338, 
4207700, 333, 331, 336, 337, 
4207733, 331, 328, 336, 337, 
4207765, 327, 328, 335, 336, 
4207798, 328, 329, 334, 336, 
4207830, 334, 333, 335, 337, 
4207862, 339, 337, 336, 338, 
4207894, 343, 340, 337, 338, 
4207927, 344, 340, 337, 339, 
4207959, 343, 340, 337, 338, 
4207991, 342, 341, 337, 338, 
4208023, 341, 339, 337, 338, 
4208056, 339, 339, 337, 338, 
4208088, 339, 338, 338, 339, 
4208120, 338, 337, 337, 340, 
4208152, 337, 337, 337, 339, 
4208185, 337, 337, 337, 339, 
4208217, 335, 338, 336, 339, 
4208249, 334, 337, 337, 338, 
4208281, 335, 336, 337, 337, 
4208314, 334, 335, 338, 339, 
4208346, 325, 330, 336, 337, 
4208378, 333, 341, 336, 339, 
4208410, 335, 336, 336, 339, 
4208443, 333, 334, 337, 339, 
4208475, 333, 333, 338, 339, 
4208507, 331, 333, 337, 339, 
4208539, 329, 331, 337, 338, 
4208572, 327, 328, 336, 338, 
4208604, 327, 331, 336, 338, 
4208635, 332, 336, 337, 339, 
4208668, 339, 339, 337, 338, 
4208700, 342, 342, 336, 337, 
4208733, 343, 342, 337, 338, 
4208764, 342, 342, 337, 338, 
4208797, 341, 340, 336, 338, 
4208829, 340, 341, 338, 338, 
4208862, 339, 339, 337, 339, 
4208893, 340, 339, 337, 338, 
4208926, 339, 338, 337, 338, 
4208958, 336, 338, 337, 339, 
4208991, 337, 338, 337, 338, 
4209022, 337, 338, 335, 338, 
4209055, 335, 337, 336, 338, 
4209087, 335, 337, 336, 338, 
4209120, 336, 338, 337, 338, 
4209152, 336, 336, 338, 338, 
4209184, 332, 331, 336, 338, 
4209216, 330, 339, 335, 336, 
4209249, 337, 337, 336, 337, 
4209281, 335, 334, 336, 337, 
4209313, 335, 333, 337, 338, 
4209345, 333, 332, 336, 338, 
4209378, 332, 331, 336, 338, 
4209410, 329, 330, 336, 338, 
4209442, 328, 329, 336, 338, 
4209474, 330, 332, 337, 337, 
4209507, 336, 337, 338, 338, 
4209539, 342, 340, 337, 337, 
4209571, 343, 341, 337, 337, 
4209603, 343, 342, 338, 340, 
4209635, 342, 341, 338, 337, 
4209668, 341, 340, 338, 337, 
4209699, 339, 339, 336, 337, 
4209732, 339, 338, 337, 337, 
4209764, 339, 338, 336, 337, 
4209797, 338, 337, 337, 338, 
4209828, 338, 338, 337, 338, 
4209861, 338, 338, 337, 337, 
4209893, 339, 339, 336, 337, 
4209926, 338, 337, 335, 337, 
4209957, 336, 337, 335, 336, 
4209990, 336, 336, 336, 335, 
4210022, 336, 337, 337, 337, 
4210055, 337, 335, 336, 337, 
4210086, 326, 331, 334, 335, 
4210119, 335, 340, 334, 335, 
4210151, 335, 337, 336, 336, 
4210184, 334, 333, 336, 338, 
4210215, 332, 333, 335, 337, 
4210248, 331, 331, 337, 338, 
4210280, 330, 330, 338, 339, 
4210313, 326, 329, 336, 338, 
4210344, 326, 329, 336, 338, 
4210377, 333, 334, 337, 338, 
4210409, 338, 338, 337, 338, 
4210442, 342, 341, 337, 338, 
4210473, 342, 340, 338, 337, 
4210506, 343, 341, 338, 338, 
4210538, 342, 340, 337, 337, 
4210571, 340, 338, 337, 337, 
4210603, 339, 339, 338, 338, 
4210635, 339, 338, 337, 337, 
4210667, 336, 339, 337, 338, 
4210699, 338, 338, 337, 338, 
4210732, 336, 338, 337, 337, 
4210763, 336, 338, 337, 339, 
4210796, 335, 337, 336, 338, 
4210828, 335, 338, 336, 338, 
4210861, 333, 337, 336, 338, 
4210892, 334, 336, 336, 338, 
4210925, 336, 336, 337, 339, 
4210957, 328, 329, 336, 339, 
4210990, 332, 341, 334, 335, 
4211021, 334, 338, 336, 335, 
4211054, 334, 334, 337, 334, 
4211086, 333, 334, 337, 333, 
4211119, 332, 333, 337, 335, 
4211150, 329, 331, 337, 336, 
4211183, 328, 330, 336, 338, 
4211215, 326, 330, 337, 340, 
4211248, 329, 334, 337, 342, 
4211279, 334, 337, 337, 342, 
4211312, 338, 340, 337, 342, 
4211344, 340, 341, 338, 343, 
4211377, 340, 340, 337, 344, 
4211408, 340, 340, 337, 346, 
4211441, 338, 339, 336, 346, 
4211473, 337, 338, 336, 342, 
4211506, 337, 338, 337, 337, 
4211537, 335, 338, 336, 335, 
4211570, 334, 337, 335, 333, 
4211602, 332, 336, 335, 334, 
4211635, 331, 337, 335, 334, 
4211666, 329, 336, 333, 335, 
4211698, 329, 336, 331, 338, 
4211731, 329, 335, 330, 340, 
4211763, 331, 335, 329, 340, 
4211795, 333, 336, 328, 342, 
4211827, 326, 332, 327, 344, 
4211860, 333, 340, 328, 343, 
4211892, 335, 336, 328, 347, 
4211924, 334, 335, 329, 348, 
4211956, 336, 334, 331, 350, 
4211989, 335, 334, 331, 350, 
4212021, 335, 333, 333, 351, 
4212054, 332, 332, 331, 353, 
4212085, 332, 333, 332, 353, 
4212118, 336, 335, 334, 353, 
4212150, 342, 340, 335, 354, 
4212183, 346, 341, 338, 355, 
4212214, 345, 340, 336, 355, 
4212247, 347, 340, 338, 354, 
4212279, 348, 338, 336, 352, 
4212312, 349, 338, 334, 350, 
4212343, 348, 337, 334, 350, 
4212376, 354, 335, 332, 347, 
4212408, 359, 333, 329, 344, 
4212441, 366, 331, 328, 342, 
4212472, 352, 336, 331, 341, 
4212505, 332, 335, 327, 339, 
4212537, 318, 338, 333, 339, 
4212570, 304, 337, 332, 339, 
4212601, 299, 338, 336, 340, 
4212634, 296, 335, 334, 338, 
4212666, 295, 338, 336, 335, 
4212699, 302, 335, 337, 337, 
4212730, 306, 334, 337, 336, 
4212762, 306, 331, 337, 335, 
4212795, 312, 331, 341, 336, 
4212827, 311, 332, 343, 334, 
4212859, 312, 329, 342, 335, 
4212891, 314, 329, 341, 334, 
4212924, 316, 331, 341, 335, 
4212956, 327, 336, 340, 335, 
4212988, 334, 340, 342, 334, 
4213020, 337, 339, 339, 336, 
4213053, 342, 341, 342, 335, 
4213085, 343, 341, 340, 335, 
4213117, 341, 338, 339, 336, 
4213149, 340, 339, 340, 335, 
4213182, 342, 338, 339, 336, 
4213214, 345, 340, 343, 338, 
4213246, 341, 338, 340, 337, 
4213278, 344, 341, 341, 338, 
4213311, 342, 338, 340, 338, 
4213343, 339, 338, 340, 337, 
4213376, 340, 338, 339, 336, 
4213407, 342, 339, 339, 337, 
4213440, 342, 337, 338, 337, 
4213472, 342, 336, 338, 338, 
4213505, 336, 339, 337, 336, 
4213536, 340, 338, 336, 336, 
4213569, 342, 335, 339, 336, 
4213601, 339, 335, 337, 338, 
4213634, 337, 333, 338, 337, 
4213665, 338, 334, 339, 339, 
4213698, 333, 331, 338, 337, 
4213730, 330, 329, 337, 339, 
4213762, 336, 332, 339, 338, 
4213794, 340, 336, 337, 338, 
4213826, 347, 340, 337, 337, 
4213859, 348, 341, 336, 337, 
4213891, 348, 341, 332, 337, 
4213923, 347, 340, 334, 338, 
4213955, 345, 340, 331, 337, 
4213988, 345, 339, 334, 337, 
4214020, 345, 338, 333, 339, 
4214052, 343, 339, 334, 338, 
4214084, 343, 339, 334, 337, 
4214117, 342, 338, 331, 338, 
4214149, 340, 337, 336, 337, 
4214181, 341, 336, 333, 337, 
4214213, 339, 336, 334, 338, 
4214246, 338, 336, 336, 337, 
4214278, 337, 336, 335, 338, 
4214310, 339, 338, 335, 337, 
4214342, 335, 335, 333, 338, 
4214375, 340, 335, 337, 337, 
4214407, 333, 341, 335, 335, 
4214439, 337, 336, 336, 337, 
4214471, 337, 334, 336, 336, 
4214504, 336, 333, 338, 336, 
4214536, 333, 332, 339, 335, 
4214568, 329, 329, 336, 335, 
4214600, 332, 329, 341, 335, 
4214633, 328, 326, 338, 334, 
4214665, 331, 332, 338, 333, 
4214697, 336, 338, 341, 333, 
4214729, 336, 339, 336, 332, 
4214762, 340, 342, 340, 333, 
4214794, 337, 342, 338, 332, 
4214825, 336, 340, 339, 331, 
4214858, 336, 339, 339, 331, 
4214890, 336, 339, 341, 332, 
4214923, 336, 337, 339, 332, 
4214955, 337, 338, 340, 331, 
4214987, 339, 336, 340, 330, 
4215019, 332, 336, 339, 332, 
4215052, 336, 337, 341, 331, 
4215084, 330, 335, 337, 331, 
4215116, 336, 336, 338, 331, 
4215148, 337, 336, 339, 330, 
4215181, 337, 336, 338, 332, 
4215213, 337, 336, 338, 330, 
4215245, 335, 335, 337, 330, 
4215277, 337, 335, 335, 330, 
4215310, 340, 336, 341, 330, 
4215342, 337, 335, 338, 331, 
4215374, 330, 333, 336, 330, 
4215406, 340, 337, 338, 330, 
4215439, 337, 335, 337, 331, 
4215471, 337, 333, 338, 332, 
4215503, 337, 333, 339, 333, 
4215535, 333, 331, 341, 333, 
4215568, 334, 331, 341, 333, 
4215600, 331, 331, 341, 333, 
4215632, 329, 331, 340, 334, 
4215664, 336, 335, 341, 332, 
4215697, 336, 336, 338, 332, 
4215729, 345, 340, 340, 333, 
4215761, 343, 341, 343, 334, 
4215793, 346, 342, 341, 334, 
4215825, 342, 340, 339, 334, 
4215858, 341, 340, 339, 332, 
4215889, 341, 339, 340, 332, 
4215922, 340, 338, 340, 333, 
4215954, 341, 338, 340, 332, 
4215987, 338, 338, 341, 333, 
4216018, 339, 336, 341, 333, 
4216051, 338, 336, 338, 334, 
4216083, 336, 336, 337, 333, 
4216116, 340, 336, 338, 333, 
4216147, 337, 336, 338, 333, 
4216180, 337, 335, 335, 333, 
4216212, 338, 336, 339, 332, 
4216245, 338, 336, 338, 333, 
4216276, 339, 336, 336, 332, 
4216309, 339, 335, 337, 334, 
4216341, 331, 331, 339, 333, 
4216374, 337, 338, 332, 332, 
4216406, 340, 335, 338, 334, 
4216438, 338, 334, 338, 333, 
4216470, 336, 333, 336, 334, 
4216503, 336, 332, 338, 334, 
4216535, 333, 330, 337, 333, 
4216567, 329, 328, 335, 335, 
4216599, 329, 330, 338, 333, 
4216632, 334, 333, 337, 334, 
4216664, 340, 338, 337, 334, 
4216696, 343, 341, 339, 335, 
4216728, 346, 340, 337, 335, 
4216761, 345, 340, 342, 335, 
4216793, 344, 341, 336, 335, 
4216825, 344, 338, 338, 335, 
4216857, 341, 337, 337, 334, 
4216889, 340, 338, 337, 334, 
4216922, 338, 336, 336, 336, 
4216953, 339, 337, 336, 335, 
4216986, 341, 338, 338, 336, 
4217018, 339, 338, 337, 337, 
4217051, 339, 339, 337, 336, 
4217082, 336, 338, 335, 336, 
4217115, 335, 338, 334, 335, 
4217147, 334, 336, 334, 335, 
4217180, 333, 337, 335, 336, 
4217211, 332, 339, 335, 336, 
4217244, 333, 339, 334, 336, 
4217276, 333, 343, 335, 338, 
4217309, 325, 337, 337, 335, 
4217340, 337, 350, 337, 335, 
4217373, 332, 342, 334, 336, 
4217405, 336, 341, 336, 335, 
4217438, 337, 341, 337, 336, 
4217469, 331, 336, 337, 336, 
4217502, 336, 336, 336, 335, 
4217534, 331, 332, 338, 335, 
4217567, 330, 332, 337, 336, 
4217598, 336, 335, 338, 336, 
4217631, 339, 339, 338, 335, 
4217663, 343, 339, 335, 336, 
4217696, 338, 339, 338, 335, 
4217728, 344, 339, 335, 335, 
4217760, 338, 335, 336, 335, 
4217792, 341, 337, 337, 335, 
4217825, 339, 336, 334, 334, 
4217857, 341, 336, 336, 334, 
4217888, 340, 336, 338, 335, 
4217921, 338, 335, 337, 334, 
4217953, 334, 335, 336, 334, 
4217986, 338, 336, 338, 338, 
4218017, 335, 334, 337, 337, 
4218050, 339, 336, 340, 337, 
4218082, 340, 336, 338, 337, 
4218115, 337, 333, 336, 336, 
4218146, 338, 335, 339, 337, 
4218179, 333, 334, 335, 336, 
4218211, 338, 335, 336, 337, 
4218244, 338, 335, 339, 339, 
4218275, 327, 331, 333, 337, 
4218308, 336, 338, 336, 337, 
4218340, 333, 334, 335, 336, 
4218373, 333, 332, 338, 337, 
4218404, 332, 332, 338, 337, 
4218437, 329, 330, 337, 336, 
4218469, 329, 330, 338, 337, 
4218502, 325, 330, 339, 336, 
4218533, 325, 330, 338, 336, 
4218566, 330, 337, 339, 336, 
4218598, 336, 340, 340, 336, 
4218631, 334, 340, 336, 335, 
4218662, 337, 342, 340, 336, 
4218695, 335, 339, 336, 335, 
4218727, 337, 341, 339, 335, 
4218760, 335, 339, 336, 335, 
4218791, 335, 337, 337, 335, 
4218824, 337, 338, 340, 336, 
4218856, 332, 334, 337, 335, 
4218889, 334, 336, 343, 336, 
4218920, 329, 333, 348, 336, 
4218952, 334, 331, 347, 337, 
4218985, 333, 333, 347, 336, 
4219017, 332, 335, 348, 336, 
4219049, 325, 333, 345, 337, 
4219081, 323, 337, 342, 337, 
4219114, 324, 336, 338, 336, 
4219146, 324, 337, 336, 339, 
4219179, 330, 336, 338, 338, 
4219210, 328, 335, 331, 338, 
4219243, 327, 332, 335, 336, 
4219275, 336, 337, 333, 337, 
4219308, 336, 335, 332, 335, 
4219339, 336, 333, 333, 336, 
4219372, 333, 332, 331, 337, 
4219404, 335, 334, 331, 336, 
4219437, 329, 330, 328, 336, 
4219468, 331, 331, 329, 336, 
4219501, 333, 331, 333, 336, 
4219533, 336, 334, 330, 337, 
4219566, 347, 340, 335, 335, 
4219597, 349, 341, 332, 338, 
4219630, 349, 340, 333, 337, 
4219662, 352, 340, 337, 337, 
4219695, 347, 338, 332, 338, 
4219726, 349, 340, 336, 338, 
4219759, 342, 339, 327, 338, 
4219791, 342, 337, 336, 338, 
4219824, 341, 337, 331, 336, 
4219855, 341, 335, 335, 339, 
4219888, 343, 338, 336, 338, 
4219920, 335, 334, 329, 336, 
4219952, 339, 335, 331, 337, 
4219984, 343, 338, 336, 337, 
4220016, 342, 338, 329, 337, 
4220049, 339, 336, 329, 336, 
4220081, 337, 336, 326, 335, 
4220113, 337, 334, 330, 334, 
4220145, 339, 334, 334, 332, 
4220178, 331, 338, 335, 334, 
4220210, 339, 336, 336, 334, 
4220242, 341, 336, 340, 336, 
4220274, 338, 333, 338, 335, 
4220307, 338, 332, 341, 334, 
4220339, 336, 332, 345, 334, 
4220371, 333, 329, 344, 334, 
4220403, 328, 328, 345, 334, 
4220436, 332, 332, 345, 332, 
4220468, 339, 337, 344, 327, 
4220500, 343, 344, 344, 326, 
4220532, 351, 343, 344, 327, 
4220565, 352, 346, 344, 329, 
4220597, 349, 344, 343, 329, 
4220630, 350, 346, 344, 329, 
4220661, 348, 345, 346, 332, 
4220694, 346, 344, 346, 332, 
4220726, 345, 344, 345, 334, 
4220759, 344, 342, 337, 336, 
4220790, 343, 342, 344, 337, 
4220823, 342, 342, 343, 339, 
4220855, 341, 341, 342, 340, 
4220888, 341, 339, 340, 340, 
4220919, 341, 337, 339, 339, 
4220952, 346, 337, 341, 339, 
4220984, 354, 325, 341, 337, 
4221016, 372, 338, 339, 332, 
4221048, 379, 332, 343, 334, 
4221080, 373, 330, 343, 333, 
4221113, 364, 329, 347, 334, 
4221145, 354, 329, 348, 334, 
4221177, 350, 328, 347, 334, 
4221209, 357, 326, 346, 334, 
4221242, 355, 324, 345, 335, 
4221274, 355, 329, 345, 334, 
4221306, 356, 335, 345, 333, 
4221338, 356, 338, 346, 333, 
4221371, 353, 340, 345, 334, 
4221403, 349, 339, 340, 332, 
4221435, 345, 339, 330, 335, 
4221467, 343, 339, 324, 336, 
4221500, 339, 337, 324, 335, 
4221532, 336, 338, 327, 335, 
4221564, 332, 339, 328, 335, 
4221596, 330, 337, 329, 335, 
4221629, 328, 335, 331, 335, 
4221661, 324, 335, 334, 335, 
4221693, 326, 337, 337, 335, 
4221725, 326, 336, 338, 335, 
4221758, 320, 329, 339, 335, 
4221790, 322, 340, 338, 334, 
4221822, 325, 336, 340, 335, 
4221854, 326, 334, 341, 335, 
4221887, 324, 333, 342, 336, 
4221919, 325, 332, 343, 335, 
4221952, 323, 332, 343, 337, 
4221983, 321, 329, 342, 336, 
4222015, 320, 329, 341, 337, 
4222048, 322, 333, 340, 337, 
4222080, 330, 338, 340, 338, 
4222112, 335, 339, 341, 337, 
4222144, 336, 341, 341, 338, 
4222177, 336, 342, 340, 337, 
4222209, 336, 343, 341, 338, 
4222241, 335, 341, 340, 338, 
4222273, 334, 340, 339, 337, 
4222306, 333, 340, 339, 338, 
4222338, 333, 339, 337, 336, 
4222370, 332, 338, 337, 335, 
4222402, 330, 338, 336, 338, 
4222435, 332, 336, 337, 337, 
4222467, 331, 336, 338, 339, 
4222499, 320, 333, 334, 336, 
4222531, 330, 339, 335, 338, 
4222564, 331, 337, 336, 339, 
4222596, 330, 334, 336, 340, 
4222628, 329, 332, 335, 339, 
4222660, 328, 332, 335, 340, 
4222693, 326, 331, 336, 339, 
4222725, 323, 329, 334, 339, 
4222757, 324, 332, 335, 339, 
4222789, 330, 337, 336, 341, 
4222822, 337, 342, 337, 340, 
4222854, 341, 344, 336, 342, 
4222886, 342, 344, 337, 341, 
4222918, 339, 343, 336, 340, 
4222951, 339, 344, 337, 340, 
4222983, 338, 340, 337, 339, 
4223015, 337, 338, 336, 338, 
4223047, 336, 337, 334, 336, 
4223079, 336, 340, 336, 338, 
4223112, 336, 338, 338, 340, 
4223143, 338, 338, 339, 339, 
4223176, 337, 338, 338, 340, 
4223208, 326, 334, 336, 339, 
4223241, 336, 341, 336, 340, 
4223272, 335, 338, 336, 340, 
4223305, 335, 336, 335, 340, 
4223337, 334, 334, 336, 341, 
4223370, 332, 333, 335, 339, 
4223401, 331, 331, 337, 339, 
4223434, 328, 329, 336, 339, 
4223466, 329, 330, 336, 339, 
4223499, 333, 335, 335, 338, 
4223531, 340, 341, 336, 339, 
4223563, 343, 341, 336, 336, 
4223595, 344, 343, 337, 338, 
4223628, 342, 341, 337, 338, 
4223660, 340, 339, 336, 338, 
4223692, 336, 340, 337, 339, 
4223724, 338, 340, 338, 340, 
4223757, 338, 340, 336, 339, 
4223789, 336, 341, 335, 339, 
4223821, 337, 339, 336, 340, 
4223853, 337, 339, 336, 339, 
4223886, 336, 337, 336, 339, 
4223918, 323, 331, 335, 336, 
4223950, 335, 341, 334, 337, 
4223982, 335, 337, 337, 339, 
4224015, 335, 336, 338, 340, 
4224047, 334, 335, 337, 340, 
4224078, 333, 333, 339, 340, 
4224111, 331, 331, 338, 341, 
4224143, 327, 330, 337, 339, 
4224176, 327, 331, 337, 339, 
4224207, 332, 336, 337, 340, 
4224240, 339, 341, 337, 340, 
4224272, 342, 342, 337, 338, 
4224305, 343, 343, 336, 339, 
4224336, 342, 341, 336, 339, 
4224369, 342, 341, 337, 340, 
4224401, 341, 341, 336, 339, 
4224434, 339, 340, 336, 340, 
4224465, 337, 340, 337, 340, 
4224498, 336, 340, 336, 340, 
4224530, 335, 339, 337, 342, 
4224563, 336, 339, 338, 342, 
4224594, 335, 338, 337, 342, 
4224627, 322, 329, 337, 340, 
4224659, 333, 340, 335, 339, 
4224692, 334, 336, 336, 340, 
4224723, 335, 336, 337, 340, 
4224756, 333, 334, 338, 341, 
4224788, 331, 332, 338, 340, 
4224821, 329, 330, 338, 339, 
4224852, 326, 329, 337, 340, 
4224885, 326, 329, 337, 339, 
4224917, 331, 334, 336, 338, 
4224950, 339, 340, 338, 339, 
4224982, 342, 342, 339, 339, 
4225014, 343, 344, 337, 339, 
4225046, 342, 343, 337, 339, 
4225079, 341, 342, 339, 340, 
4225111, 339, 340, 338, 340, 
4225142, 339, 340, 338, 340, 
4225175, 337, 339, 336, 338, 
4225207, 337, 338, 337, 339, 
4225240, 335, 339, 338, 338, 
4225271, 336, 338, 338, 339, 
4225304, 338, 337, 338, 340, 
4225336, 325, 329, 336, 339, 
4225369, 333, 340, 335, 337, 
4225400, 335, 336, 336, 339, 
4225433, 335, 335, 338, 340, 
4225465, 334, 334, 338, 339, 
4225498, 332, 333, 338, 339, 
4225529, 332, 332, 337, 339, 
4225562, 328, 329, 337, 339, 
4225594, 329, 330, 337, 339, 
4225627, 333, 334, 337, 339, 
4225658, 338, 338, 338, 340, 
4225691, 342, 342, 339, 341, 
4225723, 342, 341, 339, 341, 
4225756, 342, 341, 340, 341, 
4225787, 342, 339, 338, 342, 
4225820, 340, 338, 338, 342, 
4225852, 339, 339, 338, 342, 
4225885, 339, 338, 337, 342, 
4225916, 338, 338, 337, 342, 
4225949, 337, 337, 337, 346, 
4225981, 338, 338, 339, 347, 
4226014, 334, 333, 338, 349, 
4226045, 328, 336, 336, 348, 
4226078, 336, 336, 337, 349, 
4226110, 335, 334, 338, 352, 
4226142, 334, 333, 338, 352, 
4226174, 333, 331, 337, 352, 
4226206, 331, 332, 337, 352, 
4226239, 329, 329, 337, 353, 
4226271, 327, 328, 337, 354, 
4226304, 329, 331, 337, 354, 
4226335, 336, 337, 337, 355, 
4226368, 342, 341, 337, 355, 
4226400, 343, 342, 337, 354, 
4226433, 344, 342, 338, 354, 
4226464, 342, 341, 337, 352, 
4226497, 342, 341, 338, 351, 
4226529, 340, 340, 337, 352, 
4226562, 340, 340, 338, 355, 
4226593, 339, 339, 336, 358, 
4226626, 336, 339, 336, 365, 
4226658, 337, 339, 336, 372, 
4226691, 338, 338, 337, 373, 
4226722, 335, 334, 336, 371, 
4226755, 329, 337, 334, 365, 
4226787, 337, 338, 336, 366, 
4226820, 336, 337, 337, 363, 
4226851, 335, 335, 337, 362, 
4226884, 334, 333, 338, 360, 
4226916, 332, 333, 338, 359, 
4226949, 329, 331, 337, 356, 
4226980, 327, 329, 336, 354, 
4227013, 330, 331, 337, 352, 
4227045, 336, 338, 337, 349, 
4227078, 342, 343, 338, 347, 
4227109, 343, 343, 338, 345, 
4227142, 343, 343, 338, 343, 
4227174, 342, 342, 338, 342, 
4227206, 341, 341, 338, 340, 
4227238, 340, 341, 338, 339, 
4227270, 339, 340, 339, 338, 
4227303, 339, 339, 336, 335, 
4227335, 337, 338, 336, 333, 
4227367, 337, 338, 337, 332, 
4227399, 339, 339, 338, 331, 
4227432, 335, 333, 337, 330, 
4227464, 329, 337, 334, 326, 
4227496, 336, 339, 336, 328, 
4227528, 336, 335, 337, 329, 
4227561, 335, 334, 337, 328, 
4227593, 334, 332, 338, 328, 
4227625, 332, 332, 337, 328, 
4227657, 330, 331, 336, 329, 
4227690, 327, 329, 336, 327, 
4227722, 330, 332, 337, 327, 
4227755, 336, 338, 337, 328, 
4227786, 339, 341, 337, 327, 
4227819, 342, 343, 337, 326, 
4227851, 343, 343, 338, 326, 
4227884, 342, 342, 338, 328, 
4227915, 342, 341, 338, 327, 
4227948, 341, 341, 338, 327, 
4227980, 340, 340, 338, 326, 
4228013, 339, 339, 337, 327, 
4228044, 337, 339, 336, 325, 
4228077, 336, 337, 336, 326, 
4228109, 338, 338, 337, 328, 
4228142, 337, 337, 338, 328, 
4228173, 328, 329, 335, 326, 
4228205, 337, 340, 334, 326, 
4228238, 337, 336, 337, 327, 
4228270, 337, 334, 339, 328, 
4228302, 336, 333, 338, 330, 
4228334, 334, 333, 338, 328, 
4228367, 331, 330, 337, 329, 
4228399, 328, 329, 336, 329, 
4228431, 328, 329, 337, 328, 
4228463, 335, 335, 337, 328, 
4228496, 339, 340, 337, 328, 
4228528, 343, 342, 337, 328, 
4228560, 343, 343, 337, 329, 
4228592, 342, 342, 337, 329, 
4228625, 341, 341, 338, 329, 
4228657, 340, 341, 337, 329, 
4228689, 340, 340, 337, 330, 
4228721, 339, 340, 338, 331, 
4228754, 337, 339, 337, 329, 
4228786, 337, 338, 335, 328, 
4228818, 336, 337, 336, 330, 
4228850, 337, 338, 338, 330, 
4228883, 336, 337, 338, 331, 
4228915, 325, 330, 335, 328, 
4228947, 335, 338, 335, 329, 
4228979, 335, 336, 336, 330, 
4229012, 335, 335, 338, 329, 
4229044, 333, 333, 337, 330, 
4229076, 332, 332, 337, 331, 
4229108, 329, 329, 337, 330, 
4229141, 327, 329, 336, 330, 
4229173, 327, 329, 337, 330, 
4229206, 334, 335, 336, 330, 
4229237, 340, 341, 337, 331, 
4229269, 342, 342, 338, 331, 
4229302, 343, 343, 339, 330, 
4229334, 342, 343, 337, 330, 
4229366, 342, 341, 338, 330, 
4229398, 341, 340, 338, 330, 
4229431, 339, 340, 337, 330, 
4229463, 340, 340, 338, 330, 
4229495, 338, 340, 338, 330, 
4229527, 337, 339, 336, 329, 
4229560, 335, 337, 336, 329, 
4229592, 336, 337, 336, 329, 
4229624, 336, 337, 338, 331, 
4229656, 336, 335, 337, 330, 
4229689, 327, 335, 335, 329, 
4229721, 336, 338, 336, 331, 
4229753, 338, 336, 337, 332, 
4229785, 335, 335, 338, 334, 
4229818, 334, 332, 338, 333, 
4229850, 331, 331, 337, 332, 
4229882, 329, 330, 337, 332, 
4229914, 326, 328, 337, 333, 
4229947, 328, 330, 337, 333, 
4229979, 334, 336, 338, 333, 
4230011, 341, 341, 338, 333, 
4230043, 344, 343, 339, 331, 
4230076, 343, 342, 338, 334, 
4230108, 342, 341, 338, 333, 
4230140, 340, 341, 338, 333, 
4230172, 340, 340, 338, 335, 
4230205, 339, 339, 338, 333, 
4230237, 338, 339, 338, 333, 
4230268, 339, 339, 338, 333, 
4230301, 338, 339, 337, 333, 
4230333, 337, 338, 338, 334, 
4230366, 336, 338, 336, 333, 
4230397, 335, 338, 336, 333, 
4230430, 335, 337, 337, 335, 
4230462, 336, 336, 337, 334, 
4230495, 334, 333, 338, 334, 
4230526, 328, 337, 334, 331, 
4230559, 336, 339, 336, 334, 
4230591, 335, 335, 337, 335, 
4230624, 334, 335, 337, 336, 
4230656, 333, 332, 338, 336, 
4230688, 331, 331, 337, 335, 
4230720, 329, 330, 337, 335, 
4230753, 327, 328, 336, 334, 
4230785, 329, 331, 337, 334, 
4230817, 335, 337, 337, 335, 
4230849, 340, 341, 339, 336, 
4230882, 342, 343, 338, 336, 
4230914, 342, 342, 338, 335, 
4230946, 342, 342, 339, 335, 
4230978, 341, 341, 338, 336, 
4231011, 341, 340, 339, 334, 
4231043, 339, 339, 338, 335, 
4231075, 339, 339, 338, 335, 
4231107, 339, 338, 338, 335, 
4231140, 338, 337, 338, 335, 
4231172, 338, 337, 338, 336, 
4231204, 337, 337, 338, 336, 
4231236, 337, 337, 337, 336, 
4231269, 336, 337, 336, 335, 
4231301, 335, 336, 337, 335, 
4231332, 336, 337, 337, 338, 
4231365, 337, 337, 338, 337, 
4231397, 327, 328, 337, 336, 
4231430, 334, 340, 335, 336, 
4231461, 336, 336, 337, 336, 
4231494, 335, 334, 338, 337, 
4231526, 334, 334, 337, 337, 
4231559, 334, 332, 337, 336, 
4231590, 331, 330, 337, 337, 
4231623, 328, 330, 336, 338, 
4231655, 327, 328, 336, 338, 
4231688, 331, 335, 337, 338, 
4231719, 338, 340, 338, 338, 
4231752, 341, 343, 338, 337, 
4231784, 342, 344, 338, 336, 
4231817, 342, 343, 338, 335, 
4231848, 341, 341, 338, 334, 
4231881, 340, 342, 338, 334, 
4231913, 340, 341, 337, 334, 
4231946, 339, 340, 338, 332, 
4231977, 338, 340, 338, 333, 
4232010, 339, 339, 338, 333, 
4232042, 337, 338, 338, 333, 
4232075, 338, 338, 338, 334, 
4232107, 336, 337, 339, 333, 
4232139, 336, 340, 339, 334, 
4232171, 335, 338, 338, 333, 
4232204, 334, 338, 338, 334, 
4232236, 334, 338, 337, 334, 
4232268, 336, 336, 338, 334, 
4232300, 335, 333, 338, 334, 
4232332, 327, 333, 335, 331, 
4232365, 336, 336, 336, 334, 
4232396, 336, 333, 337, 334, 
4232429, 335, 332, 338, 335, 
4232461, 334, 331, 338, 335, 
4232494, 332, 330, 337, 335, 
4232525, 330, 329, 337, 336, 
4232558, 327, 329, 336, 336, 
4232590, 328, 330, 337, 337, 
4232623, 334, 337, 338, 337, 
4232654, 341, 341, 340, 338, 
4232687, 344, 343, 339, 338, 
4232719, 343, 344, 339, 338, 
4232752, 343, 341, 339, 338, 
4232783, 342, 341, 338, 338, 
4232816, 340, 341, 338, 338, 
4232848, 340, 340, 338, 338, 
4232881, 340, 339, 338, 338, 
4232912, 338, 338, 337, 337, 
4232945, 337, 337, 337, 336, 
4232977, 338, 337, 337, 338, 
4233010, 336, 337, 337, 338, 
4233041, 336, 336, 337, 338, 
4233074, 336, 337, 337, 339, 
4233106, 336, 336, 339, 340, 
4233139, 334, 337, 337, 339, 
4233170, 335, 337, 337, 340, 
4233203, 333, 337, 337, 342, 
4233235, 335, 337, 337, 342, 
4233268, 330, 331, 338, 343, 
4233299, 328, 339, 335, 341, 
4233332, 334, 337, 337, 344, 
4233364, 332, 334, 337, 346, 
4233396, 334, 334, 338, 343, 
4233428, 329, 333, 338, 349, 
4233460, 332, 332, 337, 350, 
4233493, 329, 331, 337, 352, 
4233525, 327, 331, 337, 354, 
4233558, 327, 333, 336, 357, 
4233589, 335, 339, 337, 360, 
4233622, 342, 343, 337, 362, 
4233654, 345, 344, 337, 367, 
4233687, 345, 344, 337, 368, 
4233718, 343, 344, 337, 371, 
4233751, 341, 343, 336, 371, 
4233783, 338, 342, 336, 372, 
4233816, 339, 343, 336, 371, 
4233847, 338, 342, 336, 372, 
4233880, 338, 342, 335, 370, 
4233912, 337, 341, 335, 366, 
4233945, 337, 340, 335, 367, 
4233976, 337, 340, 334, 363, 
4234009, 337, 339, 336, 361, 
4234041, 338, 338, 336, 359, 
4234074, 337, 337, 336, 355, 
4234105, 337, 339, 336, 353, 
4234138, 337, 337, 336, 350, 
4234170, 336, 337, 336, 344, 
4234203, 337, 337, 337, 343, 
4234234, 338, 337, 337, 340, 
4234267, 337, 332, 336, 336, 
4234299, 332, 337, 336, 334, 
4234332, 338, 337, 337, 331, 
4234363, 337, 334, 338, 331, 
4234395, 336, 333, 337, 331, 
4234428, 335, 332, 337, 330, 
4234460, 333, 331, 338, 328, 
4234492, 331, 329, 338, 327, 
4234524, 328, 327, 337, 328, 
4234557, 330, 329, 338, 328, 
4234589, 335, 335, 338, 328, 
4234621, 341, 339, 338, 330, 
4234653, 343, 339, 338, 331, 
4234686, 344, 341, 338, 333, 
4234718, 345, 342, 337, 334, 
4234750, 343, 341, 337, 335, 
4234782, 341, 339, 337, 338, 
4234815, 341, 340, 337, 340, 
4234847, 339, 340, 337, 339, 
4234880, 339, 338, 337, 342, 
4234911, 338, 340, 338, 342, 
4234944, 337, 339, 336, 342, 
4234976, 337, 336, 337, 343, 
4235009, 337, 338, 337, 342, 
4235040, 330, 336, 337, 341, 
4235073, 337, 339, 339, 341, 
4235105, 336, 336, 337, 338, 
4235138, 336, 336, 337, 338, 
4235169, 335, 336, 338, 337, 
4235202, 336, 336, 338, 337, 
4235234, 334, 331, 338, 334, 
4235267, 328, 336, 336, 331, 
4235298, 337, 336, 337, 334, 
4235331, 336, 333, 338, 333, 
4235363, 335, 332, 339, 333, 
4235396, 335, 333, 338, 331, 
4235427, 334, 331, 337, 330, 
4235459, 331, 329, 337, 330, 
4235492, 327, 328, 337, 331, 
4235524, 330, 330, 337, 331, 
4235556, 336, 335, 338, 330, 
4235588, 343, 340, 338, 330, 
4235621, 344, 341, 339, 329, 
4235653, 345, 341, 338, 330, 
4235685, 344, 342, 338, 330, 
4235717, 343, 340, 338, 329, 
4235750, 341, 339, 338, 330, 
4235782, 341, 338, 338, 328, 
4235814, 342, 339, 338, 331, 
4235846, 340, 338, 338, 330, 
4235879, 339, 337, 337, 331, 
4235911, 339, 338, 339, 331, 
4235943, 338, 338, 338, 331, 
4235975, 337, 337, 338, 330, 
4236008, 338, 336, 338, 331, 
4236040, 337, 337, 338, 331, 
4236072, 335, 336, 337, 329, 
4236104, 334, 336, 339, 331, 
4236137, 335, 336, 337, 330, 
4236169, 337, 336, 337, 331, 
4236201, 330, 329, 336, 330, 
4236233, 333, 339, 336, 329, 
4236266, 336, 336, 337, 331, 
4236298, 336, 334, 337, 331, 
4236331, 335, 333, 337, 331, 
4236362, 333, 333, 336, 332, 
4236395, 332, 332, 337, 331, 
4236427, 329, 330, 336, 333, 
4236459, 327, 328, 337, 333, 
4236491, 332, 332, 338, 334, 
4236523, 337, 339, 338, 333, 
4236556, 343, 342, 339, 334, 
4236588, 344, 342, 339, 335, 
4236620, 344, 342, 338, 335, 
4236652, 343, 341, 338, 334, 
4236685, 342, 340, 338, 334, 
4236717, 341, 340, 337, 334, 
4236749, 340, 339, 338, 335, 
4236781, 339, 338, 338, 334, 
4236814, 339, 338, 338, 334, 
4236846, 338, 337, 336, 335, 
4236878, 338, 337, 338, 334, 
4236910, 338, 337, 337, 334, 
4236943, 335, 338, 337, 333, 
4236975, 336, 337, 337, 333, 
4237007, 336, 336, 337, 333, 
4237039, 335, 336, 337, 333, 
4237072, 335, 336, 337, 333, 
4237104, 335, 336, 337, 334, 
4237136, 336, 335, 338, 334, 
4237168, 325, 330, 336, 333, 
4237201, 336, 338, 336, 333, 
4237233, 335, 335, 337, 334, 
4237265, 335, 334, 337, 333, 
4237297, 335, 333, 337, 333, 
4237330, 333, 332, 337, 333, 
4237362, 331, 331, 337, 332, 
4237394, 328, 329, 337, 334, 
4237426, 327, 329, 337, 334, 
4237459, 332, 334, 337, 334, 
4237491, 340, 339, 338, 334, 
4237522, 343, 342, 338, 335, 
4237555, 345, 343, 338, 335, 
4237587, 344, 342, 338, 336, 
4237620, 342, 341, 340, 335, 
4237651, 341, 339, 338, 336, 
4237684, 340, 339, 338, 336, 
4237716, 340, 339, 338, 337, 
4237749, 339, 338, 338, 337, 
4237780, 338, 338, 338, 337, 
4237813, 338, 337, 337, 337, 
4237845, 337, 338, 337, 337, 
4237878, 338, 337, 337, 338, 
4237910, 337, 337, 337, 339, 
4237942, 336, 337, 337, 337, 
4237974, 336, 336, 337, 338, 
4238007, 335, 336, 337, 337, 
4238039, 335, 336, 336, 338, 
4238071, 337, 336, 337, 337, 
4238103, 333, 331, 337, 337, 
4238136, 328, 337, 336, 336, 
4238168, 336, 335, 336, 337, 
4238200, 336, 334, 337, 337, 
4238232, 335, 333, 337, 336, 
4238265, 334, 333, 337, 337, 
4238297, 332, 332, 337, 337, 
4238329, 329, 329, 337, 336, 
4238361, 327, 328, 336, 336, 
4238394, 328, 331, 337, 335, 
4238426, 335, 336, 337, 336, 
4238458, 342, 342, 337, 336, 
4238490, 344, 342, 338, 335, 
4238522, 344, 342, 338, 336, 
4238555, 343, 342, 337, 335, 
4238586, 343, 340, 339, 335, 
4238619, 341, 339, 338, 335, 
4238651, 341, 339, 338, 336, 
4238684, 339, 338, 337, 336, 
4238715, 339, 339, 338, 336, 
4238748, 338, 338, 336, 336, 
4238780, 338, 337, 337, 337, 
4238813, 338, 337, 339, 337, 
4238844, 337, 338, 338, 335, 
4238877, 337, 337, 337, 336, 
4238909, 335, 336, 337, 336, 
4238942, 336, 336, 336, 336, 
4238973, 334, 336, 337, 336, 
4239006, 335, 336, 336, 336, 
4239038, 336, 337, 337, 336, 
4239071, 329, 329, 336, 335, 
4239102, 332, 340, 335, 335, 
4239135, 335, 336, 338, 336, 
4239167, 335, 334, 336, 334, 
