 
4555377, 343, 341, 339, 339, 
4555409, 342, 340, 339, 339, 
4555442, 342, 340, 339, 339, 
4555473, 340, 339, 338, 338, 
4555506, 339, 339, 337, 337, 
4555538, 338, 338, 337, 336, 
4555571, 337, 337, 336, 335, 
4555602, 337, 336, 336, 335, 
4555635, 336, 337, 336, 335, 
4555667, 336, 336, 335, 333, 
4555700, 333, 335, 335, 335, 
4555731, 334, 335, 335, 335, 
4555764, 335, 335, 335, 335, 
4555796, 324, 327, 334, 334, 
4555829, 333, 339, 333, 332, 
4555860, 335, 334, 335, 334, 
4555893, 334, 332, 335, 334, 
4555925, 333, 333, 335, 334, 
4555958, 332, 331, 335, 334, 
4555990, 329, 329, 335, 334, 
4556022, 327, 328, 334, 333, 
4556054, 326, 329, 335, 334, 
4556087, 332, 333, 336, 335, 
4556119, 337, 337, 336, 334, 
4556151, 341, 339, 336, 334, 
4556183, 343, 341, 336, 334, 
4556216, 342, 340, 337, 335, 
4556248, 340, 339, 335, 335, 
4556279, 339, 338, 335, 334, 
4556312, 338, 337, 335, 335, 
4556344, 339, 337, 336, 335, 
4556377, 337, 336, 335, 334, 
4556408, 337, 336, 335, 335, 
4556441, 337, 336, 335, 334, 
4556473, 336, 336, 336, 334, 
4556506, 336, 336, 336, 335, 
4556537, 336, 335, 336, 334, 
4556570, 334, 335, 334, 333, 
4556602, 333, 335, 334, 334, 
4556635, 333, 335, 334, 335, 
4556666, 335, 335, 335, 334, 
4556699, 332, 329, 334, 335, 
4556731, 329, 337, 332, 332, 
4556764, 335, 336, 334, 334, 
4556795, 333, 333, 334, 334, 
4556828, 333, 332, 335, 334, 
4556860, 331, 331, 334, 334, 
4556893, 331, 330, 334, 334, 
4556924, 329, 329, 335, 334, 
4556957, 326, 328, 334, 334, 
4556989, 327, 330, 335, 334, 
4557022, 334, 336, 335, 334, 
4557053, 339, 340, 336, 335, 
4557086, 342, 339, 335, 334, 
4557118, 342, 340, 334, 335, 
4557151, 341, 340, 336, 335, 
4557182, 340, 338, 335, 333, 
4557215, 339, 338, 335, 334, 
4557247, 338, 338, 335, 333, 
4557280, 338, 337, 334, 335, 
4557312, 338, 337, 335, 334, 
4557343, 337, 336, 336, 334, 
4557376, 336, 335, 335, 334, 
4557408, 335, 335, 334, 334, 
4557441, 335, 335, 335, 334, 
4557472, 335, 335, 335, 335, 
4557505, 334, 334, 335, 335, 
4557537, 333, 335, 335, 336, 
4557570, 334, 334, 336, 336, 
4557601, 335, 334, 336, 336, 
4557634, 334, 332, 335, 337, 
4557666, 325, 335, 332, 333, 
4557699, 334, 337, 334, 334, 
4557730, 334, 334, 335, 335, 
4557763, 334, 334, 335, 335, 
4557795, 332, 333, 335, 335, 
4557828, 331, 332, 336, 335, 
4557859, 328, 328, 335, 333, 
4557892, 326, 328, 336, 334, 
4557924, 327, 330, 336, 334, 
4557957, 333, 335, 337, 334, 
4557988, 340, 339, 338, 336, 
4558021, 343, 340, 337, 334, 
4558053, 343, 341, 338, 334, 
4558086, 342, 339, 337, 334, 
4558117, 341, 339, 336, 333, 
4558150, 340, 338, 336, 333, 
4558182, 339, 338, 334, 334, 
4558215, 338, 337, 335, 334, 
4558246, 337, 337, 335, 334, 
4558279, 336, 336, 334, 332, 
4558311, 335, 335, 334, 334, 
4558343, 336, 335, 335, 334, 
4558375, 335, 336, 334, 334, 
4558407, 335, 335, 334, 333, 
4558440, 335, 335, 334, 333, 
4558472, 333, 334, 334, 334, 
4558504, 335, 335, 334, 333, 
4558536, 336, 335, 335, 334, 
4558569, 326, 329, 333, 333, 
4558601, 333, 339, 333, 332, 
4558633, 335, 335, 334, 333, 
4558665, 334, 333, 334, 334, 
4558698, 333, 333, 334, 334, 
4558730, 332, 333, 334, 334, 
4558763, 330, 329, 334, 333, 
4558794, 327, 329, 334, 333, 
4558827, 327, 329, 334, 331, 
4558859, 331, 332, 334, 335, 
4558892, 337, 337, 336, 335, 
4558923, 341, 340, 335, 334, 
4558956, 343, 340, 336, 336, 
4558988, 342, 341, 336, 337, 
4559021, 341, 339, 335, 336, 
4559052, 341, 339, 335, 336, 
4559085, 340, 337, 335, 337, 
4559117, 339, 338, 335, 335, 
4559150, 337, 338, 334, 335, 
4559181, 337, 336, 335, 334, 
4559214, 336, 336, 335, 334, 
4559246, 334, 335, 335, 332, 
4559279, 335, 336, 335, 333, 
4559310, 335, 335, 335, 334, 
4559343, 335, 336, 334, 332, 
4559375, 333, 335, 334, 332, 
4559407, 334, 335, 335, 333, 
4559439, 336, 335, 335, 333, 
4559471, 327, 328, 335, 332, 
4559504, 333, 339, 334, 333, 
4559536, 335, 335, 334, 333, 
4559568, 335, 334, 335, 334, 
4559600, 334, 332, 334, 334, 
4559633, 333, 330, 335, 334, 
4559665, 331, 330, 335, 333, 
4559697, 327, 328, 334, 334, 
4559729, 326, 328, 335, 335, 
4559762, 329, 331, 334, 333, 
4559794, 334, 336, 335, 333, 
4559826, 340, 339, 336, 335, 
4559858, 342, 339, 336, 335, 
4559891, 341, 340, 336, 334, 
4559923, 341, 338, 335, 333, 
4559955, 341, 338, 335, 334, 
4559987, 337, 337, 335, 334, 
4560020, 337, 336, 334, 334, 
4560052, 336, 336, 335, 333, 
4560084, 337, 337, 336, 334, 
4560116, 337, 336, 335, 334, 
4560149, 336, 335, 335, 333, 
4560181, 335, 335, 335, 334, 
4560214, 335, 335, 335, 334, 
4560245, 333, 334, 335, 337, 
4560278, 334, 335, 334, 338, 
4560310, 333, 334, 334, 345, 
4560343, 335, 334, 334, 350, 
4560374, 334, 331, 334, 357, 
4560406, 325, 332, 331, 362, 
4560439, 335, 335, 333, 372, 
4560471, 334, 334, 334, 377, 
4560503, 334, 332, 334, 380, 
4560535, 333, 330, 334, 380, 
4560568, 331, 329, 334, 376, 
4560600, 328, 326, 334, 374, 
4560632, 326, 325, 334, 371, 
4560664, 326, 325, 334, 367, 
4560697, 332, 330, 335, 366, 
4560729, 338, 335, 336, 364, 
4560761, 342, 337, 337, 363, 
4560793, 344, 338, 337, 362, 
4560826, 343, 337, 337, 362, 
4560858, 341, 336, 338, 359, 
4560890, 340, 336, 337, 359, 
4560922, 339, 337, 338, 359, 
4560955, 338, 337, 338, 355, 
4560987, 339, 337, 338, 354, 
4561019, 338, 337, 338, 353, 
4561051, 337, 338, 338, 351, 
4561084, 337, 338, 338, 350, 
4561116, 337, 338, 337, 347, 
4561148, 336, 338, 337, 346, 
4561180, 336, 338, 337, 344, 
4561213, 335, 338, 336, 341, 
4561245, 333, 338, 337, 340, 
4561277, 336, 338, 337, 338, 
4561309, 337, 339, 337, 337, 
4561342, 329, 330, 337, 334, 
4561374, 332, 339, 334, 331, 
4561406, 336, 338, 336, 331, 
4561438, 336, 336, 336, 331, 
4561470, 335, 335, 337, 328, 
4561503, 335, 334, 337, 329, 
4561534, 332, 332, 335, 326, 
4561567, 328, 330, 335, 325, 
4561599, 326, 329, 336, 325, 
4561632, 330, 333, 336, 323, 
4561664, 337, 339, 336, 323, 
4561696, 342, 342, 337, 323, 
4561728, 344, 344, 338, 323, 
4561761, 344, 344, 337, 322, 
4561793, 342, 342, 337, 322, 
4561825, 341, 341, 337, 322, 
4561857, 341, 341, 338, 322, 
4561890, 340, 341, 337, 322, 
4561922, 339, 342, 337, 321, 
4561954, 338, 342, 337, 321, 
4561986, 338, 341, 337, 322, 
4562019, 337, 341, 337, 321, 
4562051, 337, 341, 337, 322, 
4562083, 336, 340, 337, 322, 
4562115, 336, 339, 336, 321, 
4562148, 335, 339, 337, 322, 
4562180, 335, 338, 337, 322, 
4562212, 337, 338, 337, 324, 
4562244, 336, 336, 337, 322, 
4562277, 327, 334, 334, 319, 
4562309, 336, 338, 336, 321, 
4562341, 336, 335, 336, 323, 
4562373, 336, 334, 336, 324, 
4562406, 334, 332, 337, 324, 
4562438, 334, 330, 338, 324, 
4562469, 330, 329, 336, 324, 
4562502, 327, 326, 335, 324, 
4562534, 327, 329, 336, 324, 
4562567, 333, 333, 336, 325, 
4562598, 340, 340, 337, 325, 
4562631, 343, 342, 338, 326, 
4562663, 344, 342, 338, 328, 
4562696, 344, 341, 338, 327, 
4562727, 342, 340, 338, 327, 
4562760, 340, 339, 338, 327, 
4562792, 341, 338, 339, 327, 
4562825, 340, 337, 338, 328, 
4562856, 339, 338, 337, 328, 
4562889, 338, 337, 337, 327, 
4562921, 337, 337, 337, 329, 
4562954, 337, 337, 337, 329, 
4562985, 336, 336, 337, 330, 
4563018, 335, 335, 337, 329, 
4563050, 336, 335, 336, 328, 
4563083, 334, 334, 336, 327, 
4563115, 336, 335, 337, 328, 
4563147, 337, 335, 337, 329, 
4563179, 328, 327, 336, 329, 
4563212, 332, 337, 334, 324, 
4563244, 335, 335, 336, 329, 
4563276, 335, 334, 337, 329, 
4563308, 335, 333, 337, 329, 
4563341, 334, 332, 337, 330, 
4563373, 331, 330, 336, 330, 
4563405, 328, 328, 337, 331, 
4563437, 327, 327, 336, 330, 
4563470, 330, 331, 337, 329, 
4563502, 338, 337, 337, 330, 
4563533, 342, 341, 338, 330, 
4563566, 344, 343, 338, 331, 
4563598, 343, 342, 338, 330, 
4563631, 343, 341, 337, 331, 
4563662, 342, 340, 337, 331, 
4563695, 340, 339, 337, 331, 
4563727, 339, 339, 338, 331, 
4563760, 338, 338, 337, 331, 
4563791, 338, 338, 338, 331, 
4563824, 338, 338, 337, 330, 
4563856, 337, 337, 337, 331, 
4563889, 336, 337, 337, 331, 
4563920, 336, 337, 337, 331, 
4563953, 335, 335, 337, 332, 
4563985, 337, 336, 337, 332, 
4564018, 337, 335, 338, 332, 
4564049, 325, 329, 335, 331, 
4564082, 335, 337, 335, 331, 
4564114, 337, 335, 336, 332, 
4564147, 335, 334, 337, 333, 
4564178, 334, 334, 337, 333, 
4564211, 332, 333, 336, 334, 
4564243, 330, 331, 336, 332, 
4564276, 327, 329, 337, 333, 
4564307, 326, 329, 337, 333, 
4564340, 332, 334, 336, 333, 
4564372, 339, 339, 337, 334, 
4564405, 343, 342, 338, 334, 
4564436, 344, 343, 338, 334, 
4564469, 344, 343, 337, 335, 
4564501, 344, 341, 338, 336, 
4564533, 341, 341, 338, 335, 
4564566, 340, 340, 337, 335, 
4564597, 339, 339, 338, 335, 
4564630, 340, 339, 337, 336, 
4564662, 338, 337, 337, 335, 
4564695, 337, 338, 337, 335, 
4564726, 337, 339, 337, 336, 
4564759, 336, 337, 337, 335, 
4564791, 334, 337, 337, 335, 
4564824, 336, 337, 336, 335, 
4564855, 337, 337, 338, 337, 
4564888, 329, 329, 336, 336, 
4564920, 332, 340, 335, 333, 
4564953, 337, 337, 336, 335, 
4564984, 336, 335, 336, 334, 
4565017, 335, 334, 336, 336, 
4565049, 333, 333, 337, 336, 
4565082, 332, 331, 336, 336, 
4565113, 329, 329, 336, 336, 
4565146, 327, 327, 336, 335, 
4565178, 330, 332, 337, 336, 
4565211, 337, 339, 338, 337, 
4565242, 342, 342, 338, 338, 
4565275, 344, 344, 338, 338, 
4565307, 343, 343, 338, 337, 
4565340, 342, 342, 338, 336, 
4565371, 341, 341, 337, 337, 
4565404, 340, 341, 338, 337, 
4565436, 339, 339, 337, 337, 
4565469, 339, 338, 337, 336, 
4565500, 338, 338, 337, 336, 
4565533, 337, 337, 338, 336, 
4565565, 336, 337, 337, 336, 
4565597, 336, 337, 337, 336, 
4565629, 333, 337, 336, 334, 
4565661, 335, 337, 336, 336, 
4565694, 336, 336, 337, 336, 
4565726, 333, 331, 336, 336, 
4565758, 327, 335, 335, 333, 
4565790, 334, 334, 337, 334, 
4565823, 335, 335, 338, 335, 
4565855, 335, 333, 337, 334, 
4565888, 334, 333, 336, 337, 
4565919, 332, 332, 338, 333, 
4565952, 330, 331, 336, 337, 
4565984, 327, 329, 337, 336, 
4566017, 330, 332, 337, 334, 
4566048, 336, 339, 338, 336, 
4566081, 341, 343, 339, 333, 
4566113, 344, 344, 339, 334, 
4566146, 344, 344, 339, 334, 
4566177, 343, 343, 340, 335, 
4566210, 341, 341, 340, 333, 
4566242, 341, 339, 339, 335, 
4566275, 340, 339, 340, 334, 
4566306, 339, 336, 339, 333, 
4566339, 339, 336, 339, 332, 
4566371, 338, 335, 338, 331, 
4566404, 337, 335, 337, 330, 
4566435, 336, 335, 335, 330, 
4566468, 335, 335, 336, 331, 
4566500, 336, 336, 337, 330, 
4566533, 334, 334, 337, 335, 
4566564, 329, 338, 335, 330, 
4566596, 336, 339, 337, 334, 
4566629, 335, 336, 337, 330, 
4566661, 333, 335, 338, 331, 
4566693, 333, 333, 335, 331, 
4566725, 333, 334, 336, 332, 
4566758, 329, 332, 336, 342, 
4566790, 326, 331, 336, 350, 
4566822, 329, 332, 336, 353, 
4566854, 335, 337, 337, 353, 
4566887, 341, 341, 337, 350, 
4566919, 342, 341, 336, 348, 
4566951, 342, 341, 338, 345, 
4566983, 340, 341, 337, 342, 
4567016, 339, 339, 337, 340, 
4567048, 338, 338, 336, 339, 
4567080, 337, 339, 337, 338, 
4567112, 337, 338, 337, 337, 
4567145, 338, 338, 338, 336, 
4567177, 335, 335, 336, 336, 
4567209, 336, 332, 336, 335, 
4567241, 335, 332, 336, 333, 
4567274, 336, 332, 334, 332, 
4567306, 333, 331, 335, 335, 
4567339, 335, 333, 335, 338, 
4567370, 334, 332, 336, 339, 
4567403, 325, 331, 332, 337, 
4567435, 336, 338, 334, 340, 
4567468, 335, 334, 334, 340, 
4567499, 334, 333, 335, 340, 
4567532, 332, 331, 336, 339, 
4567564, 332, 332, 335, 339, 
4567597, 330, 329, 334, 337, 
4567628, 328, 329, 334, 336, 
4567660, 327, 328, 335, 333, 
4567693, 334, 336, 335, 336, 
4567725, 340, 339, 337, 335, 
4567757, 344, 343, 338, 335, 
4567789, 344, 342, 336, 333, 
4567822, 344, 343, 337, 335, 
4567854, 342, 341, 337, 333, 
4567886, 341, 340, 336, 333, 
4567918, 340, 339, 337, 333, 
4567951, 340, 339, 336, 334, 
4567983, 338, 339, 336, 334, 
4568015, 337, 338, 337, 335, 
4568047, 337, 338, 337, 334, 
4568080, 337, 337, 336, 335, 
4568112, 336, 336, 336, 334, 
4568144, 336, 337, 337, 335, 
4568176, 335, 336, 335, 335, 
4568209, 335, 337, 334, 334, 
4568241, 335, 337, 335, 335, 
4568273, 336, 336, 335, 337, 
4568305, 333, 331, 336, 336, 
4568338, 329, 338, 334, 336, 
4568370, 336, 337, 336, 336, 
4568402, 336, 335, 337, 337, 
4568434, 334, 334, 336, 337, 
4568467, 334, 332, 336, 336, 
4568499, 332, 333, 336, 337, 
4568531, 329, 330, 335, 336, 
4568563, 327, 328, 335, 336, 
4568596, 329, 331, 336, 338, 
4568628, 335, 336, 337, 337, 
4568659, 340, 340, 336, 336, 
4568692, 342, 342, 337, 337, 
4568724, 342, 342, 338, 337, 
4568757, 342, 341, 337, 337, 
4568788, 341, 340, 338, 337, 
4568821, 340, 339, 336, 336, 
4568853, 339, 339, 336, 338, 
4568886, 340, 338, 336, 337, 
4568918, 338, 338, 336, 339, 
4568950, 338, 337, 337, 337, 
4568982, 338, 339, 336, 338, 
4569015, 337, 336, 336, 338, 
4569047, 336, 336, 336, 337, 
4569079, 335, 337, 337, 337, 
4569111, 334, 336, 335, 336, 
4569144, 336, 336, 336, 337, 
4569176, 336, 335, 337, 337, 
4569208, 326, 327, 335, 336, 
4569240, 333, 337, 335, 334, 
4569273, 335, 335, 335, 337, 
4569305, 335, 334, 336, 337, 
4569337, 335, 332, 336, 338, 
4569369, 333, 331, 336, 337, 
4569402, 331, 331, 336, 338, 
4569434, 327, 328, 335, 338, 
4569466, 326, 327, 336, 336, 
4569498, 331, 334, 336, 337, 
4569531, 337, 338, 336, 338, 
4569563, 342, 341, 337, 336, 
4569595, 343, 342, 336, 337, 
4569627, 342, 341, 337, 336, 
4569660, 342, 340, 337, 337, 
4569692, 342, 339, 337, 337, 
4569723, 340, 338, 337, 337, 
4569756, 339, 338, 336, 337, 
4569788, 340, 338, 337, 338, 
4569821, 338, 336, 337, 336, 
4569852, 337, 337, 336, 339, 
4569885, 336, 336, 335, 336, 
4569917, 335, 336, 335, 336, 
4569950, 335, 337, 335, 336, 
4569981, 334, 335, 335, 335, 
4570014, 336, 335, 336, 336, 
4570046, 337, 335, 337, 337, 
4570079, 325, 329, 334, 334, 
4570110, 334, 340, 334, 334, 
4570143, 335, 335, 335, 336, 
4570175, 334, 333, 336, 335, 
4570208, 334, 333, 336, 336, 
4570240, 333, 330, 336, 336, 
4570272, 330, 330, 335, 336, 
4570304, 328, 328, 335, 336, 
4570337, 326, 328, 334, 335, 
4570369, 331, 333, 335, 335, 
4570401, 337, 339, 336, 336, 
4570433, 342, 341, 335, 336, 
4570466, 342, 341, 337, 337, 
4570498, 342, 341, 337, 336, 
4570530, 341, 340, 337, 337, 
4570562, 342, 340, 337, 336, 
4570595, 340, 339, 338, 337, 
4570627, 338, 339, 337, 337, 
4570659, 338, 338, 337, 336, 
4570691, 336, 338, 337, 337, 
4570723, 338, 337, 337, 336, 
4570756, 337, 337, 337, 336, 
4570787, 337, 337, 337, 335, 
4570820, 336, 336, 335, 336, 
4570852, 335, 336, 336, 335, 
4570885, 335, 337, 338, 336, 
4570916, 336, 335, 336, 336, 
4570949, 330, 330, 336, 335, 
4570981, 330, 339, 335, 334, 
4571014, 335, 336, 336, 335, 
4571045, 335, 335, 336, 336, 
4571078, 334, 333, 336, 337, 
4571110, 333, 332, 336, 336, 
4571143, 331, 331, 336, 336, 
4571174, 328, 329, 335, 336, 
4571207, 325, 328, 336, 335, 
4571239, 329, 332, 335, 336, 
4571272, 336, 337, 337, 336, 
4571303, 342, 340, 338, 336, 
4571336, 343, 342, 337, 336, 
4571368, 344, 341, 337, 336, 
4571401, 341, 342, 338, 336, 
4571432, 341, 340, 337, 336, 
4571465, 339, 340, 338, 337, 
4571497, 338, 339, 337, 336, 
4571530, 338, 338, 337, 336, 
4571561, 338, 338, 337, 337, 
4571594, 339, 337, 336, 336, 
4571626, 337, 338, 337, 336, 
4571659, 337, 338, 337, 336, 
4571691, 336, 336, 336, 336, 
4571723, 335, 337, 335, 335, 
4571755, 334, 336, 336, 336, 
4571787, 336, 337, 336, 335, 
4571820, 336, 336, 337, 336, 
4571851, 324, 330, 335, 334, 
4571884, 334, 338, 334, 334, 
4571916, 334, 334, 335, 336, 
4571949, 335, 333, 336, 336, 
4571980, 333, 333, 336, 336, 
4572013, 333, 332, 338, 337, 
4572045, 330, 330, 336, 335, 
4572078, 327, 329, 335, 335, 
4572109, 326, 328, 336, 335, 
4572142, 331, 333, 337, 336, 
4572174, 338, 338, 337, 334, 
4572207, 342, 341, 337, 336, 
4572238, 344, 340, 337, 336, 
4572271, 342, 341, 337, 336, 
4572303, 342, 340, 337, 336, 
4572336, 342, 339, 337, 336, 
4572367, 338, 338, 337, 336, 
4572400, 338, 338, 337, 337, 
4572432, 338, 338, 337, 336, 
4572465, 337, 337, 337, 336, 
4572496, 337, 337, 338, 335, 
4572529, 336, 336, 336, 335, 
4572561, 335, 336, 336, 335, 
4572594, 334, 335, 336, 335, 
4572625, 335, 336, 337, 335, 
4572658, 335, 336, 336, 335, 
4572690, 328, 328, 336, 335, 
4572723, 331, 338, 334, 333, 
4572754, 335, 336, 336, 335, 
4572786, 336, 334, 336, 336, 
4572819, 335, 333, 336, 335, 
4572851, 333, 335, 336, 335, 
4572883, 331, 331, 336, 336, 
4572915, 328, 329, 335, 335, 
4572948, 326, 328, 335, 336, 
4572980, 329, 331, 335, 335, 
4573012, 337, 338, 336, 336, 
4573044, 341, 341, 337, 336, 
4573077, 344, 341, 337, 337, 
4573109, 343, 342, 337, 337, 
4573142, 342, 341, 337, 337, 
4573173, 340, 340, 337, 337, 
4573206, 340, 340, 337, 337, 
4573238, 339, 339, 336, 336, 
4573271, 338, 339, 336, 336, 
4573302, 338, 337, 337, 336, 
4573335, 337, 337, 336, 336, 
4573367, 337, 336, 336, 336, 
4573400, 336, 336, 336, 335, 
4573431, 334, 336, 335, 335, 
4573464, 335, 336, 336, 336, 
4573496, 336, 336, 336, 336, 
4573529, 335, 334, 336, 337, 
4573560, 327, 335, 334, 334, 
4573593, 335, 338, 335, 336, 
4573625, 335, 336, 335, 336, 
4573658, 334, 335, 336, 338, 
4573689, 333, 334, 336, 338, 
4573722, 332, 333, 335, 338, 
4573754, 331, 331, 336, 335, 
4573787, 327, 328, 336, 335, 
4573818, 326, 330, 335, 335, 
4573850, 334, 335, 336, 335, 
4573883, 340, 340, 336, 336, 
4573915, 342, 341, 337, 335, 
4573947, 343, 341, 337, 335, 
4573979, 343, 341, 336, 335, 
4574012, 341, 338, 337, 336, 
4574044, 342, 337, 337, 334, 
4574076, 340, 336, 337, 334, 
4574108, 339, 336, 337, 335, 
4574141, 339, 335, 337, 335, 
4574173, 338, 335, 336, 335, 
4574205, 338, 335, 337, 335, 
4574237, 337, 335, 338, 335, 
4574270, 336, 336, 336, 335, 
4574302, 336, 337, 336, 336, 
4574334, 335, 337, 336, 335, 
4574366, 336, 336, 337, 335, 
4574399, 335, 333, 336, 336, 
4574431, 326, 335, 334, 333, 
4574464, 335, 339, 336, 334, 
4574495, 336, 335, 337, 336, 
4574528, 335, 333, 336, 335, 
4574560, 333, 332, 336, 337, 
4574593, 331, 331, 336, 336, 
4574624, 329, 330, 337, 336, 
4574657, 326, 328, 335, 336, 
4574689, 326, 330, 335, 336, 
4574722, 333, 334, 336, 337, 
4574753, 339, 339, 337, 337, 
4574786, 342, 341, 337, 336, 
4574818, 343, 341, 337, 336, 
4574850, 342, 340, 336, 336, 
4574882, 341, 340, 336, 336, 
4574914, 340, 340, 336, 337, 
4574947, 339, 339, 337, 337, 
4574979, 337, 336, 337, 338, 
4575011, 335, 337, 336, 337, 
4575043, 339, 337, 336, 338, 
4575076, 337, 338, 336, 338, 
4575108, 337, 337, 336, 339, 
4575140, 337, 338, 337, 339, 
4575172, 336, 337, 336, 339, 
4575205, 335, 337, 335, 338, 
4575237, 334, 337, 335, 338, 
4575269, 335, 337, 336, 337, 
4575301, 336, 336, 335, 337, 
4575334, 329, 326, 333, 320, 
4575366, 332, 341, 334, 307, 
4575398, 335, 338, 334, 308, 
4575430, 334, 334, 333, 312, 
4575463, 333, 336, 333, 318, 
4575495, 332, 338, 334, 322, 
4575527, 329, 339, 332, 317, 
4575559, 327, 339, 331, 311, 
4575592, 325, 339, 330, 310, 
4575624, 328, 345, 330, 314, 
4575656, 332, 347, 330, 322, 
4575688, 337, 349, 327, 331, 
4575721, 339, 350, 330, 341, 
4575753, 339, 348, 327, 352, 
4575785, 338, 346, 325, 359, 
4575817, 338, 344, 323, 362, 
4575850, 338, 342, 321, 364, 
4575882, 336, 339, 323, 366, 
4575913, 336, 336, 321, 367, 
4575946, 336, 329, 322, 367, 
4575978, 333, 326, 322, 367, 
4576011, 335, 323, 323, 368, 
4576043, 333, 324, 324, 368, 
4576075, 333, 323, 326, 369, 
4576107, 333, 323, 329, 370, 
4576140, 332, 324, 329, 370, 
4576172, 334, 325, 332, 368, 
4576204, 335, 328, 332, 368, 
4576236, 332, 326, 332, 364, 
4576269, 327, 332, 334, 360, 
4576301, 333, 335, 335, 358, 
4576333, 333, 335, 337, 356, 
4576365, 332, 335, 336, 355, 
4576398, 332, 335, 338, 352, 
4576430, 330, 336, 339, 349, 
4576462, 329, 337, 338, 346, 
4576494, 326, 338, 337, 344, 
4576527, 328, 338, 336, 342, 
4576559, 333, 342, 339, 341, 
4576591, 338, 342, 337, 339, 
4576623, 340, 343, 336, 338, 
4576656, 341, 343, 337, 337, 
4576688, 341, 341, 335, 335, 
4576720, 340, 340, 333, 334, 
4576752, 340, 338, 335, 333, 
4576785, 339, 337, 334, 333, 
4576817, 338, 336, 332, 332, 
4576849, 338, 336, 335, 330, 
4576881, 337, 336, 333, 329, 
4576913, 338, 334, 334, 327, 
4576946, 337, 333, 332, 327, 
4576977, 337, 336, 333, 326, 
4577010, 336, 334, 333, 325, 
4577042, 335, 334, 336, 326, 
4577075, 336, 334, 335, 325, 
4577106, 336, 333, 335, 325, 
4577139, 328, 329, 334, 324, 
4577171, 335, 338, 337, 324, 
4577204, 336, 333, 335, 324, 
4577235, 335, 331, 338, 324, 
4577268, 334, 330, 337, 324, 
4577300, 333, 330, 339, 324, 
4577333, 330, 328, 338, 323, 
4577364, 329, 327, 340, 323, 
4577397, 328, 328, 339, 324, 
4577429, 331, 332, 341, 324, 
4577462, 337, 335, 342, 325, 
4577494, 340, 337, 342, 325, 
4577526, 340, 337, 343, 325, 
4577558, 340, 337, 342, 325, 
4577591, 340, 336, 343, 325, 
4577623, 338, 336, 340, 326, 
4577655, 338, 334, 337, 327, 
4577687, 337, 335, 341, 326, 
4577720, 337, 335, 340, 327, 
4577752, 337, 334, 339, 327, 
4577784, 336, 334, 337, 327, 
4577816, 335, 334, 339, 328, 
4577849, 333, 333, 337, 328, 
4577881, 336, 334, 337, 328, 
4577913, 335, 333, 335, 328, 
4577945, 335, 333, 336, 328, 
4577977, 333, 333, 335, 329, 
4578010, 335, 332, 332, 329, 
4578041, 336, 333, 337, 328, 
4578074, 328, 327, 335, 328, 
4578106, 334, 339, 335, 329, 
4578139, 335, 334, 336, 328, 
4578170, 334, 332, 334, 328, 
4578203, 333, 330, 335, 328, 
4578235, 332, 331, 337, 328, 
4578268, 328, 330, 337, 328, 
4578299, 329, 328, 336, 328, 
4578332, 327, 328, 337, 328, 
4578364, 331, 330, 337, 329, 
4578397, 335, 335, 338, 330, 
4578428, 338, 336, 339, 329, 
4578461, 340, 338, 338, 329, 
4578493, 341, 337, 340, 329, 
4578526, 339, 337, 338, 328, 
4578557, 338, 336, 339, 329, 
4578590, 338, 335, 339, 329, 
4578622, 338, 336, 338, 331, 
4578655, 335, 333, 339, 330, 
4578686, 336, 330, 341, 330, 
4578719, 336, 331, 340, 330, 
4578751, 335, 332, 343, 331, 
4578784, 336, 332, 343, 331, 
4578816, 334, 333, 341, 331, 
4578848, 334, 333, 341, 331, 
4578880, 334, 334, 339, 331, 
4578913, 334, 333, 336, 331, 
4578945, 333, 335, 337, 331, 
4578976, 334, 335, 336, 332, 
4579009, 334, 334, 336, 331, 
4579041, 331, 329, 334, 331, 
4579074, 331, 338, 332, 331, 
4579105, 333, 337, 333, 331, 
4579138, 335, 333, 329, 332, 
4579170, 334, 332, 332, 331, 
4579203, 332, 331, 330, 331, 
4579234, 331, 330, 332, 330, 
4579267, 328, 328, 332, 330, 
4579299, 327, 328, 333, 330, 
4579332, 328, 330, 333, 330, 
4579363, 334, 334, 335, 331, 
4579396, 338, 338, 335, 332, 
4579428, 340, 338, 333, 329, 
4579461, 340, 337, 335, 331, 
4579492, 340, 337, 336, 331, 
4579525, 338, 336, 334, 331, 
4579557, 337, 336, 335, 332, 
4579590, 337, 335, 334, 331, 
4579621, 336, 336, 334, 331, 
4579654, 336, 335, 334, 331, 
4579686, 336, 335, 333, 332, 
4579719, 336, 334, 334, 331, 
4579750, 335, 334, 333, 330, 
4579783, 334, 334, 333, 331, 
4579815, 334, 332, 332, 330, 
4579848, 333, 333, 333, 330, 
4579879, 333, 333, 333, 330, 
4579912, 333, 333, 331, 330, 
4579944, 332, 330, 331, 329, 
4579977, 326, 334, 331, 330, 
4580008, 334, 336, 331, 329, 
4580040, 333, 334, 332, 330, 
4580073, 333, 331, 332, 329, 
4580105, 332, 331, 332, 330, 
4580137, 330, 329, 332, 330, 
4580169, 329, 329, 332, 329, 
4580202, 327, 327, 331, 329, 
4580234, 327, 329, 332, 330, 
4580267, 333, 333, 334, 330, 
4580298, 338, 337, 334, 331, 
4580331, 341, 338, 334, 331, 
4580363, 340, 338, 335, 331, 
4580396, 342, 338, 334, 331, 
4580427, 339, 336, 334, 331, 
4580460, 338, 337, 333, 331, 
4580492, 337, 336, 334, 332, 
4580525, 337, 335, 334, 330, 
4580556, 336, 336, 334, 330, 
4580589, 337, 335, 335, 331, 
4580621, 335, 335, 334, 331, 
4580654, 336, 335, 335, 331, 
4580685, 335, 334, 337, 331, 
4580718, 336, 334, 334, 331, 
4580750, 335, 334, 334, 330, 
4580783, 332, 334, 334, 329, 
4580814, 334, 335, 332, 330, 
4580847, 336, 334, 333, 330, 
4580879, 326, 328, 334, 331, 
4580912, 335, 339, 333, 329, 
4580943, 335, 335, 335, 331, 
4580976, 334, 332, 333, 330, 
4581008, 332, 331, 334, 331, 
4581040, 331, 331, 333, 330, 
4581072, 329, 329, 334, 331, 
4581104, 327, 328, 333, 329, 
4581137, 325, 327, 332, 331, 
4581169, 330, 331, 335, 331, 
4581201, 337, 335, 335, 332, 
4581233, 340, 337, 336, 332, 
4581266, 340, 339, 334, 331, 
4581298, 339, 338, 334, 329, 
4581330, 340, 336, 336, 331, 
4581362, 338, 335, 336, 332, 
4581395, 336, 336, 335, 332, 
4581427, 337, 334, 336, 332, 
4581459, 337, 335, 336, 332, 
4581491, 336, 335, 335, 333, 
4581524, 334, 334, 336, 332, 
4581556, 335, 334, 334, 332, 
4581588, 334, 334, 335, 332, 
4581620, 334, 334, 336, 332, 
4581653, 333, 332, 336, 331, 
4581685, 333, 334, 338, 331, 
4581718, 333, 335, 341, 331, 
4581749, 334, 334, 343, 331, 
4581782, 333, 332, 345, 330, 
4581814, 326, 332, 344, 328, 
4581847, 334, 336, 343, 329, 
4581878, 335, 333, 338, 327, 
4581911, 334, 333, 335, 328, 
4581943, 333, 329, 332, 329, 
4581976, 332, 330, 330, 330, 
4582007, 329, 327, 327, 329, 
4582040, 327, 326, 328, 329, 
4582072, 327, 327, 331, 330, 
4582104, 332, 332, 333, 330, 
4582136, 337, 337, 335, 331, 
4582168, 340, 340, 338, 332, 
4582201, 342, 341, 341, 333, 
4582233, 341, 340, 343, 334, 
4582265, 340, 339, 343, 334, 
4582297, 340, 339, 341, 335, 
4582330, 339, 338, 342, 335, 
4582362, 338, 336, 341, 335, 
4582394, 338, 337, 342, 337, 
4582426, 336, 336, 338, 338, 
4582459, 335, 335, 338, 337, 
4582491, 334, 334, 338, 336, 
4582523, 333, 332, 337, 335, 
4582555, 332, 334, 335, 332, 
4582588, 331, 330, 336, 335, 
4582620, 332, 332, 335, 335, 
4582652, 333, 331, 336, 335, 
4582684, 323, 326, 333, 332, 
4582717, 332, 335, 333, 333, 
4582749, 333, 331, 335, 335, 
4582781, 333, 331, 335, 333, 
4582813, 334, 330, 336, 331, 
4582846, 332, 330, 337, 330, 
4582878, 331, 328, 336, 328, 
4582910, 328, 325, 335, 326, 
4582942, 327, 326, 334, 326, 
4582975, 331, 330, 335, 326, 
4583007, 337, 335, 334, 327, 
4583040, 342, 337, 335, 328, 
4583071, 342, 338, 335, 331, 
4583103, 342, 339, 334, 332, 
4583136, 341, 340, 335, 332, 
4583168, 340, 338, 334, 332, 
4583200, 339, 338, 334, 332, 
4583232, 340, 337, 333, 333, 
4583265, 338, 337, 333, 332, 
4583297, 338, 337, 333, 332, 
4583329, 337, 337, 333, 333, 
4583361, 336, 336, 332, 333, 
4583394, 336, 336, 332, 332, 
4583426, 335, 335, 332, 332, 
4583458, 334, 334, 332, 332, 
4583490, 335, 335, 333, 332, 
4583523, 335, 335, 333, 333, 
4583555, 325, 327, 331, 331, 
4583587, 333, 338, 331, 332, 
4583619, 333, 335, 332, 333, 
4583652, 333, 333, 332, 334, 
4583684, 332, 332, 333, 336, 
4583716, 332, 331, 333, 336, 
4583748, 328, 328, 331, 336, 
4583781, 325, 328, 330, 337, 
4583813, 325, 329, 331, 336, 
4583845, 328, 333, 332, 336, 
4583877, 337, 340, 333, 338, 
4583910, 341, 342, 334, 339, 
4583942, 342, 343, 334, 340, 
4583974, 343, 344, 334, 346, 
4584006, 341, 341, 334, 351, 
4584039, 340, 342, 334, 357, 
4584071, 339, 341, 334, 357, 
4584103, 338, 340, 334, 355, 
4584135, 339, 339, 334, 352, 
4584167, 336, 337, 333, 350, 
4584200, 334, 337, 334, 346, 
4584231, 337, 339, 334, 343, 
4584264, 337, 339, 334, 340, 
4584296, 335, 339, 335, 339, 
4584329, 334, 338, 333, 335, 
4584360, 335, 338, 334, 337, 
4584393, 336, 338, 335, 335, 
4584425, 329, 331, 334, 335, 
4584458, 331, 340, 332, 332, 
4584489, 335, 337, 333, 333, 
4584522, 337, 336, 335, 334, 
4584554, 334, 334, 335, 333, 
4584587, 334, 334, 335, 333, 
4584619, 330, 333, 334, 332, 
4584651, 327, 330, 335, 332, 
4584683, 326, 329, 335, 331, 
4584716, 328, 333, 335, 331, 
4584748, 336, 337, 335, 333, 
4584780, 341, 340, 336, 333, 
4584812, 342, 341, 337, 331, 
4584845, 342, 341, 336, 333, 
4584877, 341, 340, 335, 330, 
4584909, 341, 339, 336, 331, 
4584941, 339, 338, 336, 332, 
4584974, 339, 338, 336, 331, 
4585006, 338, 338, 336, 331, 
4585038, 338, 337, 336, 332, 
4585070, 337, 336, 336, 331, 
4585103, 338, 336, 336, 331, 
4585135, 337, 336, 336, 332, 
4585166, 337, 336, 335, 332, 
4585199, 334, 334, 335, 331, 
4585231, 334, 336, 335, 332, 
4585264, 335, 335, 335, 333, 
4585295, 335, 334, 335, 332, 
4585328, 323, 328, 331, 331, 
4585360, 334, 336, 333, 332, 
4585393, 334, 333, 334, 332, 
4585424, 334, 333, 335, 334, 
4585457, 333, 332, 335, 334, 
4585489, 331, 331, 336, 335, 
4585522, 329, 330, 335, 334, 
4585553, 326, 327, 334, 334, 
4585586, 325, 326, 335, 334, 
4585618, 332, 332, 335, 334, 
4585651, 338, 338, 336, 334, 
4585682, 342, 340, 336, 334, 
4585715, 342, 341, 334, 334, 
4585747, 342, 341, 336, 334, 
4585780, 341, 339, 335, 334, 
4585811, 340, 338, 336, 334, 
4585844, 338, 337, 336, 334, 
4585876, 338, 337, 335, 334, 
4585909, 338, 336, 336, 336, 
4585940, 337, 336, 336, 335, 
4585973, 338, 335, 336, 334, 
4586005, 334, 336, 334, 335, 
4586038, 334, 335, 334, 334, 
4586070, 334, 334, 335, 335, 
4586102, 336, 336, 335, 335, 
4586134, 333, 331, 335, 336, 
4586167, 327, 334, 332, 332, 
4586199, 335, 334, 335, 334, 
4586230, 335, 333, 335, 336, 
4586263, 334, 332, 335, 334, 
4586295, 333, 331, 335, 335, 
4586328, 331, 330, 334, 335, 
4586359, 328, 328, 334, 335, 
4586392, 325, 326, 335, 334, 
4586424, 326, 329, 335, 335, 
4586457, 333, 334, 335, 335, 
4586488, 339, 339, 336, 335, 
4586521, 342, 340, 337, 336, 
4586553, 343, 341, 337, 336, 
4586586, 342, 340, 336, 335, 
4586617, 341, 339, 336, 335, 
4586650, 339, 338, 335, 335, 
4586682, 338, 338, 336, 335, 
4586715, 339, 336, 336, 336, 
4586746, 337, 336, 336, 335, 
4586779, 337, 336, 335, 334, 
4586811, 336, 335, 336, 335, 
4586844, 335, 336, 333, 334, 
4586875, 334, 335, 335, 332, 
4586908, 333, 335, 335, 332, 
4586940, 334, 335, 336, 333, 
4586973, 336, 335, 336, 334, 
4587004, 324, 327, 334, 334, 
4587037, 334, 339, 333, 332, 
4587069, 334, 334, 336, 334, 
4587102, 334, 333, 333, 335, 
4587133, 333, 331, 335, 335, 
4587166, 332, 331, 335, 335, 
4587198, 330, 330, 335, 335, 
4587230, 327, 328, 335, 335, 
4587262, 325, 328, 334, 335, 
4587294, 330, 333, 336, 336, 
4587327, 337, 338, 336, 335, 
4587359, 341, 340, 337, 335, 
4587392, 342, 341, 337, 336, 
4587423, 342, 341, 336, 334, 
4587456, 341, 340, 336, 335, 
4587488, 339, 338, 336, 335, 
4587521, 339, 338, 336, 335, 
4587552, 338, 338, 336, 335, 
4587585, 337, 337, 336, 335, 
4587617, 337, 337, 336, 335, 
4587650, 336, 336, 336, 336, 
4587681, 336, 336, 335, 335, 
4587714, 336, 336, 334, 335, 
4587746, 335, 335, 336, 335, 
4587779, 335, 335, 335, 335, 
4587810, 335, 336, 335, 335, 
4587843, 335, 335, 335, 335, 
4587875, 335, 335, 335, 335, 
4587908, 335, 334, 335, 336, 
4587939, 324, 329, 333, 333, 
4587972, 332, 337, 334, 333, 
4588004, 334, 334, 335, 335, 
4588037, 335, 333, 337, 335, 
4588068, 331, 333, 336, 336, 
4588101, 331, 330, 335, 335, 
4588133, 329, 330, 335, 336, 
4588166, 326, 328, 335, 336, 
4588197, 326, 328, 334, 334, 
4588230, 331, 333, 335, 335, 
4588262, 338, 338, 339, 335, 
4588294, 342, 341, 336, 335, 
4588326, 343, 343, 336, 336, 
4588358, 342, 341, 337, 335, 
4588391, 341, 340, 336, 335, 
4588423, 340, 339, 337, 336, 
4588455, 339, 338, 336, 335, 
4588487, 338, 339, 337, 336, 
4588520, 337, 337, 336, 336, 
4588552, 337, 336, 336, 334, 
4588584, 336, 336, 335, 335, 
4588616, 336, 336, 336, 335, 
4588649, 336, 335, 336, 336, 
4588681, 337, 335, 336, 335, 
4588713, 335, 334, 336, 335, 
4588745, 334, 335, 336, 334, 
4588778, 332, 334, 335, 332, 
4588810, 334, 334, 335, 335, 
4588843, 335, 334, 336, 335, 
4588874, 327, 328, 335, 334, 
4588907, 329, 337, 333, 331, 
4588939, 334, 334, 335, 333, 
4588972, 333, 333, 336, 334, 
4589003, 334, 332, 335, 335, 
4589036, 334, 332, 335, 336, 
4589068, 331, 331, 335, 335, 
4589101, 327, 329, 335, 334, 
4589132, 325, 327, 335, 334, 
4589165, 329, 332, 335, 334, 
4589197, 336, 337, 335, 335, 
4589230, 341, 340, 336, 336, 
4589261, 343, 342, 336, 336, 
4589293, 342, 341, 336, 335, 
4589326, 342, 341, 337, 336, 
4589358, 342, 340, 336, 336, 
