 339, 339, 338, 
3262323, 337, 336, 338, 338, 
32????b???b???b???b???bj
3262388, 334, 339, 338, 337, 
3262419, 337, 337, 338, 338, 
3262452, 338, 336, 339, 338, 
3262484, 336, 335, 339, 338, 
3262517, 333, 335, 339, 339, 
3262548, 330, 333, 340, 338, 
3262581, 324, 329, 339, 338, 
3262613, 322, 331, 338, 338, 
3262646, 328, 335, 339, 338, 
3262678, 340, 341, 339, 339, 
3262710, 347, 343, 340, 340, 
3262742, 350, 344, 339, 339, 
3262775, 350, 343, 339, 339, 
3262807, 349, 343, 339, 338, 
3262839, 347, 342, 339, 339, 
3262871, 345, 342, 339, 339, 
3262904, 344, 342, 339, 338, 
3262936, 343, 340, 339, 338, 
3262968, 343, 339, 340, 337, 
3263000, 342, 339, 339, 337, 
3263033, 340, 340, 339, 337, 
3263065, 340, 339, 339, 337, 
3263097, 339, 339, 340, 337, 
3263129, 339, 338, 340, 337, 
3263162, 338, 338, 339, 338, 
3263194, 337, 338, 339, 338, 
3263226, 335, 338, 339, 337, 
3263258, 334, 338, 339, 339, 
3263291, 337, 338, 339, 339, 
3263323, 338, 338, 339, 338, 
3263355, 327, 330, 338, 337, 
3263387, 327, 340, 336, 334, 
3263420, 337, 337, 339, 337, 
3263452, 338, 336, 339, 337, 
3263483, 337, 336, 339, 339, 
3263516, 336, 335, 339, 338, 
3263548, 332, 334, 338, 338, 
3263581, 327, 332, 339, 338, 
3263612, 323, 331, 338, 338, 
3263645, 324, 333, 338, 338, 
3263677, 334, 339, 339, 338, 
3263710, 344, 342, 339, 338, 
3263741, 349, 345, 339, 338, 
3263774, 351, 343, 339, 338, 
3263806, 349, 343, 339, 338, 
3263839, 347, 342, 339, 338, 
3263870, 345, 342, 339, 338, 
3263903, 344, 342, 339, 339, 
3263935, 342, 340, 339, 338, 
3263968, 342, 341, 339, 338, 
3264000, 341, 339, 339, 338, 
3264032, 340, 339, 339, 338, 
3264064, 339, 339, 339, 339, 
3264097, 339, 339, 339, 338, 
3264129, 339, 338, 339, 338, 
3264161, 338, 338, 339, 339, 
3264193, 337, 338, 339, 338, 
3264226, 336, 337, 338, 338, 
3264258, 335, 337, 339, 338, 
3264290, 337, 338, 340, 337, 
3264322, 338, 338, 339, 338, 
3264355, 319, 332, 338, 336, 
3264387, 333, 339, 337, 337, 
3264419, 337, 337, 338, 338, 
3264451, 337, 336, 338, 338, 
3264483, 336, 336, 338, 338, 
3264516, 334, 336, 339, 338, 
3264547, 330, 333, 339, 339, 
3264580, 325, 331, 339, 338, 
3264612, 322, 330, 338, 338, 
3264645, 326, 334, 339, 338, 
3264676, 338, 340, 339, 338, 
3264709, 347, 344, 339, 339, 
3264741, 351, 344, 340, 338, 
3264774, 350, 344, 340, 338, 
3264805, 349, 343, 339, 338, 
3264838, 346, 342, 339, 338, 
3264870, 345, 341, 339, 338, 
3264903, 344, 342, 339, 338, 
3264934, 343, 341, 339, 338, 
3264967, 343, 339, 339, 339, 
3264999, 341, 339, 340, 339, 
3265032, 340, 340, 339, 339, 
3265063, 339, 339, 338, 338, 
3265096, 338, 338, 339, 338, 
3265128, 338, 339, 339, 338, 
3265161, 338, 338, 340, 337, 
3265192, 337, 337, 339, 338, 
3265225, 336, 337, 339, 338, 
3265257, 334, 337, 338, 338, 
3265290, 336, 338, 338, 338, 
3265321, 339, 338, 339, 339, 
3265354, 332, 331, 338, 338, 
3265386, 320, 340, 335, 335, 
3265419, 336, 338, 338, 337, 
3265451, 338, 336, 338, 339, 
3265483, 338, 335, 339, 338, 
3265515, 336, 335, 339, 338, 
3265547, 333, 335, 339, 338, 
3265580, 328, 332, 338, 339, 
3265611, 323, 330, 338, 338, 
3265644, 322, 332, 337, 337, 
3265676, 332, 337, 338, 338, 
3265709, 344, 342, 339, 339, 
3265740, 350, 345, 339, 338, 
3265773, 350, 344, 339, 340, 
3265805, 350, 343, 339, 339, 
3265838, 348, 343, 339, 339, 
3265869, 346, 341, 338, 338, 
3265902, 345, 342, 340, 339, 
3265934, 344, 340, 339, 339, 
3265967, 342, 340, 339, 337, 
3265998, 341, 340, 340, 338, 
3266031, 340, 340, 338, 338, 
3266063, 339, 339, 338, 338, 
3266096, 339, 339, 339, 338, 
3266127, 338, 338, 338, 339, 
3266160, 338, 339, 339, 338, 
3266192, 338, 338, 338, 339, 
3266225, 338, 338, 340, 338, 
3266256, 337, 337, 338, 339, 
3266289, 335, 338, 337, 338, 
3266321, 334, 338, 338, 338, 
3266354, 337, 339, 338, 338, 
3266385, 339, 338, 339, 338, 
3266418, 322, 331, 337, 337, 
3266450, 331, 339, 336, 336, 
3266483, 338, 337, 337, 337, 
3266514, 338, 336, 338, 338, 
3266546, 336, 335, 338, 338, 
3266579, 334, 334, 338, 338, 
3266611, 331, 332, 339, 339, 
3266643, 327, 331, 338, 340, 
3266675, 322, 331, 338, 340, 
3266708, 326, 333, 338, 340, 
3266740, 337, 339, 338, 339, 
3266772, 347, 342, 339, 340, 
3266804, 349, 344, 338, 339, 
3266837, 350, 344, 339, 340, 
3266869, 349, 343, 337, 340, 
3266902, 346, 341, 337, 340, 
3266933, 344, 341, 339, 340, 
3266966, 343, 341, 342, 341, 
3266998, 342, 340, 343, 340, 
3267031, 342, 339, 344, 339, 
3267062, 341, 339, 342, 340, 
3267095, 340, 339, 341, 340, 
3267127, 339, 335, 340, 339, 
3267160, 339, 334, 340, 340, 
3267191, 338, 335, 340, 338, 
3267224, 337, 333, 338, 338, 
3267256, 335, 335, 337, 338, 
3267289, 334, 334, 339, 338, 
3267320, 338, 336, 339, 337, 
3267353, 338, 337, 338, 337, 
3267385, 325, 330, 338, 337, 
3267418, 326, 340, 336, 334, 
3267449, 336, 337, 338, 338, 
3267482, 338, 337, 337, 338, 
3267514, 336, 336, 338, 338, 
3267547, 334, 336, 339, 338, 
3267578, 332, 335, 339, 339, 
3267610, 324, 332, 336, 338, 
3267643, 318, 331, 336, 339, 
3267675, 317, 332, 332, 343, 
3267707, 333, 338, 338, 341, 
3267739, 344, 345, 338, 342, 
3267772, 351, 349, 338, 342, 
3267804, 352, 348, 329, 341, 
3267836, 354, 349, 308, 341, 
3267868, 347, 345, 291, 339, 
3267901, 346, 344, 291, 337, 
3267933, 345, 343, 299, 339, 
3267965, 344, 341, 309, 337, 
3267997, 341, 341, 318, 338, 
3268030, 342, 342, 329, 338, 
3268062, 337, 340, 336, 340, 
3268094, 341, 340, 344, 341, 
3268126, 335, 340, 347, 339, 
3268159, 339, 341, 353, 340, 
3268191, 332, 340, 354, 340, 
3268224, 335, 341, 357, 339, 
3268255, 330, 342, 355, 340, 
3268288, 333, 343, 356, 341, 
3268320, 335, 345, 356, 340, 
3268353, 329, 337, 352, 338, 
3268384, 318, 345, 350, 334, 
3268417, 336, 345, 351, 337, 
3268449, 336, 342, 350, 337, 
3268482, 333, 339, 347, 336, 
3268513, 333, 337, 347, 336, 
3268546, 330, 335, 345, 336, 
3268578, 326, 333, 347, 336, 
3268610, 320, 330, 342, 336, 
3268642, 319, 331, 342, 337, 
3268674, 326, 336, 343, 337, 
3268707, 339, 343, 344, 339, 
3268739, 343, 343, 342, 339, 
3268771, 345, 344, 342, 339, 
3268803, 343, 343, 338, 339, 
3268836, 342, 341, 339, 339, 
3268868, 340, 340, 339, 339, 
3268900, 339, 339, 338, 340, 
3268932, 337, 338, 336, 338, 
3268965, 336, 338, 336, 339, 
3268997, 334, 337, 335, 339, 
3269029, 337, 337, 336, 340, 
3269061, 336, 336, 336, 340, 
3269094, 337, 337, 337, 340, 
3269126, 334, 336, 337, 340, 
3269158, 334, 336, 336, 339, 
3269190, 331, 335, 336, 338, 
3269223, 331, 336, 337, 339, 
3269255, 332, 336, 336, 339, 
3269287, 333, 337, 337, 340, 
3269319, 331, 330, 336, 339, 
3269352, 313, 336, 333, 334, 
3269384, 336, 338, 337, 338, 
3269416, 336, 336, 338, 338, 
3269448, 339, 336, 338, 339, 
3269481, 336, 333, 340, 340, 
3269513, 332, 332, 337, 339, 
3269545, 329, 329, 340, 338, 
3269577, 326, 328, 339, 339, 
3269610, 321, 329, 339, 337, 
3269642, 335, 335, 340, 337, 
3269673, 342, 340, 339, 338, 
3269706, 355, 345, 341, 337, 
3269738, 353, 344, 340, 337, 
3269771, 354, 345, 341, 338, 
3269803, 351, 343, 339, 337, 
3269835, 349, 342, 340, 337, 
3269867, 348, 340, 341, 337, 
3269900, 344, 339, 339, 337, 
3269932, 346, 341, 340, 337, 
3269964, 344, 339, 340, 337, 
3269996, 343, 339, 339, 337, 
3270029, 344, 339, 340, 337, 
3270061, 340, 338, 340, 336, 
3270093, 341, 338, 340, 337, 
3270125, 338, 338, 340, 338, 
3270158, 338, 337, 339, 336, 
3270190, 342, 339, 339, 336, 
3270222, 340, 336, 340, 336, 
3270254, 317, 336, 335, 331, 
3270287, 336, 338, 338, 335, 
3270319, 340, 338, 340, 336, 
3270351, 340, 336, 340, 337, 
3270383, 338, 335, 339, 338, 
3270416, 334, 333, 340, 338, 
3270448, 332, 331, 339, 338, 
3270480, 322, 327, 338, 337, 
3270512, 323, 329, 340, 337, 
3270545, 328, 334, 338, 336, 
3270577, 343, 341, 340, 337, 
3270609, 351, 344, 341, 337, 
3270641, 352, 346, 341, 337, 
3270673, 353, 345, 340, 337, 
3270706, 350, 343, 340, 337, 
3270737, 351, 343, 340, 337, 
3270770, 347, 341, 340, 339, 
3270802, 345, 342, 340, 337, 
3270835, 344, 340, 340, 337, 
3270866, 343, 339, 340, 337, 
3270899, 341, 339, 340, 337, 
3270931, 341, 339, 339, 337, 
3270964, 339, 338, 340, 337, 
3270995, 338, 338, 339, 337, 
3271028, 335, 336, 340, 338, 
3271060, 339, 339, 340, 337, 
3271093, 341, 339, 340, 338, 
3271124, 321, 328, 338, 336, 
3271157, 331, 340, 336, 334, 
3271189, 340, 337, 338, 338, 
3271222, 339, 335, 339, 338, 
3271254, 340, 337, 342, 338, 
3271286, 335, 334, 340, 338, 
3271318, 331, 332, 340, 338, 
3271351, 326, 330, 340, 338, 
3271383, 322, 329, 339, 339, 
3271415, 322, 331, 339, 338, 
3271447, 338, 339, 338, 338, 
3271480, 347, 344, 340, 338, 
3271512, 351, 346, 339, 338, 
3271544, 349, 344, 341, 338, 
3271576, 349, 343, 339, 338, 
3271609, 349, 343, 339, 338, 
3271641, 345, 342, 340, 338, 
3271673, 346, 343, 339, 338, 
3271705, 343, 341, 339, 338, 
3271737, 341, 341, 340, 338, 
3271770, 342, 341, 338, 339, 
3271801, 338, 339, 339, 338, 
3271834, 336, 338, 339, 338, 
3271866, 337, 339, 340, 338, 
3271899, 339, 339, 340, 338, 
3271930, 343, 340, 340, 337, 
3271963, 315, 331, 335, 334, 
3271995, 336, 340, 337, 335, 
3272028, 339, 338, 339, 338, 
3272059, 336, 336, 339, 339, 
3272092, 339, 335, 339, 338, 
3272124, 334, 334, 339, 338, 
3272157, 329, 332, 338, 339, 
3272188, 327, 331, 339, 338, 
3272221, 321, 330, 339, 338, 
3272253, 328, 336, 337, 338, 
3272286, 340, 340, 339, 336, 
3272317, 349, 344, 339, 339, 
3272350, 353, 345, 340, 338, 
3272382, 351, 346, 339, 338, 
3272415, 352, 345, 341, 338, 
3272446, 347, 342, 339, 339, 
3272479, 348, 342, 339, 338, 
3272511, 343, 340, 340, 338, 
3272544, 344, 340, 339, 338, 
3272576, 342, 340, 339, 338, 
3272608, 340, 339, 338, 338, 
3272640, 342, 340, 340, 338, 
3272673, 335, 339, 338, 338, 
3272705, 335, 342, 338, 338, 
3272736, 336, 342, 339, 338, 
3272769, 339, 343, 340, 338, 
3272801, 339, 342, 340, 338, 
3272834, 317, 332, 337, 336, 
3272865, 331, 343, 337, 335, 
3272898, 339, 339, 339, 338, 
3272930, 339, 338, 340, 338, 
3272963, 338, 336, 338, 339, 
3272994, 336, 336, 341, 338, 
3273027, 330, 333, 337, 338, 
3273059, 325, 332, 339, 338, 
3273092, 320, 330, 338, 338, 
3273123, 325, 335, 340, 338, 
3273156, 338, 341, 340, 339, 
3273188, 347, 344, 339, 338, 
3273221, 351, 345, 340, 340, 
3273252, 353, 345, 339, 339, 
3273285, 349, 343, 341, 337, 
3273317, 348, 342, 340, 339, 
3273350, 345, 341, 339, 339, 
3273381, 343, 339, 339, 338, 
3273414, 345, 340, 340, 338, 
3273446, 341, 338, 338, 338, 
3273479, 343, 339, 339, 339, 
3273510, 339, 338, 339, 338, 
3273543, 339, 338, 339, 338, 
3273575, 339, 337, 339, 339, 
3273608, 333, 336, 337, 338, 
3273639, 337, 337, 340, 340, 
3273672, 337, 337, 338, 338, 
3273704, 341, 338, 339, 337, 
3273737, 318, 328, 337, 336, 
3273768, 329, 340, 335, 332, 
3273800, 339, 337, 339, 337, 
3273833, 339, 335, 340, 338, 
3273865, 336, 334, 337, 338, 
3273897, 335, 334, 340, 337, 
3273929, 329, 331, 336, 337, 
3273962, 325, 329, 339, 337, 
3273994, 320, 327, 337, 336, 
3274027, 324, 333, 338, 336, 
3274058, 335, 338, 338, 336, 
3274091, 346, 342, 339, 336, 
3274123, 349, 344, 339, 336, 
3274156, 351, 343, 339, 335, 
3274187, 350, 343, 339, 336, 
3274220, 346, 341, 340, 336, 
3274252, 348, 341, 340, 336, 
3274285, 343, 341, 339, 336, 
3274316, 344, 341, 339, 336, 
3274349, 341, 340, 339, 337, 
3274381, 340, 339, 338, 336, 
3274414, 340, 340, 338, 337, 
3274445, 338, 338, 339, 338, 
3274478, 337, 338, 338, 338, 
3274510, 335, 337, 338, 337, 
3274543, 336, 337, 339, 337, 
3274574, 339, 340, 339, 337, 
3274607, 335, 333, 337, 336, 
3274639, 317, 338, 334, 332, 
3274672, 338, 339, 338, 335, 
3274703, 340, 337, 339, 336, 
3274736, 338, 335, 339, 337, 
3274768, 337, 336, 340, 339, 
3274800, 330, 332, 340, 337, 
3274832, 327, 331, 340, 338, 
3274864, 322, 329, 338, 337, 
3274897, 319, 330, 337, 337, 
3274929, 332, 337, 338, 337, 
3274961, 345, 342, 339, 338, 
3274993, 349, 345, 339, 338, 
3275026, 352, 346, 339, 339, 
3275058, 350, 344, 340, 338, 
3275090, 350, 345, 341, 339, 
3275122, 346, 344, 337, 340, 
3275155, 347, 343, 341, 339, 
3275187, 342, 341, 339, 338, 
3275219, 342, 341, 340, 339, 
3275251, 343, 340, 338, 338, 
3275284, 339, 339, 338, 338, 
3275316, 337, 339, 337, 339, 
3275348, 335, 337, 336, 338, 
3275380, 337, 338, 338, 336, 
3275413, 336, 338, 337, 338, 
3275445, 342, 339, 340, 339, 
3275478, 325, 329, 335, 337, 
3275509, 331, 338, 336, 334, 
3275542, 339, 336, 338, 338, 
3275574, 340, 336, 341, 337, 
3275607, 337, 335, 340, 336, 
3275638, 335, 334, 341, 338, 
3275671, 333, 333, 340, 337, 
3275703, 326, 331, 339, 339, 
3275736, 324, 330, 338, 338, 
3275767, 323, 331, 338, 338, 
3275800, 336, 338, 339, 336, 
3275832, 346, 342, 340, 338, 
3275864, 350, 345, 339, 338, 
3275896, 348, 344, 339, 338, 
3275928, 347, 343, 336, 338, 
3275961, 345, 342, 337, 339, 
3275993, 345, 342, 339, 339, 
3276025, 343, 341, 339, 339, 
3276057, 340, 340, 338, 339, 
3276090, 342, 341, 340, 339, 
3276122, 341, 340, 341, 339, 
3276154, 338, 339, 339, 339, 
3276186, 339, 339, 341, 339, 
3276219, 338, 338, 339, 339, 
3276251, 341, 339, 339, 339, 
3276283, 326, 330, 338, 338, 
3276315, 330, 338, 338, 335, 
3276348, 337, 336, 334, 338, 
3276380, 340, 335, 340, 339, 
3276412, 339, 335, 341, 340, 
3276444, 335, 334, 340, 340, 
3276477, 332, 332, 340, 340, 
3276509, 329, 329, 340, 340, 
3276541, 322, 325, 337, 339, 
3276573, 329, 329, 341, 339, 
3276606, 336, 334, 337, 340, 
3276638, 345, 338, 338, 339, 
3276670, 348, 340, 340, 339, 
3276702, 350, 341, 340, 340, 
3276735, 349, 341, 340, 339, 
3276767, 346, 341, 338, 338, 
3276800, 345, 340, 340, 338, 
3276831, 340, 339, 339, 339, 
3276863, 341, 340, 340, 339, 
3276896, 339, 340, 339, 339, 
3276928, 341, 340, 338, 340, 
3276960, 339, 340, 337, 342, 
3276992, 340, 340, 338, 343, 
3277025, 340, 338, 337, 341, 
3277057, 339, 340, 339, 340, 
3277089, 338, 337, 338, 342, 
3277121, 339, 337, 337, 339, 
3277154, 341, 337, 340, 339, 
3277186, 326, 330, 336, 337, 
3277218, 328, 339, 337, 335, 
3277250, 336, 337, 337, 337, 
3277283, 336, 336, 337, 337, 
3277315, 334, 335, 338, 337, 
3277347, 332, 336, 338, 338, 
3277379, 329, 334, 338, 338, 
3277412, 324, 332, 337, 338, 
3277444, 320, 329, 337, 338, 
3277476, 324, 333, 337, 339, 
3277508, 334, 339, 338, 340, 
3277541, 343, 343, 339, 341, 
3277573, 347, 344, 338, 341, 
3277605, 348, 343, 338, 342, 
3277637, 346, 343, 338, 342, 
3277670, 345, 342, 338, 342, 
3277702, 344, 341, 339, 341, 
3277734, 343, 342, 338, 340, 
3277766, 341, 340, 338, 339, 
3277799, 340, 341, 338, 338, 
3277831, 340, 339, 339, 338, 
3277863, 339, 340, 339, 338, 
3277895, 339, 339, 339, 337, 
3277927, 339, 340, 340, 337, 
3277960, 337, 339, 339, 337, 
3277991, 335, 339, 339, 336, 
3278024, 334, 338, 339, 336, 
3278056, 337, 340, 340, 336, 
3278089, 337, 340, 339, 337, 
3278120, 328, 332, 340, 336, 
3278153, 324, 341, 336, 332, 
3278185, 337, 337, 338, 336, 
3278218, 338, 335, 338, 336, 
3278249, 337, 336, 338, 337, 
3278282, 335, 336, 341, 336, 
3278314, 332, 334, 338, 338, 
3278347, 328, 333, 338, 337, 
3278379, 324, 330, 337, 337, 
3278411, 324, 332, 338, 336, 
3278443, 336, 339, 336, 336, 
3278476, 345, 342, 336, 337, 
3278508, 353, 345, 337, 338, 
3278540, 353, 345, 339, 340, 
3278572, 352, 344, 338, 340, 
3278605, 349, 343, 337, 339, 
3278637, 350, 341, 341, 340, 
3278669, 346, 340, 342, 339, 
3278701, 347, 342, 339, 339, 
3278734, 348, 341, 338, 339, 
3278766, 346, 340, 340, 339, 
3278798, 345, 340, 336, 341, 
3278830, 343, 339, 336, 339, 
3278863, 343, 337, 339, 339, 
3278895, 341, 330, 334, 338, 
3278926, 338, 327, 338, 339, 
3278959, 336, 323, 336, 338, 
3278991, 338, 324, 336, 339, 
3279024, 339, 323, 338, 337, 
3279055, 328, 317, 335, 337, 
3279088, 325, 324, 332, 335, 
3279120, 336, 320, 335, 337, 
3279153, 335, 317, 328, 338, 
3279184, 335, 322, 331, 339, 
3279217, 332, 323, 326, 340, 
3279249, 332, 329, 337, 341, 
3279282, 326, 330, 326, 341, 
3279313, 325, 333, 339, 343, 
3279346, 326, 337, 339, 344, 
3279378, 335, 345, 331, 347, 
3279411, 343, 353, 335, 354, 
3279442, 346, 352, 330, 360, 
3279475, 346, 359, 337, 366, 
3279507, 344, 360, 324, 370, 
3279540, 342, 363, 345, 373, 
3279571, 341, 361, 331, 373, 
3279604, 341, 359, 337, 371, 
3279636, 340, 356, 330, 367, 
3279669, 340, 354, 340, 361, 
3279700, 339, 350, 321, 355, 
3279733, 340, 347, 345, 351, 
3279765, 336, 344, 333, 346, 
3279798, 335, 341, 345, 344, 
3279830, 336, 340, 341, 341, 
3279862, 337, 340, 341, 339, 
3279894, 328, 329, 339, 337, 
3279927, 321, 338, 335, 333, 
3279959, 334, 335, 340, 335, 
3279990, 336, 334, 341, 335, 
3280023, 334, 333, 341, 335, 
3280055, 333, 332, 345, 334, 
3280088, 329, 331, 335, 333, 
3280119, 327, 330, 348, 336, 
3280152, 322, 328, 331, 335, 
3280184, 324, 332, 350, 335, 
3280217, 333, 337, 336, 336, 
3280248, 344, 345, 344, 336, 
3280281, 348, 345, 338, 340, 
3280313, 350, 347, 343, 341, 
3280346, 349, 347, 340, 344, 
3280377, 348, 346, 341, 345, 
3280410, 347, 345, 339, 343, 
3280442, 346, 345, 338, 343, 
3280475, 344, 344, 339, 344, 
3280506, 341, 343, 336, 344, 
3280539, 342, 342, 336, 344, 
3280571, 341, 342, 344, 344, 
3280604, 340, 341, 339, 344, 
3280635, 340, 341, 342, 342, 
3280668, 337, 340, 335, 341, 
3280700, 336, 339, 336, 339, 
3280733, 337, 340, 334, 338, 
3280764, 339, 339, 341, 338, 
3280797, 338, 336, 341, 335, 
3280829, 319, 339, 338, 333, 
3280862, 337, 341, 340, 335, 
3280893, 340, 338, 341, 335, 
3280926, 338, 336, 337, 335, 
3280958, 336, 336, 341, 335, 
3280990, 334, 335, 341, 336, 
3281022, 328, 332, 338, 335, 
3281054, 325, 331, 340, 334, 
3281087, 323, 332, 341, 334, 
3281119, 330, 336, 343, 334, 
3281152, 341, 341, 343, 335, 
3281183, 348, 344, 341, 334, 
3281216, 349, 343, 340, 334, 
3281248, 349, 342, 334, 333, 
3281281, 348, 342, 341, 333, 
3281312, 346, 341, 340, 334, 
3281345, 344, 340, 344, 334, 
3281377, 343, 340, 341, 333, 
3281410, 342, 339, 342, 333, 
3281441, 342, 338, 339, 333, 
3281474, 340, 338, 340, 334, 
3281506, 339, 337, 342, 333, 
3281539, 340, 336, 338, 333, 
3281570, 339, 337, 344, 332, 
3281603, 339, 338, 339, 332, 
3281635, 338, 337, 341, 332, 
3281668, 338, 336, 342, 332, 
3281699, 335, 336, 340, 332, 
3281732, 336, 337, 342, 332, 
3281764, 337, 337, 337, 332, 
3281797, 339, 336, 345, 332, 
3281828, 317, 329, 336, 329, 
3281861, 332, 338, 336, 329, 
3281893, 338, 336, 344, 331, 
3281926, 337, 335, 339, 332, 
3281957, 336, 334, 343, 332, 
3281990, 335, 333, 342, 333, 
3282022, 331, 331, 343, 332, 
3282054, 327, 330, 342, 333, 
3282086, 323, 329, 339, 333, 
3282118, 326, 332, 341, 333, 
3282151, 338, 338, 338, 334, 
3282183, 346, 341, 336, 333, 
3282215, 350, 343, 344, 334, 
3282247, 350, 343, 343, 335, 
3282280, 348, 341, 340, 334, 
3282312, 347, 342, 345, 335, 
3282344, 344, 340, 337, 333, 
3282376, 343, 340, 342, 334, 
3282409, 341, 340, 338, 334, 
3282441, 341, 339, 338, 334, 
3282473, 339, 339, 344, 334, 
3282505, 339, 339, 342, 335, 
3282538, 339, 339, 339, 334, 
3282570, 338, 339, 340, 335, 
3282603, 338, 337, 337, 334, 
3282634, 339, 338, 342, 335, 
3282667, 337, 337, 338, 334, 
3282699, 334, 337, 337, 333, 
3282732, 335, 336, 339, 334, 
3282763, 339, 338, 345, 335, 
3282796, 338, 337, 340, 335, 
3282828, 323, 331, 339, 335, 
3282861, 335, 340, 337, 333, 
3282892, 338, 337, 339, 336, 
3282925, 338, 337, 343, 336, 
3282957, 336, 335, 341, 336, 
3282990, 333, 334, 337, 335, 
3283021, 331, 332, 342, 336, 
3283053, 327, 331, 341, 336, 
3283086, 324, 331, 335, 336, 
3283118, 328, 335, 341, 337, 
3283150, 337, 339, 340, 336, 
3283182, 345, 344, 342, 336, 
3283215, 350, 345, 342, 336, 
3283247, 349, 344, 339, 335, 
3283279, 348, 343, 345, 335, 
3283311, 346, 343, 338, 336, 
3283344, 345, 341, 338, 336, 
3283376, 344, 342, 345, 336, 
3283408, 341, 340, 337, 336, 
3283440, 341, 341, 342, 335, 
3283473, 339, 339, 337, 335, 
3283505, 339, 338, 341, 336, 
3283537, 340, 339, 339, 337, 
3283569, 339, 340, 342, 337, 
3283602, 337, 338, 339, 336, 
3283634, 335, 338, 344, 337, 
3283666, 336, 338, 337, 338, 
3283698, 337, 339, 341, 337, 
3283731, 337, 336, 340, 336, 
3283763, 317, 334, 331, 333, 
3283795, 335, 339, 339, 335, 
3283827, 337, 337, 335, 336, 
3283860, 337, 335, 337, 336, 
3283892, 335, 335, 339, 336, 
3283924, 333, 335, 338, 338, 
3283956, 330, 333, 342, 337, 
3283989, 324, 330, 336, 338, 
3284021, 322, 331, 342, 336, 
3284054, 329, 336, 340, 337, 
3284085, 339, 340, 335, 337, 
3284117, 347, 343, 343, 338, 
3284150, 350, 345, 339, 338, 
3284182, 348, 344, 341, 337, 
3284214, 347, 343, 336, 338, 
3284246, 346, 341, 342, 337, 
3284279, 344, 340, 339, 337, 
3284311, 342, 340, 340, 337, 
3284343, 341, 340, 340, 337, 
3284375, 340, 340, 340, 337, 
3284408, 339, 339, 343, 337, 
3284440, 339, 339, 337, 337, 
3284472, 339, 338, 341, 337, 
3284504, 338, 339, 340, 337, 
3284537, 336, 338, 337, 339, 
3284569, 336, 339, 341, 337, 
3284601, 334, 338, 337, 337, 
3284633, 336, 338, 337, 336, 
3284666, 337, 339, 341, 337, 
3284698, 338, 337, 335, 337, 
3284730, 319, 334, 338, 334, 
3284762, 335, 339, 337, 335, 
3284795, 337, 337, 337, 336, 
3284827, 338, 336, 340, 337, 
3284859, 336, 335, 337, 337, 
3284891, 333, 335, 339, 337, 
3284924, 331, 332, 339, 337, 
3284956, 326, 330, 337, 337, 
3284988, 323, 331, 338, 337, 
3285020, 329, 336, 338, 338, 
3285053, 339, 340, 335, 336, 
3285085, 347, 342, 338, 339, 
3285116, 349, 344, 335, 338, 
3285149, 348, 343, 336, 337, 
3285181, 349, 343, 339, 338, 
3285214, 347, 343, 340, 338, 
3285245, 343, 343, 334, 338, 
3285278, 343, 342, 337, 336, 
3285310, 343, 342, 339, 337, 
3285343, 343, 341, 336, 336, 
3285374, 341, 340, 338, 335, 
3285407, 340, 340, 343, 334, 
3285439, 340, 341, 337, 335, 
3285472, 337, 339, 340, 333, 
3285504, 339, 340, 335, 334, 
3285536, 338, 340, 343, 334, 
3285568, 340, 341, 338, 333, 
3285601, 336, 336, 348, 333, 
3285633, 319, 340, 338, 329, 
3285665, 336, 340, 344, 333, 
3285697, 338, 340, 345, 333, 
3285730, 337, 338, 341, 333, 
3285762, 335, 339, 346, 333, 
3285794, 333, 338, 342, 333, 
3285826, 329, 336, 342, 333, 
3285859, 327, 335, 344, 333, 
3285891, 322, 334, 331, 333, 
3285923, 333, 338, 341, 333, 
3285955, 344, 344, 340, 334, 
3285988, 353, 347, 343, 336, 
3286020, 353, 347, 344, 338, 
3286052, 355, 346, 342, 340, 
3286084, 351, 343, 340, 340, 
3286117, 348, 343, 341, 341, 
3286149, 346, 341, 341, 342, 
3286180, 342, 339, 339, 343, 
3286213, 344, 340, 342, 341, 
3286245, 339, 337, 337, 341, 
3286278, 338, 338, 340, 341, 
3286309, 337, 336, 338, 340, 
3286342, 340, 338, 343, 340, 
3286374, 341, 338, 342, 340, 
3286407, 341, 339, 341, 339, 
3286438, 335, 335, 339, 337, 
3286471, 334, 334, 339, 338, 
3286503, 335, 335, 337, 337, 
3286536, 336, 337, 337, 336, 
3286567, 336, 333, 338, 337, 
3286600, 315, 333, 333, 334, 
3286632, 336, 336, 338, 337, 
3286665, 335, 334, 338, 338, 
3286696, 337, 334, 337, 338, 
3286729, 335, 333, 339, 338, 
3286761, 333, 331, 338, 338, 
3286794, 328, 330, 338, 337, 
3286825, 322, 329, 336, 337, 
3286858, 320, 329, 337, 339, 
3286890, 328, 333, 337, 338, 
3286923, 339, 339, 339, 339, 
3286955, 346, 341, 338, 341, 
3286987, 350, 342, 337, 341, 
3287019, 346, 340, 335, 341, 
3287052, 348, 342, 338, 341, 
3287084, 347, 341, 338, 341, 
3287116, 344, 341, 337, 341, 
3287148, 342, 340, 339, 340, 
3287180, 339, 338, 337, 339, 
3287213, 341, 339, 338, 339, 
3287244, 338, 338, 340, 339, 
3287277, 338, 338, 338, 339, 
3287309, 339, 339, 339, 338, 
3287342, 337, 338, 340, 338, 
3287373, 337, 338, 340, 338, 
3287406, 335, 338, 340, 337, 
3287438, 333, 338, 340, 338, 
3287471, 335, 337, 339, 337, 
3287502, 337, 339, 339, 336, 
3287535, 336, 335, 339, 336, 
3287567, 316, 338, 335, 333, 
3287600, 335, 337, 337, 336, 
3287631, 338, 336, 338, 335, 
3287664, 337, 336, 339, 336, 
3287696, 335, 335, 338, 336, 
3287729, 333, 333, 339, 336, 
3287760, 330, 332, 338, 337, 
3287793, 324, 329, 338, 336, 
3287825, 323, 331, 339, 337, 
3287858, 329, 336, 338, 337, 
3287889, 342, 341, 339, 337, 
3287922, 348, 344, 339, 337, 
3287954, 350, 343, 339, 337, 
3287987, 350, 344, 339, 337, 
3288018, 348, 343, 339, 337, 
3288051, 346, 342, 339, 337, 
3288083, 344, 341, 339, 337, 
3288116, 343, 340, 339, 337, 
3288147, 342, 340, 339, 336, 
3288180, 341, 340, 339, 334, 
3288212, 341, 340, 340, 334, 
3288244, 340, 339, 340, 335, 
3288276, 339, 338, 340, 336, 
3288308, 337, 339, 339, 336, 
3288341, 337, 339, 339, 336, 
3288373, 341, 339, 339, 336, 
3288406, 340, 338, 339, 337, 
3288437, 321, 333, 337, 336, 
3288470, 334, 340, 337, 336, 
3288502, 339, 337, 338, 338, 
3288535, 339, 337, 338, 338, 
3288566, 336, 335, 339, 339, 
3288599, 335, 334, 339, 338, 
3288631, 332, 333, 339, 339, 
3288664, 328, 330, 338, 339, 
3288695, 323, 331, 338, 340, 
3288728, 329, 334, 338, 339, 
3288760, 340, 340, 338, 339, 
3288793, 349, 343, 339, 338, 
3288824, 351, 344, 339, 340, 
3288857, 350, 343, 338, 339, 
3288889, 349, 342, 339, 339, 
3288922, 346, 342, 339, 340, 
3288953, 345, 342, 339, 339, 
3288986, 344, 341, 338, 339, 
3289018, 343, 340, 339, 339, 
3289051, 342, 340, 339, 340, 
3289082, 340, 340, 339, 339, 
3289115, 339, 339, 338, 338, 
3289147, 337, 339, 338, 339, 
3289180, 335, 339, 338, 340, 
3289211, 335, 338, 338, 339, 
3289243, 338, 340, 339, 339, 
3289276, 339, 337, 338, 338, 
3289308, 318, 332, 336, 336, 
3289340, 332, 340, 337, 336, 
3289372, 338, 337, 338, 338, 
3289405, 339, 336, 338, 339, 
3289437, 337, 336, 338, 339, 
3289469, 335, 335, 339, 339, 
3289501, 330, 333, 339, 339, 
3289534, 325, 332, 338, 338, 
3289566, 321, 331, 338, 338, 
3289598, 326, 335, 338, 338, 
3289630, 337, 340, 338, 338, 
3289663, 347, 344, 339, 339, 
3289695, 350, 346, 340, 340, 
3289728, 350, 345, 339, 340, 
3289759, 349, 343, 340, 339, 
3289792, 347, 342, 339, 340, 
3289824, 345, 341, 339, 341, 
3289857, 343, 341, 338, 340, 
3289888, 343, 340, 340, 339, 
3289921, 341, 339, 339, 339, 
3289953, 340, 341, 339, 339, 
3289986, 339, 339, 339, 339, 
3290017, 338, 339, 339, 339, 
3290050, 338, 338, 339, 340, 
3290082, 336, 338, 338, 339, 
3290115, 334, 337, 339, 339, 
3290146, 336, 339, 339, 339, 
3290179, 338, 339, 339, 338, 
3290211, 335, 334, 338, 338, 
3290244, 318, 340, 336, 335, 
3290275, 336, 339, 339, 338, 
3290307, 338, 337, 339, 339, 
3290340, 337, 336, 340, 339, 
3290372, 335, 336, 339, 339, 
3290404, 331, 335, 339, 340, 
3290436, 329, 332, 339, 339, 
3290469, 323, 331, 339, 339, 
3290501, 322, 331, 339, 338, 
3290533, 331, 337, 338, 339, 
3290565, 343, 341, 339, 339, 
3290598, 348, 344, 339, 339, 
3290630, 350, 344, 339, 339, 
3290662, 349, 343, 339, 339, 
3290694, 348, 342, 339, 339, 
3290727, 346, 343, 339, 339, 
3290759, 344, 341, 339, 339, 
3290791, 343, 340, 340, 340, 
3290823, 341, 341, 339, 339, 
3290856, 341, 340, 340, 339, 
3290888, 341, 340, 339, 340, 
3290920, 341, 340, 339, 339, 
3290952, 339, 339, 340, 340, 
3290985, 338, 339, 339, 339, 
3291017, 335, 339, 339, 339, 
3291049, 334, 339, 339, 339, 
3291081, 337, 338, 340, 340, 
3291114, 338, 338, 339, 339, 
3291146, 324, 330, 339, 338, 
3291179, 328, 341, 337, 335, 
3291210, 337, 339, 339, 338, 
3291243, 338, 337, 340, 338, 
3291275, 336, 337, 340, 339, 
3291307, 334, 336, 340, 339, 
3291339, 331, 334, 340, 339, 
3291371, 327, 333, 339, 339, 
3291404, 321, 331, 339, 338, 
3291436, 324, 334, 338, 338, 
3291468, 335, 339, 339, 340, 
3291500, 345, 343, 339, 339, 
3291533, 350, 344, 339, 339, 
3291565, 351, 344, 340, 338, 
3291597, 349, 343, 340, 339, 
3291629, 347, 343, 339, 339, 
3291662, 345, 341, 339, 340, 
3291694, 345, 341, 339, 339, 
3291726, 342, 340, 339, 339, 
3291758, 342, 340, 338, 338, 
3291791, 341, 341, 339, 339, 
3291823, 340, 340, 338, 339, 
3291855, 339, 339, 338, 338, 
3291887, 339, 339, 339, 339, 
3291920, 338, 339, 339, 339, 
3291952, 338, 338, 338, 339, 
3291984, 337, 338, 338, 339, 
3292016, 335, 338, 338, 339, 
3292049, 332, 338, 338, 339, 
3292081, 337, 338, 338, 339, 
3292113, 338, 338, 338, 339, 
3292145, 328, 330, 338, 338, 
3292178, 324, 340, 336, 336, 
3292210, 336, 338, 338, 338, 
3292242, 337, 336, 339, 339, 
3292274, 337, 336, 338, 339, 
3292307, 335, 335, 339, 339, 
3292339, 332, 334, 338, 339, 
3292370, 329, 332, 338, 338, 
3292403, 323, 331, 337, 338, 
3292435, 325, 333, 338, 338, 
3292468, 334, 338, 339, 339, 
3292499, 344, 342, 339, 339, 
3292532, 349, 344, 338, 340, 
3292564, 350, 344, 339, 339, 
3292597, 349, 343, 339, 339, 
3292628, 348, 342, 339, 339, 
3292661, 344, 341, 339, 339, 
3292693, 344, 341, 338, 339, 
3292726, 343, 340, 339, 339, 
3292758, 342, 340, 339, 339, 
3292790, 341, 339, 338, 340, 
3292822, 340, 339, 339, 339, 
3292855, 340, 340, 338, 338, 
3292887, 339, 338, 338, 339, 
3292919, 339, 338, 338, 339, 
3292951, 338, 339, 337, 340, 
3292984, 335, 339, 337, 340, 
3293016, 336, 340, 336, 341, 
3293048, 339, 340, 336, 342, 
3293080, 338, 337, 335, 341, 
3293113, 320, 338, 332, 340, 
3293145, 333, 338, 331, 341, 
3293177, 335, 336, 331, 342, 
3293209, 337, 337, 333, 342, 
3293242, 336, 335, 335, 342, 
3293274, 336, 336, 337, 341, 
3293306, 334, 334, 338, 339, 
3293338, 328, 331, 337, 337, 
3293370, 325, 331, 337, 336, 
3293403, 332, 335, 337, 337, 
3293434, 342, 339, 339, 337, 
3293467, 347, 341, 337, 337, 
3293499, 349, 342, 339, 338, 
3293532, 348, 342, 338, 337, 
3293563, 348, 341, 339, 338, 
3293596, 344, 340, 339, 338, 
3293628, 341, 339, 337, 338, 
3293661, 343, 339, 338, 339, 
3293692, 342, 341, 341, 339, 
3293725, 342, 342, 340, 339, 
3293757, 340, 340, 340, 341, 
3293790, 339, 340, 341, 341, 
3293821, 338, 341, 340, 340, 
3293854, 339, 339, 340, 340, 
3293886, 338, 339, 340, 338, 
3293919, 334, 336, 338, 338, 
3293950, 337, 337, 338, 337, 
3293983, 335, 338, 341, 338, 
3294015, 338, 339, 340, 338, 
3294048, 339, 339, 340, 338, 
3294080, 332, 332, 339, 337, 
3294112, 322, 339, 336, 336, 
3294144, 336, 338, 338, 338, 
3294177, 337, 336, 339, 339, 
3294209, 330, 333, 334, 338, 
3294241, 328, 331, 331, 339, 
3294273, 335, 336, 342, 339, 
3294306, 327, 333, 334, 340, 
3294338, 327, 333, 341, 337, 
3294370, 326, 333, 339, 339, 
3294402, 335, 338, 338, 338, 
3294434, 345, 342, 339, 338, 
3294467, 349, 343, 338, 338, 
3294498, 349, 343, 336, 338, 
3294531, 348, 342, 335, 338, 
3294563, 343, 341, 334, 338, 
3294596, 346, 342, 336, 339, 
3294627, 340, 339, 337, 338, 
3294660, 344, 340, 338, 339, 
3294692, 340, 339, 339, 336, 
3294725, 342, 339, 340, 337, 
3294756, 338, 338, 340, 338, 
3294789, 341, 338, 340, 338, 
3294821, 338, 337, 340, 338, 
3294854, 340, 339, 342, 338, 
3294885, 339, 337, 340, 339, 
3294918, 338, 337, 342, 339, 
3294950, 334, 338, 342, 338, 
3294983, 336, 336, 344, 338, 
3295014, 338, 339, 343, 339, 
3295047, 340, 338, 344, 339, 
3295079, 324, 330, 342, 338, 
3295112, 327, 341, 340, 335, 
3295143, 338, 337, 342, 338, 
3295176, 339, 336, 342, 338, 
3295208, 336, 336, 342, 338, 
3295241, 336, 335, 342, 338, 
3295272, 332, 333, 341, 338, 
3295305, 328, 333, 339, 338, 
3295337, 322, 331, 339, 338, 
3295370, 324, 333, 339, 338, 
3295401, 336, 339, 339, 338, 
3295433, 345, 342, 340, 338, 
3295466, 351, 345, 341, 338, 
3295498, 350, 344, 339, 339, 
3295531, 349, 343, 341, 338, 
3295562, 347, 342, 339, 339, 
3295595, 344, 340, 338, 339, 
3295627, 344, 340, 339, 339, 
3295660, 344, 340, 339, 339, 
3295691, 341, 340, 339, 340, 
3295724, 341, 339, 339, 340, 
3295756, 339, 338, 338, 340, 
3295789, 339, 339, 339, 341, 
3295820, 340, 340, 340, 341, 
3295853, 340, 339, 340, 340, 
3295885, 340, 339, 340, 340, 
3295918, 337, 338, 340, 340, 
3295949, 336, 339, 339, 340, 
3295982, 336, 338, 339, 340, 
3296014, 338, 339, 339, 339, 
3296047, 333, 333, 340, 338, 
3296078, 322, 338, 336, 335, 
3296111, 336, 337, 337, 339, 
3296143, 337, 336, 338, 338, 
3296176, 337, 336, 338, 337, 
3296207, 336, 337, 339, 338, 
3296240, 332, 335, 340, 338, 
3296272, 328, 333, 338, 339, 
3296305, 324, 331, 337, 338, 
3296336, 323, 332, 338, 338, 
3296369, 332, 337, 337, 338, 
3296401, 342, 342, 339, 337, 
3296434, 349, 344, 339, 338, 
3296465, 349, 344, 339, 337, 
3296497, 349, 345, 339, 338, 
3296530, 345, 342, 338, 338, 
3296562, 345, 342, 339, 338, 
3296594, 344, 341, 339, 339, 
3296626, 343, 341, 341, 338, 
3296659, 341, 340, 339, 339, 
3296691, 341, 340, 339, 339, 
3296723, 340, 340, 339, 339, 
3296755, 339, 339, 339, 338, 
3296788, 339, 340, 339, 338, 
3296820, 338, 338, 338, 338, 
3296852, 335, 337, 338, 338, 
3296884, 336, 338, 339, 338, 
3296917, 338, 339, 339, 338, 
3296949, 338, 338, 338, 338, 
3296982, 319, 332, 337, 335, 
3297013, 332, 339, 336, 336, 
3297046, 337, 336, 338, 338, 
3297078, 338, 337, 339, 339, 
3297111, 337, 337, 339, 340, 
3297142, 334, 335, 339, 339, 
3297175, 331, 333, 338, 338, 
3297207, 326, 331, 338, 338, 
3297240, 322, 331, 338, 338, 
3297271, 327, 334, 337, 338, 
3297304, 338, 339, 339, 338, 
3297336, 344, 342, 339, 339, 
3297369, 351, 344, 340, 338, 
3297400, 349, 344, 340, 339, 
3297433, 349, 343, 340, 338, 
3297465, 344, 341, 338, 339, 
3297497, 343, 341, 338, 339, 
3297529, 342, 340, 338, 337, 
3297561, 340, 339, 338, 338, 
3297594, 342, 340, 339, 338, 
3297626, 340, 341, 339, 338, 
3297658, 339, 339, 340, 337, 
3297690, 341, 340, 340, 338, 
3297723, 334, 336, 337, 339, 
3297755, 342, 340, 342, 338, 
3297787, 335, 337, 339, 336, 
3297819, 340, 339, 341, 337, 
3297852, 337, 339, 340, 337, 
3297884, 332, 337, 338, 336, 
3297916, 336, 338, 341, 337, 
3297948, 336, 338, 338, 337, 
3297981, 339, 339, 339, 337, 
3298013, 326, 329, 337, 336, 
3298045, 324, 338, 335, 333, 
3298077, 336, 336, 337, 336, 
3298110, 338, 335, 339, 337, 
3298142, 340, 335, 339, 336, 
3298174, 336, 334, 338, 336, 
3298206, 331, 333, 338, 337, 
3298239, 330, 332, 340, 336, 
3298271, 319, 329, 337, 337, 
3298304, 325, 333, 338, 336, 
3298335, 335, 338, 339, 337, 
3298368, 345, 343, 340, 337, 
3298400, 349, 344, 341, 338, 
3298433, 351, 344, 341, 337, 
3298464, 352, 345, 341, 339, 
3298497, 347, 342, 340, 339, 
3298529, 346, 342, 339, 338, 
3298561, 343, 340, 340, 338, 
3298593, 343, 340, 339, 338, 
3298625, 341, 340, 339, 338, 
3298658, 343, 340, 339, 338, 
3298690, 340, 340, 339, 338, 
3298722, 340, 340, 339, 338, 
3298754, 337, 338, 339, 338, 
3298787, 337, 338, 339, 338, 
3298819, 337, 339, 339, 339, 
3298851, 338, 337, 339, 338, 
3298883, 336, 337, 338, 338, 
3298916, 335, 338, 338, 338, 
3298948, 332, 337, 339, 339, 
3298980, 336, 337, 337, 339, 
3299012, 338, 340, 337, 339, 
3299045, 321, 329, 336, 339, 
3299077, 330, 341, 337, 336, 
3299109, 337, 337, 338, 338, 
3299141, 339, 336, 340, 338, 
3299174, 337, 335, 339, 338, 
3299206, 333, 334, 338, 338, 
3299238, 333, 333, 336, 338, 
3299270, 326, 331, 338, 337, 
3299303, 326, 331, 339, 338, 
3299335, 322, 333, 339, 338, 
3299367, 336, 340, 339, 338, 
3299399, 345, 343, 341, 339, 
3299432, 351, 345, 340, 339, 
3299464, 350, 344, 340, 338, 
3299496, 349, 343, 339, 339, 
3299528, 346, 341, 339, 338, 
3299560, 346, 341, 342, 338, 
3299593, 342, 342, 339, 341, 
3299624, 345, 341, 341, 338, 
3299657, 339, 340, 338, 339, 
3299689, 340, 340, 338, 338, 
3299722, 337, 340, 339, 338, 
3299753, 339, 339, 338, 338, 
3299786, 338, 340, 340, 338, 
3299818, 337, 339, 338, 337, 
3299851, 335, 338, 339, 338, 
3299883, 338, 339, 339, 337, 
3299915, 338, 338, 339, 338, 
3299947, 334, 332, 338, 338, 
3299980, 321, 338, 335, 334, 
3300012, 338, 337, 339, 337, 
3300044, 338, 337, 338, 338, 
3300076, 336, 336, 338, 337, 
3300109, 338, 334, 340, 336, 
3300141, 331, 333, 338, 337, 
3300173, 328, 331, 339, 337, 
3300205, 321, 328, 338, 337, 
3300238, 324, 332, 339, 337, 
3300270, 331, 336, 338, 338, 
3300302, 343, 342, 340, 338, 
3300334, 350, 343, 338, 339, 
3300367, 350, 344, 340, 338, 
3300399, 347, 343, 338, 338, 
3300431, 349, 342, 339, 337, 
3300463, 345, 341, 339, 338, 
3300496, 344, 341, 340, 339, 
3300528, 343, 340, 339, 337, 
3300560, 340, 339, 336, 337, 
3300592, 341, 340, 337, 335, 
3300624, 339, 338, 338, 335, 
3300657, 338, 338, 338, 335, 
3300688, 339, 338, 339, 335, 
3300721, 337, 337, 339, 334, 
3300753, 337, 337, 338, 335, 
3300786, 334, 336, 337, 335, 
3300817, 334, 337, 338, 336, 
3300850, 336, 337, 337, 337, 
3300882, 338, 338, 338, 337, 
3300915, 330, 330, 338, 337, 
3300946, 321, 338, 335, 334, 
3300979, 336, 337, 338, 337, 
3301011, 337, 336, 339, 338, 
3301044, 338, 336, 339, 339, 
3301075, 336, 335, 338, 339, 
3301108, 331, 332, 339, 340, 
3301140, 328, 331, 338, 338, 
3301173, 321, 329, 337, 338, 
3301204, 323, 333, 338, 338, 
3301237, 333, 337, 338, 338, 
3301269, 344, 342, 338, 338, 
3301302, 350, 344, 340, 338, 
3301334, 348, 344, 338, 338, 
3301366, 348, 342, 339, 339, 
3301398, 347, 341, 336, 338, 
3301431, 347, 342, 340, 338, 
3301463, 343, 340, 338, 339, 
3301495, 343, 340, 339, 338, 
3301527, 337, 339, 338, 339, 
3301560, 341, 340, 338, 338, 
3301592, 338, 339, 338, 340, 
3301623, 340, 340, 339, 337, 
3301656, 338, 339, 337, 339, 
3301688, 338, 340, 339, 338, 
3301721, 338, 338, 339, 339, 
3301752, 337, 337, 339, 338, 
3301785, 336, 338, 338, 337, 
3301817, 333, 337, 338, 339, 
3301850, 336, 339, 339, 337, 
3301881, 338, 338, 339, 337, 
3301914, 331, 330, 338, 338, 
3301946, 321, 339, 336, 334, 
3301979, 335, 337, 338, 337, 
3302010, 339, 336, 340, 338, 
3302043, 336, 335, 338, 339, 
3302075, 334, 335, 340, 337, 
3302108, 332, 334, 338, 338, 
3302139, 325, 330, 338, 337, 
3302172, 325, 330, 339, 337, 
3302204, 323, 332, 337, 337, 
3302237, 333, 336, 338, 337, 
3302268, 344, 341, 338, 339, 
3302301, 351, 344, 339, 340, 
3302333, 350, 343, 339, 338, 
3302366, 350, 343, 338, 338, 
3302397, 347, 342, 338, 338, 
3302430, 346, 341, 339, 338, 
3302462, 343, 340, 339, 338, 
