339, 339, 338, 338, 
3344277, 338, 336, 338, 338 
3344310, 321, 336, 336, 335, 
3344342, 337, 338, 338, 337, 
3344374, 339, 338, 339, 340, 
3344406, 338, 337, 339, 339, 
3344439, 336, 337, 340, 339, 
3344471, 333, 334, 339, 340, 
3344503, 330, 333, 339, 340, 
3344535, 325, 331, 339, 338, 
3344568, 323, 332, 339, 338, 
3344600, 330, 336, 339, 338, 
3344632, 341, 341, 339, 338, 
3344664, 347, 343, 338, 338, 
3344697, 348, 343, 340, 338, 
3344729, 347, 343, 339, 339, 
3344761, 346, 343, 339, 339, 
3344793, 344, 342, 340, 340, 
3344826, 343, 340, 339, 338, 
3344858, 342, 341, 339, 339, 
3344890, 341, 340, 339, 338, 
3344922, 340, 339, 339, 338, 
3344954, 339, 339, 339, 338, 
3344987, 338, 339, 340, 337, 
3345018, 338, 339, 339, 338, 
3345051, 336, 338, 338, 338, 
3345083, 335, 337, 339, 338, 
3345116, 336, 338, 340, 339, 
3345147, 338, 339, 340, 340, 
3345180, 338, 336, 339, 338, 
3345212, 317, 336, 336, 334, 
3345245, 335, 338, 339, 337, 
3345276, 338, 337, 338, 337, 
3345309, 337, 336, 340, 338, 
3345341, 336, 335, 339, 338, 
3345374, 333, 333, 339, 338, 
3345405, 329, 332, 338, 338, 
3345438, 324, 331, 338, 337, 
3345470, 324, 331, 338, 338, 
3345503, 330, 335, 338, 339, 
3345534, 340, 340, 339, 338, 
3345567, 348, 344, 339, 339, 
3345599, 348, 343, 338, 339, 
3345632, 348, 343, 339, 339, 
3345664, 348, 342, 339, 338, 
3345696, 345, 341, 339, 339, 
3345728, 343, 342, 340, 338, 
3345761, 343, 340, 339, 338, 
3345793, 341, 340, 339, 339, 
3345825, 341, 339, 338, 338, 
3345857, 339, 339, 339, 338, 
3345890, 339, 339, 338, 338, 
3345922, 338, 339, 338, 338, 
3345954, 338, 338, 340, 339, 
3345986, 337, 338, 338, 338, 
3346018, 338, 337, 338, 338, 
3346051, 334, 337, 338, 338, 
3346082, 334, 336, 338, 338, 
3346115, 336, 338, 339, 338, 
3346147, 338, 338, 338, 338, 
3346180, 326, 329, 337, 337, 
3346211, 326, 340, 336, 335, 
3346244, 337, 337, 338, 338, 
3346276, 337, 336, 337, 338, 
3346309, 336, 336, 338, 338, 
3346340, 334, 334, 338, 338, 
3346373, 331, 333, 338, 337, 
3346405, 327, 330, 337, 338, 
3346438, 323, 330, 338, 337, 
3346469, 325, 332, 338, 337, 
3346502, 335, 338, 339, 339, 
3346534, 344, 342, 339, 338, 
3346567, 348, 343, 339, 339, 
3346598, 349, 343, 340, 338, 
3346631, 348, 342, 338, 338, 
3346663, 346, 342, 338, 338, 
3346696, 345, 341, 339, 338, 
3346727, 343, 341, 338, 338, 
3346760, 342, 340, 339, 338, 
3346792, 341, 339, 338, 337, 
3346825, 340, 339, 339, 337, 
3346856, 340, 338, 338, 337, 
3346889, 339, 338, 337, 337, 
3346921, 338, 339, 339, 337, 
3346954, 337, 338, 339, 337, 
3346985, 337, 337, 337, 337, 
3347017, 336, 336, 338, 337, 
3347050, 334, 337, 339, 338, 
3347082, 336, 337, 338, 338, 
3347115, 337, 338, 339, 337, 
3347146, 336, 334, 338, 337, 
3347179, 320, 337, 336, 334, 
3347211, 336, 337, 338, 336, 
3347244, 337, 335, 339, 337, 
3347275, 338, 335, 339, 338, 
3347308, 335, 334, 338, 337, 
3347340, 332, 334, 340, 338, 
3347373, 329, 332, 338, 340, 
3347404, 324, 330, 339, 337, 
3347437, 324, 331, 338, 338, 
3347469, 331, 336, 339, 338, 
3347502, 341, 341, 338, 338, 
3347533, 347, 343, 338, 338, 
3347566, 349, 345, 339, 339, 
3347598, 348, 342, 339, 339, 
3347631, 347, 342, 340, 338, 
3347662, 344, 341, 339, 338, 
3347695, 344, 340, 339, 338, 
3347727, 342, 340, 339, 338, 
3347760, 341, 341, 339, 338, 
3347791, 340, 339, 339, 338, 
3347824, 340, 338, 338, 338, 
3347856, 339, 340, 339, 339, 
3347889, 337, 337, 338, 337, 
3347920, 335, 338, 339, 338, 
3347953, 336, 337, 338, 338, 
3347985, 338, 338, 338, 338, 
3348018, 337, 335, 337, 338, 
3348049, 318, 335, 335, 334, 
3348081, 335, 338, 337, 336, 
3348114, 339, 336, 338, 338, 
3348146, 336, 336, 339, 338, 
3348178, 335, 334, 338, 338, 
3348210, 333, 334, 339, 338, 
3348243, 330, 333, 338, 338, 
3348275, 324, 330, 337, 338, 
3348307, 323, 331, 337, 337, 
3348339, 330, 336, 337, 338, 
3348372, 341, 341, 340, 338, 
3348404, 347, 344, 339, 338, 
3348436, 349, 344, 339, 339, 
3348468, 347, 343, 339, 339, 
3348501, 347, 343, 340, 340, 
3348533, 344, 342, 339, 340, 
3348566, 343, 341, 340, 340, 
3348597, 343, 341, 339, 339, 
3348630, 343, 341, 339, 339, 
3348662, 340, 341, 337, 340, 
3348695, 340, 340, 339, 339, 
3348726, 339, 340, 337, 339, 
3348759, 338, 339, 337, 339, 
3348791, 337, 337, 336, 339, 
3348824, 337, 336, 338, 338, 
3348855, 335, 336, 337, 338, 
3348888, 335, 336, 337, 338, 
3348920, 338, 337, 337, 338, 
3348953, 338, 335, 337, 337, 
3348984, 318, 332, 335, 334, 
3349017, 333, 337, 337, 336, 
3349049, 337, 335, 337, 337, 
3349081, 337, 334, 337, 337, 
3349113, 336, 334, 338, 338, 
3349145, 333, 333, 338, 337, 
3349178, 329, 332, 337, 337, 
3349210, 325, 329, 337, 336, 
3349242, 321, 329, 335, 335, 
3349274, 327, 334, 337, 336, 
3349307, 339, 339, 337, 337, 
3349339, 347, 342, 338, 337, 
3349371, 349, 342, 338, 337, 
3349403, 348, 342, 339, 337, 
3349436, 347, 342, 339, 337, 
3349468, 346, 341, 339, 337, 
3349500, 343, 340, 338, 337, 
3349532, 343, 340, 339, 337, 
3349565, 342, 340, 340, 337, 
3349597, 340, 338, 338, 337, 
3349629, 339, 339, 339, 336, 
3349661, 339, 338, 339, 337, 
3349694, 339, 337, 338, 337, 
3349726, 337, 336, 338, 337, 
3349758, 334, 336, 339, 337, 
3349790, 335, 336, 338, 337, 
3349823, 336, 337, 338, 337, 
3349855, 336, 334, 339, 337, 
3349888, 319, 335, 336, 335, 
3349919, 335, 336, 338, 337, 
3349952, 336, 336, 339, 337, 
3349984, 336, 336, 338, 338, 
3350017, 335, 335, 338, 337, 
3350048, 332, 334, 338, 336, 
3350081, 328, 333, 339, 334, 
3350113, 323, 329, 338, 332, 
3350145, 322, 331, 338, 333, 
3350177, 329, 335, 340, 331, 
3350209, 340, 340, 339, 330, 
3350242, 346, 343, 338, 325, 
3350274, 348, 343, 338, 323, 
3350306, 348, 343, 337, 322, 
3350338, 346, 342, 337, 325, 
3350371, 344, 341, 337, 326, 
3350403, 343, 340, 337, 330, 
3350435, 341, 339, 336, 332, 
3350467, 340, 339, 336, 334, 
3350500, 340, 338, 336, 336, 
3350532, 336, 337, 335, 337, 
3350564, 334, 336, 335, 337, 
3350596, 325, 336, 333, 339, 
3350629, 333, 337, 337, 339, 
3350661, 331, 337, 337, 338, 
3350693, 336, 338, 337, 341, 
3350725, 330, 328, 338, 341, 
3350758, 316, 334, 333, 340, 
3350790, 339, 332, 332, 342, 
3350822, 333, 327, 332, 343, 
3350854, 336, 322, 330, 343, 
3350887, 331, 316, 331, 345, 
3350919, 325, 308, 330, 348, 
3350951, 321, 300, 332, 345, 
3350983, 317, 299, 333, 347, 
3351016, 319, 306, 333, 345, 
3351048, 332, 317, 336, 343, 
3351080, 343, 326, 336, 344, 
3351112, 350, 332, 336, 341, 
3351144, 349, 335, 336, 342, 
3351177, 348, 338, 336, 341, 
3351208, 348, 341, 335, 339, 
3351241, 345, 341, 335, 339, 
3351273, 346, 344, 335, 341, 
3351306, 346, 345, 334, 341, 
3351337, 344, 345, 336, 343, 
3351370, 345, 349, 335, 343, 
3351402, 344, 349, 336, 342, 
3351435, 344, 348, 336, 342, 
3351467, 341, 345, 336, 342, 
3351499, 341, 347, 337, 340, 
3351531, 338, 347, 339, 342, 
3351564, 337, 346, 340, 342, 
3351596, 339, 346, 340, 340, 
3351628, 340, 343, 341, 341, 
3351660, 317, 340, 341, 339, 
3351693, 331, 347, 341, 337, 
3351725, 337, 344, 342, 340, 
3351757, 336, 344, 343, 340, 
3351789, 334, 343, 344, 340, 
3351822, 332, 343, 342, 338, 
3351854, 328, 341, 341, 337, 
3351886, 323, 340, 340, 337, 
3351918, 320, 339, 339, 336, 
3351951, 324, 341, 339, 335, 
3351983, 339, 346, 338, 336, 
3352015, 346, 346, 337, 336, 
3352047, 349, 346, 339, 336, 
3352080, 348, 345, 337, 336, 
3352112, 346, 345, 337, 336, 
3352144, 345, 343, 337, 336, 
3352176, 343, 343, 337, 338, 
3352208, 342, 342, 337, 336, 
3352241, 341, 341, 337, 336, 
3352272, 340, 342, 338, 338, 
3352305, 339, 339, 337, 337, 
3352337, 340, 341, 337, 336, 
3352370, 339, 340, 337, 337, 
3352401, 338, 339, 337, 337, 
3352434, 337, 339, 336, 335, 
3352466, 337, 339, 336, 337, 
3352499, 336, 338, 337, 337, 
3352530, 333, 338, 337, 337, 
3352563, 334, 338, 337, 337, 
3352595, 336, 338, 335, 337, 
3352628, 338, 337, 336, 336, 
3352659, 316, 335, 335, 334, 
3352692, 332, 339, 334, 334, 
3352724, 336, 336, 336, 336, 
3352757, 337, 335, 337, 336, 
3352788, 336, 335, 337, 336, 
3352821, 333, 335, 338, 336, 
3352853, 329, 332, 338, 336, 
3352886, 324, 331, 337, 336, 
3352918, 320, 332, 339, 336, 
3352950, 326, 336, 338, 336, 
3352982, 338, 340, 340, 335, 
3353015, 348, 342, 339, 335, 
3353047, 351, 342, 338, 336, 
3353079, 350, 342, 338, 336, 
3353111, 349, 342, 338, 336, 
3353144, 347, 341, 338, 336, 
3353176, 344, 340, 338, 336, 
3353207, 342, 339, 338, 337, 
3353240, 341, 338, 338, 335, 
3353272, 340, 339, 338, 337, 
3353305, 340, 338, 339, 336, 
3353336, 340, 338, 338, 337, 
3353369, 338, 338, 338, 336, 
3353401, 339, 338, 338, 336, 
3353434, 338, 337, 339, 336, 
3353465, 336, 337, 338, 337, 
3353498, 336, 336, 338, 336, 
3353530, 332, 336, 337, 336, 
3353563, 332, 335, 338, 336, 
3353594, 336, 337, 339, 336, 
3353627, 338, 336, 337, 336, 
3353659, 320, 330, 337, 336, 
3353692, 329, 340, 336, 336, 
3353723, 337, 336, 337, 336, 
3353756, 337, 336, 338, 337, 
3353788, 336, 336, 338, 338, 
3353821, 334, 336, 338, 337, 
3353852, 330, 334, 338, 338, 
3353885, 325, 332, 339, 338, 
3353917, 321, 332, 339, 338, 
3353950, 325, 334, 338, 338, 
3353981, 335, 338, 338, 337, 
3354014, 345, 343, 339, 336, 
3354046, 349, 342, 338, 336, 
3354079, 349, 342, 338, 336, 
3354110, 346, 341, 338, 336, 
3354143, 345, 340, 338, 336, 
3354175, 343, 339, 338, 336, 
3354208, 341, 338, 338, 336, 
3354240, 341, 338, 338, 336, 
3354271, 340, 337, 338, 337, 
3354304, 338, 337, 338, 337, 
3354336, 338, 337, 338, 337, 
3354369, 337, 337, 338, 336, 
3354400, 337, 336, 338, 337, 
3354433, 336, 337, 338, 336, 
3354465, 333, 337, 338, 336, 
3354498, 333, 336, 338, 336, 
3354529, 334, 336, 337, 336, 
3354562, 337, 336, 337, 335, 
3354594, 323, 329, 337, 336, 
3354627, 325, 339, 336, 333, 
3354658, 336, 335, 337, 335, 
3354691, 337, 333, 337, 336, 
3354723, 336, 334, 338, 336, 
3354756, 334, 333, 337, 337, 
3354787, 329, 332, 338, 336, 
3354820, 325, 331, 338, 336, 
3354852, 320, 330, 338, 336, 
3354885, 323, 333, 338, 336, 
3354916, 335, 337, 338, 336, 
3354949, 345, 340, 339, 336, 
3354981, 349, 341, 338, 336, 
3355014, 351, 341, 339, 337, 
3355045, 348, 340, 339, 336, 
3355078, 346, 339, 338, 336, 
3355110, 344, 340, 337, 336, 
3355143, 343, 339, 339, 336, 
3355174, 341, 339, 339, 337, 
3355207, 340, 339, 338, 337, 
3355239, 340, 339, 338, 336, 
3355271, 339, 338, 338, 336, 
3355303, 338, 337, 338, 336, 
3355335, 338, 339, 338, 336, 
3355368, 337, 337, 337, 336, 
3355400, 337, 338, 338, 336, 
3355432, 336, 337, 338, 337, 
3355464, 335, 338, 338, 337, 
3355497, 334, 337, 338, 336, 
3355529, 334, 338, 338, 337, 
3355561, 337, 338, 337, 336, 
3355593, 334, 334, 337, 336, 
3355626, 317, 340, 335, 335, 
3355658, 336, 338, 336, 336, 
3355691, 336, 336, 337, 337, 
3355722, 336, 336, 337, 337, 
3355755, 334, 336, 337, 337, 
3355787, 331, 334, 337, 338, 
3355820, 328, 332, 337, 338, 
3355851, 323, 331, 338, 337, 
3355884, 322, 333, 337, 338, 
3355916, 331, 336, 337, 337, 
3355949, 342, 339, 337, 337, 
3355980, 348, 341, 338, 337, 
3356013, 350, 342, 338, 337, 
3356045, 349, 339, 338, 337, 
3356078, 347, 338, 337, 338, 
3356109, 345, 338, 337, 336, 
3356142, 343, 337, 337, 337, 
3356174, 341, 338, 337, 337, 
3356207, 340, 337, 337, 337, 
3356238, 340, 336, 338, 337, 
3356271, 339, 336, 337, 337, 
3356303, 338, 336, 338, 337, 
3356335, 338, 336, 337, 336, 
3356367, 338, 336, 338, 336, 
3356399, 337, 336, 337, 336, 
3356432, 335, 335, 338, 336, 
3356464, 333, 335, 338, 337, 
3356496, 333, 334, 337, 337, 
3356528, 336, 337, 337, 336, 
3356561, 338, 335, 337, 335, 
3356593, 317, 331, 337, 335, 
3356625, 331, 336, 336, 335, 
3356657, 336, 334, 338, 337, 
3356690, 335, 334, 337, 337, 
3356722, 327, 331, 337, 338, 
3356754, 332, 334, 336, 337, 
3356786, 327, 332, 337, 337, 
3356819, 325, 333, 337, 338, 
3356851, 320, 332, 338, 338, 
3356883, 325, 335, 338, 336, 
3356915, 333, 337, 337, 338, 
3356948, 330, 333, 336, 339, 
3356980, 351, 342, 338, 339, 
3357012, 347, 340, 336, 338, 
3357044, 351, 341, 339, 337, 
3357077, 346, 337, 338, 338, 
3357109, 349, 334, 336, 338, 
3357142, 350, 337, 339, 337, 
3357173, 346, 331, 334, 338, 
3357206, 342, 328, 339, 336, 
3357238, 348, 328, 338, 336, 
3357271, 343, 328, 342, 335, 
3357302, 343, 329, 343, 335, 
3357334, 337, 332, 340, 336, 
3357367, 345, 336, 346, 335, 
3357399, 337, 333, 345, 336, 
3357431, 342, 337, 343, 335, 
3357463, 333, 333, 342, 337, 
3357496, 337, 330, 341, 335, 
3357528, 317, 334, 340, 333, 
3357560, 342, 336, 340, 334, 
3357592, 333, 332, 339, 336, 
3357625, 336, 333, 337, 335, 
3357657, 336, 335, 341, 335, 
3357689, 329, 330, 338, 336, 
3357721, 324, 329, 338, 335, 
3357754, 323, 328, 337, 335, 
3357786, 317, 328, 338, 336, 
3357818, 332, 335, 339, 336, 
3357850, 342, 340, 340, 336, 
3357883, 349, 344, 340, 336, 
3357915, 345, 343, 337, 336, 
3357947, 346, 342, 337, 337, 
3357979, 349, 343, 337, 337, 
3358012, 344, 342, 336, 338, 
3358044, 341, 341, 337, 338, 
3358076, 345, 342, 339, 338, 
3358108, 339, 339, 335, 336, 
3358141, 345, 341, 336, 337, 
3358173, 334, 339, 339, 337, 
3358205, 339, 340, 338, 339, 
3358237, 338, 340, 344, 339, 
3358270, 341, 339, 342, 339, 
3358302, 337, 340, 338, 340, 
3358334, 338, 340, 334, 340, 
3358366, 334, 338, 333, 340, 
3358398, 337, 338, 330, 340, 
3358431, 338, 341, 332, 339, 
3358462, 331, 333, 330, 340, 
3358495, 324, 340, 329, 339, 
3358527, 332, 336, 328, 340, 
3358560, 338, 337, 332, 342, 
3358592, 335, 335, 333, 343, 
3358624, 333, 334, 331, 342, 
3358656, 332, 333, 335, 342, 
3358689, 329, 331, 334, 341, 
3358721, 325, 329, 334, 341, 
3358753, 321, 328, 336, 339, 
3358785, 335, 335, 337, 340, 
3358818, 342, 339, 338, 340, 
3358850, 348, 341, 338, 339, 
3358882, 348, 340, 337, 339, 
3358914, 348, 339, 336, 337, 
3358947, 347, 340, 336, 336, 
3358979, 340, 338, 336, 335, 
3359011, 343, 339, 336, 334, 
3359043, 337, 337, 336, 334, 
3359076, 339, 338, 337, 334, 
3359108, 338, 338, 338, 334, 
3359140, 337, 339, 337, 332, 
3359172, 337, 338, 339, 332, 
3359205, 335, 337, 338, 332, 
3359237, 336, 337, 339, 331, 
3359269, 334, 336, 339, 331, 
3359301, 333, 336, 339, 331, 
3359334, 333, 336, 339, 331, 
3359366, 336, 338, 340, 333, 
3359397, 336, 337, 340, 332, 
3359430, 334, 333, 339, 333, 
3359462, 318, 336, 337, 330, 
3359495, 335, 336, 340, 333, 
3359526, 337, 335, 339, 335, 
3359559, 336, 335, 340, 335, 
3359591, 334, 334, 339, 335, 
3359624, 333, 333, 340, 335, 
3359655, 328, 331, 339, 335, 
3359688, 323, 329, 340, 335, 
3359720, 323, 330, 340, 335, 
3359753, 328, 335, 340, 335, 
3359784, 341, 340, 339, 336, 
3359817, 348, 343, 340, 336, 
3359849, 349, 344, 339, 336, 
3359882, 347, 342, 338, 336, 
3359913, 346, 342, 339, 336, 
3359946, 344, 341, 338, 337, 
3359978, 343, 340, 337, 336, 
3360011, 342, 340, 338, 337, 
3360043, 340, 338, 338, 336, 
3360075, 338, 339, 339, 336, 
3360107, 340, 339, 339, 336, 
3360140, 339, 339, 337, 337, 
3360172, 339, 337, 336, 337, 
3360204, 337, 337, 337, 337, 
3360236, 337, 335, 336, 337, 
3360269, 336, 334, 337, 337, 
3360301, 336, 332, 336, 338, 
3360333, 333, 328, 333, 340, 
3360365, 336, 327, 335, 340, 
3360398, 337, 325, 335, 340, 
3360430, 332, 318, 335, 341, 
3360461, 322, 324, 332, 337, 
3360494, 336, 326, 337, 341, 
3360526, 337, 324, 333, 340, 
3360559, 335, 327, 335, 340, 
3360590, 333, 328, 334, 340, 
3360623, 330, 328, 333, 340, 
3360655, 326, 321, 334, 339, 
3360688, 322, 319, 334, 340, 
3360719, 323, 323, 335, 339, 
3360752, 332, 331, 336, 338, 
3360784, 342, 338, 337, 338, 
3360817, 347, 342, 337, 337, 
3360848, 348, 345, 338, 337, 
3360881, 347, 345, 338, 338, 
3360913, 346, 346, 339, 337, 
3360946, 345, 345, 340, 337, 
3360977, 343, 346, 340, 337, 
3361010, 343, 345, 340, 338, 
3361042, 342, 345, 340, 337, 
3361075, 341, 344, 340, 336, 
3361106, 340, 344, 339, 336, 
3361139, 338, 343, 339, 336, 
3361171, 338, 343, 339, 337, 
3361204, 336, 341, 339, 337, 
3361235, 334, 342, 338, 337, 
3361268, 335, 341, 338, 336, 
3361300, 337, 341, 338, 338, 
3361333, 336, 339, 337, 338, 
3361364, 319, 337, 335, 334, 
3361397, 334, 340, 336, 337, 
3361429, 337, 339, 337, 337, 
3361461, 336, 338, 338, 337, 
3361494, 334, 337, 338, 338, 
3361525, 332, 336, 338, 337, 
3361558, 329, 334, 339, 338, 
3361590, 324, 332, 338, 338, 
3361623, 322, 333, 339, 338, 
3361654, 329, 337, 338, 338, 
3361687, 339, 341, 338, 337, 
3361719, 346, 344, 338, 337, 
3361752, 348, 344, 339, 338, 
3361783, 347, 344, 338, 339, 
3361816, 346, 343, 338, 338, 
3361848, 344, 342, 338, 338, 
3361881, 343, 341, 337, 338, 
3361912, 341, 341, 337, 338, 
3361945, 340, 340, 338, 337, 
3361977, 341, 340, 337, 337, 
3362010, 339, 339, 338, 337, 
3362041, 339, 340, 338, 338, 
3362074, 338, 339, 337, 337, 
3362106, 338, 338, 338, 337, 
3362139, 337, 339, 337, 337, 
3362170, 336, 337, 337, 337, 
3362203, 334, 337, 337, 337, 
3362235, 333, 337, 338, 337, 
3362268, 336, 339, 338, 337, 
3362299, 337, 338, 337, 336, 
3362332, 318, 333, 335, 335, 
3362364, 332, 338, 336, 336, 
3362397, 337, 336, 337, 336, 
3362428, 336, 336, 338, 337, 
3362461, 336, 335, 338, 336, 
3362493, 333, 334, 338, 336, 
3362525, 329, 332, 340, 337, 
3362557, 325, 330, 338, 337, 
3362589, 322, 330, 338, 337, 
3362622, 327, 335, 338, 337, 
3362654, 338, 339, 338, 337, 
3362686, 345, 344, 339, 337, 
3362718, 348, 344, 338, 337, 
3362751, 348, 343, 339, 338, 
3362783, 347, 342, 338, 338, 
3362816, 344, 341, 338, 338, 
3362847, 343, 340, 339, 338, 
3362880, 342, 341, 338, 337, 
3362912, 341, 339, 338, 337, 
3362945, 341, 338, 337, 337, 
3362976, 339, 339, 337, 337, 
3363009, 338, 338, 338, 338, 
3363041, 338, 338, 338, 337, 
3363074, 337, 337, 337, 338, 
3363105, 337, 337, 337, 338, 
3363138, 337, 337, 337, 337, 
3363170, 335, 337, 337, 338, 
3363203, 333, 336, 338, 337, 
3363234, 334, 337, 337, 337, 
3363267, 336, 338, 338, 337, 
3363299, 337, 335, 337, 336, 
3363332, 318, 334, 334, 334, 
3363363, 334, 337, 336, 335, 
3363396, 336, 335, 337, 337, 
3363428, 336, 335, 337, 338, 
3363461, 335, 334, 338, 337, 
3363492, 333, 334, 338, 338, 
3363524, 330, 332, 337, 337, 
3363557, 324, 330, 338, 337, 
3363589, 322, 330, 338, 337, 
3363621, 329, 334, 339, 337, 
3363653, 339, 340, 339, 337, 
3363686, 346, 342, 338, 336, 
3363718, 348, 342, 338, 337, 
3363750, 348, 342, 338, 337, 
3363782, 346, 342, 338, 338, 
3363815, 343, 340, 338, 337, 
3363847, 343, 340, 338, 337, 
3363879, 342, 339, 338, 338, 
3363911, 341, 339, 338, 338, 
3363944, 339, 339, 338, 337, 
3363976, 339, 338, 339, 337, 
3364008, 338, 338, 338, 337, 
3364040, 339, 338, 337, 337, 
3364073, 338, 338, 338, 338, 
3364105, 337, 337, 338, 337, 
3364137, 335, 338, 338, 337, 
3364169, 336, 336, 339, 338, 
3364202, 337, 336, 338, 337, 
3364234, 337, 336, 337, 336, 
3364267, 319, 332, 335, 334, 
3364298, 333, 337, 336, 336, 
3364331, 337, 335, 337, 337, 
3364363, 337, 335, 337, 337, 
3364396, 335, 335, 338, 337, 
3364427, 332, 333, 338, 337, 
3364460, 329, 332, 337, 336, 
3364492, 325, 330, 338, 338, 
3364525, 322, 330, 339, 337, 
3364556, 328, 333, 337, 337, 
3364588, 339, 339, 337, 337, 
3364621, 346, 342, 338, 337, 
3364653, 348, 344, 338, 337, 
3364685, 349, 342, 338, 337, 
3364717, 348, 342, 338, 337, 
3364750, 345, 340, 338, 337, 
3364782, 343, 340, 338, 337, 
3364814, 342, 339, 339, 337, 
3364846, 342, 339, 338, 336, 
3364879, 340, 338, 338, 337, 
3364911, 340, 338, 338, 337, 
3364943, 339, 337, 338, 337, 
3364975, 339, 338, 338, 337, 
3365008, 338, 337, 337, 337, 
3365040, 337, 336, 337, 337, 
3365072, 336, 336, 337, 336, 
3365104, 334, 337, 337, 337, 
3365137, 335, 337, 337, 337, 
3365169, 337, 337, 337, 336, 
3365201, 335, 333, 337, 336, 
3365233, 319, 336, 335, 333, 
3365266, 335, 337, 337, 336, 
3365298, 338, 336, 337, 337, 
3365330, 337, 335, 338, 337, 
3365362, 334, 334, 338, 337, 
3365395, 333, 334, 338, 338, 
3365427, 329, 332, 338, 338, 
3365459, 325, 329, 337, 337, 
3365491, 323, 330, 337, 337, 
3365524, 332, 336, 339, 337, 
3365556, 340, 340, 338, 337, 
3365587, 346, 343, 338, 337, 
3365620, 348, 343, 339, 337, 
3365652, 347, 342, 338, 337, 
3365685, 346, 341, 338, 338, 
3365716, 344, 340, 338, 338, 
3365749, 341, 340, 338, 337, 
3365781, 341, 340, 338, 338, 
3365814, 340, 339, 339, 338, 
3365846, 339, 338, 337, 338, 
3365878, 340, 338, 338, 338, 
3365910, 340, 338, 338, 337, 
3365943, 339, 338, 337, 337, 
3365975, 338, 339, 338, 338, 
3366007, 337, 338, 339, 337, 
3366039, 336, 337, 338, 337, 
3366072, 334, 336, 337, 338, 
3366104, 335, 337, 337, 338, 
3366136, 337, 338, 339, 338, 
3366168, 333, 331, 338, 337, 
3366201, 321, 335, 334, 335, 
3366233, 336, 335, 337, 337, 
3366265, 337, 335, 338, 337, 
3366297, 336, 335, 339, 338, 
3366330, 335, 334, 339, 338, 
3366362, 332, 334, 338, 339, 
3366394, 328, 332, 338, 338, 
3366426, 323, 331, 338, 339, 
3366459, 323, 331, 338, 338, 
3366491, 332, 337, 337, 337, 
3366523, 342, 342, 337, 337, 
3366555, 346, 343, 338, 337, 
3366588, 349, 343, 337, 337, 
3366620, 348, 342, 337, 336, 
3366651, 346, 341, 337, 336, 
3366684, 345, 340, 337, 336, 
3366716, 343, 340, 337, 337, 
3366749, 342, 340, 338, 338, 
3366780, 342, 340, 337, 337, 
3366813, 340, 339, 337, 335, 
3366845, 339, 339, 338, 335, 
3366878, 338, 338, 338, 335, 
3366909, 338, 338, 338, 335, 
3366942, 337, 338, 337, 340, 
3366974, 337, 338, 338, 343, 
3367007, 336, 337, 338, 344, 
3367038, 335, 337, 337, 343, 
3367071, 333, 337, 337, 342, 
3367103, 335, 337, 338, 342, 
3367136, 337, 338, 336, 340, 
3367168, 333, 334, 336, 339, 
3367200, 317, 337, 332, 336, 
3367232, 334, 337, 334, 336, 
3367265, 337, 336, 334, 336, 
3367297, 336, 335, 335, 334, 
3367329, 336, 334, 335, 332, 
3367361, 332, 333, 335, 331, 
3367394, 327, 332, 334, 330, 
3367426, 323, 329, 334, 331, 
3367458, 322, 330, 333, 332, 
3367490, 330, 334, 335, 333, 
3367523, 341, 341, 336, 335, 
3367555, 348, 343, 338, 336, 
3367587, 348, 342, 338, 337, 
3367619, 348, 342, 339, 337, 
3367651, 346, 341, 339, 338, 
3367684, 346, 340, 340, 338, 
3367715, 344, 339, 340, 339, 
3367748, 342, 338, 341, 338, 
3367780, 341, 338, 340, 339, 
3367813, 341, 338, 341, 339, 
3367844, 339, 339, 341, 341, 
3367877, 340, 338, 341, 340, 
3367909, 338, 337, 341, 340, 
3367942, 338, 337, 340, 341, 
3367973, 338, 337, 341, 339, 
3368006, 338, 336, 340, 338, 
3368038, 336, 337, 340, 337, 
3368071, 335, 336, 340, 337, 
3368102, 335, 336, 340, 337, 
3368135, 338, 336, 339, 337, 
3368167, 338, 336, 338, 337, 
3368200, 316, 331, 336, 333, 
3368231, 331, 337, 337, 335, 
3368264, 336, 335, 337, 336, 
3368296, 337, 334, 337, 337, 
3368329, 336, 333, 338, 337, 
3368360, 333, 332, 338, 337, 
3368393, 329, 330, 337, 336, 
3368425, 325, 329, 337, 337, 
3368458, 322, 329, 338, 337, 
3368489, 326, 333, 337, 337, 
3368522, 338, 338, 338, 338, 
3368554, 346, 341, 339, 337, 
3368587, 349, 343, 340, 337, 
3368619, 349, 341, 339, 338, 
3368651, 347, 341, 338, 338, 
3368683, 346, 339, 338, 337, 
3368715, 343, 340, 338, 337, 
3368748, 341, 340, 338, 338, 
3368779, 342, 339, 338, 338, 
3368812, 340, 338, 339, 338, 
3368844, 341, 339, 338, 339, 
3368877, 339, 338, 337, 338, 
3368908, 338, 336, 337, 338, 
3368941, 338, 337, 337, 338, 
3368973, 337, 338, 338, 338, 
3369006, 337, 337, 338, 337, 
3369037, 337, 337, 339, 338, 
3369070, 337, 337, 338, 337, 
3369102, 336, 336, 339, 337, 
3369135, 334, 336, 341, 337, 
3369166, 333, 336, 340, 336, 
3369199, 336, 337, 338, 337, 
3369231, 338, 336, 338, 337, 
3369264, 318, 330, 332, 336, 
3369295, 330, 338, 335, 337, 
3369328, 336, 334, 337, 337, 
3369360, 336, 333, 332, 336, 
3369393, 335, 334, 335, 338, 
3369424, 333, 332, 333, 338, 
3369457, 330, 332, 335, 339, 
3369489, 326, 331, 335, 339, 
3369522, 324, 331, 333, 341, 
3369553, 328, 333, 335, 339, 
3369586, 339, 338, 335, 338, 
3369618, 346, 340, 334, 339, 
3369651, 349, 340, 333, 339, 
3369682, 349, 340, 334, 340, 
3369714, 348, 339, 335, 340, 
3369747, 347, 340, 336, 339, 
3369779, 344, 338, 336, 339, 
3369811, 342, 338, 336, 337, 
3369843, 341, 338, 336, 339, 
3369876, 339, 338, 336, 337, 
3369908, 338, 338, 336, 340, 
3369940, 337, 339, 336, 337, 
3369972, 336, 338, 336, 339, 
3370005, 335, 339, 336, 339, 
3370037, 333, 338, 336, 340, 
3370070, 333, 338, 336, 340, 
3370101, 334, 340, 336, 340, 
3370134, 337, 337, 337, 338, 
3370166, 331, 334, 336, 340, 
3370199, 322, 340, 334, 337, 
3370230, 335, 337, 337, 339, 
3370263, 336, 336, 337, 339, 
3370295, 336, 335, 338, 341, 
3370328, 336, 332, 337, 340, 
3370359, 332, 332, 339, 338, 
3370392, 330, 331, 339, 338, 
3370424, 324, 331, 338, 338, 
3370457, 325, 333, 337, 339, 
3370488, 334, 337, 334, 340, 
3370521, 343, 340, 333, 339, 
3370553, 348, 344, 333, 340, 
3370586, 349, 343, 333, 338, 
3370617, 348, 342, 333, 339, 
3370650, 346, 341, 334, 340, 
3370682, 344, 339, 336, 337, 
3370715, 342, 340, 336, 340, 
3370746, 341, 338, 337, 338, 
3370778, 340, 339, 338, 339, 
3370811, 340, 338, 339, 337, 
3370843, 338, 338, 340, 339, 
3370875, 337, 338, 339, 338, 
3370907, 337, 338, 339, 339, 
3370940, 337, 337, 339, 338, 
3370972, 336, 337, 339, 340, 
3371004, 335, 336, 339, 339, 
3371036, 334, 338, 339, 338, 
3371069, 335, 336, 339, 338, 
3371101, 337, 336, 340, 338, 
3371133, 333, 331, 338, 338, 
3371165, 321, 339, 336, 334, 
3371198, 335, 336, 339, 337, 
3371230, 337, 335, 339, 335, 
3371262, 336, 333, 339, 338, 
3371294, 334, 334, 339, 338, 
3371327, 331, 333, 339, 337, 
3371359, 328, 331, 340, 337, 
3371392, 323, 329, 338, 338, 
3371423, 322, 331, 338, 336, 
3371456, 330, 336, 338, 338, 
3371488, 340, 339, 339, 337, 
3371521, 346, 341, 339, 338, 
3371552, 347, 341, 339, 337, 
3371585, 346, 341, 339, 337, 
3371617, 345, 339, 339, 336, 
3371650, 344, 339, 339, 337, 
3371681, 342, 339, 339, 336, 
3371714, 341, 338, 339, 337, 
3371746, 340, 338, 337, 337, 
3371778, 339, 337, 338, 335, 
3371810, 338, 337, 339, 335, 
3371842, 338, 337, 338, 334, 
3371875, 337, 337, 338, 336, 
3371907, 338, 337, 338, 334, 
3371939, 336, 337, 338, 335, 
3371971, 336, 336, 338, 335, 
3372004, 335, 336, 338, 334, 
3372036, 334, 336, 338, 335, 
3372068, 333, 336, 338, 333, 
3372100, 335, 338, 337, 335, 
3372133, 337, 336, 337, 335, 
3372165, 324, 328, 337, 335, 
3372197, 325, 340, 333, 332, 
3372229, 335, 335, 337, 334, 
3372262, 337, 335, 337, 336, 
3372294, 336, 334, 338, 335, 
3372326, 333, 333, 338, 336, 
3372358, 329, 332, 338, 335, 
3372391, 325, 330, 337, 335, 
3372423, 320, 330, 338, 335, 
3372455, 323, 333, 337, 335, 
3372487, 333, 337, 337, 335, 
3372520, 343, 340, 338, 336, 
3372552, 347, 341, 338, 336, 
3372584, 348, 341, 338, 336, 
3372616, 347, 340, 338, 335, 
3372649, 346, 340, 338, 335, 
3372681, 343, 339, 337, 335, 
3372713, 342, 339, 338, 335, 
3372745, 341, 338, 337, 335, 
3372778, 341, 338, 338, 335, 
3372810, 339, 338, 337, 335, 
3372841, 338, 337, 338, 335, 
3372874, 337, 337, 338, 335, 
3372906, 337, 337, 337, 335, 
3372939, 337, 338, 338, 336, 
3372971, 336, 337, 338, 333, 
3373003, 337, 336, 338, 334, 
3373035, 335, 337, 337, 334, 
3373068, 335, 335, 337, 335, 
3373100, 332, 337, 337, 334, 
3373132, 334, 336, 336, 335, 
3373164, 336, 337, 336, 335, 
3373197, 334, 333, 336, 334, 
3373229, 318, 337, 333, 332, 
3373261, 334, 337, 335, 333, 
3373293, 335, 335, 336, 334, 
3373326, 335, 334, 336, 335, 
3373358, 333, 334, 338, 334, 
3373390, 331, 332, 337, 335, 
3373422, 328, 331, 337, 335, 
3373455, 325, 330, 337, 336, 
3373487, 321, 331, 336, 336, 
3373519, 328, 334, 337, 335, 
3373551, 339, 339, 338, 334, 
3373584, 346, 342, 337, 336, 
3373616, 347, 343, 338, 335, 
3373648, 347, 341, 337, 336, 
3373680, 346, 340, 337, 336, 
3373713, 343, 339, 337, 336, 
3373745, 342, 339, 337, 335, 
3373777, 341, 339, 336, 335, 
3373809, 340, 339, 337, 336, 
3373841, 339, 338, 337, 335, 
3373874, 338, 338, 338, 335, 
3373905, 338, 337, 337, 335, 
3373938, 337, 336, 337, 335, 
3373970, 337, 336, 337, 335, 
3374003, 336, 336, 337, 335, 
3374034, 336, 335, 337, 334, 
3374067, 334, 336, 337, 335, 
3374099, 332, 336, 337, 335, 
3374132, 335, 337, 337, 335, 
3374163, 336, 336, 337, 335, 
3374196, 320, 331, 335, 333, 
3374228, 328, 339, 334, 333, 
3374261, 335, 335, 336, 334, 
3374292, 336, 334, 337, 336, 
3374325, 335, 333, 337, 336, 
3374357, 332, 333, 337, 334, 
3374390, 331, 334, 338, 337, 
3374422, 323, 331, 336, 334, 
3374454, 321, 330, 336, 337, 
3374486, 323, 333, 336, 335, 
3374519, 336, 338, 337, 336, 
3374551, 344, 340, 337, 335, 
3374583, 347, 343, 337, 338, 
3374615, 347, 340, 337, 336, 
3374648, 347, 341, 337, 336, 
3374680, 345, 340, 337, 336, 
3374712, 342, 338, 337, 336, 
3374744, 341, 339, 337, 335, 
3374777, 341, 339, 337, 336, 
3374809, 340, 338, 337, 335, 
3374841, 338, 338, 337, 335, 
3374873, 338, 337, 337, 335, 
3374905, 338, 337, 336, 336, 
3374938, 336, 336, 336, 336, 
3374969, 336, 336, 336, 335, 
3375002, 336, 337, 338, 336, 
3375034, 337, 336, 336, 336, 
3375067, 334, 336, 336, 335, 
3375098, 332, 336, 337, 337, 
3375131, 334, 336, 336, 336, 
3375163, 337, 337, 336, 335, 
3375196, 329, 329, 335, 336, 
3375227, 321, 339, 333, 331, 
3375260, 335, 336, 336, 336, 
3375292, 336, 335, 337, 335, 
3375325, 336, 333, 336, 336, 
3375356, 333, 333, 337, 336, 
3375389, 331, 332, 337, 337, 
3375421, 327, 332, 337, 336, 
3375454, 322, 330, 336, 334, 
3375485, 322, 333, 336, 335, 
3375518, 332, 336, 336, 336, 
3375550, 341, 339, 336, 335, 
3375583, 347, 341, 337, 336, 
3375614, 348, 340, 337, 334, 
3375647, 347, 340, 337, 336, 
3375679, 345, 339, 337, 336, 
3375712, 343, 339, 336, 336, 
3375744, 342, 338, 337, 337, 
3375776, 340, 337, 336, 335, 
3375808, 340, 338, 337, 336, 
3375841, 338, 337, 336, 336, 
3375873, 338, 337, 336, 336, 
3375904, 337, 337, 335, 336, 
3375937, 337, 336, 337, 335, 
3375969, 337, 337, 337, 336, 
3376002, 336, 336, 338, 336, 
3376033, 334, 336, 336, 335, 
3376066, 333, 336, 336, 337, 
3376098, 334, 337, 337, 336, 
3376131, 336, 336, 336, 335, 
3376162, 331, 330, 336, 334, 
3376195, 321, 337, 334, 333, 
3376227, 335, 336, 336, 334, 
3376260, 337, 334, 338, 335, 
3376291, 335, 333, 337, 335, 
3376324, 333, 334, 338, 337, 
3376356, 331, 333, 337, 336, 
3376389, 327, 330, 337, 335, 
3376420, 323, 331, 337, 335, 
3376453, 322, 331, 336, 335, 
3376485, 331, 336, 336, 335, 
3376518, 340, 339, 337, 335, 
3376549, 346, 342, 337, 334, 
3376582, 347, 341, 337, 335, 
3376614, 347, 340, 337, 336, 
3376647, 345, 340, 336, 335, 
3376678, 344, 339, 337, 336, 
3376711, 341, 339, 336, 337, 
3376743, 340, 339, 336, 336, 
3376776, 340, 338, 336, 336, 
3376807, 339, 338, 336, 336, 
3376840, 339, 338, 337, 336, 
3376872, 338, 337, 336, 335, 
3376905, 338, 336, 338, 335, 
3376936, 337, 336, 335, 335, 
3376968, 332, 335, 335, 338, 
3377001, 328, 334, 329, 338, 
3377033, 324, 333, 329, 339, 
3377065, 332, 338, 336, 338, 
3377097, 330, 337, 333, 338, 
3377130, 339, 338, 342, 338, 
3377162, 317, 339, 335, 334, 
3377195, 336, 340, 341, 335, 
3377226, 339, 337, 338, 334, 
3377259, 336, 336, 336, 336, 
3377291, 337, 335, 334, 334, 
3377324, 332, 333, 327, 335, 
3377355, 330, 334, 330, 335, 
3377388, 325, 330, 329, 337, 
3377420, 317, 329, 326, 337, 
3377453, 329, 334, 330, 337, 
3377484, 341, 339, 334, 337, 
3377517, 347, 342, 334, 338, 
3377549, 351, 343, 335, 337, 
3377582, 348, 341, 335, 336, 
3377613, 349, 341, 338, 336, 
3377646, 346, 340, 337, 337, 
3377678, 343, 340, 336, 338, 
3377711, 344, 338, 337, 339, 
3377742, 341, 338, 337, 338, 
3377775, 340, 338, 339, 339, 
3377807, 340, 339, 340, 343, 
3377840, 338, 338, 339, 347, 
3377871, 337, 338, 340, 347, 
3377904, 335, 338, 340, 346, 
3377936, 335, 338, 341, 344, 
3377968, 333, 336, 340, 345, 
3378000, 330, 336, 340, 341, 
3378032, 334, 337, 342, 340, 
3378065, 336, 337, 341, 340, 
3378097, 338, 338, 341, 338, 
3378129, 317, 329, 340, 335, 
3378161, 329, 339, 338, 333, 
3378194, 335, 335, 339, 335, 
3378226, 335, 335, 339, 336, 
3378258, 336, 334, 339, 335, 
3378290, 332, 333, 338, 336, 
3378323, 330, 332, 339, 336, 
3378355, 323, 329, 337, 335, 
3378387, 317, 328, 336, 336, 
3378419, 324, 334, 336, 336, 
3378452, 336, 340, 338, 336, 
3378484, 340, 341, 336, 337, 
3378516, 355, 345, 340, 336, 
3378548, 348, 344, 329, 337, 
3378581, 353, 344, 326, 335, 
3378613, 349, 344, 324, 335, 
3378646, 348, 341, 326, 333, 
3378677, 341, 339, 330, 332, 
3378710, 341, 338, 333, 331, 
3378742, 340, 339, 340, 331, 
3378775, 339, 339, 342, 331, 
3378806, 339, 338, 345, 331, 
3378839, 336, 337, 347, 331, 
3378871, 333, 338, 349, 330, 
3378904, 334, 336, 347, 331, 
3378935, 334, 338, 347, 332, 
3378968, 334, 339, 347, 334, 
3379000, 336, 340, 345, 333, 
3379032, 340, 344, 345, 335, 
3379064, 318, 334, 341, 335, 
3379096, 330, 345, 338, 334, 
3379129, 333, 339, 338, 337, 
3379161, 334, 338, 339, 338, 
3379193, 337, 337, 341, 340, 
3379225, 335, 335, 340, 339, 
3379258, 335, 335, 341, 340, 
3379290, 323, 329, 338, 339, 
3379322, 324, 329, 340, 338, 
3379354, 328, 332, 338, 339, 
3379387, 337, 337, 339, 336, 
3379419, 346, 341, 340, 337, 
3379451, 349, 342, 339, 337, 
3379483, 348, 344, 339, 339, 
3379516, 350, 342, 340, 337, 
3379548, 345, 340, 336, 337, 
3379580, 348, 340, 339, 337, 
3379612, 342, 337, 341, 337, 
3379645, 339, 337, 338, 337, 
3379677, 343, 338, 339, 336, 
3379709, 340, 336, 339, 338, 
3379741, 342, 338, 338, 337, 
3379774, 340, 336, 339, 338, 
3379806, 333, 334, 337, 336, 
3379838, 337, 335, 335, 338, 
3379870, 332, 335, 337, 337, 
3379903, 341, 338, 338, 337, 
3379935, 314, 326, 334, 335, 
3379968, 331, 337, 335, 334, 
3379999, 334, 334, 335, 336, 
3380031, 333, 332, 336, 337, 
3380064, 336, 332, 335, 337, 
3380096, 333, 333, 337, 337, 
3380128, 332, 331, 336, 337, 
3380160, 319, 327, 335, 337, 
3380193, 321, 328, 336, 337, 
3380225, 324, 331, 333, 336, 
3380257, 338, 338, 336, 337, 
3380289, 344, 342, 336, 338, 
3380322, 351, 344, 338, 337, 
3380354, 346, 342, 336, 337, 
3380386, 350, 341, 337, 337, 
3380418, 345, 341, 336, 337, 
3380451, 343, 339, 336, 336, 
3380483, 344, 339, 337, 337, 
3380515, 339, 338, 336, 336, 
3380547, 339, 337, 336, 337, 
3380580, 340, 338, 337, 337, 
3380612, 340, 337, 336, 338, 
3380644, 338, 336, 338, 337, 
3380676, 336, 336, 336, 338, 
3380709, 334, 335, 336, 337, 
3380741, 332, 335, 338, 336, 
3380773, 336, 336, 336, 336, 
3380805, 336, 336, 336, 336, 
3380838, 330, 329, 336, 335, 
3380870, 320, 336, 333, 333, 
3380902, 338, 336, 336, 337, 
3380934, 338, 335, 337, 338, 
3380967, 336, 333, 337, 337, 
3380999, 337, 335, 337, 338, 
3381031, 330, 332, 336, 337, 
3381063, 329, 331, 338, 338, 
3381095, 318, 328, 336, 337, 
3381128, 326, 331, 337, 337, 
3381159, 331, 336, 336, 337, 
3381192, 346, 342, 338, 338, 
3381224, 344, 342, 337, 338, 
3381257, 347, 342, 338, 338, 
3381288, 350, 343, 337, 338, 
3381321, 346, 340, 337, 338, 
3381353, 347, 341, 338, 337, 
3381386, 341, 340, 337, 337, 
3381417, 341, 339, 337, 338, 
3381450, 340, 338, 338, 337, 
3381482, 337, 338, 336, 337, 
3381515, 342, 339, 339, 338, 
3381547, 337, 338, 338, 338, 
3381579, 337, 337, 337, 338, 
3381611, 335, 335, 336, 338, 
3381644, 333, 335, 338, 339, 
3381676, 334, 335, 336, 338, 
3381708, 334, 337, 337, 339, 
3381740, 336, 335, 338, 337, 
3381773, 315, 331, 333, 334, 
3381805, 333, 338, 336, 336, 
3381837, 337, 335, 338, 337, 
3381869, 333, 333, 338, 337, 
3381902, 337, 334, 336, 339, 
3381934, 331, 332, 336, 338, 
3381966, 328, 331, 336, 337, 
3381998, 321, 328, 336, 338, 
3382031, 321, 328, 337, 335, 
3382063, 323, 331, 338, 337, 
3382094, 340, 340, 340, 337, 
3382127, 344, 340, 337, 337, 
3382159, 349, 343, 339, 338, 
3382192, 351, 343, 339, 338, 
3382223, 345, 343, 338, 337, 
3382256, 348, 342, 338, 336, 
3382288, 340, 338, 336, 337, 
3382321, 343, 340, 335, 337, 
3382352, 339, 339, 337, 337, 
3382385, 336, 336, 337, 337, 
3382417, 345, 340, 339, 337, 
3382450, 335, 337, 338, 338, 
3382481, 341, 338, 337, 336, 
3382514, 334, 336, 338, 336, 
3382546, 334, 338, 337, 337, 
3382579, 331, 336, 335, 336, 
3382610, 336, 337, 336, 335, 
3382643, 340, 337, 340, 336, 
3382675, 317, 334, 335, 332, 
3382708, 336, 338, 336, 335, 
3382739, 337, 336, 336, 336, 
3382772, 336, 335, 337, 338, 
3382804, 336, 336, 338, 338, 
3382837, 329, 332, 337, 339, 
3382868, 330, 332, 338, 338, 
3382901, 320, 328, 335, 337, 
3382933, 324, 330, 336, 337, 
3382966, 328, 335, 335, 338, 
3382998, 340, 340, 336, 337, 
3383030, 348, 343, 338, 338, 
3383062, 349, 344, 339, 337, 
3383095, 349, 343, 337, 337, 
3383127, 345, 341, 339, 336, 
3383158, 344, 341, 337, 336, 
3383191, 342, 339, 337, 336, 
3383223, 342, 339, 338, 336, 
3383256, 342, 340, 337, 336, 
3383287, 339, 339, 337, 336, 
3383320, 340, 337, 338, 336, 
3383352, 337, 338, 337, 336, 
3383385, 333, 336, 337, 336, 
3383416, 336, 337, 336, 336, 
3383449, 338, 338, 337, 336, 
3383481, 333, 331, 337, 337, 
3383514, 319, 335, 332, 333, 
3383545, 336, 336, 338, 336, 
3383578, 337, 335, 337, 337, 
3383610, 337, 334, 338, 338, 
3383643, 336, 335, 338, 337, 
3383674, 329, 331, 337, 337, 
3383707, 327, 330, 339, 337, 
3383739, 321, 328, 337, 337, 
3383772, 321, 329, 336, 336, 
3383803, 336, 338, 337, 336, 
3383836, 340, 339, 338, 337, 
3383868, 350, 342, 339, 338, 
3383901, 347, 342, 338, 337, 
3383932, 350, 343, 337, 337, 
3383965, 345, 341, 338, 337, 
3383997, 345, 340, 337, 337, 
3384030, 342, 340, 338, 337, 
3384061, 342, 340, 337, 337, 
3384094, 342, 339, 337, 337, 
3384126, 337, 337, 339, 337, 
3384158, 342, 339, 337, 337, 
3384190, 334, 335, 337, 336, 
3384222, 336, 336, 338, 336, 
3384255, 333, 335, 337, 337, 
