287, 337, 336, 338, 337, 
30
3095191, 336, 335, 337, 338, 
3095224, 316, 336, 335, 334, 
3095256, 334, 338, 337, 337, 
3095287, 337, 336, 338, 337, 
30???b???b???b???b???bj
3095352, 336, 335, 338, 338, 
3095385, 333, 334, 338, 338, 
3095416, 329, 332, 338, 338, 
3095449, 324, 330, 336, 338, 
3095481, 322, 331, 338, 338, 
3095514, 330, 336, 338, 338, 
3095545, 341, 341, 338, 338, 
3095578, 347, 344, 340, 339, 
3095610, 349, 343, 339, 339, 
3095643, 350, 343, 339, 339, 
3095674, 347, 342, 338, 338, 
3095707, 345, 341, 338, 338, 
3095739, 344, 341, 338, 340, 
3095772, 341, 340, 338, 339, 
3095803, 341, 339, 338, 338, 
3095836, 340, 339, 338, 338, 
3095868, 340, 339, 338, 338, 
3095901, 339, 338, 339, 338, 
3095932, 339, 339, 338, 337, 
3095965, 338, 338, 339, 338, 
3095997, 338, 338, 338, 337, 
3096030, 336, 338, 339, 338, 
3096061, 337, 337, 338, 338, 
3096094, 334, 337, 338, 338, 
3096126, 335, 337, 338, 338, 
3096159, 337, 338, 338, 337, 
3096190, 337, 336, 339, 338, 
3096223, 319, 334, 336, 335, 
3096255, 335, 338, 336, 336, 
3096288, 337, 337, 338, 337, 
3096320, 337, 336, 338, 338, 
3096351, 335, 335, 338, 337, 
3096384, 333, 334, 337, 337, 
3096416, 329, 332, 338, 338, 
3096449, 325, 331, 338, 337, 
3096480, 322, 331, 337, 337, 
3096513, 330, 335, 337, 338, 
3096545, 340, 340, 338, 338, 
3096578, 348, 344, 338, 338, 
3096609, 349, 344, 339, 338, 
3096642, 348, 343, 339, 339, 
3096674, 346, 343, 338, 338, 
3096707, 345, 342, 339, 338, 
3096738, 342, 341, 338, 338, 
3096771, 342, 340, 338, 338, 
3096803, 342, 338, 338, 338, 
3096836, 340, 339, 338, 338, 
3096867, 340, 339, 338, 338, 
3096900, 338, 339, 338, 338, 
3096932, 338, 339, 337, 338, 
3096965, 338, 338, 338, 338, 
3096996, 337, 338, 338, 337, 
3097029, 335, 336, 338, 338, 
3097061, 332, 337, 338, 338, 
3097094, 334, 337, 337, 337, 
3097125, 337, 338, 338, 337, 
3097158, 338, 338, 338, 338, 
3097190, 319, 329, 336, 336, 
3097223, 329, 340, 336, 335, 
3097254, 335, 337, 338, 338, 
3097287, 336, 336, 337, 337, 
3097319, 336, 335, 337, 337, 
3097351, 334, 334, 338, 337, 
3097383, 330, 333, 337, 340, 
3097415, 326, 330, 337, 337, 
3097448, 321, 329, 337, 337, 
3097480, 327, 334, 337, 337, 
3097512, 338, 339, 339, 338, 
3097544, 346, 342, 339, 338, 
3097577, 350, 343, 339, 339, 
3097609, 349, 344, 340, 338, 
3097641, 348, 342, 339, 337, 
3097673, 345, 342, 340, 338, 
3097706, 343, 340, 339, 338, 
3097738, 342, 340, 338, 339, 
3097771, 341, 339, 339, 338, 
3097802, 338, 339, 339, 338, 
3097835, 340, 339, 338, 339, 
3097867, 338, 339, 339, 339, 
3097900, 337, 340, 338, 338, 
3097931, 337, 339, 338, 338, 
3097964, 337, 339, 339, 338, 
3097996, 337, 339, 338, 338, 
3098029, 337, 339, 338, 338, 
3098060, 335, 338, 337, 337, 
3098093, 333, 337, 337, 337, 
3098125, 335, 337, 337, 338, 
3098158, 337, 338, 337, 336, 
3098189, 337, 336, 337, 337, 
3098222, 316, 334, 336, 333, 
3098254, 333, 339, 337, 335, 
3098287, 337, 337, 338, 338, 
3098318, 336, 335, 337, 337, 
3098351, 335, 335, 338, 337, 
3098383, 334, 334, 337, 337, 
3098415, 329, 332, 337, 336, 
3098447, 324, 330, 338, 338, 
3098479, 321, 330, 337, 337, 
3098512, 328, 334, 338, 337, 
3098544, 339, 340, 338, 338, 
3098576, 346, 342, 339, 339, 
3098608, 349, 343, 338, 338, 
3098641, 349, 343, 338, 338, 
3098673, 347, 342, 338, 339, 
3098705, 345, 341, 338, 339, 
3098737, 344, 341, 338, 338, 
3098770, 342, 340, 338, 338, 
3098802, 340, 339, 338, 338, 
3098834, 340, 338, 337, 338, 
3098866, 340, 339, 338, 339, 
3098899, 338, 338, 337, 338, 
3098931, 339, 338, 338, 338, 
3098963, 337, 338, 338, 337, 
3098995, 337, 337, 338, 338, 
3099028, 335, 337, 338, 338, 
3099060, 335, 336, 337, 339, 
3099092, 334, 336, 338, 338, 
3099124, 334, 337, 338, 338, 
3099157, 337, 337, 338, 338, 
3099189, 334, 334, 337, 339, 
3099222, 319, 336, 335, 334, 
3099253, 336, 338, 337, 336, 
3099286, 337, 336, 338, 337, 
3099318, 336, 335, 337, 337, 
3099351, 336, 334, 338, 338, 
3099382, 332, 333, 338, 338, 
3099414, 327, 331, 338, 338, 
3099447, 323, 329, 339, 337, 
3099479, 322, 331, 338, 337, 
3099511, 331, 336, 338, 338, 
3099543, 342, 341, 338, 339, 
3099576, 347, 343, 339, 337, 
3099608, 349, 344, 339, 338, 
3099640, 347, 342, 338, 338, 
3099672, 346, 342, 338, 338, 
3099705, 344, 341, 338, 338, 
3099737, 342, 339, 338, 338, 
3099769, 342, 340, 338, 338, 
3099801, 340, 339, 338, 338, 
3099834, 339, 338, 338, 338, 
3099866, 339, 338, 338, 338, 
3099898, 338, 339, 339, 338, 
3099930, 338, 337, 338, 338, 
3099963, 338, 338, 338, 338, 
3099995, 337, 337, 338, 338, 
3100027, 337, 337, 339, 338, 
3100059, 335, 336, 337, 337, 
3100092, 333, 336, 338, 337, 
3100124, 335, 337, 337, 338, 
3100156, 337, 338, 338, 338, 
3100188, 336, 336, 337, 337, 
3100221, 316, 336, 335, 333, 
3100253, 335, 338, 337, 336, 
3100285, 337, 336, 337, 338, 
3100317, 337, 335, 338, 337, 
3100350, 335, 335, 338, 337, 
3100382, 334, 335, 338, 336, 
3100414, 329, 332, 337, 338, 
3100446, 324, 330, 337, 337, 
3100478, 322, 331, 337, 337, 
3100511, 330, 337, 338, 337, 
3100542, 342, 341, 338, 338, 
3100575, 348, 343, 338, 337, 
3100607, 349, 343, 338, 338, 
3100640, 349, 342, 339, 338, 
3100672, 346, 342, 340, 338, 
3100704, 345, 340, 338, 338, 
3100736, 343, 340, 339, 338, 
3100769, 342, 340, 338, 338, 
3100801, 341, 340, 338, 338, 
3100833, 341, 339, 338, 339, 
3100865, 339, 339, 338, 338, 
3100898, 338, 339, 338, 338, 
3100930, 337, 339, 337, 338, 
3100962, 336, 337, 337, 338, 
3100994, 337, 337, 337, 337, 
3101027, 337, 336, 338, 337, 
3101059, 337, 337, 337, 338, 
3101091, 336, 337, 336, 337, 
3101123, 335, 337, 335, 338, 
3101156, 334, 337, 338, 338, 
3101188, 334, 339, 336, 337, 
3101220, 337, 338, 337, 338, 
3101252, 336, 335, 336, 337, 
3101285, 316, 335, 334, 334, 
3101317, 335, 337, 336, 336, 
3101349, 337, 336, 336, 337, 
3101381, 337, 335, 337, 337, 
3101414, 334, 334, 337, 337, 
3101446, 333, 333, 338, 338, 
3101477, 328, 331, 337, 338, 
3101510, 324, 330, 337, 337, 
3101542, 323, 330, 337, 337, 
3101575, 329, 335, 338, 337, 
3101606, 341, 341, 338, 337, 
3101639, 347, 345, 339, 338, 
3101671, 349, 343, 339, 338, 
3101704, 347, 342, 339, 338, 
3101735, 347, 341, 338, 338, 
3101768, 344, 341, 339, 338, 
3101800, 344, 341, 339, 338, 
3101833, 342, 340, 339, 338, 
3101864, 341, 340, 339, 338, 
3101897, 340, 339, 339, 338, 
3101929, 339, 338, 339, 339, 
3101962, 338, 338, 339, 338, 
3101993, 337, 337, 339, 339, 
3102026, 337, 337, 339, 337, 
3102058, 337, 337, 340, 337, 
3102091, 337, 337, 340, 337, 
3102123, 337, 336, 341, 338, 
3102155, 335, 336, 340, 337, 
3102187, 335, 337, 340, 338, 
3102220, 337, 337, 340, 338, 
3102252, 337, 335, 340, 338, 
3102284, 318, 333, 336, 335, 
3102316, 334, 337, 337, 336, 
3102349, 337, 335, 337, 337, 
3102381, 337, 336, 338, 339, 
3102413, 335, 335, 337, 338, 
3102445, 333, 333, 337, 337, 
3102478, 329, 331, 336, 337, 
3102510, 324, 330, 337, 337, 
3102541, 322, 330, 336, 337, 
3102574, 328, 335, 337, 337, 
3102606, 340, 340, 337, 337, 
3102639, 346, 342, 336, 338, 
3102670, 349, 343, 338, 338, 
3102703, 350, 343, 338, 337, 
3102735, 348, 342, 338, 337, 
3102768, 345, 341, 338, 337, 
3102799, 343, 340, 338, 337, 
3102832, 342, 341, 338, 337, 
3102864, 342, 339, 338, 338, 
3102897, 341, 339, 339, 338, 
3102928, 339, 339, 337, 337, 
3102961, 339, 338, 338, 337, 
3102993, 338, 339, 338, 338, 
3103026, 338, 338, 338, 336, 
3103057, 337, 338, 338, 337, 
3103090, 337, 338, 338, 337, 
3103122, 337, 338, 338, 338, 
3103155, 335, 337, 338, 337, 
3103186, 333, 337, 337, 338, 
3103219, 336, 337, 338, 337, 
3103251, 337, 338, 338, 338, 
3103284, 334, 333, 336, 337, 
3103315, 317, 337, 334, 334, 
3103348, 335, 337, 337, 338, 
3103380, 336, 335, 337, 337, 
3103413, 337, 335, 338, 337, 
3103444, 335, 334, 338, 338, 
3103477, 332, 333, 337, 337, 
3103509, 328, 331, 337, 337, 
3103541, 324, 330, 338, 338, 
3103574, 322, 331, 338, 337, 
3103605, 331, 337, 339, 338, 
3103638, 342, 341, 338, 338, 
3103670, 347, 344, 339, 339, 
3103703, 349, 343, 338, 339, 
3103734, 348, 343, 339, 338, 
3103767, 346, 342, 338, 338, 
3103799, 345, 341, 339, 338, 
3103832, 343, 340, 338, 338, 
3103863, 342, 340, 338, 338, 
3103896, 341, 341, 338, 337, 
3103928, 339, 339, 338, 336, 
3103961, 339, 338, 338, 338, 
3103992, 338, 338, 338, 337, 
3104025, 338, 339, 338, 338, 
3104057, 336, 338, 338, 337, 
3104090, 338, 338, 338, 339, 
3104121, 336, 337, 337, 338, 
3104154, 336, 338, 337, 337, 
3104186, 337, 337, 338, 338, 
3104219, 335, 336, 338, 337, 
3104250, 333, 336, 338, 337, 
3104283, 335, 337, 338, 337, 
3104315, 337, 337, 338, 337, 
3104348, 337, 335, 337, 337, 
3104379, 317, 334, 335, 334, 
3104412, 333, 339, 337, 336, 
3104444, 337, 336, 337, 337, 
3104477, 337, 335, 338, 337, 
3104508, 335, 335, 338, 338, 
3104541, 333, 334, 338, 337, 
3104573, 329, 332, 338, 337, 
3104605, 324, 330, 338, 337, 
3104637, 322, 331, 338, 337, 
3104669, 329, 335, 338, 337, 
3104702, 341, 340, 339, 338, 
3104734, 347, 343, 340, 338, 
3104766, 350, 344, 340, 339, 
3104798, 348, 343, 339, 338, 
3104831, 347, 343, 339, 338, 
3104863, 345, 341, 339, 339, 
3104896, 344, 342, 339, 338, 
3104927, 342, 342, 339, 339, 
3104960, 341, 340, 340, 338, 
3104992, 341, 339, 339, 338, 
3105025, 340, 338, 338, 338, 
3105056, 339, 339, 338, 338, 
3105089, 338, 338, 338, 338, 
3105121, 337, 337, 338, 338, 
3105154, 336, 337, 338, 338, 
3105185, 336, 337, 338, 339, 
3105218, 335, 338, 339, 337, 
3105250, 334, 336, 338, 337, 
3105283, 335, 337, 338, 337, 
3105314, 337, 337, 338, 337, 
3105347, 331, 331, 337, 337, 
3105379, 321, 338, 335, 334, 
3105412, 336, 337, 337, 337, 
3105443, 337, 336, 338, 337, 
3105476, 337, 335, 338, 336, 
3105508, 335, 334, 339, 337, 
3105541, 332, 333, 338, 338, 
3105572, 328, 331, 339, 339, 
3105604, 323, 330, 337, 338, 
3105637, 323, 332, 337, 337, 
3105669, 333, 337, 338, 338, 
3105701, 343, 341, 338, 338, 
3105733, 349, 343, 339, 339, 
3105766, 349, 343, 339, 338, 
3105798, 348, 342, 339, 338, 
3105830, 346, 342, 338, 338, 
3105862, 345, 341, 339, 338, 
3105895, 344, 340, 338, 338, 
3105927, 341, 340, 338, 338, 
3105959, 340, 339, 338, 338, 
3105991, 339, 339, 338, 338, 
3106024, 339, 338, 338, 338, 
3106056, 338, 338, 338, 338, 
3106088, 338, 338, 339, 338, 
3106120, 338, 337, 338, 338, 
3106153, 337, 337, 338, 338, 
3106185, 337, 338, 337, 337, 
3106217, 337, 337, 338, 337, 
3106249, 336, 337, 337, 337, 
3106282, 334, 336, 338, 337, 
3106314, 333, 337, 338, 338, 
3106347, 335, 338, 338, 337, 
3106378, 338, 338, 338, 337, 
3106411, 332, 331, 338, 336, 
3106443, 319, 339, 336, 333, 
3106476, 336, 337, 337, 336, 
3106507, 338, 336, 339, 337, 
3106540, 336, 335, 338, 337, 
3106572, 335, 335, 338, 337, 
3106605, 332, 333, 338, 337, 
3106636, 328, 331, 338, 337, 
3106668, 322, 330, 337, 337, 
3106701, 322, 331, 337, 338, 
3106733, 332, 337, 338, 337, 
3106765, 343, 341, 338, 337, 
3106797, 348, 344, 339, 338, 
3106830, 349, 343, 339, 339, 
3106862, 348, 343, 339, 338, 
3106894, 346, 342, 339, 338, 
3106926, 345, 340, 339, 339, 
3106959, 343, 339, 338, 337, 
3106991, 342, 339, 338, 338, 
3107023, 341, 339, 338, 337, 
3107055, 341, 339, 338, 337, 
3107088, 339, 338, 338, 337, 
3107120, 339, 338, 338, 336, 
3107152, 339, 337, 338, 337, 
3107184, 339, 337, 338, 337, 
3107217, 337, 337, 340, 338, 
3107249, 338, 337, 339, 338, 
3107281, 337, 337, 339, 337, 
3107313, 336, 337, 338, 337, 
3107346, 336, 336, 339, 337, 
3107378, 333, 337, 338, 337, 
3107410, 334, 337, 339, 337, 
3107442, 337, 338, 338, 338, 
3107475, 337, 335, 338, 337, 
3107507, 318, 335, 336, 335, 
3107539, 334, 338, 337, 336, 
3107571, 337, 336, 338, 337, 
3107604, 336, 336, 338, 337, 
3107636, 335, 334, 338, 337, 
3107667, 332, 333, 339, 338, 
3107700, 329, 332, 339, 337, 
3107732, 325, 331, 338, 337, 
3107765, 323, 330, 337, 338, 
3107796, 330, 335, 337, 338, 
3107829, 340, 341, 339, 339, 
3107861, 346, 343, 338, 339, 
3107894, 348, 344, 339, 338, 
3107926, 348, 344, 337, 339, 
3107958, 346, 342, 337, 337, 
3107990, 345, 341, 336, 337, 
3108023, 343, 340, 335, 337, 
3108055, 342, 341, 334, 336, 
3108087, 340, 339, 333, 337, 
3108119, 340, 341, 332, 337, 
3108152, 339, 339, 332, 337, 
3108184, 338, 339, 331, 337, 
3108216, 338, 339, 330, 337, 
3108248, 338, 337, 332, 338, 
3108281, 337, 339, 332, 338, 
3108313, 337, 338, 333, 337, 
3108345, 335, 337, 333, 338, 
3108377, 334, 339, 334, 338, 
3108410, 335, 338, 335, 337, 
3108442, 337, 338, 335, 338, 
3108474, 336, 335, 336, 338, 
3108506, 318, 336, 335, 335, 
3108539, 335, 338, 336, 337, 
3108571, 337, 336, 336, 338, 
3108603, 336, 336, 337, 338, 
3108635, 335, 335, 337, 338, 
3108668, 333, 334, 338, 339, 
3108700, 328, 332, 338, 338, 
3108731, 324, 331, 338, 338, 
3108764, 323, 332, 338, 338, 
3108796, 330, 335, 338, 338, 
3108829, 341, 342, 339, 339, 
3108860, 346, 344, 340, 339, 
3108893, 348, 344, 340, 338, 
3108925, 348, 343, 339, 338, 
3108958, 346, 342, 339, 338, 
3108989, 344, 341, 338, 338, 
3109022, 343, 340, 339, 338, 
3109054, 341, 338, 338, 337, 
3109087, 340, 337, 338, 336, 
3109118, 339, 337, 338, 336, 
3109151, 339, 336, 338, 336, 
3109183, 339, 337, 337, 337, 
3109216, 338, 337, 338, 337, 
3109248, 338, 337, 338, 337, 
3109280, 337, 337, 338, 337, 
3109312, 337, 337, 338, 337, 
3109345, 336, 337, 339, 338, 
3109377, 335, 337, 340, 338, 
3109409, 336, 338, 340, 338, 
3109441, 337, 338, 339, 338, 
3109474, 335, 335, 339, 337, 
3109506, 318, 337, 337, 334, 
3109538, 335, 338, 339, 337, 
3109570, 337, 338, 339, 338, 
3109603, 337, 335, 338, 337, 
3109635, 336, 335, 339, 338, 
3109667, 333, 333, 339, 337, 
3109699, 330, 332, 338, 337, 
3109731, 324, 331, 337, 337, 
3109764, 322, 331, 338, 337, 
3109795, 331, 336, 338, 338, 
3109828, 342, 342, 340, 339, 
3109860, 348, 344, 339, 339, 
3109893, 349, 343, 339, 339, 
3109924, 348, 343, 339, 338, 
3109957, 347, 342, 339, 339, 
3109989, 345, 342, 340, 339, 
3110022, 342, 340, 339, 338, 
3110053, 341, 339, 339, 338, 
3110086, 340, 340, 339, 338, 
3110118, 339, 339, 339, 338, 
3110151, 339, 338, 339, 339, 
3110182, 339, 338, 339, 338, 
3110215, 338, 338, 338, 338, 
3110247, 338, 338, 338, 338, 
3110280, 337, 337, 338, 339, 
3110311, 337, 339, 338, 338, 
3110344, 336, 337, 338, 338, 
3110376, 334, 337, 337, 339, 
3110409, 333, 337, 339, 338, 
3110440, 336, 338, 338, 338, 
3110473, 338, 337, 338, 339, 
3110505, 318, 331, 336, 337, 
3110538, 330, 339, 336, 335, 
3110569, 337, 337, 338, 338, 
3110602, 337, 335, 339, 339, 
3110634, 337, 335, 340, 338, 
3110667, 333, 334, 338, 338, 
3110699, 331, 332, 338, 337, 
3110731, 325, 331, 337, 337, 
3110763, 322, 330, 338, 338, 
3110795, 326, 334, 338, 338, 
3110828, 338, 340, 339, 339, 
3110859, 346, 344, 340, 340, 
3110892, 349, 344, 341, 339, 
3110924, 349, 345, 338, 339, 
3110957, 348, 344, 339, 339, 
3110988, 345, 342, 338, 339, 
3111021, 344, 341, 337, 340, 
3111053, 342, 340, 338, 338, 
3111086, 341, 340, 338, 338, 
3111117, 340, 339, 338, 339, 
3111150, 339, 339, 337, 338, 
3111182, 339, 338, 338, 338, 
3111215, 338, 338, 338, 339, 
3111246, 338, 338, 338, 337, 
3111279, 337, 337, 338, 338, 
3111311, 337, 337, 338, 337, 
3111344, 338, 337, 338, 338, 
3111375, 336, 337, 338, 338, 
3111408, 334, 336, 337, 337, 
3111440, 334, 336, 338, 337, 
3111473, 335, 336, 336, 337, 
3111504, 337, 337, 336, 336, 
3111537, 334, 331, 336, 337, 
3111569, 318, 336, 334, 334, 
3111602, 335, 336, 336, 336, 
3111633, 337, 335, 336, 337, 
3111666, 337, 334, 336, 338, 
3111698, 335, 333, 337, 337, 
3111731, 332, 332, 338, 337, 
3111762, 327, 331, 337, 337, 
3111794, 323, 329, 337, 337, 
3111827, 323, 332, 337, 337, 
3111859, 330, 336, 338, 337, 
3111891, 343, 340, 337, 338, 
3111923, 347, 342, 339, 338, 
3111956, 349, 343, 339, 338, 
3111988, 348, 342, 339, 338, 
3112020, 347, 342, 339, 337, 
3112052, 345, 340, 339, 337, 
3112085, 343, 340, 339, 338, 
3112117, 342, 339, 338, 338, 
3112150, 341, 338, 338, 338, 
3112181, 341, 338, 338, 338, 
3112214, 339, 337, 338, 338, 
3112246, 338, 337, 339, 338, 
3112279, 338, 337, 339, 338, 
3112310, 338, 336, 339, 338, 
3112343, 337, 336, 339, 335, 
3112375, 336, 336, 338, 339, 
3112408, 335, 336, 338, 340, 
3112439, 334, 334, 336, 339, 
3112472, 332, 333, 337, 338, 
3112504, 333, 334, 335, 339, 
3112537, 335, 331, 336, 339, 
3112568, 334, 322, 332, 339, 
3112601, 318, 324, 332, 337, 
3112633, 334, 327, 328, 338, 
3112666, 337, 328, 330, 340, 
3112697, 335, 329, 330, 339, 
3112730, 333, 330, 330, 340, 
3112762, 333, 331, 335, 340, 
3112795, 329, 331, 333, 340, 
3112826, 324, 330, 334, 340, 
3112858, 324, 332, 335, 340, 
3112891, 330, 337, 329, 340, 
3112923, 340, 342, 334, 341, 
3112955, 347, 344, 332, 341, 
3112987, 349, 346, 340, 343, 
3113020, 349, 345, 334, 344, 
3113052, 348, 346, 341, 345, 
3113084, 347, 345, 335, 347, 
3113116, 344, 345, 336, 348, 
3113149, 343, 344, 336, 347, 
3113181, 342, 344, 338, 346, 
3113213, 340, 343, 338, 344, 
3113245, 339, 343, 335, 341, 
3113278, 339, 341, 343, 340, 
3113310, 337, 341, 342, 339, 
3113342, 337, 341, 347, 337, 
3113374, 335, 339, 350, 336, 
3113407, 335, 339, 354, 336, 
3113439, 335, 340, 354, 335, 
3113472, 337, 340, 361, 336, 
3113503, 334, 336, 358, 335, 
3113536, 320, 339, 354, 333, 
3113568, 336, 340, 356, 335, 
3113601, 336, 339, 352, 335, 
3113632, 337, 339, 350, 335, 
3113665, 334, 336, 347, 335, 
3113697, 331, 335, 342, 335, 
3113730, 328, 333, 344, 335, 
3113761, 322, 332, 336, 335, 
3113794, 320, 332, 331, 335, 
3113826, 330, 338, 333, 335, 
3113858, 340, 343, 337, 336, 
3113890, 347, 345, 330, 337, 
3113922, 348, 347, 340, 339, 
3113955, 347, 345, 334, 338, 
3113987, 347, 346, 332, 339, 
3114019, 345, 345, 344, 340, 
3114051, 342, 344, 333, 342, 
3114084, 342, 344, 340, 344, 
3114116, 341, 344, 341, 347, 
3114148, 340, 342, 338, 349, 
3114180, 340, 341, 338, 352, 
3114213, 338, 339, 340, 355, 
3114245, 339, 338, 332, 356, 
3114277, 339, 338, 339, 354, 
3114309, 339, 337, 336, 351, 
3114342, 339, 337, 334, 348, 
3114374, 337, 336, 337, 345, 
3114406, 335, 336, 332, 342, 
3114438, 334, 335, 336, 339, 
3114471, 337, 336, 337, 337, 
3114503, 338, 336, 339, 336, 
3114535, 325, 327, 333, 334, 
3114567, 326, 338, 336, 331, 
3114600, 336, 336, 336, 333, 
3114632, 337, 335, 337, 333, 
3114664, 338, 335, 339, 333, 
3114696, 334, 335, 336, 333, 
3114729, 332, 333, 339, 333, 
3114761, 327, 330, 337, 333, 
3114793, 323, 329, 338, 332, 
3114825, 324, 332, 333, 332, 
3114858, 335, 337, 338, 332, 
3114890, 343, 340, 334, 332, 
3114921, 348, 342, 339, 333, 
3114954, 348, 342, 333, 333, 
3114986, 347, 343, 341, 333, 
3115019, 345, 341, 339, 333, 
3115051, 344, 340, 340, 334, 
3115083, 343, 341, 341, 333, 
3115115, 341, 339, 336, 333, 
3115148, 340, 339, 338, 332, 
3115180, 339, 338, 338, 332, 
3115212, 338, 338, 336, 332, 
3115244, 337, 338, 337, 332, 
3115277, 337, 338, 338, 332, 
3115309, 336, 338, 338, 332, 
3115341, 336, 337, 338, 332, 
3115373, 337, 338, 337, 333, 
3115406, 336, 337, 337, 331, 
3115438, 336, 337, 337, 333, 
3115470, 336, 337, 337, 332, 
3115502, 334, 336, 337, 334, 
3115535, 333, 337, 337, 334, 
3115567, 333, 337, 336, 334, 
3115599, 336, 338, 338, 335, 
3115631, 335, 336, 336, 335, 
3115664, 318, 334, 334, 333, 
3115696, 334, 338, 334, 333, 
3115728, 337, 336, 337, 335, 
3115760, 336, 336, 338, 336, 
3115793, 335, 335, 337, 335, 
3115825, 333, 333, 339, 335, 
3115857, 330, 332, 337, 336, 
3115889, 325, 330, 336, 335, 
3115921, 323, 330, 336, 336, 
3115954, 328, 334, 334, 336, 
3115985, 339, 339, 338, 335, 
3116018, 346, 343, 338, 336, 
3116050, 348, 344, 338, 336, 
3116083, 348, 343, 339, 336, 
3116114, 346, 342, 339, 336, 
3116147, 345, 341, 337, 336, 
3116179, 344, 340, 339, 336, 
3116212, 343, 339, 337, 336, 
3116243, 341, 338, 337, 336, 
3116276, 340, 338, 338, 336, 
3116308, 339, 338, 337, 336, 
3116341, 338, 337, 338, 335, 
3116372, 339, 338, 337, 336, 
3116405, 338, 338, 338, 336, 
3116437, 337, 338, 337, 337, 
3116470, 337, 337, 338, 336, 
3116502, 336, 337, 335, 336, 
3116534, 335, 336, 339, 336, 
3116566, 335, 336, 337, 336, 
3116599, 332, 337, 335, 337, 
3116631, 336, 338, 337, 336, 
3116663, 337, 337, 338, 336, 
3116695, 318, 332, 334, 334, 
3116728, 332, 338, 336, 334, 
3116760, 336, 338, 337, 335, 
3116792, 337, 336, 336, 336, 
3116824, 336, 335, 337, 336, 
3116857, 334, 333, 338, 337, 
3116889, 330, 333, 339, 336, 
3116921, 325, 331, 335, 337, 
3116953, 322, 329, 336, 336, 
3116985, 326, 332, 336, 337, 
3117018, 337, 338, 337, 337, 
3117049, 346, 342, 338, 338, 
3117082, 348, 343, 338, 338, 
3117114, 349, 343, 338, 337, 
3117147, 347, 342, 339, 338, 
3117178, 345, 341, 340, 337, 
3117211, 344, 340, 338, 337, 
3117243, 342, 340, 337, 337, 
3117276, 341, 340, 336, 337, 
3117307, 340, 339, 339, 337, 
3117340, 340, 339, 337, 337, 
3117372, 338, 338, 337, 337, 
3117405, 338, 339, 339, 339, 
3117436, 338, 339, 336, 336, 
3117469, 336, 337, 338, 338, 
3117501, 337, 338, 338, 338, 
3117534, 337, 337, 336, 338, 
3117565, 337, 337, 339, 336, 
3117598, 337, 337, 336, 338, 
3117630, 335, 336, 337, 337, 
3117663, 333, 336, 335, 338, 
3117694, 334, 336, 337, 337, 
3117727, 336, 337, 336, 337, 
3117759, 337, 335, 337, 336, 
3117792, 316, 334, 334, 333, 
3117824, 334, 338, 337, 335, 
3117856, 337, 336, 337, 336, 
3117888, 337, 335, 337, 336, 
3117921, 335, 334, 335, 336, 
3117953, 333, 332, 337, 335, 
3117984, 330, 331, 336, 335, 
3118017, 324, 330, 337, 336, 
3118049, 321, 330, 338, 336, 
3118082, 328, 334, 339, 336, 
3118113, 340, 340, 339, 337, 
3118146, 346, 343, 339, 337, 
3118178, 349, 344, 339, 337, 
3118211, 349, 343, 339, 337, 
3118242, 347, 343, 338, 338, 
3118275, 345, 341, 338, 338, 
3118307, 343, 340, 338, 337, 
3118340, 342, 340, 338, 337, 
3118371, 340, 339, 338, 337, 
3118404, 339, 339, 337, 338, 
3118436, 339, 338, 339, 337, 
3118469, 338, 338, 337, 337, 
3118500, 338, 338, 337, 338, 
3118533, 337, 338, 337, 338, 
3118565, 337, 338, 337, 337, 
3118598, 337, 339, 338, 337, 
3118629, 337, 338, 337, 338, 
3118662, 337, 337, 338, 338, 
3118694, 336, 338, 337, 337, 
3118727, 335, 337, 338, 337, 
3118758, 334, 336, 338, 338, 
3118791, 336, 337, 339, 337, 
3118823, 338, 337, 336, 337, 
3118856, 325, 330, 337, 336, 
3118887, 329, 337, 334, 334, 
3118920, 337, 336, 335, 337, 
3118952, 337, 336, 338, 337, 
3118985, 336, 335, 338, 338, 
3119016, 334, 333, 337, 336, 
3119048, 331, 332, 337, 337, 
3119081, 326, 330, 337, 338, 
3119113, 323, 329, 334, 340, 
3119145, 325, 330, 338, 338, 
3119177, 335, 337, 335, 338, 
3119210, 344, 342, 336, 339, 
3119242, 348, 344, 338, 338, 
3119275, 348, 344, 337, 338, 
3119306, 348, 344, 338, 338, 
3119339, 346, 343, 339, 339, 
3119371, 342, 341, 336, 338, 
3119404, 341, 341, 338, 338, 
3119435, 341, 340, 339, 338, 
3119468, 340, 340, 342, 338, 
3119500, 340, 340, 338, 338, 
3119533, 339, 340, 340, 339, 
3119564, 340, 340, 340, 338, 
3119597, 339, 340, 340, 338, 
3119629, 341, 341, 338, 338, 
3119662, 341, 340, 342, 338, 
3119693, 340, 339, 338, 337, 
3119726, 340, 339, 338, 336, 
3119758, 337, 339, 331, 336, 
3119791, 337, 337, 322, 337, 
3119822, 338, 338, 313, 337, 
3119855, 340, 337, 306, 337, 
3119887, 320, 331, 309, 335, 
3119920, 332, 339, 316, 336, 
3119951, 337, 337, 328, 339, 
3119984, 338, 336, 337, 341, 
3120016, 331, 335, 344, 341, 
3120048, 330, 333, 349, 342, 
3120080, 326, 333, 352, 341, 
3120112, 324, 330, 351, 341, 
3120145, 321, 329, 352, 340, 
3120177, 327, 333, 352, 340, 
3120209, 336, 338, 350, 342, 
3120241, 348, 342, 352, 343, 
3120274, 351, 342, 350, 342, 
3120306, 347, 342, 349, 341, 
3120338, 349, 342, 347, 341, 
3120370, 346, 341, 345, 340, 
3120403, 341, 339, 345, 339, 
3120435, 342, 340, 345, 338, 
3120467, 342, 339, 343, 337, 
3120499, 341, 339, 342, 337, 
3120532, 339, 338, 340, 337, 
3120564, 340, 338, 340, 337, 
3120596, 340, 338, 339, 337, 
3120628, 338, 337, 339, 337, 
3120661, 339, 336, 338, 336, 
3120693, 339, 335, 338, 336, 
3120726, 338, 336, 337, 337, 
3120757, 338, 335, 337, 337, 
3120790, 336, 335, 337, 337, 
3120822, 335, 335, 337, 337, 
3120855, 338, 336, 336, 337, 
3120886, 339, 334, 336, 336, 
3120919, 322, 326, 334, 334, 
3120951, 328, 336, 333, 332, 
3120984, 336, 334, 335, 332, 
3121015, 337, 333, 335, 332, 
3121048, 335, 332, 336, 334, 
3121080, 333, 333, 336, 334, 
3121112, 329, 333, 337, 335, 
3121144, 325, 331, 335, 336, 
3121176, 321, 330, 335, 335, 
3121209, 323, 332, 335, 335, 
3121241, 335, 337, 336, 336, 
3121273, 345, 342, 337, 337, 
3121305, 348, 343, 338, 337, 
3121338, 350, 343, 338, 338, 
3121370, 347, 342, 338, 338, 
3121402, 345, 341, 337, 338, 
3121434, 343, 340, 339, 338, 
3121467, 342, 340, 340, 338, 
3121499, 341, 340, 339, 338, 
3121531, 340, 339, 339, 338, 
3121563, 339, 339, 339, 339, 
3121596, 338, 339, 339, 339, 
3121628, 338, 339, 339, 340, 
3121660, 336, 338, 338, 339, 
3121692, 337, 339, 338, 340, 
3121725, 333, 338, 338, 339, 
3121757, 336, 338, 337, 340, 
3121789, 334, 337, 338, 340, 
3121821, 334, 336, 338, 339, 
3121854, 328, 337, 337, 339, 
3121886, 333, 337, 337, 339, 
3121918, 334, 338, 338, 343, 
3121950, 332, 334, 336, 344, 
3121983, 315, 336, 334, 341, 
3122015, 333, 338, 337, 342, 
3122048, 336, 336, 337, 342, 
3122079, 337, 337, 338, 341, 
3122111, 337, 337, 339, 341, 
3122144, 334, 336, 337, 339, 
3122176, 329, 333, 336, 338, 
3122208, 324, 330, 336, 338, 
3122240, 320, 330, 335, 337, 
3122273, 326, 334, 337, 338, 
3122305, 338, 340, 336, 337, 
3122337, 347, 342, 337, 336, 
3122369, 350, 343, 338, 335, 
3122402, 349, 342, 337, 337, 
3122434, 349, 341, 338, 334, 
3122466, 347, 341, 338, 335, 
3122498, 346, 340, 339, 336, 
3122531, 344, 340, 339, 335, 
3122563, 343, 338, 338, 336, 
3122595, 343, 338, 339, 336, 
3122627, 342, 338, 338, 337, 
3122660, 340, 337, 338, 337, 
3122692, 340, 336, 338, 337, 
3122724, 339, 337, 338, 337, 
3122756, 338, 338, 339, 337, 
3122789, 339, 337, 339, 336, 
3122821, 337, 337, 340, 336, 
3122853, 336, 337, 338, 335, 
3122885, 334, 337, 338, 336, 
3122918, 335, 337, 339, 336, 
3122950, 337, 337, 339, 336, 
3122982, 338, 337, 338, 337, 
3123014, 318, 330, 336, 336, 
3123047, 331, 339, 336, 335, 
3123079, 338, 337, 338, 338, 
3123111, 338, 336, 338, 338, 
3123143, 336, 335, 339, 339, 
3123175, 333, 333, 339, 339, 
3123208, 330, 333, 337, 339, 
3123239, 326, 331, 338, 339, 
3123272, 322, 330, 337, 338, 
3123304, 326, 334, 338, 338, 
3123337, 337, 339, 339, 338, 
3123368, 346, 342, 339, 339, 
3123401, 349, 344, 339, 339, 
3123433, 349, 344, 339, 339, 
3123466, 348, 342, 339, 339, 
3123497, 345, 342, 339, 339, 
3123530, 345, 341, 339, 339, 
3123562, 343, 341, 338, 339, 
3123595, 341, 340, 338, 339, 
3123627, 340, 339, 337, 338, 
3123659, 339, 339, 337, 338, 
3123691, 339, 338, 337, 337, 
3123724, 339, 338, 336, 339, 
3123756, 337, 337, 336, 337, 
3123788, 336, 337, 336, 337, 
3123820, 335, 337, 337, 338, 
3123853, 334, 336, 336, 339, 
3123885, 338, 338, 336, 337, 
3123917, 337, 338, 337, 337, 
3123949, 318, 331, 334, 334, 
3123982, 332, 339, 335, 335, 
3124014, 336, 336, 336, 337, 
3124046, 337, 335, 337, 338, 
3124078, 335, 335, 337, 339, 
3124111, 333, 334, 337, 338, 
3124143, 329, 332, 337, 338, 
3124174, 324, 330, 336, 338, 
3124207, 321, 330, 337, 338, 
3124239, 325, 333, 337, 338, 
3124272, 338, 339, 337, 338, 
3124303, 345, 343, 337, 339, 
3124336, 349, 344, 338, 338, 
3124368, 348, 344, 338, 339, 
3124401, 348, 342, 336, 338, 
3124432, 345, 341, 339, 338, 
3124465, 344, 341, 338, 339, 
3124497, 341, 339, 338, 338, 
3124530, 341, 339, 337, 339, 
3124561, 340, 339, 338, 339, 
3124594, 340, 338, 338, 338, 
3124626, 339, 338, 338, 338, 
3124659, 339, 338, 337, 337, 
3124690, 338, 338, 338, 338, 
3124723, 337, 337, 338, 338, 
3124755, 336, 337, 337, 337, 
3124788, 335, 336, 337, 338, 
3124819, 332, 336, 336, 337, 
3124852, 335, 337, 338, 338, 
3124884, 337, 338, 338, 338, 
3124917, 335, 333, 337, 337, 
3124948, 316, 338, 335, 333, 
3124981, 333, 337, 337, 336, 
3125013, 335, 336, 337, 337, 
3125046, 336, 335, 338, 338, 
3125078, 336, 334, 337, 336, 
3125110, 332, 333, 338, 337, 
3125142, 329, 331, 338, 337, 
3125175, 322, 329, 338, 337, 
3125207, 321, 330, 337, 337, 
3125238, 329, 335, 338, 338, 
3125271, 341, 340, 338, 338, 
3125303, 348, 343, 339, 338, 
3125336, 349, 344, 339, 337, 
3125367, 349, 343, 339, 338, 
3125400, 348, 342, 339, 338, 
3125432, 345, 341, 339, 339, 
3125465, 343, 340, 338, 338, 
3125496, 342, 340, 339, 338, 
3125529, 341, 339, 338, 338, 
3125561, 341, 339, 338, 339, 
3125594, 340, 338, 338, 337, 
3125625, 339, 338, 338, 337, 
3125658, 339, 338, 338, 338, 
3125690, 338, 338, 338, 337, 
3125723, 337, 337, 338, 337, 
3125754, 338, 337, 338, 337, 
3125787, 335, 337, 338, 337, 
3125819, 334, 337, 338, 337, 
3125852, 334, 337, 338, 337, 
3125883, 337, 338, 339, 337, 
3125916, 338, 338, 338, 337, 
3125948, 318, 330, 336, 335, 
3125981, 331, 338, 336, 336, 
3126012, 337, 336, 337, 335, 
3126045, 337, 336, 339, 337, 
3126077, 336, 334, 338, 337, 
3126110, 333, 334, 338, 337, 
3126141, 330, 332, 338, 338, 
3126174, 325, 330, 337, 337, 
3126206, 322, 329, 338, 337, 
3126238, 325, 332, 337, 336, 
3126270, 337, 338, 338, 337, 
3126302, 346, 341, 338, 337, 
3126335, 349, 342, 339, 337, 
3126367, 349, 343, 339, 337, 
3126400, 348, 342, 339, 338, 
3126431, 345, 342, 340, 337, 
3126464, 344, 341, 338, 337, 
3126496, 342, 340, 338, 337, 
3126529, 342, 339, 338, 338, 
3126560, 341, 338, 339, 338, 
3126593, 339, 339, 337, 337, 
3126625, 339, 338, 338, 337, 
3126658, 338, 338, 337, 337, 
3126689, 338, 338, 338, 337, 
3126722, 337, 337, 338, 337, 
3126754, 334, 337, 338, 336, 
3126787, 333, 337, 338, 338, 
3126818, 336, 338, 339, 337, 
3126851, 337, 337, 337, 337, 
3126883, 325, 329, 337, 336, 
3126916, 325, 338, 336, 334, 
3126947, 336, 337, 338, 337, 
3126980, 337, 336, 338, 338, 
3127012, 335, 336, 339, 338, 
3127045, 333, 335, 338, 337, 
3127076, 330, 333, 338, 338, 
3127109, 325, 332, 338, 338, 
3127141, 321, 330, 337, 337, 
3127174, 323, 332, 337, 336, 
3127205, 334, 338, 337, 337, 
3127238, 345, 343, 338, 338, 
3127270, 348, 344, 338, 339, 
3127302, 350, 344, 338, 339, 
3127334, 348, 343, 338, 338, 
3127366, 346, 342, 339, 337, 
3127399, 343, 342, 338, 338, 
3127431, 342, 340, 338, 338, 
3127463, 341, 339, 337, 337, 
3127495, 341, 339, 338, 337, 
3127528, 339, 339, 338, 337, 
3127560, 339, 338, 337, 337, 
3127592, 338, 339, 338, 339, 
3127624, 337, 337, 338, 337, 
3127657, 337, 337, 338, 337, 
3127689, 336, 337, 339, 337, 
3127721, 336, 337, 339, 337, 
3127753, 334, 337, 337, 337, 
3127786, 333, 336, 337, 337, 
3127818, 336, 337, 337, 337, 
3127851, 337, 338, 337, 337, 
3127882, 326, 329, 337, 337, 
3127915, 325, 339, 335, 334, 
3127947, 336, 336, 337, 337, 
3127980, 337, 336, 338, 337, 
3128011, 336, 335, 337, 338, 
3128044, 335, 334, 338, 338, 
3128076, 332, 332, 339, 337, 
3128109, 327, 332, 339, 337, 
3128140, 324, 329, 338, 337, 
3128173, 324, 331, 339, 338, 
3128205, 334, 337, 340, 338, 
3128238, 344, 341, 340, 338, 
3128269, 348, 343, 340, 338, 
3128301, 348, 343, 340, 339, 
3128334, 347, 344, 340, 338, 
3128366, 345, 341, 338, 338, 
3128398, 344, 341, 342, 338, 
3128430, 343, 339, 340, 337, 
3128463, 342, 339, 340, 339, 
3128495, 341, 338, 341, 337, 
3128527, 340, 336, 340, 337, 
3128559, 339, 336, 339, 338, 
3128592, 338, 334, 339, 338, 
3128624, 337, 334, 339, 339, 
3128656, 337, 334, 339, 338, 
3128688, 336, 335, 339, 337, 
3128721, 335, 335, 340, 338, 
3128753, 333, 336, 341, 339, 
3128785, 335, 336, 341, 338, 
3128817, 337, 339, 341, 338, 
3128850, 330, 331, 340, 337, 
3128882, 323, 339, 337, 334, 
3128914, 337, 339, 339, 337, 
3128946, 338, 340, 340, 338, 
3128979, 337, 338, 339, 338, 
3129011, 334, 337, 339, 339, 
3129043, 332, 335, 337, 337, 
3129075, 328, 332, 336, 336, 
3129108, 323, 330, 336, 336, 
3129140, 324, 332, 337, 336, 
3129172, 333, 337, 337, 337, 
3129204, 342, 341, 337, 337, 
3129237, 347, 343, 338, 338, 
3129269, 348, 343, 336, 338, 
3129302, 347, 343, 338, 339, 
3129333, 346, 341, 337, 338, 
3129365, 344, 341, 336, 338, 
3129398, 342, 341, 337, 338, 
3129430, 341, 340, 337, 337, 
3129462, 341, 339, 337, 337, 
3129494, 340, 340, 337, 337, 
3129527, 339, 339, 337, 337, 
3129559, 339, 339, 337, 337, 
3129591, 338, 340, 337, 337, 
3129623, 338, 339, 337, 337, 
3129656, 337, 338, 336, 338, 
3129688, 336, 338, 337, 338, 
3129720, 337, 338, 335, 337, 
3129752, 334, 337, 337, 337, 
3129785, 333, 337, 337, 338, 
3129817, 335, 338, 337, 338, 
3129849, 337, 337, 338, 338, 
3129881, 335, 334, 336, 338, 
3129914, 317, 336, 335, 334, 
3129946, 334, 337, 336, 336, 
3129978, 336, 336, 336, 337, 
3130010, 336, 336, 336, 337, 
3130043, 335, 334, 336, 337, 
3130075, 333, 333, 336, 338, 
3130107, 329, 331, 337, 337, 
3130139, 326, 330, 337, 337, 
3130172, 323, 331, 339, 337, 
3130204, 330, 336, 338, 337, 
3130236, 340, 340, 339, 338, 
3130268, 346, 343, 338, 338, 
3130301, 348, 343, 339, 338, 
3130333, 348, 342, 338, 339, 
3130364, 346, 342, 338, 338, 
3130397, 345, 341, 337, 339, 
3130429, 346, 341, 338, 338, 
3130462, 342, 340, 338, 338, 
3130493, 341, 340, 338, 338, 
3130526, 340, 338, 338, 337, 
3130558, 339, 338, 338, 337, 
3130591, 339, 338, 338, 337, 
3130622, 338, 337, 338, 337, 
3130655, 337, 337, 337, 338, 
3130687, 337, 337, 337, 337, 
3130720, 337, 337, 337, 337, 
3130752, 337, 337, 337, 337, 
3130784, 336, 337, 338, 337, 
3130816, 336, 337, 338, 337, 
3130849, 334, 338, 337, 337, 
3130881, 333, 335, 337, 337, 
3130913, 336, 337, 337, 337, 
3130945, 339, 337, 337, 337, 
3130978, 330, 330, 337, 336, 
3131010, 322, 338, 335, 333, 
3131042, 335, 337, 337, 336, 
3131074, 337, 335, 337, 337, 
3131107, 336, 335, 337, 337, 
3131139, 335, 334, 338, 338, 
3131171, 333, 333, 338, 338, 
3131203, 328, 332, 337, 337, 
3131236, 323, 330, 337, 338, 
3131268, 322, 331, 337, 337, 
3131300, 331, 337, 339, 338, 
3131332, 342, 341, 340, 338, 
3131365, 349, 343, 341, 338, 
3131397, 349, 345, 339, 338, 
3131428, 349, 343, 338, 339, 
3131461, 347, 342, 338, 338, 
3131493, 345, 341, 337, 338, 
3131526, 344, 340, 337, 338, 
3131557, 342, 339, 336, 338, 
3131590, 340, 340, 336, 338, 
3131622, 339, 338, 336, 338, 
3131655, 339, 338, 336, 339, 
3131686, 337, 337, 336, 340, 
3131719, 336, 337, 336, 338, 
3131751, 333, 337, 335, 339, 
3131784, 336, 338, 337, 338, 
3131815, 337, 339, 338, 338, 
3131848, 336, 338, 337, 339, 
3131880, 337, 338, 338, 339, 
3131913, 331, 336, 336, 338, 
3131944, 335, 338, 336, 338, 
3131977, 333, 336, 335, 339, 
3132009, 338, 337, 336, 339, 
3132042, 317, 332, 332, 338, 
3132073, 332, 340, 332, 337, 
3132106, 340, 339, 334, 340, 
3132138, 337, 338, 334, 339, 
3132171, 339, 338, 334, 340, 
3132203, 333, 338, 333, 341, 
3132235, 332, 337, 336, 339, 
3132267, 325, 337, 331, 339, 
3132300, 324, 338, 335, 338, 
3132332, 328, 343, 331, 338, 
3132364, 339, 352, 334, 337, 
3132396, 342, 356, 332, 338, 
3132428, 349, 356, 337, 337, 
3132461, 349, 353, 336, 337, 
3132492, 347, 349, 336, 337, 
3132525, 348, 347, 337, 338, 
3132557, 342, 346, 336, 338, 
3132590, 344, 346, 337, 338, 
3132621, 341, 346, 337, 338, 
3132654, 342, 345, 339, 339, 
3132686, 340, 343, 333, 339, 
3132719, 340, 342, 336, 340, 
3132750, 336, 340, 329, 340, 
3132783, 336, 337, 329, 341, 
3132815, 332, 336, 330, 341, 
3132848, 334, 337, 331, 342, 
3132879, 334, 338, 328, 340, 
3132912, 339, 340, 332, 340, 
3132944, 329, 330, 325, 339, 
3132977, 337, 345, 329, 338, 
3133008, 348, 345, 333, 342, 
3133041, 347, 343, 327, 341, 
3133073, 344, 342, 336, 342, 
3133106, 339, 339, 333, 343, 
3133137, 333, 336, 332, 344, 
3133170, 326, 333, 330, 346, 
3133202, 319, 330, 332, 349, 
3133235, 321, 333, 332, 357, 
3133266, 329, 337, 334, 359, 
3133299, 339, 342, 331, 363, 
3133331, 343, 342, 331, 365, 
3133364, 345, 341, 327, 366, 
3133395, 340, 339, 331, 367, 
3133428, 341, 338, 326, 367, 
3133460, 337, 336, 329, 367, 
3133492, 338, 335, 326, 368, 
3133524, 334, 335, 329, 368, 
3133556, 335, 334, 330, 369, 
3133589, 332, 333, 328, 368, 
3133621, 336, 334, 329, 369, 
3133654, 333, 333, 329, 367, 
3133685, 333, 331, 329, 365, 
3133718, 329, 331, 328, 363, 
3133750, 331, 331, 333, 359, 
3133783, 332, 333, 331, 357, 
3133814, 334, 332, 331, 354, 
3133847, 313, 325, 329, 349, 
3133879, 329, 336, 333, 346, 
3133912, 330, 333, 335, 347, 
3133943, 336, 332, 338, 349, 
3133976, 331, 330, 335, 349, 
3134008, 332, 329, 340, 349, 
3134041, 325, 327, 336, 346, 
3134072, 324, 325, 340, 343, 
3134105, 318, 324, 333, 339, 
3134137, 323, 329, 335, 337, 
3134170, 336, 336, 337, 335, 
3134201, 343, 340, 343, 334, 
3134234, 348, 342, 339, 332, 
3134266, 347, 341, 341, 330, 
3134299, 346, 340, 341, 331, 
3134330, 344, 339, 340, 328, 
3134363, 344, 339, 341, 328, 
3134395, 341, 338, 337, 328, 
3134428, 341, 338, 344, 326, 
3134459, 340, 337, 342, 325, 
3134491, 339, 338, 344, 326, 
3134524, 338, 336, 340, 324, 
3134556, 336, 335, 344, 324, 
3134588, 334, 334, 345, 324, 
3134620, 334, 334, 344, 323, 
3134653, 337, 336, 343, 323, 
3134685, 338, 336, 341, 323, 
3134717, 318, 328, 340, 319, 
3134749, 332, 338, 340, 320, 
3134782, 336, 337, 343, 321, 
3134814, 339, 334, 345, 322, 
3134846, 336, 332, 343, 323, 
3134878, 335, 331, 344, 323, 
3134911, 330, 329, 342, 323, 
3134943, 326, 326, 343, 323, 
3134976, 323, 327, 345, 324, 
3135007, 326, 331, 343, 324, 
3135040, 339, 338, 343, 323, 
3135072, 346, 341, 344, 325, 
3135105, 351, 343, 347, 325, 
3135136, 350, 342, 344, 325, 
3135169, 349, 342, 342, 326, 
3135201, 346, 340, 342, 326, 
3135234, 346, 340, 343, 328, 
3135265, 343, 339, 341, 327, 
3135298, 343, 338, 344, 327, 
3135330, 342, 338, 343, 328, 
3135363, 341, 338, 345, 328, 
3135394, 340, 338, 346, 328, 
3135427, 340, 337, 342, 327, 
3135459, 340, 338, 342, 327, 
3135492, 336, 336, 340, 327, 
3135523, 335, 335, 339, 328, 
3135555, 336, 336, 344, 328, 
3135588, 336, 336, 341, 327, 
3135620, 340, 336, 344, 328, 
3135652, 322, 326, 341, 326, 
3135684, 329, 337, 336, 325, 
3135717, 339, 336, 343, 328, 
3135749, 337, 335, 341, 328, 
3135781, 338, 333, 341, 330, 
3135813, 334, 332, 341, 330, 
3135846, 333, 331, 341, 330, 
3135878, 326, 328, 341, 330, 
3135910, 323, 327, 340, 329, 
3135942, 327, 331, 340, 330, 
3135975, 336, 337, 342, 330, 
3136007, 347, 343, 338, 331, 
3136039, 349, 344, 340, 331, 
3136071, 350, 344, 340, 331, 
3136104, 346, 343, 340, 331, 
3136136, 347, 341, 339, 331, 
3136168, 344, 341, 340, 332, 
3136200, 343, 340, 340, 332, 
3136233, 343, 339, 339, 331, 
3136265, 341, 341, 341, 331, 
3136297, 341, 339, 338, 334, 
3136329, 338, 338, 340, 334, 
3136362, 338, 338, 342, 334, 
3136394, 337, 337, 338, 333, 
3136427, 337, 337, 341, 334, 
3136458, 336, 336, 337, 332, 
3136491, 334, 336, 342, 334, 
3136523, 335, 336, 337, 333, 
3136555, 336, 337, 338, 333, 
3136587, 336, 333, 338, 333, 
3136619, 317, 335, 334, 330, 
3136652, 334, 338, 339, 333, 
3136684, 337, 336, 339, 336, 
3136716, 337, 335, 339, 337, 
3136748, 335, 333, 338, 337, 
3136781, 333, 332, 340, 337, 
3136813, 330, 330, 340, 337, 
3136845, 324, 327, 341, 336, 
3136877, 322, 328, 337, 334, 
3136910, 329, 334, 340, 333, 
3136942, 341, 340, 338, 332, 
3136974, 347, 344, 338, 332, 
3137006, 350, 344, 337, 333, 
3137039, 348, 343, 339, 334, 
3137071, 347, 343, 338, 335, 
3137103, 344, 341, 339, 335, 
3137135, 342, 341, 340, 337, 
3137168, 342, 340, 338, 336, 
3137200, 340, 339, 338, 336, 
3137232, 340, 339, 338, 336, 
3137264, 338, 338, 339, 338, 
3137297, 340, 338, 336, 335, 
3137329, 337, 338, 340, 337, 
3137361, 336, 337, 338, 336, 
3137393, 337, 337, 336, 336, 
3137426, 334, 336, 337, 336, 
3137458, 337, 337, 335, 336, 
3137490, 334, 335, 338, 336, 
3137522, 332, 335, 339, 336, 
3137555, 335, 337, 337, 336, 
3137587, 335, 337, 339, 335, 
3137618, 338, 335, 334, 336, 
3137651, 314, 333, 334, 332, 
3137683, 334, 338, 337, 334, 
3137716, 337, 336, 338, 336, 
3137747, 337, 335, 340, 336, 
3137780, 336, 333, 338, 336, 
3137812, 331, 332, 339, 336, 
3137845, 330, 330, 336, 336, 
3137876, 323, 327, 336, 336, 
3137909, 320, 327, 336, 335, 
3137941, 326, 332, 338, 336, 
3137974, 337, 338, 338, 336, 
3138006, 346, 344, 338, 336, 
3138038, 347, 344, 340, 337, 
3138070, 349, 343, 337, 336, 
3138103, 346, 342, 335, 338, 
3138135, 345, 341, 339, 337, 
3138167, 343, 340, 339, 337, 
3138199, 342, 339, 338, 337, 
3138232, 342, 339, 338, 337, 
3138264, 339, 339, 338, 337, 
3138296, 339, 338, 339, 337, 
3138328, 339, 338, 339, 338, 
3138361, 338, 338, 337, 337, 
3138393, 338, 339, 338, 337, 
3138425, 334, 336, 338, 337, 
3138457, 335, 336, 338, 337, 
3138490, 334, 336, 340, 337, 
3138522, 336, 337, 335, 337, 
3138554, 338, 338, 338, 336, 
3138586, 318, 329, 334, 334, 
3138618, 330, 339, 336, 334, 
3138651, 337, 337, 336, 337, 
3138682, 336, 335, 335, 336, 
3138715, 335, 334, 337, 338, 
