9 
4944866, 335, 334, 338, 339, 
4944898, 334, 334, 337, 339, 
4944930, 332, 332, 337, 339, 
4944962, 328, 331, 336, 339, 
4944995, 331, 334, 337, 339, 
4945027, 338, 339, 337, 339, 
4945059, 343, 343, 339, 339, 
4945091, 346, 344, 338, 339, 
4945123, 345, 344, 340, 339, 
4945156, 344, 343, 340, 339, 
4945187, 342, 343, 341, 339, 
4945220, 343, 340, 341, 339, 
4945252, 341, 340, 340, 338, 
4945285, 341, 339, 340, 339, 
4945316, 340, 340, 340, 339, 
4945349, 339, 339, 340, 338, 
4945381, 339, 339, 340, 338, 
4945414, 339, 339, 340, 338, 
4945445, 338, 338, 340, 338, 
4945478, 338, 338, 339, 339, 
4945510, 337, 337, 339, 339, 
4945543, 337, 338, 339, 339, 
4945574, 336, 337, 338, 338, 
4945607, 337, 337, 339, 338, 
4945639, 337, 338, 338, 339, 
4945672, 326, 330, 336, 337, 
4945703, 335, 339, 336, 336, 
4945736, 336, 336, 336, 338, 
4945768, 336, 336, 337, 339, 
4945801, 335, 334, 337, 339, 
4945832, 334, 334, 339, 339, 
4945865, 331, 332, 338, 338, 
4945897, 329, 330, 337, 338, 
4945930, 328, 330, 337, 338, 
4945961, 331, 334, 337, 337, 
4945994, 338, 340, 338, 339, 
4946026, 343, 344, 338, 338, 
4946059, 345, 344, 337, 337, 
4946091, 344, 342, 338, 338, 
4946123, 343, 343, 338, 338, 
4946155, 342, 340, 338, 337, 
4946187, 342, 341, 338, 337, 
4946220, 340, 339, 337, 338, 
4946251, 340, 339, 338, 339, 
4946284, 340, 339, 338, 338, 
4946316, 339, 338, 339, 338, 
4946349, 339, 339, 338, 338, 
4946380, 338, 338, 338, 338, 
4946413, 336, 338, 338, 338, 
4946445, 338, 339, 339, 337, 
4946478, 337, 337, 338, 338, 
4946509, 338, 337, 338, 337, 
4946542, 330, 331, 338, 338, 
4946574, 335, 341, 336, 335, 
4946607, 337, 338, 336, 338, 
4946638, 337, 336, 338, 338, 
4946671, 336, 335, 338, 338, 
4946703, 335, 334, 338, 337, 
4946736, 333, 333, 337, 338, 
4946767, 329, 330, 337, 337, 
4946800, 327, 330, 337, 337, 
4946832, 330, 333, 337, 337, 
4946865, 337, 338, 338, 334, 
4946896, 342, 341, 339, 341, 
4946929, 344, 343, 339, 340, 
4946961, 344, 342, 339, 338, 
4946994, 343, 342, 339, 339, 
4947025, 343, 341, 339, 338, 
4947058, 341, 341, 339, 337, 
4947090, 340, 340, 339, 338, 
4947123, 340, 340, 339, 338, 
4947154, 339, 340, 339, 338, 
4947186, 338, 339, 339, 339, 
4947219, 338, 339, 339, 338, 
4947251, 338, 339, 338, 339, 
4947283, 336, 338, 338, 338, 
4947315, 337, 340, 337, 338, 
4947348, 336, 338, 338, 337, 
4947380, 339, 339, 338, 339, 
4947412, 339, 335, 338, 339, 
4947444, 331, 337, 335, 336, 
4947477, 341, 340, 337, 338, 
4947509, 342, 338, 337, 338, 
4947542, 341, 336, 337, 340, 
4947573, 340, 335, 337, 340, 
4947606, 338, 334, 338, 340, 
4947638, 336, 332, 336, 339, 
4947671, 332, 331, 336, 338, 
4947702, 331, 332, 337, 338, 
4947735, 336, 337, 338, 338, 
4947767, 341, 340, 339, 339, 
4947800, 344, 342, 339, 339, 
4947831, 345, 344, 340, 339, 
4947864, 344, 342, 339, 338, 
4947896, 343, 343, 340, 339, 
4947929, 341, 341, 340, 338, 
4947960, 340, 341, 340, 339, 
4947993, 339, 339, 340, 339, 
4948025, 338, 339, 339, 339, 
4948058, 339, 339, 339, 339, 
4948089, 337, 338, 338, 339, 
4948122, 337, 338, 339, 339, 
4948154, 338, 339, 339, 339, 
4948187, 336, 337, 338, 338, 
4948218, 334, 337, 338, 338, 
4948250, 335, 337, 338, 338, 
4948283, 336, 338, 339, 339, 
4948315, 332, 334, 337, 338, 
4948347, 329, 337, 335, 335, 
4948379, 336, 338, 338, 338, 
4948412, 335, 336, 338, 339, 
4948444, 335, 335, 337, 338, 
4948476, 335, 335, 338, 339, 
4948508, 333, 334, 338, 338, 
4948541, 330, 331, 337, 338, 
4948573, 328, 329, 338, 339, 
4948605, 328, 331, 338, 337, 
4948637, 335, 336, 338, 337, 
4948670, 341, 341, 340, 338, 
4948702, 344, 343, 339, 338, 
4948734, 344, 342, 339, 339, 
4948766, 343, 342, 339, 338, 
4948799, 342, 341, 339, 339, 
4948831, 341, 341, 338, 338, 
4948864, 340, 340, 338, 338, 
4948895, 341, 341, 339, 339, 
4948928, 339, 339, 338, 338, 
4948960, 339, 339, 339, 338, 
4948993, 338, 339, 337, 338, 
4949024, 337, 338, 337, 338, 
4949057, 336, 338, 337, 337, 
4949089, 335, 337, 337, 337, 
4949122, 337, 337, 337, 337, 
4949153, 337, 338, 339, 338, 
4949186, 329, 330, 336, 337, 
4949218, 335, 341, 336, 336, 
4949250, 337, 336, 337, 336, 
4949282, 337, 335, 338, 337, 
4949314, 336, 335, 338, 336, 
4949347, 334, 334, 337, 337, 
4949379, 332, 333, 336, 337, 
4949411, 329, 329, 336, 335, 
4949443, 327, 329, 336, 336, 
4949476, 331, 332, 338, 336, 
4949508, 338, 340, 338, 336, 
4949540, 343, 342, 338, 337, 
4949572, 346, 343, 338, 339, 
4949605, 346, 343, 338, 337, 
4949637, 343, 342, 340, 338, 
4949669, 342, 342, 339, 338, 
4949701, 341, 340, 339, 338, 
4949734, 340, 341, 339, 338, 
4949766, 340, 340, 339, 339, 
4949798, 339, 339, 339, 340, 
4949830, 340, 340, 339, 340, 
4949863, 339, 340, 338, 340, 
4949895, 338, 339, 338, 339, 
4949927, 337, 338, 338, 338, 
4949959, 336, 338, 337, 338, 
4949992, 336, 338, 338, 339, 
4950024, 337, 337, 338, 337, 
4950056, 335, 333, 338, 338, 
4950088, 328, 337, 336, 336, 
4950121, 338, 340, 338, 339, 
4950153, 336, 336, 340, 342, 
4950185, 335, 335, 339, 343, 
4950217, 333, 334, 340, 344, 
4950250, 332, 333, 340, 345, 
4950282, 329, 331, 339, 345, 
4950313, 326, 330, 338, 346, 
4950346, 327, 331, 338, 346, 
4950378, 333, 336, 338, 347, 
4950411, 339, 340, 339, 346, 
4950443, 343, 342, 339, 346, 
4950475, 345, 342, 339, 344, 
4950507, 343, 342, 339, 343, 
4950540, 342, 341, 339, 342, 
4950572, 342, 340, 338, 340, 
4950604, 340, 340, 339, 339, 
4950636, 340, 339, 338, 338, 
4950669, 339, 340, 338, 337, 
4950701, 338, 339, 338, 337, 
4950733, 339, 338, 338, 337, 
4950765, 339, 338, 338, 335, 
4950798, 337, 338, 338, 336, 
4950830, 336, 339, 338, 335, 
4950862, 336, 338, 337, 335, 
4950894, 336, 338, 338, 334, 
4950927, 338, 340, 339, 336, 
4950959, 332, 332, 337, 335, 
4950991, 331, 340, 336, 334, 
4951023, 337, 338, 338, 336, 
4951056, 337, 336, 339, 337, 
4951088, 336, 336, 339, 338, 
4951120, 335, 334, 338, 338, 
4951152, 333, 334, 338, 337, 
4951185, 331, 331, 337, 337, 
4951217, 328, 330, 337, 338, 
4951249, 329, 331, 337, 337, 
4951281, 336, 338, 337, 337, 
4951313, 342, 342, 338, 338, 
4951346, 346, 343, 340, 338, 
4951377, 345, 343, 339, 338, 
4951410, 344, 342, 339, 339, 
4951442, 343, 341, 339, 338, 
4951475, 342, 340, 338, 338, 
4951506, 341, 340, 339, 338, 
4951539, 341, 340, 339, 338, 
4951571, 340, 339, 339, 338, 
4951604, 340, 340, 340, 338, 
4951635, 340, 339, 340, 338, 
4951668, 339, 339, 338, 338, 
4951700, 337, 338, 337, 336, 
4951733, 338, 337, 339, 336, 
4951764, 339, 337, 339, 338, 
4951797, 337, 336, 338, 336, 
4951829, 331, 339, 336, 334, 
4951862, 337, 340, 337, 336, 
4951894, 338, 337, 338, 337, 
4951926, 337, 335, 338, 338, 
4951958, 336, 335, 338, 338, 
4951991, 334, 333, 337, 338, 
4952023, 331, 332, 338, 338, 
4952055, 329, 331, 338, 336, 
4952087, 329, 332, 337, 337, 
4952120, 334, 337, 339, 338, 
4952152, 341, 342, 339, 339, 
4952184, 344, 343, 340, 338, 
4952216, 344, 343, 340, 337, 
4952249, 343, 343, 340, 339, 
4952281, 343, 342, 339, 338, 
4952313, 342, 341, 338, 337, 
4952345, 340, 340, 339, 337, 
4952377, 340, 340, 338, 337, 
4952410, 340, 340, 339, 337, 
4952441, 340, 339, 339, 336, 
4952474, 338, 338, 339, 337, 
4952506, 339, 338, 338, 336, 
4952539, 337, 338, 337, 336, 
4952570, 337, 338, 338, 337, 
4952603, 337, 338, 339, 338, 
4952635, 337, 335, 338, 338, 
4952668, 329, 338, 335, 334, 
4952699, 337, 340, 337, 336, 
4952732, 337, 337, 337, 336, 
4952764, 336, 335, 337, 338, 
4952797, 336, 334, 338, 337, 
4952828, 334, 334, 338, 338, 
4952861, 331, 332, 338, 337, 
4952893, 329, 331, 337, 337, 
4952926, 329, 331, 337, 337, 
4952957, 335, 337, 338, 337, 
4952990, 341, 340, 339, 337, 
4953022, 344, 342, 340, 338, 
4953055, 344, 343, 341, 338, 
4953086, 344, 341, 339, 338, 
4953119, 342, 341, 339, 338, 
4953151, 341, 341, 339, 338, 
4953184, 341, 340, 339, 338, 
4953216, 340, 339, 338, 339, 
4953248, 340, 340, 340, 338, 
4953280, 339, 338, 339, 338, 
4953313, 339, 338, 339, 338, 
4953345, 339, 338, 339, 338, 
4953376, 337, 338, 339, 336, 
4953409, 336, 337, 338, 336, 
4953441, 338, 338, 338, 337, 
4953474, 338, 337, 338, 338, 
4953505, 328, 331, 336, 337, 
4953538, 337, 341, 336, 336, 
4953570, 338, 337, 338, 338, 
4953603, 336, 336, 338, 339, 
4953634, 337, 335, 338, 339, 
4953667, 334, 333, 339, 338, 
4953699, 332, 332, 338, 338, 
4953732, 329, 331, 338, 339, 
4953763, 329, 331, 337, 338, 
4953796, 333, 334, 338, 338, 
4953828, 338, 339, 338, 337, 
4953861, 343, 342, 340, 338, 
4953892, 345, 342, 339, 338, 
4953925, 344, 342, 339, 338, 
4953957, 342, 341, 340, 339, 
4953990, 341, 340, 339, 338, 
4954021, 341, 340, 339, 338, 
4954054, 340, 339, 340, 339, 
4954086, 340, 339, 339, 339, 
4954119, 338, 339, 339, 338, 
4954150, 339, 339, 339, 338, 
4954183, 338, 339, 339, 339, 
4954215, 337, 338, 337, 338, 
4954248, 336, 338, 337, 336, 
4954279, 336, 338, 338, 338, 
4954312, 338, 338, 339, 339, 
4954344, 336, 334, 338, 339, 
4954377, 331, 342, 336, 336, 
4954408, 338, 341, 337, 337, 
4954440, 337, 337, 338, 338, 
4954473, 337, 335, 338, 340, 
4954505, 335, 334, 338, 339, 
4954537, 333, 333, 338, 339, 
4954569, 331, 332, 338, 338, 
4954602, 329, 330, 337, 338, 
4954634, 329, 332, 337, 338, 
4954667, 335, 338, 338, 339, 
4954698, 340, 341, 339, 338, 
4954731, 343, 342, 339, 339, 
4954763, 343, 343, 339, 339, 
4954796, 343, 342, 340, 339, 
4954827, 342, 341, 340, 340, 
4954860, 341, 341, 340, 340, 
4954892, 341, 340, 340, 340, 
4954925, 340, 340, 339, 339, 
4954956, 340, 341, 339, 339, 
4954989, 339, 339, 339, 339, 
4955021, 338, 339, 338, 339, 
4955054, 338, 338, 338, 338, 
4955085, 337, 338, 338, 338, 
4955118, 337, 338, 337, 338, 
4955150, 337, 338, 339, 338, 
4955183, 338, 337, 338, 338, 
4955214, 330, 331, 337, 338, 
4955247, 335, 342, 336, 339, 
4955279, 337, 339, 338, 338, 
4955312, 337, 336, 338, 338, 
4955343, 336, 335, 339, 338, 
4955376, 335, 333, 339, 340, 
4955408, 333, 333, 338, 338, 
4955440, 330, 331, 338, 338, 
4955472, 328, 331, 338, 338, 
4955504, 331, 334, 339, 340, 
4955537, 338, 339, 339, 340, 
4955569, 342, 342, 339, 340, 
4955601, 344, 343, 340, 339, 
4955633, 344, 342, 339, 339, 
4955666, 342, 342, 339, 339, 
4955698, 343, 341, 340, 339, 
4955730, 341, 340, 339, 338, 
4955762, 340, 339, 339, 339, 
4955795, 340, 339, 339, 339, 
4955827, 339, 339, 340, 338, 
4955859, 339, 339, 338, 338, 
4955891, 337, 339, 338, 338, 
4955924, 337, 338, 337, 337, 
4955956, 338, 338, 338, 338, 
4955988, 338, 338, 339, 339, 
4956020, 334, 331, 338, 338, 
4956053, 332, 339, 337, 336, 
4956085, 337, 338, 337, 337, 
4956118, 338, 336, 338, 338, 
4956149, 336, 335, 338, 340, 
4956182, 335, 334, 339, 338, 
4956214, 335, 334, 338, 337, 
4956247, 331, 332, 338, 339, 
4956278, 329, 331, 337, 337, 
4956311, 331, 334, 338, 338, 
4956343, 337, 339, 339, 337, 
4956376, 343, 342, 339, 338, 
4956407, 345, 344, 340, 338, 
4956440, 344, 344, 339, 338, 
4956472, 345, 343, 339, 338, 
4956504, 343, 343, 339, 340, 
4956536, 341, 342, 339, 338, 
4956568, 340, 341, 338, 339, 
4956601, 340, 341, 338, 339, 
4956633, 340, 341, 338, 338, 
4956665, 340, 339, 338, 338, 
4956697, 339, 339, 339, 338, 
4956730, 338, 338, 338, 338, 
4956762, 336, 338, 337, 336, 
4956794, 337, 337, 338, 337, 
4956826, 339, 337, 338, 338, 
4956859, 336, 333, 338, 339, 
4956891, 331, 339, 336, 336, 
4956923, 338, 338, 338, 338, 
4956955, 338, 336, 338, 339, 
4956988, 337, 334, 338, 339, 
4957020, 337, 333, 338, 339, 
4957052, 336, 333, 338, 339, 
4957084, 332, 331, 338, 339, 
4957117, 329, 330, 338, 338, 
4957149, 330, 332, 338, 340, 
4957181, 336, 337, 339, 339, 
4957213, 341, 341, 340, 340, 
4957246, 344, 343, 340, 340, 
4957278, 345, 344, 340, 340, 
4957310, 344, 341, 340, 339, 
4957342, 343, 341, 340, 339, 
4957375, 343, 341, 340, 339, 
4957407, 343, 341, 340, 339, 
4957440, 341, 341, 339, 339, 
4957471, 339, 340, 339, 339, 
4957503, 340, 340, 339, 339, 
4957536, 339, 339, 340, 339, 
4957568, 339, 339, 339, 338, 
4957600, 338, 338, 338, 337, 
4957632, 336, 339, 337, 337, 
4957665, 338, 338, 338, 337, 
4957697, 339, 338, 338, 337, 
4957729, 330, 330, 338, 339, 
4957761, 335, 341, 337, 336, 
4957794, 338, 337, 338, 337, 
4957826, 338, 336, 338, 337, 
4957858, 337, 334, 338, 338, 
4957890, 336, 332, 338, 337, 
4957923, 334, 330, 338, 338, 
4957955, 330, 329, 338, 338, 
4957987, 329, 331, 337, 337, 
4958019, 332, 334, 339, 338, 
4958052, 339, 339, 338, 338, 
4958084, 343, 342, 339, 338, 
4958116, 345, 344, 340, 339, 
4958148, 345, 344, 340, 339, 
4958181, 343, 343, 340, 339, 
4958213, 343, 342, 339, 340, 
4958245, 343, 341, 340, 339, 
4958277, 341, 341, 340, 340, 
4958310, 341, 340, 340, 340, 
4958342, 340, 340, 339, 339, 
4958374, 339, 339, 340, 340, 
4958406, 339, 339, 339, 340, 
4958439, 338, 339, 338, 339, 
4958471, 337, 338, 337, 338, 
4958503, 337, 338, 338, 339, 
4958535, 339, 338, 339, 341, 
4958567, 336, 334, 339, 340, 
4958600, 330, 339, 335, 338, 
4958631, 338, 340, 337, 340, 
4958664, 340, 336, 338, 341, 
4958696, 338, 335, 338, 343, 
4958729, 337, 334, 339, 344, 
4958760, 335, 333, 339, 344, 
4958793, 332, 332, 337, 344, 
4958825, 329, 330, 338, 346, 
4958858, 329, 332, 338, 348, 
4958889, 335, 338, 339, 349, 
4958922, 341, 342, 339, 350, 
4958954, 344, 344, 340, 351, 
4958987, 345, 344, 340, 351, 
4959019, 343, 344, 339, 352, 
4959051, 343, 342, 340, 351, 
4959083, 342, 341, 339, 350, 
4959116, 341, 341, 339, 353, 
4959148, 340, 340, 339, 351, 
4959180, 340, 340, 340, 351, 
4959212, 339, 340, 340, 351, 
4959245, 339, 338, 339, 350, 
4959277, 338, 339, 339, 350, 
4959309, 337, 338, 338, 349, 
4959341, 337, 339, 338, 347, 
4959374, 337, 338, 339, 346, 
4959406, 338, 338, 338, 346, 
4959438, 337, 337, 339, 346, 
4959470, 327, 335, 335, 341, 
4959503, 338, 341, 337, 342, 
4959535, 338, 338, 339, 342, 
4959566, 338, 336, 340, 342, 
4959599, 337, 335, 338, 342, 
4959631, 335, 334, 338, 341, 
4959664, 332, 332, 338, 340, 
4959695, 329, 330, 337, 340, 
4959728, 329, 331, 338, 339, 
4959760, 334, 336, 338, 340, 
4959793, 341, 341, 338, 338, 
4959824, 345, 344, 340, 338, 
4959857, 345, 344, 340, 338, 
4959889, 344, 343, 339, 337, 
4959922, 344, 343, 341, 337, 
4959953, 343, 342, 339, 337, 
4959986, 343, 341, 340, 337, 
4960018, 341, 341, 339, 339, 
4960051, 341, 340, 339, 336, 
4960082, 339, 338, 339, 334, 
4960115, 339, 339, 339, 336, 
4960147, 339, 339, 339, 335, 
4960180, 339, 338, 339, 334, 
4960211, 337, 338, 337, 333, 
4960244, 337, 338, 339, 334, 
4960276, 338, 340, 341, 335, 
4960309, 336, 333, 338, 334, 
4960340, 329, 337, 336, 331, 
4960373, 337, 338, 336, 333, 
4960405, 337, 338, 338, 334, 
4960438, 337, 336, 339, 335, 
4960470, 335, 334, 338, 334, 
4960502, 333, 333, 338, 334, 
4960534, 331, 331, 338, 334, 
4960567, 329, 330, 337, 334, 
4960599, 329, 334, 338, 334, 
4960630, 335, 339, 338, 334, 
4960663, 342, 342, 340, 335, 
4960695, 344, 344, 339, 335, 
4960728, 345, 344, 339, 335, 
4960759, 344, 345, 340, 335, 
4960792, 343, 344, 340, 336, 
4960824, 342, 342, 339, 336, 
4960857, 342, 342, 339, 336, 
4960888, 341, 341, 339, 336, 
4960921, 341, 340, 338, 336, 
4960953, 340, 340, 339, 335, 
4960986, 339, 339, 340, 335, 
4961017, 339, 340, 338, 334, 
4961050, 338, 339, 337, 333, 
4961082, 336, 339, 338, 333, 
4961115, 337, 338, 338, 335, 
4961146, 337, 338, 339, 336, 
4961179, 326, 331, 336, 333, 
4961211, 337, 341, 337, 333, 
4961244, 338, 337, 338, 335, 
4961275, 337, 336, 339, 336, 
4961308, 336, 335, 338, 336, 
4961340, 334, 333, 338, 335, 
4961373, 332, 331, 336, 335, 
4961404, 329, 329, 337, 334, 
4961437, 329, 329, 338, 335, 
4961469, 333, 335, 338, 335, 
4961502, 341, 341, 339, 336, 
4961533, 344, 343, 339, 337, 
4961566, 345, 344, 340, 336, 
4961598, 345, 343, 339, 338, 
4961630, 345, 343, 339, 337, 
4961662, 343, 342, 340, 336, 
4961694, 342, 341, 340, 337, 
4961727, 341, 341, 340, 337, 
4961759, 340, 340, 339, 337, 
4961792, 341, 340, 339, 337, 
4961823, 339, 340, 339, 337, 
4961856, 339, 339, 338, 337, 
4961888, 338, 338, 338, 336, 
4961921, 337, 338, 339, 336, 
4961952, 336, 338, 338, 335, 
4961985, 338, 338, 339, 336, 
4962017, 337, 336, 338, 336, 
4962050, 327, 334, 336, 333, 
4962081, 337, 341, 338, 335, 
4962114, 338, 338, 339, 336, 
4962146, 337, 336, 338, 337, 
4962179, 335, 334, 338, 336, 
4962210, 334, 333, 339, 336, 
4962243, 332, 331, 337, 335, 
4962275, 328, 329, 337, 336, 
4962308, 328, 330, 337, 335, 
4962339, 334, 336, 338, 336, 
4962372, 341, 342, 340, 336, 
4962404, 344, 344, 339, 337, 
4962437, 345, 345, 340, 338, 
4962468, 344, 344, 340, 337, 
4962501, 343, 342, 340, 337, 
4962533, 342, 343, 340, 337, 
4962566, 341, 342, 340, 337, 
4962597, 341, 341, 339, 337, 
4962630, 340, 342, 340, 336, 
4962662, 340, 340, 339, 336, 
4962694, 339, 339, 339, 335, 
4962726, 338, 340, 339, 337, 
4962758, 338, 339, 339, 336, 
4962791, 337, 339, 338, 335, 
4962823, 336, 338, 338, 335, 
4962855, 337, 339, 339, 336, 
4962887, 338, 339, 339, 337, 
4962920, 330, 329, 338, 336, 
4962952, 334, 340, 336, 333, 
4962984, 337, 338, 338, 336, 
4963016, 337, 337, 339, 337, 
4963049, 336, 336, 339, 338, 
4963081, 334, 334, 339, 338, 
4963113, 332, 333, 339, 338, 
4963145, 329, 331, 338, 337, 
4963178, 327, 330, 337, 335, 
4963210, 330, 333, 338, 336, 
4963243, 338, 339, 339, 337, 
4963274, 343, 343, 339, 337, 
4963307, 344, 344, 340, 338, 
4963339, 344, 344, 339, 337, 
4963372, 343, 342, 339, 338, 
4963403, 342, 341, 339, 338, 
4963436, 341, 340, 340, 338, 
4963468, 341, 340, 339, 337, 
4963501, 340, 340, 339, 337, 
4963532, 340, 339, 339, 336, 
4963565, 339, 339, 339, 337, 
4963597, 339, 339, 339, 338, 
4963630, 338, 338, 338, 337, 
4963661, 336, 337, 337, 336, 
4963693, 336, 337, 338, 337, 
4963726, 338, 338, 339, 337, 
4963758, 338, 339, 339, 338, 
4963790, 328, 329, 336, 337, 
4963822, 336, 339, 336, 335, 
4963855, 339, 337, 338, 338, 
4963887, 337, 336, 338, 338, 
4963919, 337, 334, 338, 338, 
4963951, 335, 334, 337, 339, 
4963984, 332, 331, 338, 338, 
4964016, 329, 329, 338, 337, 
4964048, 328, 329, 338, 338, 
4964080, 333, 334, 337, 338, 
4964113, 340, 340, 339, 338, 
4964145, 344, 344, 339, 338, 
4964177, 346, 344, 339, 339, 
4964209, 343, 343, 339, 340, 
4964242, 343, 342, 339, 339, 
4964274, 343, 341, 340, 339, 
4964306, 341, 341, 339, 339, 
4964338, 341, 342, 339, 339, 
4964371, 340, 340, 339, 338, 
4964403, 339, 339, 340, 339, 
4964435, 338, 339, 339, 338, 
4964467, 339, 339, 338, 339, 
4964500, 339, 338, 338, 339, 
4964532, 337, 337, 337, 337, 
4964564, 336, 337, 337, 338, 
4964596, 335, 337, 337, 337, 
4964629, 336, 337, 338, 334, 
4964661, 333, 332, 338, 339, 
4964694, 328, 340, 336, 334, 
4964725, 337, 340, 338, 335, 
4964757, 336, 338, 338, 336, 
4964790, 335, 336, 339, 335, 
4964822, 334, 334, 339, 334, 
4964854, 332, 333, 338, 333, 
4964886, 329, 332, 338, 332, 
4964919, 328, 330, 338, 333, 
4964951, 329, 332, 338, 333, 
4964983, 336, 338, 338, 334, 
4965015, 342, 342, 341, 335, 
4965048, 344, 344, 340, 336, 
4965080, 345, 345, 340, 337, 
4965112, 344, 344, 340, 337, 
4965144, 343, 342, 339, 336, 
4965177, 342, 343, 340, 338, 
4965209, 341, 342, 340, 339, 
4965241, 341, 341, 339, 339, 
4965273, 341, 341, 340, 340, 
4965306, 339, 340, 340, 339, 
4965338, 339, 339, 340, 340, 
4965370, 338, 338, 339, 339, 
4965402, 338, 338, 338, 339, 
4965435, 336, 338, 338, 339, 
4965467, 335, 339, 339, 339, 
4965499, 336, 338, 339, 340, 
4965531, 337, 338, 339, 339, 
4965564, 327, 329, 338, 338, 
4965596, 335, 342, 336, 335, 
4965628, 336, 338, 338, 338, 
4965660, 336, 335, 338, 338, 
4965693, 335, 334, 338, 338, 
4965725, 333, 331, 339, 338, 
4965756, 332, 329, 339, 338, 
4965789, 329, 325, 338, 337, 
4965821, 327, 326, 337, 337, 
4965854, 331, 330, 338, 336, 
4965885, 338, 335, 339, 339, 
4965918, 343, 339, 340, 339, 
4965950, 344, 341, 339, 339, 
4965983, 345, 342, 340, 339, 
4966014, 344, 342, 339, 338, 
4966047, 342, 340, 339, 339, 
4966079, 342, 341, 337, 340, 
4966112, 341, 340, 339, 339, 
4966144, 340, 340, 338, 337, 
4966176, 340, 340, 339, 338, 
4966208, 340, 339, 338, 339, 
4966241, 339, 340, 338, 340, 
4966273, 340, 338, 338, 338, 
4966305, 338, 338, 339, 340, 
4966337, 338, 338, 338, 340, 
4966370, 337, 339, 337, 340, 
4966402, 338, 338, 338, 341, 
4966434, 339, 337, 338, 343, 
4966466, 331, 329, 337, 342, 
4966499, 335, 342, 335, 338, 
4966531, 338, 338, 337, 342, 
4966563, 338, 336, 339, 345, 
4966595, 336, 334, 338, 343, 
4966628, 335, 334, 337, 345, 
4966660, 333, 332, 337, 344, 
4966692, 330, 330, 336, 344, 
4966724, 328, 330, 337, 344, 
4966757, 331, 334, 337, 345, 
4966789, 340, 339, 338, 346, 
4966820, 343, 342, 339, 346, 
4966853, 345, 344, 339, 348, 
4966885, 345, 343, 339, 348, 
4966918, 344, 343, 339, 349, 
4966949, 343, 343, 338, 352, 
4966982, 343, 341, 339, 351, 
4967014, 341, 341, 339, 353, 
4967047, 341, 340, 339, 354, 
4967078, 340, 339, 339, 354, 
4967111, 340, 340, 339, 354, 
4967143, 338, 339, 338, 355, 
4967176, 338, 338, 339, 354, 
4967207, 338, 339, 340, 354, 
4967240, 337, 338, 338, 353, 
4967272, 337, 337, 338, 352, 
4967305, 336, 336, 337, 352, 
4967336, 337, 338, 338, 353, 
4967369, 335, 333, 337, 352, 
4967401, 330, 337, 336, 350, 
4967434, 337, 339, 337, 352, 
4967465, 338, 337, 337, 351, 
4967498, 336, 336, 337, 351, 
4967530, 336, 335, 337, 351, 
4967563, 333, 334, 337, 350, 
4967595, 331, 333, 337, 350, 
4967627, 329, 331, 337, 350, 
4967659, 330, 334, 337, 348, 
4967692, 336, 341, 338, 349, 
4967724, 342, 347, 338, 347, 
4967756, 345, 347, 339, 346, 
4967788, 345, 348, 339, 345, 
4967820, 345, 346, 339, 346, 
4967853, 343, 344, 339, 343, 
4967884, 341, 342, 339, 342, 
4967917, 341, 341, 338, 341, 
4967949, 341, 341, 338, 340, 
4967982, 340, 341, 339, 339, 
4968013, 339, 339, 339, 338, 
4968046, 339, 338, 339, 336, 
4968078, 338, 338, 339, 335, 
4968111, 338, 338, 338, 333, 
4968142, 337, 338, 339, 333, 
4968175, 338, 338, 338, 332, 
4968207, 339, 337, 339, 331, 
4968240, 330, 329, 338, 330, 
4968271, 335, 340, 336, 327, 
4968304, 338, 338, 338, 328, 
4968336, 338, 336, 338, 330, 
4968369, 337, 335, 338, 329, 
4968400, 336, 335, 338, 329, 
4968433, 333, 332, 337, 329, 
4968465, 330, 330, 337, 329, 
4968498, 328, 330, 336, 328, 
4968529, 332, 333, 337, 328, 
4968562, 338, 339, 338, 330, 
4968594, 343, 343, 339, 332, 
4968627, 345, 344, 340, 331, 
4968658, 344, 343, 339, 332, 
4968691, 343, 342, 339, 332, 
4968723, 343, 342, 340, 332, 
4968756, 342, 341, 339, 332, 
4968787, 341, 340, 340, 333, 
4968820, 342, 339, 339, 332, 
4968852, 341, 340, 341, 333, 
4968884, 340, 339, 340, 333, 
4968916, 340, 339, 339, 333, 
4968948, 340, 338, 339, 333, 
4968981, 337, 338, 338, 332, 
4969013, 336, 337, 337, 331, 
4969046, 336, 336, 338, 332, 
4969077, 338, 338, 338, 332, 
4969110, 338, 336, 338, 333, 
4969142, 326, 332, 335, 330, 
4969175, 339, 341, 337, 332, 
4969206, 338, 337, 337, 333, 
4969239, 337, 336, 338, 333, 
4969271, 336, 334, 338, 334, 
4969304, 335, 332, 337, 333, 
4969335, 332, 331, 337, 333, 
4969368, 329, 329, 337, 331, 
4969400, 328, 329, 337, 332, 
4969433, 334, 335, 339, 333, 
4969464, 340, 340, 340, 335, 
4969497, 344, 343, 340, 333, 
4969529, 345, 343, 340, 334, 
4969562, 345, 344, 338, 335, 
4969593, 343, 342, 340, 334, 
4969626, 342, 342, 340, 334, 
4969658, 341, 341, 339, 334, 
4969691, 340, 341, 339, 333, 
4969722, 340, 340, 339, 333, 
4969755, 339, 339, 338, 333, 
4969787, 339, 340, 339, 334, 
4969820, 339, 340, 339, 334, 
4969851, 339, 340, 338, 333, 
4969883, 337, 338, 338, 332, 
4969916, 336, 336, 338, 332, 
4969948, 336, 337, 337, 332, 
4969980, 337, 337, 338, 333, 
4970012, 334, 334, 337, 332, 
4970045, 328, 336, 337, 330, 
4970077, 336, 338, 338, 332, 
4970109, 337, 336, 338, 332, 
4970141, 337, 335, 337, 333, 
4970174, 335, 334, 338, 333, 
4970206, 334, 333, 338, 333, 
4970238, 330, 330, 337, 333, 
4970270, 328, 330, 337, 333, 
4970303, 329, 331, 338, 334, 
4970335, 337, 337, 339, 334, 
4970368, 341, 342, 340, 335, 
4970399, 344, 345, 341, 334, 
4970432, 344, 345, 341, 335, 
4970464, 344, 344, 341, 335, 
4970497, 343, 343, 340, 335, 
4970528, 342, 342, 340, 337, 
4970561, 341, 342, 340, 336, 
4970593, 340, 340, 341, 336, 
4970626, 339, 340, 340, 336, 
4970657, 341, 340, 340, 337, 
4970690, 339, 339, 340, 337, 
4970722, 337, 339, 339, 336, 
4970755, 337, 337, 339, 337, 
4970786, 337, 338, 339, 337, 
4970819, 339, 339, 339, 338, 
4970851, 332, 330, 338, 337, 
4970884, 333, 340, 337, 336, 
4970915, 338, 338, 338, 338, 
4970947, 337, 336, 339, 338, 
4970980, 337, 335, 339, 338, 
4971012, 335, 335, 339, 338, 
4971044, 333, 334, 338, 338, 
4971076, 331, 331, 338, 337, 
4971109, 329, 329, 337, 338, 
4971141, 332, 333, 337, 338, 
4971173, 339, 338, 338, 339, 
4971205, 343, 343, 339, 341, 
4971238, 344, 344, 340, 340, 
4971270, 345, 344, 339, 341, 
4971302, 343, 343, 340, 339, 
4971334, 343, 342, 338, 340, 
4971367, 341, 341, 338, 340, 
4971399, 342, 340, 338, 342, 
4971431, 340, 340, 338, 340, 
4971463, 339, 339, 338, 341, 
4971496, 340, 339, 338, 340, 
4971528, 339, 339, 339, 340, 
4971560, 338, 338, 338, 339, 
4971592, 337, 338, 337, 339, 
4971625, 337, 338, 337, 340, 
4971657, 338, 338, 338, 340, 
4971689, 337, 335, 337, 341, 
4971721, 328, 335, 335, 337, 
4971754, 337, 340, 337, 338, 
4971786, 338, 337, 338, 339, 
4971819, 337, 336, 339, 340, 
4971850, 338, 334, 338, 339, 
4971883, 335, 333, 339, 339, 
4971915, 332, 332, 337, 339, 
4971947, 329, 329, 337, 340, 
4971979, 329, 332, 337, 339, 
4972011, 335, 337, 338, 340, 
4972044, 341, 342, 339, 340, 
4972076, 344, 344, 339, 341, 
4972108, 345, 345, 339, 340, 
4972140, 344, 343, 338, 341, 
4972173, 344, 343, 339, 340, 
4972205, 342, 341, 340, 339, 
4972237, 342, 341, 339, 340, 
4972269, 341, 340, 339, 340, 
4972302, 340, 340, 339, 339, 
4972334, 340, 339, 339, 340, 
4972366, 339, 340, 339, 340, 
4972398, 339, 339, 338, 338, 
4972431, 339, 339, 339, 338, 
4972463, 337, 339, 337, 338, 
4972495, 336, 337, 337, 337, 
4972527, 338, 338, 338, 338, 
4972560, 338, 338, 339, 338, 
4972592, 330, 330, 338, 337, 
4972624, 331, 338, 336, 335, 
4972656, 336, 338, 338, 338, 
4972689, 335, 337, 339, 339, 
4972721, 336, 336, 338, 338, 
4972753, 336, 334, 338, 338, 
4972785, 333, 333, 338, 339, 
4972818, 330, 330, 337, 338, 
4972850, 329, 330, 337, 338, 
4972882, 331, 334, 338, 337, 
4972914, 338, 340, 338, 338, 
4972947, 343, 346, 340, 340, 
4972979, 345, 346, 339, 341, 
4973010, 344, 345, 339, 337, 
4973043, 343, 344, 341, 338, 
4973075, 342, 344, 341, 339, 
4973108, 340, 342, 340, 336, 
4973139, 341, 343, 339, 339, 
4973172, 340, 345, 340, 337, 
4973204, 339, 345, 339, 337, 
4973237, 339, 345, 339, 336, 
4973268, 339, 344, 339, 333, 
4973301, 337, 342, 338, 333, 
4973333, 337, 342, 337, 333, 
4973366, 338, 341, 338, 333, 
4973398, 338, 342, 338, 334, 
4973430, 336, 336, 337, 333, 
4973462, 331, 340, 336, 331, 
4973495, 338, 342, 337, 334, 
4973527, 337, 339, 338, 332, 
4973559, 337, 337, 338, 335, 
4973591, 336, 337, 338, 335, 
4973624, 333, 336, 338, 336, 
4973656, 331, 334, 338, 337, 
4973688, 329, 331, 337, 337, 
4973720, 331, 334, 337, 336, 
4973753, 336, 339, 338, 337, 
4973785, 343, 342, 339, 338, 
4973817, 345, 344, 339, 339, 
4973849, 345, 344, 340, 339, 
4973882, 344, 343, 340, 340, 
4973914, 342, 341, 341, 339, 
4973946, 342, 342, 340, 341, 
4973978, 341, 339, 341, 340, 
4974010, 340, 339, 341, 340, 
4974043, 339, 337, 340, 340, 
4974074, 339, 336, 341, 339, 
4974107, 337, 336, 340, 339, 
4974139, 337, 334, 340, 339, 
4974172, 336, 333, 338, 338, 
4974203, 333, 333, 337, 337, 
4974236, 335, 332, 338, 340, 
4974268, 335, 331, 338, 339, 
4974301, 325, 324, 336, 338, 
4974332, 333, 334, 336, 337, 
4974365, 334, 330, 337, 338, 
4974397, 334, 328, 339, 340, 
4974430, 333, 328, 339, 340, 
4974461, 333, 330, 339, 339, 
4974494, 331, 328, 338, 339, 
4974526, 327, 327, 337, 339, 
4974559, 326, 325, 337, 338, 
4974590, 332, 333, 337, 339, 
4974623, 338, 337, 337, 338, 
4974655, 344, 340, 339, 341, 
4974688, 345, 342, 339, 340, 
4974720, 345, 341, 338, 340, 
4974752, 344, 342, 339, 340, 
4974784, 343, 340, 338, 341, 
4974817, 342, 340, 338, 340, 
4974849, 341, 341, 338, 340, 
4974881, 342, 341, 339, 338, 
4974913, 340, 341, 341, 340, 
4974946, 340, 341, 339, 339, 
4974978, 340, 340, 339, 340, 
4975010, 340, 340, 339, 339, 
4975042, 339, 339, 337, 338, 
4975074, 339, 339, 337, 338, 
4975107, 339, 339, 337, 339, 
4975138, 340, 338, 338, 339, 
4975171, 331, 330, 338, 339, 
4975203, 334, 342, 336, 337, 
4975236, 339, 337, 339, 339, 
4975267, 337, 335, 338, 341, 
4975300, 335, 334, 338, 340, 
4975332, 334, 334, 339, 341, 
4975365, 330, 334, 339, 340, 
4975396, 326, 333, 338, 339, 
4975429, 324, 331, 337, 338, 
4975461, 328, 336, 339, 339, 
4975494, 335, 340, 338, 339, 
4975525, 339, 344, 338, 338, 
4975558, 341, 343, 340, 338, 
4975590, 340, 343, 340, 338, 
4975623, 340, 342, 339, 338, 
4975654, 340, 342, 339, 337, 
4975687, 338, 341, 339, 337, 
4975719, 338, 340, 340, 338, 
4975752, 337, 340, 340, 338, 
4975783, 336, 340, 339, 337, 
4975816, 337, 339, 338, 338, 
4975848, 338, 338, 339, 338, 
4975881, 338, 338, 339, 338, 
4975912, 337, 339, 337, 337, 
4975945, 336, 337, 337, 336, 
4975977, 337, 338, 338, 337, 
4976010, 337, 338, 338, 338, 
4976041, 329, 330, 335, 337, 
4976073, 333, 339, 335, 335, 
4976106, 337, 336, 338, 337, 
4976138, 337, 336, 339, 337, 
4976171, 336, 336, 339, 338, 
4976202, 335, 335, 338, 338, 
4976235, 333, 333, 338, 338, 
4976267, 330, 331, 338, 338, 
4976300, 331, 331, 338, 338, 
4976331, 332, 334, 338, 337, 
4976364, 338, 339, 337, 337, 
4976396, 344, 343, 340, 338, 
4976429, 345, 344, 339, 338, 
4976460, 345, 343, 340, 339, 
4976493, 344, 341, 339, 338, 
4976525, 343, 341, 339, 338, 
4976558, 342, 340, 340, 338, 
4976589, 341, 339, 338, 337, 
4976622, 340, 340, 337, 338, 
4976654, 339, 339, 338, 338, 
4976687, 340, 338, 337, 337, 
4976718, 338, 338, 337, 338, 
4976751, 337, 339, 337, 338, 
4976783, 336, 338, 337, 337, 
4976816, 338, 337, 337, 337, 
4976847, 337, 337, 338, 337, 
4976880, 330, 330, 337, 337, 
4976912, 335, 342, 337, 336, 
4976945, 337, 338, 337, 336, 
4976976, 336, 335, 337, 337, 
4977009, 335, 334, 338, 338, 
4977041, 334, 333, 338, 338, 
4977074, 332, 332, 338, 338, 
4977105, 330, 331, 337, 337, 
4977137, 328, 331, 337, 338, 
4977170, 332, 333, 337, 338, 
4977202, 338, 338, 337, 338, 
4977234, 343, 341, 339, 339, 
4977266, 344, 343, 340, 338, 
4977299, 343, 342, 339, 338, 
4977331, 344, 342, 338, 338, 
4977363, 342, 341, 339, 338, 
4977395, 341, 340, 339, 338, 
4977428, 340, 339, 339, 339, 
4977460, 340, 339, 338, 338, 
4977492, 340, 339, 338, 338, 
4977524, 340, 338, 338, 339, 
4977557, 338, 339, 339, 338, 
4977589, 338, 338, 338, 338, 
4977622, 338, 339, 337, 337, 
4977653, 336, 339, 337, 337, 
4977686, 336, 337, 337, 337, 
4977718, 337, 337, 338, 338, 
4977751, 332, 331, 337, 339, 
4977782, 332, 341, 336, 337, 
4977815, 337, 339, 337, 338, 
4977847, 336, 336, 338, 338, 
4977880, 335, 335, 338, 339, 
4977911, 335, 334, 338, 339, 
4977944, 333, 333, 337, 338, 
4977976, 330, 331, 337, 338, 
4978009, 328, 330, 338, 338, 
4978040, 331, 333, 337, 338, 
4978073, 338, 339, 339, 339, 
4978105, 343, 342, 339, 339, 
4978137, 345, 342, 338, 339, 
4978169, 345, 342, 338, 338, 
4978201, 344, 342, 339, 338, 
4978234, 343, 341, 339, 338, 
4978266, 341, 340, 338, 338, 
4978298, 341, 340, 339, 338, 
4978330, 341, 339, 338, 338, 
4978363, 340, 338, 339, 338, 
4978395, 340, 338, 338, 338, 
4978427, 339, 338, 338, 338, 
4978459, 339, 338, 338, 338, 
4978492, 337, 338, 339, 338, 
4978524, 337, 337, 338, 338, 
4978556, 336, 337, 338, 337, 
4978588, 336, 337, 337, 337, 
4978621, 338, 338, 338, 338, 
4978653, 337, 337, 338, 338, 
4978685, 328, 330, 338, 338, 
4978717, 335, 341, 337, 337, 
4978750, 337, 337, 336, 338, 
4978782, 336, 335, 338, 338, 
4978814, 335, 334, 338, 338, 
4978846, 334, 334, 338, 338, 
4978879, 332, 332, 337, 338, 
4978911, 329, 332, 337, 338, 
4978944, 328, 330, 337, 338, 
4978975, 331, 334, 337, 338, 
4979008, 338, 339, 339, 337, 
4979040, 342, 342, 338, 337, 
4979073, 344, 342, 339, 339, 
4979104, 343, 343, 338, 337, 
4979137, 343, 341, 340, 338, 
4979169, 343, 341, 338, 338, 
4979201, 341, 340, 340, 338, 
4979233, 340, 340, 338, 337, 
4979265, 340, 339, 338, 338, 
4979298, 339, 339, 339, 338, 
4979330, 338, 338, 338, 338, 
4979362, 338, 337, 338, 338, 
4979394, 338, 338, 338, 338, 
4979427, 337, 338, 337, 337, 
4979459, 336, 338, 337, 337, 
4979491, 337, 337, 337, 337, 
4979523, 339, 337, 338, 338, 
4979556, 334, 331, 336, 338, 
4979588, 330, 338, 335, 335, 
4979620, 337, 337, 338, 337, 
4979652, 338, 336, 337, 337, 
4979685, 336, 335, 337, 338, 
4979717, 335, 333, 337, 337, 
4979749, 333, 332, 337, 338, 
4979781, 332, 331, 337, 338, 
4979814, 328, 331, 336, 337, 
4979846, 330, 332, 335, 337, 
4979878, 338, 339, 338, 337, 
4979910, 342, 341, 338, 338, 
4979943, 344, 342, 338, 338, 
4979975, 344, 342, 338, 338, 
4980007, 345, 342, 338, 337, 
4980039, 342, 341, 338, 338, 
4980072, 342, 341, 338, 338, 
