?b???b???bj
4320735, 337, 338, 338, 338, 
4320766, 330, 331, 337, 339, 
4320799, 335, 341, 336, 338, 
4320831, 337, 338, 338, 339, 
4320864, 337, 336, 338, 339, 
4320896, 337, 336, 339, 340, 
4320928, 335, 334, 339, 340, 
4320960, 333, 333, 337, 338, 
4320993, 331, 331, 337, 338, 
4321025, 328, 331, 335, 337, 
4321056, 330, 332, 335, 335, 
4321089, 338, 338, 337, 338, 
4321121, 343, 342, 339, 337, 
4321154, 345, 342, 339, 338, 
4321185, 346, 342, 339, 339, 
4321218, 344, 341, 338, 339, 
4321250, 343, 341, 339, 340, 
4321283, 342, 340, 338, 338, 
4321314, 342, 340, 338, 337, 
4321347, 340, 339, 339, 339, 
4321379, 339, 338, 339, 338, 
4321412, 339, 339, 339, 338, 
4321443, 338, 337, 338, 339, 
4321476, 339, 337, 338, 338, 
4321508, 338, 337, 338, 337, 
4321541, 337, 338, 339, 338, 
4321572, 336, 338, 338, 338, 
4321605, 337, 337, 338, 339, 
4321637, 338, 338, 338, 338, 
4321670, 329, 331, 338, 337, 
4321701, 334, 340, 336, 336, 
4321734, 337, 337, 337, 338, 
4321766, 336, 336, 338, 339, 
4321799, 334, 335, 337, 338, 
4321830, 333, 333, 337, 339, 
4321863, 330, 332, 337, 339, 
4321895, 328, 330, 337, 340, 
4321928, 326, 329, 336, 339, 
4321959, 330, 333, 337, 340, 
4321992, 338, 339, 337, 339, 
4322024, 341, 342, 338, 339, 
4322057, 343, 343, 339, 339, 
4322088, 343, 343, 338, 338, 
4322120, 342, 342, 339, 337, 
4322153, 341, 340, 338, 337, 
4322185, 340, 340, 337, 337, 
4322217, 339, 338, 338, 338, 
4322249, 338, 338, 338, 337, 
4322282, 338, 337, 339, 337, 
4322314, 338, 337, 337, 336, 
4322347, 337, 337, 337, 336, 
4322378, 337, 337, 337, 337, 
4322411, 336, 337, 337, 337, 
4322443, 336, 337, 338, 337, 
4322476, 337, 339, 337, 340, 
4322507, 336, 334, 337, 338, 
4322540, 329, 336, 335, 335, 
4322572, 337, 338, 336, 336, 
4322605, 336, 335, 337, 337, 
4322636, 335, 334, 337, 338, 
4322669, 334, 334, 338, 338, 
4322701, 332, 332, 337, 337, 
4322734, 331, 331, 336, 336, 
4322765, 328, 329, 336, 337, 
4322798, 328, 331, 337, 337, 
4322830, 333, 337, 337, 337, 
4322863, 340, 340, 338, 337, 
4322894, 343, 342, 338, 337, 
4322927, 344, 343, 339, 336, 
4322959, 343, 341, 338, 336, 
4322992, 342, 340, 338, 336, 
4323023, 339, 340, 337, 336, 
4323056, 341, 339, 338, 336, 
4323088, 340, 339, 338, 336, 
4323120, 339, 339, 337, 336, 
4323152, 338, 338, 339, 337, 
4323184, 337, 338, 337, 337, 
4323217, 337, 337, 337, 338, 
4323249, 336, 336, 337, 336, 
4323281, 335, 336, 338, 336, 
4323313, 335, 337, 337, 337, 
4323346, 336, 338, 337, 337, 
4323378, 335, 337, 337, 337, 
4323410, 326, 335, 335, 335, 
4323442, 336, 341, 336, 336, 
4323475, 336, 337, 337, 336, 
4323507, 335, 334, 337, 336, 
4323539, 335, 334, 337, 336, 
4323571, 332, 333, 337, 337, 
4323604, 332, 331, 337, 336, 
4323636, 328, 331, 337, 336, 
4323668, 328, 331, 336, 335, 
4323700, 333, 335, 337, 336, 
4323733, 339, 340, 338, 336, 
4323765, 342, 341, 339, 337, 
4323798, 344, 342, 339, 339, 
4323829, 343, 342, 338, 338, 
4323862, 342, 341, 338, 338, 
4323894, 341, 342, 340, 338, 
4323927, 340, 340, 338, 337, 
4323958, 339, 339, 337, 338, 
4323991, 338, 338, 338, 337, 
4324023, 338, 338, 337, 339, 
4324056, 338, 338, 338, 340, 
4324087, 336, 338, 337, 340, 
4324120, 336, 337, 338, 340, 
4324152, 336, 338, 337, 339, 
4324184, 334, 339, 336, 340, 
4324216, 334, 337, 338, 340, 
4324248, 334, 337, 338, 340, 
4324281, 335, 337, 338, 343, 
4324313, 324, 331, 336, 340, 
4324345, 334, 340, 336, 340, 
4324377, 334, 336, 338, 339, 
4324410, 333, 334, 339, 339, 
4324442, 333, 333, 338, 339, 
4324474, 333, 333, 338, 338, 
4324506, 330, 332, 338, 337, 
4324539, 328, 329, 338, 337, 
4324571, 327, 331, 339, 336, 
4324603, 332, 334, 338, 336, 
4324635, 338, 340, 338, 337, 
4324668, 342, 341, 339, 337, 
4324700, 343, 342, 339, 337, 
4324732, 342, 341, 339, 338, 
4324764, 341, 340, 339, 338, 
4324797, 341, 340, 339, 338, 
4324829, 341, 339, 338, 338, 
4324861, 340, 339, 338, 339, 
4324893, 339, 338, 338, 339, 
4324926, 338, 338, 338, 339, 
4324958, 338, 338, 338, 338, 
4324990, 338, 337, 338, 338, 
4325022, 338, 337, 338, 337, 
4325055, 337, 337, 338, 337, 
4325087, 337, 338, 337, 337, 
4325120, 337, 337, 338, 335, 
4325151, 336, 337, 337, 336, 
4325183, 336, 338, 337, 338, 
4325216, 338, 339, 337, 337, 
4325248, 337, 338, 337, 335, 
4325280, 327, 331, 335, 337, 
4325312, 336, 339, 335, 336, 
4325345, 337, 335, 336, 340, 
4325377, 336, 335, 337, 340, 
4325409, 336, 334, 337, 340, 
4325441, 334, 333, 337, 339, 
4325474, 332, 331, 337, 339, 
4325506, 329, 331, 336, 338, 
4325538, 328, 330, 336, 337, 
4325570, 332, 333, 338, 338, 
4325603, 339, 340, 338, 338, 
4325635, 342, 342, 338, 338, 
4325667, 345, 343, 340, 337, 
4325699, 344, 341, 339, 337, 
4325732, 342, 341, 339, 337, 
4325764, 341, 341, 338, 336, 
4325796, 340, 339, 338, 337, 
4325828, 339, 337, 338, 337, 
4325861, 340, 339, 338, 336, 
4325893, 338, 338, 337, 337, 
4325925, 338, 338, 337, 336, 
4325957, 337, 337, 337, 337, 
4325990, 337, 337, 339, 336, 
4326022, 335, 337, 337, 336, 
4326054, 337, 337, 337, 336, 
4326086, 337, 336, 337, 337, 
4326119, 337, 337, 336, 336, 
4326151, 335, 338, 337, 336, 
4326183, 337, 338, 337, 337, 
4326215, 338, 336, 337, 336, 
4326247, 329, 330, 336, 336, 
4326280, 334, 340, 337, 335, 
4326311, 336, 337, 336, 335, 
4326344, 336, 335, 337, 336, 
4326376, 335, 333, 336, 336, 
4326409, 334, 333, 338, 337, 
4326440, 333, 332, 336, 337, 
4326473, 329, 330, 336, 336, 
4326505, 327, 329, 335, 336, 
4326538, 331, 333, 335, 336, 
4326569, 337, 338, 337, 337, 
4326602, 342, 341, 339, 337, 
4326634, 344, 343, 338, 337, 
4326667, 343, 342, 339, 337, 
4326699, 342, 340, 338, 338, 
4326731, 341, 340, 337, 337, 
4326763, 341, 339, 338, 337, 
4326796, 340, 338, 338, 337, 
4326828, 339, 338, 338, 337, 
4326860, 339, 338, 338, 337, 
4326892, 338, 338, 337, 337, 
4326925, 338, 338, 337, 338, 
4326957, 337, 338, 338, 337, 
4326989, 338, 338, 337, 338, 
4327021, 337, 336, 337, 337, 
4327054, 338, 338, 338, 338, 
4327086, 336, 337, 337, 336, 
4327118, 336, 337, 336, 336, 
4327150, 335, 338, 336, 336, 
4327183, 335, 337, 336, 336, 
4327215, 337, 336, 338, 337, 
4327246, 334, 334, 336, 336, 
4327279, 328, 337, 335, 334, 
4327311, 335, 338, 337, 336, 
4327344, 335, 335, 337, 336, 
4327375, 335, 335, 337, 338, 
4327408, 334, 334, 337, 337, 
4327440, 332, 332, 337, 337, 
4327473, 330, 331, 337, 336, 
4327504, 327, 329, 336, 336, 
4327537, 328, 332, 337, 336, 
4327569, 335, 337, 338, 336, 
4327602, 341, 340, 338, 337, 
4327633, 344, 341, 339, 337, 
4327666, 345, 341, 339, 338, 
4327698, 344, 342, 339, 338, 
4327731, 342, 340, 338, 337, 
4327762, 341, 341, 338, 337, 
4327795, 341, 340, 338, 337, 
4327827, 340, 338, 338, 338, 
4327860, 339, 338, 339, 338, 
4327891, 339, 338, 338, 337, 
4327924, 338, 338, 338, 337, 
4327956, 337, 337, 337, 337, 
4327989, 337, 337, 338, 338, 
4328020, 337, 337, 337, 337, 
4328053, 337, 337, 337, 336, 
4328085, 337, 338, 337, 337, 
4328118, 336, 337, 338, 337, 
4328150, 336, 336, 337, 336, 
4328182, 336, 337, 337, 336, 
4328214, 335, 338, 337, 337, 
4328247, 337, 337, 339, 337, 
4328279, 332, 331, 337, 337, 
4328310, 331, 340, 335, 335, 
4328343, 336, 338, 336, 336, 
4328375, 335, 335, 337, 336, 
4328408, 335, 333, 337, 337, 
4328439, 334, 333, 337, 337, 
4328472, 332, 332, 336, 336, 
4328504, 329, 331, 336, 336, 
4328537, 328, 329, 336, 336, 
4328568, 328, 332, 336, 337, 
4328601, 335, 338, 337, 336, 
4328633, 342, 342, 339, 336, 
4328666, 345, 342, 338, 336, 
4328697, 344, 342, 338, 336, 
4328730, 343, 341, 338, 335, 
4328762, 342, 340, 339, 335, 
4328795, 341, 340, 338, 335, 
4328826, 340, 339, 338, 336, 
4328859, 339, 338, 338, 336, 
4328891, 338, 339, 338, 337, 
4328924, 338, 338, 338, 338, 
4328955, 338, 338, 338, 337, 
4328988, 337, 337, 338, 337, 
4329020, 337, 337, 338, 337, 
4329053, 337, 337, 338, 337, 
4329084, 337, 337, 338, 337, 
4329117, 336, 337, 337, 336, 
4329149, 336, 337, 337, 336, 
4329182, 334, 337, 336, 337, 
4329213, 336, 337, 338, 336, 
4329246, 337, 336, 338, 336, 
4329278, 328, 329, 336, 335, 
4329310, 334, 340, 336, 335, 
4329342, 337, 336, 337, 336, 
4329374, 337, 334, 337, 336, 
4329407, 336, 334, 337, 336, 
4329439, 334, 333, 337, 336, 
4329472, 332, 332, 337, 336, 
4329503, 329, 330, 337, 336, 
4329536, 327, 330, 336, 337, 
4329568, 331, 334, 336, 337, 
4329601, 337, 338, 338, 337, 
4329632, 344, 342, 339, 338, 
4329665, 344, 342, 339, 338, 
4329697, 344, 344, 339, 338, 
4329730, 344, 342, 339, 338, 
4329761, 341, 341, 338, 339, 
4329794, 340, 340, 339, 339, 
4329826, 340, 339, 338, 339, 
4329859, 340, 339, 338, 339, 
4329890, 339, 338, 337, 339, 
4329923, 339, 338, 338, 340, 
4329955, 338, 337, 337, 340, 
4329988, 338, 338, 337, 340, 
4330019, 339, 337, 337, 340, 
4330052, 338, 336, 337, 340, 
4330084, 338, 337, 337, 340, 
4330117, 337, 336, 337, 340, 
4330148, 337, 337, 336, 340, 
4330181, 336, 337, 337, 340, 
4330213, 337, 337, 338, 339, 
4330246, 336, 335, 337, 340, 
4330277, 327, 335, 335, 337, 
4330310, 337, 338, 336, 338, 
4330342, 337, 336, 336, 338, 
4330374, 336, 334, 337, 339, 
4330406, 334, 334, 337, 339, 
4330438, 334, 333, 336, 337, 
4330471, 331, 331, 336, 337, 
4330503, 328, 329, 336, 336, 
4330535, 328, 330, 337, 336, 
4330567, 334, 335, 337, 335, 
4330600, 340, 339, 337, 336, 
4330632, 344, 341, 338, 336, 
4330664, 344, 342, 338, 337, 
4330696, 343, 342, 338, 337, 
4330729, 342, 342, 339, 338, 
4330761, 341, 341, 337, 338, 
4330793, 340, 340, 338, 337, 
4330825, 340, 339, 338, 337, 
4330858, 339, 338, 337, 336, 
4330890, 338, 337, 337, 337, 
4330923, 339, 337, 337, 336, 
4330954, 337, 335, 337, 336, 
4330987, 336, 336, 337, 336, 
4331019, 337, 336, 337, 337, 
4331052, 336, 336, 337, 336, 
4331083, 336, 336, 337, 336, 
4331116, 335, 336, 337, 337, 
4331148, 336, 336, 337, 336, 
4331181, 336, 336, 337, 336, 
4331212, 332, 332, 336, 336, 
4331245, 332, 339, 335, 334, 
4331277, 337, 338, 337, 337, 
4331310, 336, 337, 337, 337, 
4331341, 335, 336, 338, 338, 
4331373, 334, 334, 338, 339, 
4331406, 332, 332, 337, 338, 
4331438, 330, 331, 338, 339, 
4331470, 327, 330, 337, 338, 
4331502, 328, 332, 337, 337, 
4331535, 335, 337, 338, 338, 
4331567, 340, 341, 338, 338, 
4331599, 342, 342, 339, 338, 
4331631, 343, 341, 338, 338, 
4331664, 342, 341, 339, 338, 
4331696, 341, 341, 338, 338, 
4331728, 340, 339, 338, 338, 
4331760, 339, 338, 338, 337, 
4331793, 339, 339, 337, 337, 
4331825, 338, 338, 339, 338, 
4331857, 338, 339, 338, 339, 
4331889, 337, 338, 338, 339, 
4331922, 337, 338, 338, 338, 
4331954, 338, 337, 338, 337, 
4331986, 336, 338, 337, 340, 
4332018, 335, 338, 336, 339, 
4332051, 335, 338, 337, 338, 
4332083, 336, 338, 336, 337, 
4332115, 336, 337, 337, 338, 
4332147, 330, 330, 337, 337, 
4332180, 333, 340, 335, 334, 
4332212, 335, 338, 336, 336, 
4332244, 336, 335, 337, 337, 
4332276, 335, 334, 337, 336, 
4332309, 333, 334, 337, 336, 
4332341, 331, 332, 338, 337, 
4332374, 328, 331, 337, 337, 
4332405, 325, 331, 337, 338, 
4332437, 327, 333, 337, 338, 
4332470, 335, 339, 338, 339, 
4332502, 340, 341, 338, 340, 
4332534, 342, 342, 339, 341, 
4332566, 342, 341, 338, 342, 
4332599, 341, 341, 339, 344, 
4332631, 340, 341, 338, 345, 
4332663, 339, 340, 339, 343, 
4332695, 337, 339, 339, 339, 
4332728, 336, 338, 338, 337, 
4332760, 338, 339, 337, 340, 
4332792, 340, 338, 338, 347, 
4332824, 345, 339, 337, 348, 
4332857, 347, 339, 336, 351, 
4332889, 349, 338, 336, 356, 
4332921, 349, 338, 336, 356, 
4332953, 346, 338, 335, 357, 
4332986, 340, 338, 334, 353, 
4333018, 336, 336, 333, 346, 
4333050, 334, 337, 334, 344, 
4333082, 333, 338, 334, 346, 
4333115, 323, 330, 331, 348, 
4333147, 328, 340, 330, 352, 
4333179, 330, 336, 330, 356, 
4333211, 322, 333, 322, 361, 
4333244, 331, 336, 333, 365, 
4333276, 327, 336, 334, 369, 
4333308, 327, 336, 334, 374, 
4333340, 324, 336, 333, 374, 
4333373, 322, 335, 333, 376, 
4333405, 326, 337, 333, 379, 
4333436, 335, 341, 336, 381, 
4333469, 338, 342, 335, 384, 
4333501, 340, 343, 340, 384, 
4333534, 340, 342, 340, 386, 
4333565, 339, 342, 338, 386, 
4333598, 339, 342, 337, 385, 
4333630, 336, 340, 336, 384, 
4333663, 338, 340, 337, 383, 
4333694, 335, 339, 337, 383, 
4333727, 336, 339, 334, 381, 
4333759, 335, 339, 336, 380, 
4333792, 334, 338, 336, 377, 
4333824, 335, 338, 337, 373, 
4333856, 334, 339, 336, 370, 
4333888, 334, 339, 336, 365, 
4333921, 332, 338, 336, 362, 
4333953, 335, 338, 338, 359, 
4333985, 334, 337, 337, 357, 
4334017, 329, 333, 339, 352, 
4334050, 332, 340, 337, 346, 
4334082, 335, 336, 338, 346, 
4334114, 335, 334, 340, 342, 
4334146, 333, 334, 338, 341, 
4334179, 332, 334, 339, 339, 
4334211, 331, 333, 338, 336, 
4334243, 328, 331, 337, 334, 
4334275, 327, 330, 338, 332, 
4334308, 330, 333, 339, 330, 
4334340, 336, 336, 339, 328, 
4334372, 341, 338, 340, 326, 
4334404, 342, 340, 338, 325, 
4334437, 343, 340, 339, 323, 
4334469, 342, 339, 339, 323, 
4334500, 342, 339, 338, 322, 
4334533, 340, 337, 339, 320, 
4334565, 340, 337, 338, 320, 
4334598, 339, 337, 337, 319, 
4334629, 339, 336, 338, 318, 
4334662, 338, 337, 338, 318, 
4334694, 338, 337, 339, 318, 
4334727, 337, 337, 338, 316, 
4334758, 337, 336, 338, 317, 
4334791, 338, 336, 337, 316, 
4334823, 337, 336, 338, 315, 
4334856, 336, 336, 338, 315, 
4334887, 336, 336, 337, 317, 
4334920, 337, 336, 339, 316, 
4334952, 335, 332, 337, 314, 
4334985, 332, 338, 335, 314, 
4335016, 338, 335, 336, 315, 
4335049, 338, 334, 336, 315, 
4335081, 336, 332, 337, 316, 
4335114, 335, 332, 337, 317, 
4335145, 334, 331, 338, 318, 
4335178, 332, 331, 338, 319, 
4335210, 331, 330, 339, 320, 
4335243, 331, 332, 340, 321, 
4335275, 335, 335, 341, 321, 
4335307, 339, 338, 341, 322, 
4335339, 342, 339, 341, 322, 
4335372, 342, 338, 342, 323, 
4335404, 342, 338, 341, 323, 
4335436, 340, 338, 341, 324, 
4335468, 340, 337, 340, 326, 
4335500, 338, 336, 339, 325, 
4335533, 339, 337, 340, 326, 
4335564, 338, 338, 338, 326, 
4335597, 338, 336, 338, 326, 
4335629, 337, 336, 338, 327, 
4335662, 337, 336, 338, 327, 
4335693, 337, 336, 338, 326, 
4335726, 337, 335, 337, 326, 
4335758, 337, 335, 337, 326, 
4335791, 337, 336, 335, 326, 
4335822, 337, 337, 337, 325, 
4335855, 335, 335, 337, 325, 
4335887, 336, 335, 337, 327, 
4335920, 336, 333, 337, 326, 
4335951, 328, 334, 337, 325, 
4335984, 336, 337, 340, 326, 
4336016, 336, 334, 340, 326, 
4336049, 335, 332, 340, 326, 
4336080, 334, 333, 342, 326, 
4336113, 334, 334, 342, 327, 
4336145, 332, 333, 342, 327, 
4336178, 330, 331, 343, 326, 
4336209, 329, 333, 344, 327, 
4336242, 334, 336, 345, 328, 
4336274, 339, 340, 345, 328, 
4336307, 345, 341, 346, 329, 
4336338, 344, 341, 343, 329, 
4336371, 343, 340, 342, 329, 
4336403, 343, 340, 341, 328, 
4336436, 341, 339, 339, 330, 
4336467, 341, 339, 339, 329, 
4336500, 340, 339, 337, 330, 
4336532, 339, 338, 337, 329, 
4336564, 338, 339, 336, 329, 
4336596, 338, 338, 337, 329, 
4336628, 338, 338, 336, 329, 
4336661, 337, 338, 336, 329, 
4336693, 337, 339, 336, 329, 
4336726, 337, 339, 335, 329, 
4336757, 336, 338, 334, 330, 
4336790, 337, 338, 335, 330, 
4336822, 336, 338, 333, 330, 
4336855, 335, 338, 334, 330, 
4336886, 335, 337, 334, 330, 
4336919, 334, 337, 334, 331, 
4336951, 335, 336, 334, 331, 
4336984, 328, 337, 332, 330, 
4337015, 335, 338, 335, 332, 
4337048, 334, 334, 332, 333, 
4337080, 334, 333, 333, 331, 
4337113, 333, 332, 334, 333, 
4337144, 333, 332, 336, 333, 
4337177, 332, 332, 335, 332, 
4337209, 329, 331, 334, 333, 
4337242, 328, 332, 335, 333, 
4337273, 334, 335, 336, 333, 
4337306, 338, 337, 337, 333, 
4337338, 341, 338, 338, 334, 
4337371, 342, 338, 337, 333, 
4337402, 342, 338, 336, 334, 
4337435, 341, 338, 336, 334, 
4337467, 339, 336, 337, 334, 
4337500, 340, 337, 337, 334, 
4337531, 339, 337, 337, 333, 
4337563, 338, 336, 335, 334, 
4337596, 338, 336, 336, 333, 
4337628, 337, 335, 336, 332, 
4337660, 337, 336, 336, 333, 
4337692, 337, 336, 335, 332, 
4337725, 335, 335, 333, 333, 
4337757, 337, 337, 336, 333, 
4337789, 336, 336, 336, 333, 
4337821, 336, 336, 336, 333, 
4337854, 335, 336, 336, 332, 
4337886, 334, 337, 335, 332, 
4337918, 335, 336, 337, 332, 
4337950, 336, 335, 335, 333, 
4337983, 328, 335, 335, 333, 
4338015, 334, 338, 333, 333, 
4338048, 335, 334, 334, 333, 
4338079, 334, 335, 337, 333, 
4338112, 335, 335, 336, 333, 
4338144, 332, 333, 337, 334, 
4338177, 330, 332, 336, 334, 
4338208, 327, 331, 337, 334, 
4338241, 327, 332, 336, 334, 
4338273, 332, 335, 336, 334, 
4338306, 337, 337, 336, 335, 
4338337, 342, 340, 337, 335, 
4338370, 344, 341, 338, 336, 
4338402, 342, 340, 336, 337, 
4338435, 341, 340, 338, 336, 
4338466, 340, 340, 340, 336, 
4338499, 340, 339, 342, 336, 
4338531, 338, 339, 345, 336, 
4338564, 337, 338, 344, 336, 
4338595, 338, 338, 344, 336, 
4338627, 337, 337, 340, 336, 
4338660, 337, 337, 339, 336, 
4338692, 336, 337, 338, 335, 
4338724, 335, 337, 337, 336, 
4338756, 337, 337, 335, 336, 
4338789, 336, 336, 333, 336, 
4338821, 336, 338, 334, 335, 
4338853, 334, 336, 333, 334, 
4338885, 336, 337, 333, 336, 
4338918, 336, 336, 332, 338, 
4338950, 326, 330, 333, 336, 
4338982, 332, 339, 332, 336, 
4339014, 333, 335, 333, 337, 
4339047, 335, 335, 333, 337, 
4339079, 335, 334, 333, 337, 
4339111, 335, 333, 334, 338, 
4339143, 332, 332, 333, 337, 
4339176, 329, 331, 334, 337, 
4339208, 326, 328, 335, 337, 
4339240, 331, 331, 336, 337, 
4339272, 338, 335, 340, 339, 
4339305, 342, 337, 340, 337, 
4339337, 344, 339, 341, 337, 
4339369, 344, 339, 340, 337, 
4339401, 341, 342, 340, 336, 
4339434, 339, 342, 339, 337, 
4339466, 341, 342, 338, 335, 
4339499, 341, 340, 338, 335, 
4339530, 339, 341, 340, 335, 
4339563, 340, 341, 339, 336, 
4339595, 339, 340, 339, 336, 
4339627, 338, 340, 340, 335, 
4339659, 337, 341, 339, 336, 
4339691, 337, 340, 342, 333, 
4339724, 338, 339, 341, 332, 
4339756, 336, 338, 341, 332, 
4339788, 337, 337, 341, 332, 
4339820, 338, 337, 341, 332, 
4339853, 338, 336, 340, 332, 
4339885, 328, 332, 339, 332, 
4339917, 336, 339, 332, 332, 
4339949, 338, 336, 328, 332, 
4339982, 337, 334, 326, 333, 
4340014, 336, 334, 326, 334, 
4340046, 335, 334, 327, 333, 
4340078, 333, 332, 327, 334, 
4340111, 329, 329, 327, 334, 
4340143, 327, 329, 329, 333, 
4340175, 333, 333, 333, 333, 
4340207, 338, 338, 336, 332, 
4340240, 342, 340, 339, 333, 
4340272, 344, 342, 341, 333, 
4340304, 343, 342, 343, 332, 
4340336, 342, 341, 342, 331, 
4340369, 341, 340, 343, 329, 
4340401, 341, 340, 342, 326, 
4340433, 341, 338, 341, 324, 
4340465, 339, 338, 341, 323, 
4340498, 338, 337, 340, 321, 
4340530, 337, 337, 339, 320, 
4340562, 337, 337, 339, 319, 
4340594, 336, 337, 337, 317, 
4340627, 335, 337, 337, 318, 
4340659, 334, 336, 336, 312, 
4340690, 334, 337, 336, 308, 
4340723, 335, 336, 336, 306, 
4340755, 335, 336, 335, 311, 
4340788, 333, 333, 336, 314, 
4340819, 328, 339, 332, 316, 
4340852, 334, 337, 334, 321, 
4340884, 335, 335, 334, 326, 
4340917, 335, 333, 335, 329, 
4340948, 332, 332, 334, 331, 
4340981, 331, 331, 335, 334, 
4341013, 328, 330, 335, 334, 
4341046, 325, 328, 334, 335, 
4341078, 326, 329, 335, 335, 
4341110, 333, 336, 336, 336, 
4341142, 340, 340, 337, 336, 
4341175, 343, 341, 337, 336, 
4341207, 344, 341, 337, 336, 
4341239, 343, 340, 337, 336, 
4341271, 343, 340, 337, 336, 
4341304, 342, 338, 338, 338, 
4341336, 341, 339, 337, 337, 
4341368, 338, 338, 337, 338, 
4341400, 338, 338, 336, 338, 
4341433, 338, 337, 337, 339, 
4341465, 338, 337, 336, 338, 
4341497, 338, 336, 336, 337, 
4341529, 338, 337, 336, 336, 
4341562, 336, 336, 336, 332, 
4341594, 336, 337, 336, 333, 
4341626, 335, 337, 336, 334, 
4341658, 335, 337, 336, 335, 
4341690, 336, 338, 336, 338, 
4341723, 327, 332, 335, 338, 
4341754, 333, 342, 334, 336, 
4341787, 333, 338, 334, 340, 
4341819, 333, 337, 335, 339, 
4341852, 332, 336, 335, 341, 
4341883, 330, 336, 335, 342, 
4341916, 326, 334, 335, 342, 
4341948, 325, 332, 336, 343, 
4341981, 325, 332, 336, 343, 
4342012, 328, 335, 337, 347, 
4342045, 337, 339, 337, 352, 
4342077, 339, 341, 338, 354, 
4342110, 341, 343, 337, 358, 
4342141, 339, 342, 337, 362, 
4342174, 337, 341, 337, 365, 
4342206, 335, 340, 336, 367, 
4342239, 333, 340, 337, 369, 
4342270, 332, 339, 337, 375, 
4342303, 329, 338, 337, 381, 
4342335, 329, 338, 336, 382, 
4342368, 328, 339, 335, 387, 
4342400, 328, 338, 335, 389, 
4342432, 330, 338, 334, 385, 
4342464, 327, 339, 333, 396, 
4342497, 324, 339, 332, 400, 
4342529, 326, 340, 332, 405, 
4342561, 327, 339, 333, 412, 
4342593, 322, 334, 333, 414, 
4342626, 324, 342, 332, 413, 
4342658, 328, 338, 334, 418, 
4342690, 328, 336, 335, 426, 
4342722, 330, 336, 335, 434, 
4342754, 326, 334, 335, 440, 
4342787, 328, 335, 336, 446, 
4342818, 323, 332, 336, 440, 
4342851, 323, 331, 335, 439, 
4342883, 326, 334, 335, 432, 
4342916, 331, 337, 335, 423, 
4342947, 338, 340, 335, 425, 
4342980, 335, 339, 334, 418, 
4343012, 337, 340, 333, 418, 
4343045, 333, 339, 333, 414, 
4343076, 335, 340, 332, 409, 
4343109, 334, 339, 331, 405, 
4343141, 331, 340, 330, 397, 
4343174, 334, 339, 332, 383, 
4343205, 334, 339, 333, 381, 
4343238, 333, 339, 335, 370, 
4343270, 335, 341, 336, 361, 
4343303, 330, 340, 338, 357, 
4343334, 332, 343, 339, 344, 
4343367, 332, 345, 341, 341, 
4343399, 332, 342, 342, 330, 
4343432, 331, 340, 344, 326, 
4343463, 323, 344, 342, 319, 
4343496, 333, 341, 343, 314, 
4343528, 332, 338, 344, 313, 
4343561, 330, 333, 341, 306, 
4343592, 333, 336, 341, 302, 
4343625, 330, 334, 342, 304, 
4343657, 328, 333, 340, 298, 
4343690, 330, 333, 342, 300, 
4343721, 327, 333, 340, 293, 
4343753, 336, 336, 342, 295, 
4343786, 340, 338, 343, 294, 
4343818, 341, 337, 343, 292, 
4343851, 344, 336, 343, 291, 
4343882, 341, 334, 343, 291, 
4343915, 341, 335, 344, 292, 
4343947, 339, 332, 343, 289, 
4343980, 341, 333, 344, 291, 
4344011, 335, 331, 342, 291, 
4344044, 339, 334, 342, 293, 
4344076, 340, 333, 343, 295, 
4344109, 338, 334, 342, 294, 
4344140, 340, 334, 342, 297, 
4344173, 337, 334, 341, 296, 
4344205, 341, 336, 341, 297, 
4344238, 337, 335, 342, 300, 
4344269, 341, 335, 341, 295, 
4344302, 341, 335, 341, 301, 
4344334, 329, 329, 340, 299, 
4344367, 339, 338, 340, 300, 
4344398, 338, 334, 340, 303, 
4344431, 340, 332, 340, 303, 
4344463, 338, 332, 340, 305, 
4344496, 339, 332, 340, 306, 
4344527, 335, 330, 338, 307, 
4344560, 336, 331, 338, 309, 
4344592, 334, 330, 337, 311, 
4344625, 335, 333, 337, 312, 
4344656, 341, 337, 337, 313, 
4344689, 346, 339, 337, 314, 
4344721, 345, 338, 337, 315, 
4344754, 348, 338, 337, 314, 
4344785, 345, 338, 336, 314, 
4344817, 345, 337, 336, 318, 
4344850, 342, 335, 336, 319, 
4344882, 344, 336, 336, 323, 
4344914, 342, 335, 336, 322, 
4344946, 342, 335, 336, 322, 
4344979, 342, 335, 337, 322, 
4345011, 341, 335, 335, 318, 
4345043, 341, 335, 336, 314, 
4345075, 341, 335, 335, 313, 
4345108, 340, 334, 335, 314, 
4345140, 340, 335, 336, 314, 
4345172, 339, 335, 335, 316, 
4345204, 339, 336, 335, 319, 
4345237, 339, 333, 336, 322, 
4345269, 340, 333, 337, 324, 
4345302, 332, 334, 334, 322, 
4345333, 339, 334, 335, 324, 
4345366, 340, 333, 335, 323, 
4345398, 336, 331, 335, 323, 
4345431, 338, 331, 337, 325, 
4345462, 336, 330, 335, 325, 
4345495, 335, 331, 335, 325, 
4345527, 334, 329, 336, 327, 
4345560, 332, 330, 336, 327, 
4345591, 337, 333, 336, 326, 
4345624, 344, 337, 336, 327, 
4345656, 345, 338, 337, 326, 
4345689, 345, 339, 336, 330, 
4345720, 344, 337, 336, 328, 
4345753, 344, 337, 337, 329, 
4345785, 344, 337, 336, 330, 
4345817, 341, 337, 336, 329, 
4345849, 343, 337, 337, 328, 
4345881, 341, 337, 338, 330, 
4345914, 341, 336, 336, 328, 
4345946, 341, 336, 336, 329, 
4345978, 338, 336, 336, 328, 
4346010, 341, 337, 336, 329, 
4346043, 339, 336, 336, 329, 
4346075, 339, 336, 335, 327, 
4346107, 338, 336, 336, 326, 
4346139, 336, 336, 334, 326, 
4346172, 339, 337, 336, 326, 
4346204, 334, 334, 335, 328, 
4346236, 331, 333, 334, 326, 
4346268, 336, 337, 334, 326, 
4346301, 336, 333, 336, 326, 
4346333, 337, 334, 336, 329, 
4346365, 335, 332, 336, 329, 
4346397, 336, 333, 336, 329, 
4346430, 333, 333, 338, 332, 
4346462, 328, 330, 335, 329, 
4346494, 331, 333, 337, 333, 
4346526, 334, 334, 337, 335, 
4346559, 341, 338, 337, 334, 
4346591, 344, 339, 337, 333, 
4346624, 346, 339, 337, 333, 
4346655, 344, 339, 337, 335, 
4346688, 343, 338, 336, 333, 
4346720, 343, 338, 336, 334, 
4346753, 342, 339, 337, 334, 
4346784, 340, 338, 338, 321, 
4346817, 339, 337, 336, 321, 
4346849, 338, 337, 337, 327, 
4346881, 340, 338, 336, 334, 
4346913, 338, 337, 336, 341, 
4346945, 338, 337, 336, 345, 
4346978, 339, 336, 336, 347, 
4347010, 337, 336, 336, 347, 
4347042, 337, 337, 336, 346, 
4347074, 336, 336, 335, 344, 
4347107, 337, 337, 336, 342, 
4347139, 337, 336, 335, 343, 
4347171, 337, 336, 335, 340, 
4347203, 330, 333, 335, 339, 
4347236, 333, 338, 335, 338, 
4347268, 337, 336, 335, 337, 
4347300, 335, 334, 336, 338, 
4347332, 336, 335, 336, 337, 
4347365, 335, 334, 336, 337, 
4347397, 334, 333, 336, 336, 
4347429, 329, 333, 335, 334, 
4347461, 329, 332, 336, 335, 
4347494, 332, 335, 336, 334, 
4347526, 339, 338, 337, 333, 
4347558, 341, 339, 337, 334, 
4347590, 343, 340, 337, 333, 
4347623, 343, 340, 337, 333, 
4347655, 342, 340, 336, 335, 
4347687, 341, 338, 337, 335, 
4347719, 340, 339, 336, 335, 
4347752, 339, 339, 336, 335, 
4347784, 338, 337, 336, 335, 
4347816, 338, 337, 337, 337, 
4347848, 339, 337, 338, 338, 
4347880, 337, 337, 337, 336, 
4347913, 337, 337, 337, 338, 
4347944, 335, 337, 336, 336, 
4347977, 337, 337, 336, 337, 
4348009, 338, 338, 336, 335, 
4348042, 337, 337, 336, 333, 
4348073, 336, 338, 335, 331, 
4348106, 336, 339, 336, 329, 
4348138, 335, 338, 335, 330, 
4348171, 337, 337, 336, 333, 
4348203, 327, 338, 334, 332, 
4348235, 337, 338, 336, 333, 
4348267, 335, 336, 336, 336, 
4348300, 336, 335, 336, 336, 
4348332, 334, 335, 337, 337, 
4348364, 331, 333, 336, 337, 
4348396, 333, 334, 336, 337, 
4348429, 330, 332, 337, 342, 
4348461, 328, 333, 337, 345, 
4348493, 333, 336, 337, 346, 
4348525, 341, 338, 338, 345, 
4348558, 342, 339, 337, 341, 
4348590, 344, 339, 339, 343, 
4348622, 342, 338, 336, 339, 
4348654, 341, 338, 338, 338, 
4348687, 340, 338, 337, 336, 
4348719, 336, 337, 337, 336, 
4348751, 338, 337, 337, 335, 
4348783, 340, 338, 337, 336, 
4348816, 339, 337, 337, 337, 
4348848, 335, 336, 336, 338, 
4348880, 340, 337, 337, 338, 
4348912, 340, 337, 337, 337, 
4348944, 339, 337, 337, 337, 
4348977, 340, 337, 338, 337, 
4349008, 338, 337, 338, 338, 
4349041, 337, 336, 338, 335, 
4349073, 337, 335, 338, 334, 
4349106, 334, 333, 336, 332, 
4349137, 326, 334, 336, 328, 
4349170, 337, 336, 335, 325, 
4349202, 340, 334, 338, 324, 
4349235, 339, 333, 338, 323, 
4349266, 336, 333, 337, 317, 
4349299, 336, 334, 337, 313, 
4349331, 334, 332, 337, 312, 
4349364, 330, 330, 337, 315, 
4349395, 328, 328, 333, 319, 
4349428, 336, 331, 330, 319, 
4349460, 343, 336, 330, 318, 
4349493, 347, 336, 330, 319, 
4349524, 347, 338, 330, 318, 
4349557, 345, 340, 331, 318, 
4349589, 346, 341, 331, 317, 
4349622, 343, 340, 332, 318, 
4349654, 342, 340, 333, 319, 
4349686, 341, 339, 334, 321, 
4349718, 341, 339, 334, 322, 
4349751, 339, 338, 333, 323, 
4349783, 339, 337, 334, 324, 
4349815, 338, 338, 335, 327, 
4349847, 337, 338, 337, 327, 
4349880, 336, 339, 337, 327, 
4349912, 334, 337, 337, 327, 
4349943, 334, 337, 337, 328, 
4349976, 332, 336, 337, 327, 
4350008, 333, 338, 338, 328, 
4350041, 335, 336, 339, 328, 
4350072, 334, 333, 338, 328, 
4350105, 326, 333, 337, 328, 
4350137, 334, 337, 338, 329, 
4350170, 334, 334, 340, 329, 
4350201, 335, 333, 339, 327, 
4350234, 333, 331, 340, 324, 
4350266, 331, 332, 340, 324, 
4350299, 329, 331, 338, 324, 
4350330, 327, 328, 337, 324, 
4350363, 326, 330, 337, 326, 
4350395, 332, 334, 338, 328, 
4350428, 338, 339, 338, 330, 
4350459, 342, 341, 337, 331, 
4350492, 343, 343, 337, 333, 
4350524, 343, 341, 338, 335, 
4350557, 341, 340, 338, 337, 
4350588, 341, 340, 338, 337, 
4350621, 342, 341, 338, 337, 
4350653, 342, 338, 337, 337, 
4350686, 342, 337, 336, 336, 
4350717, 341, 338, 337, 335, 
4350750, 340, 337, 336, 337, 
4350782, 340, 337, 336, 338, 
4350815, 340, 337, 336, 339, 
4350846, 339, 336, 336, 338, 
4350879, 338, 336, 336, 339, 
4350911, 337, 335, 335, 337, 
4350944, 336, 336, 334, 337, 
4350976, 336, 335, 335, 340, 
4351007, 337, 336, 336, 340, 
4351040, 336, 334, 336, 339, 
4351072, 326, 333, 333, 337, 
4351105, 336, 338, 334, 338, 
4351136, 336, 335, 335, 339, 
4351169, 335, 333, 335, 339, 
4351201, 336, 333, 336, 340, 
4351234, 332, 332, 336, 339, 
4351265, 330, 331, 335, 339, 
4351298, 327, 328, 335, 338, 
4351330, 327, 329, 335, 335, 
4351363, 331, 334, 336, 340, 
4351394, 338, 338, 336, 340, 
4351427, 343, 342, 337, 338, 
4351459, 344, 342, 338, 337, 
4351492, 344, 342, 337, 337, 
4351523, 343, 340, 338, 337, 
4351556, 343, 340, 337, 337, 
4351588, 341, 339, 337, 336, 
4351621, 340, 339, 338, 338, 
4351652, 339, 339, 337, 338, 
4351685, 338, 339, 337, 339, 
4351717, 338, 339, 336, 340, 
4351750, 338, 338, 336, 342, 
4351781, 337, 338, 336, 342, 
4351814, 337, 337, 337, 343, 
4351846, 338, 336, 335, 345, 
4351879, 337, 335, 336, 345, 
4351910, 335, 337, 336, 347, 
4351943, 338, 336, 333, 349, 
4351975, 338, 336, 336, 350, 
4352007, 334, 331, 333, 352, 
4352039, 332, 339, 332, 350, 
4352071, 339, 339, 335, 353, 
4352104, 340, 336, 334, 354, 
4352136, 339, 335, 335, 354, 
4352168, 339, 334, 335, 357, 
4352200, 337, 332, 334, 356, 
4352233, 335, 330, 335, 358, 
4352265, 333, 329, 334, 359, 
4352297, 335, 330, 332, 360, 
4352329, 342, 334, 335, 361, 
4352362, 349, 338, 335, 363, 
4352394, 352, 340, 335, 363, 
4352427, 354, 341, 335, 364, 
4352458, 354, 339, 334, 364, 
4352491, 355, 338, 336, 365, 
4352523, 354, 338, 335, 364, 
4352556, 356, 338, 336, 363, 
4352587, 357, 336, 337, 361, 
4352620, 357, 336, 337, 360, 
4352652, 357, 336, 337, 357, 
4352685, 356, 335, 337, 355, 
4352716, 355, 336, 338, 352, 
4352749, 353, 335, 337, 349, 
4352781, 352, 335, 337, 346, 
4352814, 352, 335, 338, 345, 
4352845, 350, 334, 338, 342, 
4352878, 342, 328, 336, 340, 
4352910, 343, 337, 336, 336, 
4352943, 344, 335, 335, 336, 
4352974, 341, 334, 336, 335, 
4353007, 339, 331, 335, 334, 
4353039, 336, 333, 334, 333, 
4353071, 332, 331, 334, 332, 
4353103, 328, 329, 334, 332, 
4353135, 325, 329, 333, 331, 
4353168, 327, 332, 334, 330, 
4353200, 333, 337, 335, 329, 
4353232, 337, 340, 336, 330, 
4353264, 338, 341, 336, 328, 
4353297, 338, 340, 335, 328, 
4353329, 338, 339, 334, 328, 
4353361, 337, 339, 336, 329, 
4353393, 336, 338, 334, 329, 
4353426, 336, 338, 336, 329, 
4353458, 337, 337, 335, 330, 
4353490, 335, 339, 334, 329, 
4353522, 335, 336, 337, 330, 
4353555, 335, 337, 337, 330, 
4353587, 335, 337, 337, 330, 
4353619, 335, 338, 337, 329, 
4353651, 333, 336, 336, 329, 
4353684, 335, 335, 337, 329, 
4353716, 335, 335, 339, 329, 
4353748, 325, 330, 336, 328, 
4353780, 333, 339, 336, 328, 
4353813, 333, 335, 335, 327, 
4353845, 332, 333, 336, 328, 
4353878, 332, 332, 335, 329, 
4353909, 332, 332, 337, 330, 
4353942, 329, 331, 336, 331, 
4353974, 326, 331, 335, 328, 
4354007, 324, 329, 336, 330, 
4354038, 327, 333, 336, 330, 
4354070, 333, 337, 337, 332, 
4354103, 336, 340, 338, 332, 
4354135, 336, 340, 337, 331, 
4354167, 336, 340, 337, 331, 
4354199, 335, 339, 338, 331, 
4354232, 333, 338, 337, 332, 
4354264, 332, 338, 336, 332, 
4354296, 332, 337, 337, 332, 
4354328, 331, 337, 337, 332, 
4354361, 331, 337, 336, 332, 
4354393, 330, 337, 337, 333, 
4354425, 330, 336, 338, 333, 
4354457, 330, 336, 336, 333, 
4354490, 329, 336, 336, 333, 
4354522, 330, 337, 336, 334, 
4354554, 330, 336, 336, 334, 
4354586, 332, 337, 335, 334, 
4354619, 332, 333, 337, 334, 
4354651, 323, 334, 334, 333, 
4354683, 331, 337, 335, 333, 
4354715, 331, 335, 336, 336, 
4354748, 330, 333, 336, 335, 
4354780, 329, 332, 336, 334, 
4354812, 327, 331, 336, 336, 
4354844, 325, 330, 336, 335, 
4354877, 322, 328, 336, 336, 
4354909, 321, 329, 336, 337, 
4354941, 327, 335, 337, 336, 
4354973, 332, 339, 338, 336, 
4355006, 337, 340, 338, 337, 
4355038, 337, 340, 337, 337, 
4355070, 336, 340, 338, 337, 
4355102, 336, 339, 337, 336, 
4355134, 335, 339, 337, 336, 
4355167, 335, 337, 337, 336, 
4355198, 334, 337, 337, 337, 
4355231, 334, 335, 337, 337, 
4355263, 333, 336, 337, 337, 
4355296, 333, 336, 338, 338, 
4355328, 332, 335, 337, 336, 
4355360, 332, 335, 337, 337, 
4355392, 332, 335, 338, 337, 
4355425, 331, 335, 337, 337, 
4355457, 329, 336, 336, 338, 
4355489, 329, 335, 336, 337, 
4355521, 330, 336, 336, 338, 
4355554, 329, 332, 336, 339, 
4355586, 322, 335, 335, 337, 
4355618, 329, 336, 335, 339, 
4355650, 330, 335, 336, 339, 
4355683, 329, 333, 337, 339, 
4355715, 328, 333, 337, 339, 
4355747, 326, 332, 337, 338, 
4355779, 326, 330, 336, 338, 
4355812, 323, 328, 336, 338, 
4355844, 323, 329, 337, 339, 
4355876, 328, 334, 336, 337, 
4355908, 334, 338, 337, 338, 
4355941, 337, 339, 337, 338, 
4355973, 337, 340, 336, 338, 
4356005, 337, 339, 338, 339, 
4356037, 336, 339, 337, 339, 
4356070, 336, 338, 336, 338, 
4356102, 335, 337, 336, 339, 
4356133, 335, 337, 336, 339, 
4356166, 334, 337, 336, 338, 
4356198, 333, 337, 335, 337, 
4356231, 334, 336, 336, 338, 
4356262, 333, 336, 336, 338, 
4356295, 333, 336, 336, 338, 
4356327, 333, 337, 336, 338, 
4356360, 331, 336, 335, 337, 
4356391, 332, 336, 333, 337, 
4356424, 333, 335, 335, 337, 
4356456, 332, 333, 336, 337, 
4356489, 325, 336, 333, 336, 
4356520, 333, 338, 335, 337, 
4356553, 332, 335, 335, 337, 
4356585, 333, 334, 336, 338, 
4356618, 331, 333, 336, 339, 
4356649, 330, 332, 334, 338, 
4356682, 328, 331, 334, 338, 
4356714, 325, 329, 334, 339, 
4356747, 325, 330, 335, 338, 
4356779, 330, 334, 335, 338, 
4356811, 336, 338, 336, 338, 
4356843, 339, 340, 337, 338, 
4356876, 339, 340, 336, 338, 
4356908, 339, 340, 337, 339, 
4356940, 338, 339, 337, 337, 
4356972, 337, 338, 337, 338, 
4357005, 336, 338, 336, 338, 
4357037, 336, 337, 337, 338, 
4357069, 336, 337, 337, 338, 
4357101, 335, 337, 337, 338, 
4357134, 334, 336, 336, 339, 
4357166, 334, 336, 336, 339, 
4357197, 334, 336, 337, 338, 
4357230, 334, 336, 337, 339, 
4357262, 333, 336, 336, 339, 
4357295, 333, 336, 337, 338, 
4357326, 332, 336, 336, 338, 
4357359, 332, 335, 336, 339, 
