 338, 338, 340, 341, 
1769915, 335, 338, 341, 340, 
1769948, 336, 339, 340, 340, 
1769979, 339, 340, 339,340, 341, 
1769883, 338, 338, 340, 341, 
1769915, 335, 338, 341, 340, 
1769948, 336, 339, 340, 340, 
1769979, 339, 340, 339,&bj
1770011, 334, 332, 338, 339, 
1770044, 314, 339, 335, 335, 
1770076, 337, 340, 340, 341, 
1770108, 340, 337, 340, 341, 
1770140, 340, 338, 340, 341, 
1770173, 337, 336, 339, 341, 
1770205, 334, 335, 340, 342, 
1770237, 329, 333, 340, 341, 
1770269, 323, 331, 340, 340, 
1770302, 320, 332, 341, 341, 
1770334, 332, 338, 340, 339, 
1770366, 345, 344, 340, 340, 
1770398, 353, 347, 340, 340, 
1770431, 353, 346, 340, 340, 
1770463, 351, 346, 340, 340, 
1770496, 350, 346, 340, 341, 
1770527, 350, 345, 340, 341, 
1770560, 346, 343, 340, 341, 
1770592, 345, 343, 340, 341, 
1770625, 343, 343, 341, 341, 
1770656, 343, 342, 340, 342, 
1770689, 339, 340, 340, 341, 
1770721, 336, 340, 340, 341, 
1770754, 338, 340, 340, 341, 
1770785, 341, 340, 340, 342, 
1770818, 338, 334, 340, 341, 
1770850, 313, 339, 335, 338, 
1770883, 335, 339, 338, 342, 
1770914, 338, 337, 340, 343, 
1770947, 339, 336, 340, 343, 
1770979, 337, 335, 341, 343, 
1771012, 333, 335, 341, 342, 
1771043, 329, 332, 339, 342, 
1771075, 323, 329, 340, 340, 
1771108, 321, 331, 340, 340, 
1771140, 332, 337, 339, 340, 
1771172, 345, 342, 340, 340, 
1771204, 351, 345, 340, 341, 
1771237, 352, 345, 340, 340, 
1771269, 351, 344, 340, 341, 
1771301, 350, 344, 340, 341, 
1771333, 348, 342, 341, 341, 
1771366, 346, 342, 341, 342, 
1771398, 345, 341, 340, 341, 
1771430, 343, 340, 340, 341, 
1771462, 340, 339, 340, 340, 
1771495, 337, 338, 339, 340, 
1771527, 337, 338, 339, 339, 
1771559, 339, 338, 339, 338, 
1771591, 340, 338, 339, 338, 
1771624, 320, 330, 338, 336, 
1771656, 330, 340, 337, 336, 
1771688, 338, 336, 339, 337, 
1771720, 338, 336, 338, 337, 
1771753, 337, 335, 341, 338, 
1771785, 335, 335, 341, 338, 
1771817, 331, 333, 340, 337, 
1771849, 326, 331, 340, 337, 
1771882, 323, 331, 341, 337, 
1771914, 328, 336, 340, 338, 
1771947, 339, 341, 340, 338, 
1771978, 348, 344, 340, 338, 
1772011, 350, 345, 341, 338, 
1772043, 350, 345, 341, 338, 
1772075, 348, 344, 340, 338, 
1772107, 347, 343, 342, 338, 
1772139, 345, 342, 342, 338, 
1772172, 344, 341, 341, 338, 
1772204, 343, 341, 341, 338, 
1772236, 341, 341, 341, 339, 
1772268, 340, 340, 341, 337, 
1772301, 339, 339, 340, 337, 
1772333, 337, 339, 340, 338, 
1772365, 338, 338, 341, 339, 
1772397, 340, 339, 340, 338, 
1772430, 320, 330, 338, 337, 
1772462, 329, 342, 338, 336, 
1772494, 337, 338, 338, 338, 
1772526, 338, 337, 340, 339, 
1772559, 338, 336, 339, 338, 
1772591, 335, 335, 340, 339, 
1772623, 332, 335, 340, 339, 
1772655, 328, 331, 339, 338, 
1772688, 323, 331, 339, 338, 
1772720, 327, 334, 339, 337, 
1772752, 340, 342, 340, 338, 
1772784, 347, 344, 340, 340, 
1772817, 350, 345, 340, 338, 
1772849, 350, 344, 340, 337, 
1772881, 349, 343, 340, 338, 
1772913, 346, 343, 339, 338, 
1772946, 346, 343, 340, 338, 
1772978, 344, 342, 340, 338, 
1773010, 342, 341, 340, 338, 
1773042, 341, 340, 340, 339, 
1773075, 341, 340, 340, 338, 
1773107, 340, 339, 339, 340, 
1773138, 338, 339, 339, 338, 
1773171, 336, 338, 339, 339, 
1773203, 337, 337, 340, 338, 
1773236, 339, 337, 339, 338, 
1773267, 336, 335, 338, 338, 
1773300, 316, 335, 336, 335, 
1773332, 335, 338, 337, 337, 
1773365, 339, 337, 338, 338, 
1773396, 338, 336, 338, 339, 
1773429, 337, 336, 340, 340, 
1773461, 333, 335, 340, 339, 
1773494, 330, 334, 340, 339, 
1773526, 325, 331, 339, 339, 
1773558, 324, 332, 339, 338, 
1773590, 331, 337, 339, 338, 
1773623, 344, 343, 341, 338, 
1773655, 349, 345, 342, 335, 
1773687, 351, 345, 342, 339, 
1773719, 350, 344, 341, 340, 
1773752, 348, 344, 341, 338, 
1773784, 346, 342, 340, 339, 
1773816, 345, 343, 339, 339, 
1773848, 344, 341, 339, 340, 
1773881, 343, 342, 340, 339, 
1773913, 342, 341, 339, 335, 
1773945, 341, 340, 341, 333, 
1773977, 340, 340, 337, 331, 
1774010, 340, 341, 339, 333, 
1774042, 338, 340, 338, 333, 
1774074, 337, 340, 338, 334, 
1774106, 336, 341, 336, 335, 
1774138, 338, 340, 338, 336, 
1774171, 340, 340, 339, 338, 
1774202, 323, 331, 338, 341, 
1774235, 326, 343, 334, 340, 
1774267, 336, 340, 334, 343, 
1774300, 339, 338, 339, 348, 
1774331, 338, 337, 339, 350, 
1774364, 337, 337, 341, 351, 
1774396, 332, 335, 338, 350, 
1774429, 328, 332, 339, 349, 
1774460, 326, 332, 342, 346, 
1774493, 328, 334, 340, 344, 
1774525, 337, 337, 329, 343, 
1774558, 348, 343, 344, 341, 
1774589, 349, 344, 334, 341, 
1774622, 352, 344, 345, 341, 
1774654, 351, 343, 343, 341, 
1774687, 348, 342, 342, 340, 
1774718, 346, 340, 341, 339, 
1774751, 342, 339, 336, 340, 
1774783, 345, 340, 343, 338, 
1774816, 343, 340, 342, 339, 
1774848, 341, 339, 342, 339, 
1774880, 341, 340, 340, 339, 
1774912, 340, 339, 342, 338, 
1774945, 339, 337, 337, 337, 
1774977, 339, 339, 343, 338, 
1775009, 337, 338, 341, 338, 
1775041, 336, 338, 342, 339, 
1775074, 337, 338, 340, 338, 
1775106, 340, 340, 341, 339, 
1775138, 339, 337, 341, 339, 
1775170, 316, 337, 338, 336, 
1775202, 334, 341, 339, 337, 
1775235, 338, 337, 340, 339, 
1775266, 339, 336, 340, 339, 
1775299, 337, 335, 339, 339, 
1775331, 335, 334, 340, 339, 
1775364, 330, 332, 340, 339, 
1775395, 328, 331, 340, 338, 
1775428, 323, 332, 340, 338, 
1775460, 331, 336, 340, 339, 
1775493, 340, 341, 341, 339, 
1775524, 347, 344, 340, 339, 
1775557, 349, 344, 340, 339, 
1775589, 349, 344, 341, 339, 
1775622, 347, 342, 340, 339, 
1775653, 345, 342, 340, 340, 
1775686, 345, 343, 341, 340, 
1775718, 343, 341, 339, 339, 
1775751, 343, 341, 340, 340, 
1775782, 342, 341, 340, 340, 
1775815, 340, 340, 339, 340, 
1775847, 340, 340, 340, 340, 
1775880, 340, 340, 340, 340, 
1775911, 339, 339, 339, 340, 
1775944, 338, 338, 339, 340, 
1775976, 336, 339, 339, 341, 
1776009, 336, 339, 339, 340, 
1776040, 338, 339, 339, 340, 
1776073, 338, 337, 339, 339, 
1776105, 317, 337, 337, 336, 
1776138, 333, 340, 337, 337, 
1776169, 337, 338, 339, 338, 
1776201, 338, 336, 340, 340, 
1776234, 336, 336, 338, 340, 
1776266, 334, 335, 341, 339, 
1776299, 331, 334, 340, 339, 
1776330, 326, 331, 340, 339, 
1776363, 324, 332, 339, 339, 
1776395, 330, 337, 339, 339, 
1776428, 341, 342, 341, 339, 
1776459, 348, 345, 341, 341, 
1776492, 351, 345, 340, 339, 
1776524, 350, 345, 340, 339, 
1776557, 349, 344, 341, 339, 
1776588, 347, 342, 341, 338, 
1776621, 345, 341, 341, 338, 
1776653, 344, 341, 341, 339, 
1776686, 343, 340, 341, 338, 
1776717, 341, 340, 341, 338, 
1776750, 340, 341, 340, 338, 
1776782, 339, 339, 340, 338, 
1776815, 339, 339, 339, 338, 
1776846, 339, 339, 339, 341, 
1776879, 338, 339, 339, 339, 
1776911, 337, 338, 339, 339, 
1776944, 335, 339, 339, 340, 
1776975, 335, 338, 339, 339, 
1777008, 337, 338, 339, 340, 
1777040, 339, 338, 339, 339, 
1777073, 318, 332, 337, 337, 
1777104, 331, 340, 336, 337, 
1777137, 338, 338, 338, 339, 
1777169, 339, 337, 339, 340, 
1777202, 337, 336, 340, 341, 
1777233, 335, 335, 339, 340, 
1777265, 332, 334, 339, 340, 
1777298, 328, 332, 339, 339, 
1777330, 324, 332, 339, 340, 
1777362, 328, 335, 339, 339, 
1777394, 340, 341, 340, 340, 
1777427, 348, 345, 340, 341, 
1777459, 351, 345, 340, 341, 
1777491, 349, 345, 340, 341, 
1777523, 348, 343, 340, 341, 
1777556, 347, 342, 340, 340, 
1777588, 346, 342, 341, 340, 
1777620, 344, 342, 340, 341, 
1777652, 343, 341, 340, 340, 
1777685, 342, 341, 340, 341, 
1777717, 341, 340, 339, 340, 
1777750, 341, 341, 340, 340, 
1777781, 340, 340, 339, 341, 
1777814, 340, 339, 339, 340, 
1777846, 340, 340, 340, 341, 
1777879, 338, 339, 340, 340, 
1777910, 337, 338, 339, 340, 
1777943, 336, 339, 339, 340, 
1777975, 336, 338, 339, 340, 
1778008, 339, 339, 339, 340, 
1778039, 332, 332, 339, 339, 
1778072, 320, 341, 337, 336, 
1778104, 336, 338, 338, 339, 
1778137, 338, 336, 339, 339, 
1778168, 338, 336, 339, 341, 
1778201, 336, 336, 341, 340, 
1778233, 333, 334, 339, 340, 
1778265, 329, 333, 339, 339, 
1778297, 325, 332, 339, 339, 
1778329, 325, 333, 339, 340, 
1778362, 335, 339, 340, 341, 
1778394, 345, 342, 340, 340, 
1778426, 351, 343, 340, 341, 
1778458, 351, 344, 340, 341, 
1778491, 350, 343, 341, 342, 
1778523, 347, 342, 340, 341, 
1778555, 346, 342, 341, 340, 
1778587, 344, 341, 340, 341, 
1778620, 343, 341, 340, 341, 
1778652, 342, 340, 340, 340, 
1778684, 342, 340, 340, 340, 
1778716, 341, 340, 340, 340, 
1778749, 340, 341, 341, 340, 
1778781, 339, 339, 340, 340, 
1778813, 339, 339, 339, 340, 
1778845, 337, 339, 339, 339, 
1778878, 336, 339, 340, 339, 
1778910, 339, 339, 339, 339, 
1778942, 339, 339, 338, 340, 
1778974, 322, 330, 337, 338, 
1779007, 328, 341, 335, 337, 
1779039, 337, 337, 337, 339, 
1779072, 338, 337, 338, 340, 
1779103, 337, 337, 339, 339, 
1779136, 335, 335, 339, 339, 
1779168, 332, 335, 340, 340, 
1779201, 327, 332, 339, 339, 
1779232, 323, 331, 338, 340, 
1779265, 328, 335, 339, 339, 
1779297, 338, 341, 340, 339, 
1779329, 348, 344, 340, 340, 
1779361, 350, 345, 340, 340, 
1779393, 350, 345, 341, 339, 
1779426, 348, 344, 340, 340, 
1779458, 347, 345, 340, 340, 
1779490, 345, 342, 340, 340, 
1779522, 344, 343, 339, 339, 
1779555, 343, 341, 340, 339, 
1779587, 341, 340, 340, 339, 
1779619, 340, 340, 340, 339, 
1779651, 340, 340, 340, 339, 
1779684, 339, 341, 340, 339, 
1779716, 339, 340, 339, 339, 
1779748, 339, 339, 339, 339, 
1779780, 337, 339, 339, 338, 
1779813, 336, 340, 339, 339, 
1779845, 336, 339, 339, 338, 
1779877, 338, 338, 340, 339, 
1779909, 337, 334, 339, 338, 
1779942, 316, 338, 336, 336, 
1779974, 334, 339, 338, 337, 
1780006, 337, 337, 339, 338, 
1780038, 338, 336, 339, 339, 
1780071, 336, 335, 339, 339, 
1780103, 333, 333, 338, 339, 
1780135, 327, 332, 334, 339, 
1780167, 320, 330, 330, 339, 
1780200, 325, 333, 341, 341, 
1780232, 330, 337, 332, 340, 
1780264, 343, 343, 340, 342, 
1780296, 349, 344, 338, 341, 
1780328, 351, 345, 337, 342, 
1780361, 352, 344, 342, 342, 
1780392, 350, 345, 342, 342, 
1780425, 347, 343, 336, 342, 
1780457, 347, 343, 345, 342, 
1780490, 346, 341, 343, 343, 
1780521, 344, 340, 341, 343, 
1780554, 344, 340, 341, 342, 
1780586, 338, 337, 337, 341, 
1780619, 341, 338, 342, 341, 
1780651, 340, 339, 342, 342, 
1780683, 340, 339, 343, 342, 
1780715, 335, 337, 339, 343, 
1780748, 340, 339, 344, 341, 
1780780, 338, 339, 342, 342, 
1780812, 338, 338, 342, 341, 
1780844, 341, 339, 341, 341, 
1780877, 336, 335, 338, 339, 
1780909, 320, 336, 339, 335, 
1780941, 336, 337, 339, 337, 
1780973, 339, 337, 340, 338, 
1781006, 338, 336, 341, 338, 
1781038, 337, 336, 341, 338, 
1781070, 334, 335, 340, 337, 
1781102, 331, 334, 340, 335, 
1781135, 326, 331, 340, 336, 
1781167, 325, 332, 339, 335, 
1781199, 332, 337, 340, 335, 
1781231, 343, 343, 340, 336, 
1781264, 349, 345, 341, 337, 
1781296, 351, 347, 341, 338, 
1781328, 350, 345, 340, 337, 
1781360, 349, 345, 341, 337, 
1781392, 346, 344, 340, 337, 
1781425, 346, 343, 340, 338, 
1781456, 344, 342, 340, 337, 
1781489, 342, 341, 340, 338, 
1781521, 343, 342, 340, 338, 
1781554, 340, 341, 340, 338, 
1781585, 341, 340, 339, 338, 
1781618, 340, 341, 339, 339, 
1781650, 339, 340, 340, 338, 
1781683, 338, 339, 339, 338, 
1781714, 336, 340, 338, 338, 
1781747, 333, 338, 338, 339, 
1781779, 338, 340, 339, 340, 
1781812, 340, 340, 341, 342, 
1781843, 323, 333, 339, 341, 
1781876, 329, 343, 338, 340, 
1781908, 338, 340, 340, 343, 
1781941, 339, 338, 340, 343, 
1781972, 340, 337, 340, 344, 
1782005, 335, 336, 340, 343, 
1782037, 332, 335, 339, 341, 
1782070, 328, 331, 339, 341, 
1782102, 324, 331, 339, 340, 
1782134, 327, 334, 340, 341, 
1782166, 338, 341, 340, 341, 
1782199, 347, 345, 341, 341, 
1782231, 351, 346, 340, 341, 
1782263, 351, 345, 340, 341, 
1782295, 349, 345, 341, 340, 
1782328, 347, 344, 340, 341, 
1782360, 345, 342, 339, 340, 
1782391, 344, 342, 340, 340, 
1782424, 343, 342, 340, 340, 
1782456, 342, 341, 340, 339, 
1782489, 341, 340, 340, 339, 
1782520, 341, 341, 340, 340, 
1782553, 339, 340, 339, 339, 
1782585, 340, 339, 340, 339, 
1782618, 339, 339, 339, 336, 
1782649, 338, 338, 339, 337, 
1782682, 337, 338, 339, 338, 
1782714, 336, 338, 339, 336, 
1782747, 335, 338, 339, 336, 
1782778, 338, 338, 339, 338, 
1782811, 338, 338, 339, 337, 
1782843, 319, 331, 337, 336, 
1782876, 330, 340, 338, 334, 
1782907, 337, 337, 339, 337, 
1782940, 338, 336, 340, 337, 
1782972, 338, 335, 339, 338, 
1783005, 335, 334, 339, 338, 
1783036, 331, 333, 340, 338, 
1783069, 326, 331, 339, 338, 
1783101, 323, 330, 339, 337, 
1783134, 328, 334, 340, 337, 
1783165, 339, 340, 340, 338, 
1783198, 347, 344, 340, 339, 
1783230, 351, 345, 340, 339, 
1783263, 351, 345, 341, 337, 
1783294, 349, 344, 341, 338, 
1783327, 347, 343, 340, 339, 
1783359, 345, 342, 340, 339, 
1783392, 345, 342, 341, 340, 
1783424, 343, 341, 340, 340, 
1783455, 342, 340, 339, 339, 
1783488, 341, 340, 340, 339, 
1783520, 341, 340, 340, 340, 
1783553, 340, 339, 340, 338, 
1783584, 339, 339, 340, 340, 
1783617, 340, 339, 339, 339, 
1783649, 339, 338, 339, 338, 
1783682, 339, 338, 339, 338, 
1783713, 337, 338, 340, 338, 
1783746, 337, 338, 339, 338, 
1783778, 338, 339, 339, 339, 
1783811, 340, 339, 339, 339, 
1783842, 324, 330, 339, 338, 
1783875, 328, 340, 337, 336, 
1783907, 336, 338, 339, 339, 
1783940, 339, 338, 339, 339, 
1783971, 339, 337, 339, 339, 
1784004, 335, 336, 340, 339, 
1784036, 332, 334, 340, 339, 
1784069, 328, 332, 339, 340, 
1784100, 324, 331, 339, 339, 
1784133, 327, 334, 339, 339, 
1784165, 338, 340, 340, 339, 
1784198, 347, 344, 340, 340, 
1784229, 352, 346, 340, 339, 
1784262, 351, 346, 340, 339, 
1784294, 349, 344, 340, 340, 
1784327, 347, 344, 340, 341, 
1784358, 345, 342, 340, 340, 
1784391, 345, 343, 340, 340, 
1784423, 343, 341, 339, 341, 
1784455, 343, 341, 340, 339, 
1784487, 342, 341, 341, 340, 
1784519, 341, 340, 340, 340, 
1784552, 340, 340, 340, 340, 
1784584, 340, 340, 340, 340, 
1784616, 339, 340, 339, 340, 
1784648, 338, 339, 339, 341, 
1784681, 339, 339, 339, 341, 
1784713, 338, 338, 339, 340, 
1784745, 336, 338, 338, 339, 
1784777, 334, 338, 339, 340, 
1784810, 336, 339, 340, 339, 
1784842, 338, 339, 339, 339, 
1784875, 331, 331, 338, 338, 
1784906, 321, 340, 337, 336, 
1784939, 336, 339, 338, 338, 
1784971, 338, 337, 339, 339, 
1785004, 338, 337, 339, 339, 
1785035, 336, 335, 339, 339, 
1785068, 333, 334, 338, 339, 
1785100, 328, 332, 339, 339, 
1785133, 323, 330, 338, 338, 
1785164, 326, 333, 339, 339, 
1785197, 335, 338, 340, 340, 
1785229, 346, 344, 340, 340, 
1785262, 351, 346, 341, 340, 
1785293, 352, 345, 341, 341, 
1785326, 350, 344, 340, 340, 
1785358, 348, 343, 340, 340, 
1785391, 347, 344, 340, 340, 
1785422, 345, 343, 340, 341, 
1785455, 343, 341, 340, 339, 
1785487, 343, 341, 341, 339, 
1785519, 342, 341, 340, 340, 
1785551, 341, 341, 339, 340, 
1785583, 339, 338, 339, 340, 
1785616, 340, 339, 340, 339, 
1785648, 339, 339, 339, 340, 
1785680, 338, 338, 340, 340, 
1785712, 339, 339, 341, 339, 
1785745, 338, 339, 339, 340, 
1785777, 338, 339, 340, 340, 
1785809, 336, 339, 339, 339, 
1785841, 335, 338, 340, 339, 
1785874, 336, 338, 339, 339, 
1785906, 338, 338, 339, 339, 
1785938, 333, 331, 338, 339, 
1785970, 319, 339, 337, 336, 
1786003, 336, 339, 338, 338, 
1786035, 338, 337, 339, 338, 
1786067, 339, 336, 339, 339, 
1786099, 336, 335, 339, 339, 
1786132, 334, 335, 340, 339, 
1786164, 330, 332, 339, 339, 
1786196, 325, 330, 340, 338, 
1786228, 324, 333, 339, 339, 
1786261, 335, 338, 340, 339, 
1786293, 344, 344, 341, 341, 
1786326, 350, 346, 341, 340, 
1786357, 351, 345, 341, 340, 
1786390, 349, 344, 340, 340, 
1786422, 348, 343, 341, 340, 
1786455, 347, 343, 340, 340, 
1786486, 346, 343, 340, 340, 
1786518, 344, 342, 341, 341, 
1786551, 343, 341, 340, 340, 
1786583, 341, 341, 339, 339, 
1786615, 341, 340, 340, 340, 
1786647, 340, 340, 340, 339, 
1786680, 340, 340, 340, 339, 
1786712, 338, 339, 339, 340, 
1786744, 339, 339, 340, 341, 
1786776, 340, 339, 339, 340, 
1786809, 339, 339, 339, 341, 
1786841, 337, 338, 339, 341, 
1786873, 335, 338, 338, 341, 
1786905, 336, 338, 339, 341, 
1786938, 338, 339, 340, 342, 
1786970, 337, 335, 339, 340, 
1787002, 318, 336, 336, 337, 
1787034, 335, 338, 339, 339, 
1787067, 339, 338, 339, 341, 
1787099, 338, 337, 340, 341, 
1787131, 337, 337, 340, 341, 
1787163, 335, 335, 340, 341, 
1787196, 331, 334, 339, 341, 
1787228, 325, 331, 339, 339, 
1787260, 324, 333, 339, 340, 
1787292, 331, 337, 340, 340, 
1787325, 343, 342, 340, 340, 
1787357, 350, 345, 341, 341, 
1787389, 351, 346, 340, 341, 
1787421, 351, 345, 340, 341, 
1787454, 348, 344, 340, 340, 
1787486, 347, 342, 341, 340, 
1787518, 346, 341, 341, 340, 
1787550, 344, 343, 340, 340, 
1787582, 342, 340, 340, 339, 
1787615, 341, 340, 340, 339, 
1787646, 341, 340, 339, 339, 
1787679, 340, 340, 341, 339, 
1787711, 340, 339, 339, 339, 
1787744, 338, 340, 340, 340, 
1787776, 339, 339, 339, 339, 
1787808, 338, 338, 339, 339, 
1787840, 338, 338, 338, 338, 
1787873, 336, 338, 339, 339, 
1787905, 335, 338, 339, 339, 
1787937, 337, 339, 339, 339, 
1787969, 339, 339, 340, 340, 
1788002, 327, 331, 339, 338, 
1788034, 326, 340, 337, 336, 
1788066, 337, 338, 339, 338, 
1788098, 338, 337, 339, 339, 
1788131, 338, 336, 340, 339, 
1788163, 336, 335, 340, 339, 
1788195, 333, 333, 339, 338, 
1788227, 328, 331, 338, 338, 
1788260, 323, 329, 338, 338, 
1788292, 325, 333, 338, 337, 
1788324, 336, 338, 340, 338, 
1788356, 346, 342, 339, 339, 
1788389, 351, 344, 341, 339, 
1788421, 352, 344, 340, 340, 
1788453, 351, 343, 340, 339, 
1788485, 348, 344, 340, 339, 
1788518, 344, 342, 340, 340, 
1788550, 344, 342, 339, 341, 
1788581, 344, 341, 340, 341, 
1788614, 343, 341, 340, 341, 
1788646, 342, 341, 340, 340, 
1788679, 340, 338, 340, 340, 
1788710, 339, 340, 339, 340, 
1788743, 339, 342, 340, 341, 
1788775, 339, 341, 341, 341, 
1788808, 338, 341, 340, 342, 
1788839, 340, 341, 340, 341, 
1788872, 339, 340, 340, 341, 
1788904, 337, 339, 339, 340, 
1788937, 336, 339, 339, 341, 
1788968, 337, 339, 338, 340, 
1789001, 339, 340, 339, 340, 
1789033, 333, 332, 338, 339, 
1789066, 320, 339, 337, 336, 
1789097, 335, 339, 338, 338, 
1789130, 338, 337, 338, 339, 
1789162, 338, 336, 339, 339, 
1789195, 336, 335, 339, 339, 
1789227, 333, 334, 339, 339, 
1789259, 329, 331, 339, 338, 
1789291, 324, 331, 339, 338, 
1789324, 324, 332, 339, 339, 
1789356, 334, 339, 340, 340, 
1789388, 344, 343, 339, 340, 
1789420, 350, 345, 340, 341, 
1789453, 351, 346, 340, 342, 
1789485, 351, 344, 341, 341, 
1789517, 348, 344, 341, 340, 
1789549, 346, 343, 340, 340, 
1789582, 344, 343, 339, 340, 
1789614, 343, 342, 339, 341, 
1789645, 344, 340, 339, 339, 
1789678, 342, 339, 339, 339, 
1789710, 341, 339, 339, 339, 
1789743, 339, 339, 340, 338, 
1789774, 339, 339, 339, 339, 
1789807, 339, 339, 340, 339, 
1789839, 338, 338, 339, 340, 
1789872, 338, 339, 339, 340, 
1789903, 337, 340, 340, 340, 
1789936, 334, 339, 338, 340, 
1789968, 333, 338, 338, 341, 
1790001, 335, 339, 340, 341, 
1790032, 334, 338, 334, 341, 
1790065, 311, 327, 333, 338, 
1790097, 327, 340, 334, 338, 
1790130, 339, 339, 339, 338, 
1790161, 343, 338, 341, 338, 
1790194, 336, 336, 340, 338, 
1790226, 337, 336, 341, 337, 
1790259, 334, 335, 342, 337, 
1790290, 329, 334, 343, 337, 
1790323, 325, 329, 340, 336, 
1790355, 329, 332, 340, 336, 
1790388, 343, 339, 343, 335, 
1790419, 348, 343, 341, 335, 
1790452, 354, 346, 343, 337, 
1790484, 353, 348, 343, 340, 
1790517, 352, 348, 344, 344, 
1790548, 351, 348, 343, 347, 
1790581, 348, 348, 341, 349, 
1790613, 348, 348, 344, 350, 
1790645, 344, 347, 343, 350, 
1790678, 344, 347, 341, 351, 
1790709, 342, 348, 343, 352, 
1790742, 341, 348, 340, 352, 
1790774, 340, 348, 342, 352, 
1790807, 339, 348, 340, 353, 
1790838, 336, 349, 341, 353, 
1790871, 338, 350, 340, 357, 
1790903, 341, 355, 341, 365, 
1790936, 340, 357, 340, 368, 
1790967, 323, 362, 338, 365, 
1791000, 340, 365, 340, 362, 
1791032, 342, 363, 340, 359, 
1791065, 343, 359, 343, 358, 
1791096, 341, 354, 344, 354, 
1791129, 339, 350, 349, 351, 
1791161, 335, 344, 349, 348, 
1791194, 328, 338, 348, 345, 
1791225, 324, 338, 347, 343, 
1791258, 335, 340, 344, 341, 
1791290, 347, 342, 342, 337, 
1791323, 353, 343, 340, 327, 
1791354, 353, 341, 339, 323, 
1791387, 351, 341, 339, 321, 
1791419, 349, 338, 338, 321, 
1791452, 346, 337, 337, 322, 
1791483, 344, 336, 337, 325, 
1791516, 343, 335, 338, 326, 
1791548, 341, 335, 337, 328, 
1791581, 340, 334, 337, 327, 
1791612, 339, 334, 337, 325, 
1791645, 338, 334, 337, 326, 
1791677, 338, 333, 337, 324, 
1791709, 337, 333, 337, 325, 
1791741, 335, 332, 337, 324, 
1791773, 334, 331, 338, 324, 
1791806, 336, 331, 336, 326, 
1791838, 337, 332, 337, 329, 
1791870, 335, 327, 335, 330, 
1791902, 318, 336, 334, 329, 
1791935, 335, 333, 336, 334, 
1791967, 338, 331, 337, 336, 
1792000, 338, 330, 337, 337, 
1792031, 336, 331, 338, 338, 
1792064, 334, 329, 337, 339, 
1792096, 329, 329, 338, 340, 
1792129, 324, 328, 338, 340, 
1792160, 323, 329, 339, 339, 
1792193, 333, 334, 338, 339, 
1792225, 345, 339, 339, 340, 
1792258, 351, 339, 339, 340, 
1792289, 352, 339, 339, 339, 
1792322, 351, 339, 339, 339, 
1792354, 348, 339, 339, 339, 
1792387, 347, 338, 339, 339, 
1792418, 345, 337, 339, 340, 
1792451, 343, 338, 339, 340, 
1792483, 342, 337, 339, 340, 
1792516, 342, 337, 340, 339, 
1792547, 340, 337, 339, 339, 
1792580, 340, 337, 339, 340, 
1792612, 339, 337, 339, 339, 
1792645, 339, 337, 340, 339, 
1792676, 338, 337, 340, 338, 
1792708, 338, 337, 341, 338, 
1792741, 338, 336, 340, 338, 
1792773, 336, 336, 341, 338, 
1792805, 335, 335, 339, 338, 
1792837, 334, 336, 340, 338, 
1792870, 336, 337, 340, 338, 
1792902, 338, 336, 339, 338, 
1792934, 326, 329, 338, 338, 
1792966, 323, 343, 337, 336, 
1792999, 336, 337, 338, 337, 
1793031, 338, 334, 338, 338, 
1793063, 338, 333, 339, 338, 
1793095, 336, 333, 339, 338, 
1793128, 333, 332, 339, 338, 
1793160, 327, 331, 339, 339, 
1793192, 323, 330, 339, 338, 
1793224, 325, 332, 339, 338, 
1793257, 335, 336, 340, 337, 
1793289, 345, 340, 339, 336, 
1793321, 351, 341, 340, 338, 
1793353, 353, 341, 340, 339, 
1793386, 350, 340, 341, 338, 
1793418, 347, 339, 340, 338, 
1793451, 346, 339, 339, 338, 
1793482, 344, 339, 339, 341, 
1793515, 343, 339, 340, 343, 
1793547, 342, 339, 339, 344, 
1793580, 342, 338, 339, 345, 
1793611, 340, 338, 340, 347, 
1793644, 340, 338, 339, 346, 
1793676, 339, 338, 339, 345, 
1793709, 339, 339, 339, 344, 
1793740, 338, 339, 339, 343, 
1793772, 338, 339, 339, 342, 
1793805, 338, 338, 339, 342, 
1793837, 337, 339, 339, 341, 
1793869, 336, 339, 340, 340, 
1793901, 334, 339, 339, 340, 
1793934, 336, 338, 338, 339, 
1793966, 338, 339, 338, 338, 
1793998, 335, 333, 338, 337, 
1794030, 318, 340, 336, 336, 
1794063, 336, 339, 338, 337, 
1794095, 338, 337, 338, 337, 
1794127, 338, 336, 339, 339, 
1794159, 337, 336, 339, 337, 
1794192, 334, 336, 339, 338, 
1794224, 329, 334, 339, 337, 
1794256, 325, 332, 339, 337, 
1794288, 324, 334, 339, 337, 
1794321, 332, 338, 339, 337, 
1794353, 343, 342, 339, 337, 
1794385, 350, 344, 339, 338, 
1794417, 351, 345, 339, 339, 
1794450, 351, 343, 340, 338, 
1794482, 349, 342, 339, 339, 
1794514, 346, 341, 339, 338, 
1794546, 346, 341, 339, 339, 
1794579, 344, 340, 340, 339, 
1794611, 343, 340, 340, 338, 
1794643, 343, 340, 340, 340, 
1794675, 340, 339, 340, 338, 
1794708, 340, 340, 340, 339, 
1794740, 339, 339, 340, 339, 
1794771, 339, 339, 339, 338, 
1794804, 340, 339, 340, 338, 
1794836, 338, 339, 340, 339, 
1794869, 339, 339, 339, 338, 
1794900, 335, 340, 340, 336, 
1794933, 335, 338, 340, 337, 
1794965, 338, 339, 339, 338, 
1794998, 338, 338, 339, 338, 
1795030, 317, 333, 338, 335, 
1795062, 331, 341, 338, 336, 
1795094, 337, 338, 339, 337, 
1795127, 340, 336, 340, 338, 
1795159, 338, 336, 340, 338, 
1795191, 336, 335, 340, 339, 
1795223, 332, 334, 340, 339, 
1795256, 326, 332, 340, 338, 
1795288, 322, 332, 340, 338, 
1795320, 329, 336, 341, 338, 
1795352, 339, 341, 341, 339, 
1795385, 348, 344, 340, 339, 
1795417, 352, 343, 340, 340, 
1795449, 351, 343, 341, 339, 
1795481, 349, 342, 340, 339, 
1795514, 348, 342, 341, 339, 
1795546, 346, 341, 341, 340, 
1795578, 345, 341, 341, 339, 
1795610, 344, 341, 340, 339, 
1795643, 342, 340, 340, 339, 
1795675, 342, 340, 341, 339, 
1795707, 340, 340, 340, 339, 
1795739, 339, 339, 340, 339, 
1795772, 339, 339, 340, 338, 
1795804, 339, 338, 340, 338, 
1795835, 339, 339, 340, 339, 
1795868, 338, 337, 340, 339, 
1795900, 337, 338, 339, 338, 
1795933, 338, 337, 340, 339, 
1795964, 337, 337, 340, 337, 
1795997, 335, 337, 339, 338, 
1796029, 337, 337, 340, 338, 
1796062, 340, 338, 340, 338, 
1796093, 332, 331, 338, 338, 
1796126, 320, 341, 338, 334, 
1796158, 335, 337, 339, 337, 
1796191, 338, 336, 339, 337, 
1796222, 338, 335, 339, 339, 
1796255, 337, 335, 339, 339, 
1796287, 334, 334, 340, 338, 
1796320, 328, 333, 339, 338, 
1796352, 325, 332, 340, 338, 
1796384, 324, 334, 340, 337, 
1796416, 334, 339, 340, 339, 
1796449, 344, 341, 340, 339, 
1796481, 350, 344, 338, 339, 
1796513, 349, 344, 340, 340, 
1796545, 351, 345, 341, 341, 
1796578, 347, 342, 341, 341, 
1796610, 347, 342, 341, 342, 
1796642, 347, 342, 342, 342, 
1796674, 342, 340, 340, 342, 
1796707, 337, 339, 337, 343, 
1796739, 339, 339, 339, 343, 
1796771, 337, 339, 338, 344, 
1796803, 341, 342, 343, 344, 
1796835, 338, 340, 342, 344, 
1796868, 336, 340, 339, 342, 
1796899, 338, 340, 341, 342, 
1796932, 339, 342, 343, 340, 
1796964, 335, 339, 339, 340, 
1796997, 339, 340, 338, 339, 
1797028, 340, 339, 339, 339, 
1797061, 329, 333, 336, 337, 
1797093, 325, 343, 334, 334, 
1797126, 340, 340, 339, 335, 
1797157, 339, 337, 338, 337, 
1797190, 342, 337, 339, 336, 
1797222, 334, 335, 340, 337, 
1797255, 337, 336, 341, 337, 
1797286, 328, 333, 342, 338, 
1797319, 328, 333, 342, 339, 
1797351, 325, 334, 338, 340, 
1797384, 338, 341, 343, 341, 
1797415, 345, 344, 339, 341, 
1797448, 351, 345, 341, 341, 
1797480, 352, 344, 338, 341, 
1797513, 351, 343, 340, 341, 
1797544, 349, 342, 342, 341, 
1797577, 346, 340, 341, 340, 
1797609, 345, 339, 339, 341, 
1797642, 343, 338, 338, 340, 
1797673, 342, 340, 338, 340, 
1797706, 342, 338, 339, 340, 
1797738, 341, 338, 338, 339, 
1797771, 340, 338, 338, 340, 
1797803, 339, 338, 337, 340, 
1797835, 338, 338, 339, 340, 
1797867, 339, 338, 338, 340, 
1797899, 339, 339, 339, 340, 
1797932, 337, 337, 336, 339, 
1797963, 337, 339, 340, 339, 
1797996, 335, 338, 338, 340, 
1798028, 339, 339, 340, 341, 
1798061, 342, 338, 339, 340, 
1798092, 316, 333, 337, 336, 
1798125, 334, 340, 337, 337, 
1798157, 339, 338, 339, 338, 
1798190, 339, 337, 340, 339, 
1798221, 340, 337, 340, 339, 
1798254, 335, 336, 340, 341, 
1798286, 331, 336, 339, 341, 
1798319, 322, 332, 338, 342, 
1798350, 321, 332, 337, 344, 
1798383, 329, 337, 341, 345, 
1798415, 342, 344, 342, 347, 
1798448, 349, 345, 342, 347, 
1798479, 353, 347, 342, 346, 
1798512, 351, 345, 341, 345, 
1798544, 350, 344, 341, 346, 
1798577, 348, 343, 341, 347, 
1798608, 347, 342, 340, 347, 
1798641, 347, 341, 340, 347, 
1798673, 344, 341, 340, 347, 
1798706, 343, 341, 340, 347, 
1798737, 342, 340, 341, 347, 
1798770, 342, 339, 341, 346, 
1798802, 340, 338, 340, 344, 
1798835, 341, 340, 340, 343, 
1798866, 340, 340, 340, 341, 
1798898, 339, 340, 338, 340, 
1798931, 340, 339, 341, 339, 
1798963, 338, 340, 338, 338, 
1798995, 337, 338, 338, 338, 
1799027, 335, 339, 339, 338, 
1799060, 336, 340, 340, 339, 
1799092, 338, 339, 340, 337, 
1799124, 334, 335, 338, 335, 
1799156, 316, 338, 335, 332, 
1799189, 334, 340, 337, 334, 
1799221, 337, 337, 338, 334, 
1799254, 337, 336, 338, 335, 
1799285, 335, 336, 339, 335, 
1799318, 334, 336, 339, 336, 
1799350, 329, 333, 338, 335, 
1799383, 324, 331, 338, 336, 
1799414, 324, 331, 339, 335, 
1799447, 330, 336, 340, 336, 
1799479, 342, 341, 339, 337, 
1799512, 350, 344, 340, 337, 
1799543, 351, 345, 339, 339, 
1799576, 350, 344, 339, 338, 
1799608, 348, 343, 339, 337, 
1799641, 347, 342, 339, 338, 
1799672, 345, 342, 339, 338, 
1799705, 344, 340, 339, 337, 
1799737, 343, 341, 338, 337, 
1799770, 341, 339, 339, 337, 
1799801, 341, 339, 339, 338, 
1799834, 339, 338, 337, 338, 
1799866, 338, 337, 338, 339, 
1799899, 337, 337, 332, 339, 
1799930, 340, 338, 335, 340, 
1799962, 337, 338, 337, 340, 
1799995, 337, 337, 339, 341, 
1800027, 336, 335, 339, 342, 
1800059, 334, 330, 339, 341, 
1800091, 336, 330, 341, 341, 
1800124, 339, 331, 338, 341, 
1800156, 328, 326, 339, 340, 
1800188, 322, 337, 337, 339, 
1800220, 335, 341, 337, 341, 
1800253, 336, 343, 339, 342, 
1800285, 335, 345, 337, 341, 
1800317, 333, 347, 339, 342, 
1800349, 329, 348, 339, 342, 
1800382, 325, 348, 337, 342, 
1800414, 320, 348, 339, 343, 
1800446, 320, 351, 337, 344, 
1800478, 328, 356, 342, 347, 
1800511, 335, 360, 335, 349, 
1800543, 339, 362, 341, 352, 
1800576, 338, 362, 337, 354, 
1800607, 335, 360, 338, 357, 
1800640, 332, 361, 338, 358, 
1800672, 329, 359, 334, 359, 
1800705, 328, 359, 341, 360, 
1800736, 327, 357, 335, 359, 
1800769, 325, 356, 335, 360, 
1800801, 325, 356, 339, 359, 
1800834, 325, 353, 336, 359, 
1800865, 325, 354, 337, 360, 
1800898, 325, 351, 329, 359, 
1800930, 327, 351, 336, 359, 
1800962, 326, 345, 334, 359, 
1800994, 327, 344, 333, 357, 
1801026, 331, 345, 333, 355, 
1801059, 333, 340, 328, 352, 
1801091, 324, 333, 343, 350, 
1801123, 324, 342, 330, 345, 
1801155, 336, 334, 347, 347, 
1801188, 338, 337, 348, 348, 
1801220, 335, 332, 329, 346, 
1801252, 334, 335, 353, 348, 
1801284, 329, 328, 340, 347, 
1801317, 324, 330, 343, 348, 
1801349, 321, 327, 346, 347, 
1801381, 323, 330, 340, 345, 
1801413, 334, 334, 346, 345, 
1801446, 343, 339, 339, 343, 
1801478, 347, 340, 341, 343, 
1801510, 349, 340, 341, 343, 
1801542, 349, 338, 339, 340, 
1801575, 348, 338, 347, 341, 
1801607, 345, 336, 335, 339, 
1801639, 345, 336, 344, 338, 
1801671, 343, 334, 335, 336, 
1801704, 342, 334, 334, 336, 
1801736, 341, 334, 342, 335, 
1801768, 341, 332, 344, 333, 
1801800, 341, 334, 340, 332, 
1801833, 340, 329, 343, 332, 
1801865, 340, 332, 343, 331, 
1801897, 340, 332, 341, 329, 
1801929, 341, 331, 343, 330, 
1801962, 339, 330, 341, 328, 
1801994, 338, 331, 343, 328, 
1802025, 338, 331, 343, 327, 
1802058, 339, 331, 339, 326, 
1802090, 341, 332, 344, 325, 
1802123, 339, 328, 336, 322, 
1802155, 322, 332, 340, 323, 
1802187, 338, 333, 335, 321, 
1802219, 341, 331, 345, 325, 
1802252, 341, 330, 340, 324, 
1802284, 340, 329, 340, 324, 
1802316, 337, 327, 340, 325, 
1802348, 334, 326, 345, 325, 
1802381, 328, 323, 329, 322, 
1802413, 328, 326, 347, 325, 
1802445, 335, 327, 334, 324, 
1802477, 345, 333, 341, 327, 
1802510, 350, 337, 338, 327, 
1802542, 352, 339, 347, 330, 
1802574, 350, 336, 337, 328, 
1802606, 349, 338, 340, 330, 
1802639, 347, 338, 341, 331, 
1802671, 347, 336, 333, 332, 
1802703, 344, 336, 340, 333, 
1802735, 343, 335, 329, 333, 
1802768, 343, 337, 341, 335, 
1802800, 343, 336, 335, 335, 
1802832, 340, 338, 330, 336, 
1802864, 343, 338, 334, 336, 
1802897, 342, 336, 333, 336, 
1802929, 341, 338, 331, 336, 
1802961, 341, 339, 338, 337, 
1802993, 341, 338, 333, 337, 
1803025, 341, 338, 333, 337, 
1803058, 342, 339, 339, 339, 
1803089, 341, 338, 336, 337, 
1803122, 340, 340, 339, 337, 
1803154, 339, 338, 343, 338, 
1803187, 339, 339, 334, 337, 
1803218, 341, 341, 332, 337, 
1803251, 338, 335, 343, 339, 
1803283, 322, 338, 322, 334, 
1803316, 339, 338, 345, 338, 
1803347, 341, 335, 326, 336, 
1803380, 342, 336, 343, 340, 
1803412, 340, 335, 337, 339, 
1803445, 339, 332, 340, 339, 
1803476, 333, 333, 335, 339, 
1803509, 328, 329, 335, 339, 
1803541, 328, 334, 336, 340, 
1803574, 336, 338, 332, 339, 
1803606, 347, 344, 339, 340, 
1803638, 351, 345, 336, 340, 
1803670, 355, 348, 342, 341, 
1803703, 352, 347, 334, 340, 
1803735, 352, 347, 336, 340, 
1803767, 350, 346, 342, 340, 
1803799, 348, 346, 332, 338, 
1803832, 347, 344, 344, 340, 
1803864, 346, 343, 342, 339, 
1803896, 344, 341, 345, 340, 
1803928, 344, 341, 336, 338, 
1803961, 343, 341, 343, 339, 
1803993, 342, 341, 342, 338, 
1804025, 341, 339, 341, 338, 
1804057, 341, 337, 345, 338, 
1804089, 341, 338, 342, 337, 
1804122, 340, 337, 340, 336, 
1804153, 338, 336, 341, 335, 
1804186, 339, 337, 339, 335, 
1804218, 340, 338, 334, 335, 
1804251, 340, 334, 341, 336, 
1804282, 321, 334, 337, 332, 
1804315, 336, 338, 339, 333, 
1804347, 340, 336, 340, 333, 
1804380, 340, 336, 343, 334, 
1804411, 338, 333, 338, 333, 
1804444, 336, 334, 345, 335, 
1804476, 333, 329, 339, 334, 
1804509, 328, 327, 340, 334, 
1804540, 326, 331, 336, 333, 
1804573, 331, 333, 341, 334, 
1804605, 342, 339, 344, 334, 
1804638, 348, 342, 342, 334, 
1804669, 350, 343, 339, 335, 
1804702, 350, 343, 343, 335, 
1804734, 349, 342, 340, 335, 
1804767, 346, 339, 341, 335, 
1804798, 345, 339, 339, 334, 
1804831, 344, 340, 342, 335, 
1804863, 342, 337, 341, 334, 
1804896, 342, 339, 345, 335, 
1804928, 341, 337, 340, 334, 
1804960, 339, 337, 335, 334, 
1804992, 340, 338, 345, 335, 
1805025, 338, 337, 340, 334, 
1805057, 338, 336, 341, 335, 
1805088, 338, 337, 340, 335, 
1805121, 337, 335, 342, 335, 
1805153, 337, 337, 339, 335, 
1805186, 336, 335, 340, 335, 
1805217, 334, 337, 337, 334, 
1805250, 334, 336, 339, 334, 
1805282, 337, 336, 341, 335, 
1805315, 337, 333, 334, 334, 
1805346, 317, 333, 336, 332, 
1805379, 334, 338, 339, 334, 
1805411, 336, 335, 334, 334, 
1805444, 337, 334, 335, 335, 
1805475, 335, 333, 338, 337, 
1805508, 334, 334, 343, 336, 
1805540, 331, 330, 339, 337, 
1805573, 327, 329, 339, 335, 
1805604, 323, 329, 337, 336, 
1805637, 329, 334, 341, 336, 
1805669, 338, 339, 337, 337, 
1805702, 346, 342, 342, 337, 
1805733, 349, 346, 342, 337, 
1805766, 349, 344, 339, 335, 
1805798, 347, 343, 345, 339, 
1805831, 345, 340, 339, 336, 
1805862, 344, 338, 341, 336, 
1805895, 343, 340, 338, 338, 
1805927, 341, 339, 342, 336, 
1805960, 341, 340, 338, 337, 
1805991, 340, 339, 340, 337, 
1806024, 340, 339, 343, 337, 
1806056, 339, 338, 338, 336, 
1806089, 338, 337, 343, 338, 
1806120, 338, 338, 336, 337, 
1806152, 338, 338, 341, 338, 
1806185, 338, 337, 339, 337, 
1806217, 338, 337, 338, 337, 
1806249, 338, 338, 338, 337, 
1806281, 337, 337, 339, 338, 
1806314, 335, 337, 338, 337, 
1806346, 337, 338, 343, 338, 
1806379, 340, 337, 343, 339, 
1806410, 339, 335, 338, 338, 
1806443, 320, 334, 337, 337, 
1806475, 335, 339, 338, 339, 
1806508, 338, 337, 336, 339, 
1806539, 337, 337, 338, 338, 
1806572, 337, 334, 341, 339, 
1806604, 335, 336, 341, 339, 
1806637, 331, 333, 335, 338, 
1806668, 326, 331, 342, 336, 
1806701, 324, 332, 337, 337, 
1806733, 330, 336, 343, 337, 
1806766, 339, 341, 338, 337, 
1806797, 346, 344, 342, 337, 
1806830, 350, 345, 339, 337, 
1806862, 348, 344, 341, 337, 
1806895, 346, 343, 342, 337, 
1806926, 345, 342, 340, 337, 
1806959, 344, 341, 337, 336, 
1806991, 343, 341, 342, 337, 
1807024, 341, 339, 336, 338, 
1807055, 341, 338, 338, 336, 
1807088, 339, 340, 345, 337, 
1807120, 339, 338, 336, 337, 
1807152, 338, 339, 337, 338, 
1807184, 339, 339, 339, 337, 
1807216, 337, 338, 340, 337, 
1807249, 338, 339, 336, 336, 
1807281, 337, 337, 340, 337, 
1807313, 335, 338, 337, 336, 
1807345, 335, 337, 336, 337, 
1807378, 337, 336, 339, 338, 
1807410, 337, 336, 338, 336, 
1807442, 318, 332, 336, 335, 
1807474, 334, 340, 339, 336, 
1807507, 337, 337, 335, 337, 
1807539, 337, 335, 339, 337, 
1807571, 336, 334, 333, 337, 
1807603, 334, 334, 336, 337, 
1807636, 332, 334, 337, 337, 
1807668, 326, 331, 334, 337, 
1807700, 323, 331, 338, 337, 
1807732, 329, 336, 335, 337, 
1807765, 339, 340, 339, 336, 
1807797, 345, 342, 338, 335, 
1807830, 347, 343, 341, 338, 
1807861, 349, 344, 340, 335, 
1807894, 347, 342, 346, 336, 
1807926, 347, 344, 338, 334, 
1807959, 348, 343, 347, 334, 
1807990, 348, 340, 345, 333, 
1808023, 350, 340, 345, 330, 
1808055, 349, 337, 345, 330, 
1808088, 347, 336, 341, 329, 
1808119, 349, 335, 342, 329, 
1808152, 345, 333, 339, 325, 
1808184, 346, 334, 338, 326, 
1808216, 344, 335, 337, 324, 
1808248, 349, 335, 343, 325, 
1808280, 346, 338, 338, 324, 
1808313, 344, 339, 339, 323, 
1808345, 341, 339, 335, 322, 
1808377, 341, 340, 335, 323, 
1808409, 339, 337, 334, 325, 
1808442, 333, 329, 328, 326, 
1808474, 325, 335, 335, 324, 
1808506, 334, 332, 335, 323, 
1808538, 340, 334, 337, 324, 
1808571, 340, 332, 341, 328, 
1808603, 338, 332, 338, 331, 
1808635, 337, 331, 340, 332, 
1808667, 330, 329, 334, 335, 
1808700, 328, 331, 338, 337, 
1808732, 324, 331, 336, 339, 
1808764, 334, 339, 338, 341, 
1808796, 345, 346, 341, 343, 
1808829, 350, 349, 340, 346, 
1808861, 351, 348, 341, 345, 
1808893, 349, 347, 340, 345, 
1808925, 348, 347, 341, 347, 
1808958, 345, 346, 339, 346, 
1808990, 345, 345, 340, 346, 
1809022, 345, 345, 341, 346, 
1809054, 343, 344, 339, 346, 
1809087, 341, 343, 338, 346, 
1809119, 341, 344, 340, 346, 
1809152, 340, 343, 339, 345, 
1809183, 338, 342, 339, 346, 
1809215, 340, 343, 340, 346, 
1809248, 341, 342, 340, 346, 
1809280, 339, 341, 340, 345, 
1809312, 340, 340, 339, 345, 
1809344, 338, 339, 339, 345, 
1809377, 334, 338, 339, 343, 
1809409, 337, 338, 338, 344, 
1809441, 335, 337, 339, 344, 
1809473, 338, 338, 340, 343, 
1809506, 316, 330, 338, 340, 
1809538, 330, 339, 335, 339, 
1809570, 338, 337, 339, 342, 
1809602, 337, 336, 338, 342, 
1809635, 338, 336, 340, 342, 
1809667, 332, 334, 335, 341, 
1809699, 331, 332, 339, 341, 
1809731, 324, 330, 336, 340, 
1809764, 321, 329, 333, 338, 
1809796, 328, 335, 342, 338, 
1809828, 339, 340, 338, 338, 
1809860, 348, 346, 338, 339, 
1809893, 351, 346, 339, 339, 
1809925, 351, 345, 341, 338, 
1809957, 351, 345, 339, 339, 
1809989, 348, 343, 338, 340, 
1810022, 346, 343, 341, 346, 
1810054, 345, 341, 340, 349, 
1810086, 343, 341, 344, 349, 
1810118, 342, 340, 342, 347, 
1810151, 341, 340, 341, 345, 
1810183, 340, 338, 338, 342, 
1810215, 342, 340, 345, 341, 
1810247, 337, 337, 337, 340, 
1810279, 339, 339, 339, 341, 
1810312, 337, 338, 335, 341, 
1810343, 338, 338, 342, 342, 
1810376, 336, 337, 340, 343, 
1810408, 334, 338, 340, 341, 
1810441, 335, 338, 338, 341, 
1810472, 338, 338, 341, 343, 
1810505, 329, 329, 336, 344, 
1810537, 321, 337, 337, 341, 
1810570, 335, 336, 333, 341, 
1810601, 338, 334, 345, 343, 
1810634, 336, 335, 341, 345, 
1810666, 333, 334, 341, 347, 
1810699, 332, 334, 345, 348, 
1810731, 327, 330, 341, 348, 
1810763, 322, 329, 341, 349, 
1810795, 323, 332, 337, 348, 
1810828, 333, 335, 341, 348, 
1810860, 339, 340, 333, 346, 
1810892, 347, 342, 347, 349, 
1810924, 350, 341, 345, 349, 
1810957, 347, 341, 340, 349, 
1810989, 346, 340, 338, 349, 
1811021, 344, 339, 342, 348, 
1811053, 343, 338, 337, 348, 
1811086, 342, 340, 343, 347, 
1811118, 340, 340, 339, 347, 
1811150, 340, 340, 340, 346, 
1811182, 339, 340, 335, 346, 
1811215, 339, 342, 342, 347, 
1811247, 337, 341, 334, 344, 
1811278, 337, 342, 344, 344, 
1811311, 336, 342, 339, 343, 
1811343, 336, 341, 342, 342, 
1811376, 337, 341, 348, 341, 
1811407, 335, 339, 339, 339, 
1811440, 317, 338, 346, 336, 
1811472, 332, 341, 336, 335, 
1811505, 336, 339, 347, 337, 
1811536, 336, 338, 344, 337, 
1811569, 335, 337, 346, 337, 
1811601, 333, 336, 344, 338, 
1811634, 329, 334, 341, 336, 
1811665, 324, 333, 340, 336, 
1811698, 322, 333, 338, 338, 
1811730, 330, 337, 336, 336, 
1811763, 340, 342, 339, 336, 
1811794, 347, 344, 336, 336, 
1811827, 349, 345, 341, 338, 
1811859, 349, 344, 338, 337, 
1811892, 347, 343, 339, 337, 
1811923, 345, 342, 339, 338, 
1811956, 343, 342, 338, 338, 
1811988, 343, 342, 339, 338, 
1812021, 341, 342, 340, 337, 
1812052, 339, 341, 337, 337, 
1812085, 340, 341, 339, 337, 
1812117, 338, 339, 338, 337, 
1812150, 337, 339, 338, 337, 
1812182, 337, 339, 337, 336, 
1812214, 337, 339, 337, 336, 
1812246, 336, 340, 337, 336, 
1812279, 336, 338, 338, 336, 
1812311, 335, 339, 337, 335, 
1812342, 334, 339, 337, 335, 
1812375, 335, 339, 336, 335, 
1812407, 337, 338, 337, 336, 
1812440, 328, 331, 336, 335, 
1812471, 322, 342, 335, 333, 
1812504, 336, 339, 337, 336, 
1812536, 337, 336, 335, 336, 
1812569, 337, 337, 337, 337, 
1812600, 336, 335, 339, 337, 
1812633, 332, 334, 336, 336, 
1812665, 329, 333, 338, 337, 
1812698, 324, 331, 337, 336, 
1812729, 324, 333, 336, 334, 
1812762, 334, 339, 339, 336, 
1812794, 344, 344, 338, 336, 
1812827, 348, 344, 340, 337, 
1812858, 349, 344, 337, 337, 
1812891, 348, 343, 338, 337, 
1812923, 346, 341, 338, 337, 
1812956, 345, 342, 338, 337, 
1812987, 344, 342, 339, 337, 
1813020, 343, 341, 339, 337, 
1813052, 341, 341, 337, 338, 
1813085, 340, 341, 339, 338, 
1813116, 339, 340, 340, 339, 
1813149, 339, 339, 338, 337, 
1813181, 338, 339, 337, 339, 
1813214, 338, 339, 338, 339, 
1813245, 337, 340, 337, 338, 
1813278, 337, 338, 338, 338, 
1813310, 337, 338, 339, 339, 
1813342, 337, 338, 338, 339, 
1813374, 336, 337, 338, 339, 
1813406, 335, 338, 336, 338, 
1813439, 334, 338, 340, 339, 
1813471, 336, 338, 337, 339, 
1813504, 337, 336, 337, 338, 
1813535, 315, 334, 335, 336, 
1813568, 333, 340, 336, 337, 
1813600, 336, 337, 337, 338, 
1813633, 337, 336, 338, 340, 
1813664, 336, 336, 337, 340, 
1813697, 335, 334, 339, 340, 
1813729, 331, 333, 338, 339, 
1813762, 326, 331, 339, 339, 
1813793, 324, 331, 337, 338, 
1813826, 329, 336, 339, 339, 
1813858, 339, 343, 338, 338, 
1813891, 346, 343, 339, 339, 
1813922, 349, 343, 338, 338, 
1813955, 350, 345, 338, 338, 
1813987, 348, 343, 338, 338, 
1814020, 346, 342, 338, 338, 
1814051, 344, 343, 340, 339, 
1814084, 343, 341, 340, 339, 
1814116, 343, 341, 339, 338, 
1814149, 341, 341, 339, 339, 
1814180, 340, 340, 338, 339, 
1814213, 339, 340, 339, 338, 
1814245, 339, 339, 339, 339, 
1814278, 339, 339, 337, 338, 
1814309, 338, 339, 339, 338, 
1814342, 339, 338, 338, 338, 
1814374, 335, 338, 338, 336, 
1814406, 335, 339, 338, 338, 
1814438, 335, 339, 337, 337, 
1814470, 338, 339, 338, 338, 
1814503, 336, 335, 338, 338, 
1814535, 317, 338, 335, 334, 
1814567, 334, 339, 336, 337, 
1814599, 339, 337, 337, 337, 
1814632, 337, 337, 338, 338, 
1814664, 335, 335, 338, 338, 
1814696, 333, 334, 339, 338, 
1814728, 330, 333, 338, 337, 
1814761, 325, 331, 337, 337, 
1814793, 322, 332, 338, 337, 
1814825, 329, 337, 338, 338, 
1814857, 341, 341, 340, 338, 
1814890, 347, 342, 340, 338, 
1814922, 350, 344, 338, 339, 
1814955, 350, 343, 340, 339, 
1814986, 347, 343, 341, 339, 
1815019, 344, 342, 338, 339, 
1815051, 344, 342, 340, 338, 
1815084, 343, 341, 338, 338, 
1815115, 341, 341, 339, 339, 
1815148, 342, 341, 338, 338, 
1815180, 339, 339, 339, 338, 
1815213, 339, 340, 340, 339, 
1815244, 338, 338, 339, 339, 
1815277, 338, 339, 339, 339, 
1815309, 337, 339, 339, 338, 
1815342, 338, 339, 338, 339, 
1815373, 337, 340, 340, 338, 
1815405, 337, 339, 339, 338, 
1815438, 335, 338, 338, 337, 
1815470, 333, 338, 337, 338, 
1815502, 335, 338, 338, 338, 
1815534, 337, 338, 339, 339, 
1815567, 334, 333, 338, 337, 
1815599, 318, 340, 335, 335, 
1815631, 335, 340, 337, 336, 
1815663, 337, 337, 338, 337, 
1815696, 337, 335, 336, 339, 
1815728, 335, 335, 339, 338, 
1815760, 333, 334, 337, 337, 
1815792, 329, 332, 340, 337, 
1815825, 325, 330, 337, 337, 
1815857, 323, 333, 337, 337, 
1815889, 332, 337, 339, 338, 
1815921, 342, 342, 338, 338, 
1815954, 348, 344, 339, 338, 
1815986, 350, 345, 340, 338, 
1816018, 349, 343, 339, 338, 
1816050, 347, 342, 339, 338, 
1816083, 346, 342, 339, 339, 
1816115, 344, 341, 339, 338, 
1816147, 343, 340, 339, 339, 
1816179, 342, 340, 339, 338, 
1816212, 341, 340, 340, 340, 
