20, 339, 334, 333, 308, 
1, 340, 335, 332, 308, 
2, 340, 334, 333, 308, 
11, 340, 335, 333, 303, 
37, 340, 336, 334, 292, 
65, 337, 338, 335, 296, 
92, 337, 337, 335, 297, 
119, 335, 336, 338, 297, 
147, 333, 334, 339, 302, 
175, 332, 334, 339, 309, 
203, 333, 332, 339, 315, 
231, 331, 329, 341, 318, 
260, 331, 330, 341, 319, 
287, 335, 332, 342, 323, 
316, 336, 335, 341, 325, 
344, 333, 329, 344, 323, 
371, 334, 329, 346, 331, 
400, 337, 332, 342, 333, 
428, 336, 335, 340, 332, 
456, 337, 336, 340, 333, 
484, 337, 336, 339, 332, 
512, 336, 335, 340, 334, 
540, 334, 333, 336, 339, 
568, 331, 331, 329, 339, 
596, 329, 328, 324, 341, 
624, 327, 329, 319, 342, 
653, 328, 334, 314, 347, 
680, 330, 338, 312, 345, 
708, 333, 343, 318, 348, 
737, 335, 345, 323, 349, 
764, 335, 344, 331, 347, 
793, 336, 345, 337, 345, 
821, 337, 344, 344, 342, 
849, 338, 344, 349, 341, 
877, 337, 341, 350, 337, 
905, 337, 342, 346, 335, 
933, 334, 340, 337, 333, 
961, 332, 335, 330, 330, 
990, 332, 338, 324, 330, 
1017, 331, 339, 329, 328, 
1046, 332, 336, 332, 329, 
1076, 329, 330, 341, 331, 
1104, 332, 334, 343, 330, 
1134, 333, 337, 341, 332, 
1163, 334, 337, 341, 336, 
1192, 334, 337, 341, 339, 
1221, 331, 333, 341, 343, 
1251, 328, 332, 341, 347, 
1280, 326, 329, 343, 347, 
1308, 324, 325, 343, 349, 
1338, 326, 324, 339, 348, 
1367, 331, 330, 336, 344, 
1396, 335, 335, 336, 343, 
1425, 337, 337, 338, 336, 
1455, 337, 338, 340, 338, 
1483, 337, 338, 341, 337, 
1512, 336, 338, 340, 335, 
1542, 336, 339, 336, 333, 
1570, 334, 338, 333, 334, 
1600, 334, 337, 328, 335, 
1629, 331, 336, 326, 338, 
1658, 332, 333, 327, 341, 
1687, 332, 336, 334, 343, 
1717, 333, 338, 342, 347, 
1745, 328, 327, 349, 352, 
1774, 331, 332, 350, 352, 
1804, 332, 334, 348, 351, 
1832, 332, 336, 343, 350, 
1862, 332, 336, 339, 348, 
1891, 331, 333, 333, 345, 
1921, 332, 332, 330, 342, 
1949, 331, 329, 333, 338, 
1978, 330, 326, 337, 335, 
2008, 328, 322, 341, 332, 
2036, 329, 327, 349, 332, 
2066, 333, 331, 348, 333, 
2095, 335, 335, 348, 328, 
2124, 335, 335, 349, 323, 
2153, 334, 337, 351, 325, 
2183, 335, 336, 350, 322, 
2211, 334, 335, 352, 321, 
2240, 333, 336, 355, 322, 
2270, 333, 335, 353, 325, 
2298, 331, 332, 354, 326, 
2328, 331, 331, 352, 328, 
2357, 333, 333, 352, 335, 
2386, 336, 337, 347, 338, 
2415, 330, 326, 351, 344, 
2444, 335, 330, 349, 347, 
2473, 336, 333, 344, 345, 
2502, 337, 333, 342, 346, 
2532, 335, 333, 342, 345, 
2561, 336, 330, 340, 343, 
2590, 334, 330, 338, 343, 
2619, 334, 329, 340, 342, 
2649, 333, 326, 337, 341, 
2677, 330, 325, 335, 339, 
2706, 331, 329, 332, 336, 
2736, 335, 335, 327, 335, 
2764, 338, 339, 321, 333, 
2794, 339, 339, 313, 334, 
2823, 339, 340, 302, 333, 
2852, 337, 340, 289, 328, 
2881, 336, 341, 284, 332, 
2910, 337, 340, 284, 336, 
2939, 334, 336, 291, 335, 
2968, 333, 336, 306, 336, 
2998, 336, 339, 318, 338, 
3026, 335, 340, 324, 339, 
3056, 330, 329, 329, 346, 
3085, 335, 335, 328, 346, 
3115, 333, 334, 330, 346, 
3143, 334, 335, 330, 344, 
3172, 334, 334, 335, 346, 
3202, 333, 328, 341, 343, 
3230, 333, 328, 344, 339, 
3260, 331, 326, 345, 338, 
3289, 328, 322, 345, 339, 
3318, 328, 323, 346, 338, 
3347, 329, 326, 345, 338, 
3376, 333, 332, 343, 336, 
3405, 336, 336, 340, 334, 
3434, 335, 339, 341, 340, 
3464, 335, 338, 340, 339, 
3492, 335, 338, 342, 343, 
3522, 334, 338, 343, 346, 
3551, 334, 337, 344, 342, 
3580, 333, 337, 345, 345, 
3609, 332, 337, 343, 344, 
3638, 334, 339, 337, 340, 
3667, 334, 339, 334, 343, 
3696, 327, 326, 329, 344, 
3726, 329, 332, 326, 344, 
3755, 332, 333, 318, 342, 
3784, 333, 334, 307, 339, 
3813, 335, 334, 311, 334, 
3842, 334, 332, 316, 332, 
3871, 335, 330, 319, 329, 
3900, 334, 330, 329, 330, 
3930, 331, 327, 332, 332, 
3958, 330, 329, 335, 329, 
3988, 332, 332, 338, 327, 
4017, 338, 338, 335, 326, 
4046, 336, 340, 330, 328, 
4075, 337, 344, 330, 328, 
4104, 338, 346, 332, 328, 
4133, 337, 350, 340, 331, 
4162, 336, 352, 352, 333, 
4192, 333, 348, 363, 333, 
4220, 326, 346, 368, 334, 
4250, 317, 339, 365, 333, 
4279, 309, 337, 362, 335, 
4307, 303, 334, 352, 339, 
4337, 294, 324, 344, 341, 
4366, 289, 313, 345, 347, 
4396, 293, 308, 339, 345, 
4424, 301, 305, 331, 345, 
4454, 306, 303, 328, 343, 
4483, 318, 302, 322, 339, 
4512, 330, 302, 317, 336, 
4541, 340, 305, 316, 332, 
4570, 349, 308, 313, 327, 
4599, 352, 313, 311, 323, 
4628, 355, 320, 306, 321, 
4658, 356, 325, 301, 320, 
4686, 359, 334, 302, 321, 
4716, 359, 339, 308, 325, 
4745, 357, 340, 315, 329, 
4773, 356, 335, 325, 335, 
4803, 354, 334, 331, 340, 
4832, 351, 325, 335, 344, 
4861, 347, 313, 336, 347, 
4890, 345, 305, 338, 346, 
4920, 343, 301, 335, 347, 
4948, 341, 297, 336, 346, 
4978, 337, 291, 339, 345, 
5007, 335, 284, 347, 344, 
5036, 337, 286, 351, 342, 
5065, 338, 287, 347, 341, 
5094, 337, 289, 342, 336, 
5124, 336, 287, 332, 328, 
5152, 335, 291, 323, 321, 
5182, 332, 293, 325, 318, 
5211, 328, 292, 328, 322, 
5239, 328, 292, 333, 318, 
5269, 330, 298, 341, 323, 
5298, 338, 307, 351, 325, 
5327, 342, 313, 351, 329, 
5356, 343, 318, 348, 331, 
5386, 343, 321, 344, 329, 
5414, 343, 320, 340, 328, 
5444, 339, 322, 339, 332, 
5473, 336, 324, 338, 338, 
5501, 331, 321, 339, 341, 
5531, 331, 322, 335, 340, 
5560, 332, 328, 331, 342, 
5590, 331, 330, 335, 346, 
5618, 326, 328, 339, 348, 
5648, 330, 329, 343, 351, 
5677, 331, 329, 344, 349, 
5705, 332, 335, 342, 344, 
5735, 331, 332, 342, 345, 
5764, 330, 335, 342, 341, 
5793, 328, 332, 342, 340, 
5822, 327, 333, 338, 341, 
5852, 326, 333, 336, 338, 
5880, 328, 333, 337, 337, 
5910, 331, 334, 334, 337, 
5939, 335, 342, 332, 333, 
5967, 340, 348, 335, 332, 
5997, 341, 349, 333, 332, 
6026, 342, 346, 333, 332, 
6055, 340, 344, 335, 334, 
6084, 339, 343, 336, 334, 
6114, 341, 343, 333, 332, 
6142, 334, 343, 334, 334, 
6171, 330, 339, 333, 332, 
6201, 323, 336, 334, 333, 
6230, 321, 339, 337, 333, 
6259, 322, 339, 337, 333, 
6288, 318, 331, 342, 339, 
6318, 324, 339, 342, 338, 
6346, 326, 337, 339, 336, 
6376, 329, 340, 334, 333, 
6405, 332, 338, 331, 334, 
6433, 332, 336, 326, 333, 
6463, 335, 336, 324, 331, 
6492, 333, 333, 326, 329, 
6521, 332, 329, 327, 326, 
6550, 333, 330, 322, 322, 
6580, 336, 328, 320, 322, 
6608, 342, 334, 313, 323, 
6637, 342, 332, 307, 325, 
6667, 341, 330, 302, 326, 
6695, 338, 328, 299, 329, 
6725, 336, 324, 303, 330, 
6754, 332, 320, 310, 332, 
6784, 334, 317, 318, 328, 
6812, 334, 312, 320, 325, 
6842, 336, 304, 321, 321, 
6871, 332, 304, 320, 320, 
6899, 333, 301, 317, 319, 
6929, 335, 303, 313, 320, 
6958, 327, 297, 319, 324, 
6987, 333, 296, 320, 324, 
7016, 335, 305, 322, 323, 
7046, 337, 309, 329, 325, 
7074, 336, 310, 334, 324, 
7103, 336, 315, 338, 324, 
7133, 337, 316, 343, 328, 
7161, 335, 315, 347, 332, 
7191, 332, 317, 352, 333, 
7220, 328, 320, 355, 337, 
7249, 322, 326, 353, 339, 
7278, 319, 334, 350, 341, 
7308, 316, 338, 347, 342, 
7336, 312, 342, 346, 343, 
7365, 311, 347, 343, 345, 
7395, 314, 347, 340, 346, 
7424, 317, 352, 338, 348, 
7453, 319, 354, 341, 349, 
7482, 321, 352, 344, 344, 
7512, 320, 355, 347, 346, 
7540, 325, 356, 347, 345, 
7569, 324, 355, 348, 343, 
7599, 325, 357, 347, 344, 
7627, 319, 347, 348, 348, 
7657, 322, 352, 344, 350, 
7686, 323, 356, 340, 350, 
7715, 325, 357, 339, 351, 
7744, 325, 355, 342, 351, 
7774, 323, 357, 341, 351, 
7802, 322, 355, 341, 349, 
7831, 320, 354, 344, 350, 
7861, 317, 353, 346, 349, 
7889, 320, 352, 348, 348, 
7919, 326, 358, 352, 344, 
7948, 333, 360, 351, 339, 
7977, 340, 364, 350, 340, 
8006, 347, 365, 350, 340, 
8035, 352, 362, 347, 340, 
8065, 356, 361, 346, 336, 
8093, 356, 363, 344, 334, 
8123, 355, 358, 341, 326, 
8152, 350, 356, 340, 318, 
8181, 348, 355, 338, 315, 
8210, 348, 354, 336, 309, 
8240, 345, 353, 335, 303, 
8268, 337, 346, 337, 303, 
8297, 339, 351, 335, 300, 
8327, 339, 353, 335, 297, 
8355, 338, 355, 332, 297, 
8385, 338, 354, 333, 293, 
8414, 337, 355, 334, 293, 
8443, 336, 355, 335, 293, 
8472, 335, 354, 335, 295, 
8501, 334, 354, 336, 300, 
8530, 334, 352, 336, 304, 
8559, 335, 357, 335, 308, 
8589, 338, 361, 333, 313, 
8617, 339, 363, 334, 318, 
8647, 339, 363, 332, 322, 
8676, 338, 364, 330, 328, 
8706, 339, 361, 329, 331, 
8734, 339, 361, 328, 334, 
8763, 338, 360, 329, 336, 
8793, 338, 357, 332, 335, 
8821, 336, 356, 331, 337, 
8851, 340, 356, 331, 338, 
8880, 340, 356, 332, 339, 
8909, 334, 345, 335, 343, 
8938, 339, 348, 337, 345, 
8967, 341, 349, 336, 345, 
8996, 341, 348, 335, 344, 
9025, 342, 346, 336, 344, 
9055, 340, 342, 335, 343, 
9083, 340, 339, 333, 341, 
9113, 339, 337, 333, 339, 
9142, 336, 335, 332, 339, 
9171, 336, 334, 332, 339, 
9200, 337, 339, 329, 339, 
9229, 340, 346, 327, 339, 
9259, 343, 349, 324, 340, 
9287, 341, 350, 321, 339, 
9317, 339, 351, 321, 340, 
9346, 341, 352, 321, 340, 
9375, 342, 352, 321, 340, 
9404, 342, 353, 320, 342, 
9433, 344, 352, 319, 340, 
9462, 343, 351, 322, 340, 
9491, 345, 352, 323, 340, 
9521, 347, 354, 325, 341, 
9549, 344, 351, 328, 340, 
9579, 343, 351, 332, 341, 
9608, 343, 354, 334, 338, 
9637, 341, 353, 336, 335, 
9666, 339, 355, 338, 336, 
9695, 338, 353, 340, 337, 
9724, 336, 350, 342, 335, 
9753, 333, 349, 343, 336, 
9783, 330, 345, 342, 337, 
9811, 329, 342, 344, 339, 
9841, 329, 340, 343, 341, 
9870, 332, 345, 341, 339, 
9899, 334, 347, 341, 338, 
9928, 333, 348, 339, 338, 
9957, 332, 347, 339, 339, 
9987, 333, 346, 336, 338, 
10015, 332, 344, 337, 338, 
10046, 332, 342, 339, 338, 
10076, 331, 342, 340, 337, 
10106, 329, 338, 342, 337, 
10136, 331, 338, 343, 337, 
10167, 333, 340, 344, 338, 
10196, 332, 336, 343, 339, 
10226, 331, 332, 345, 341, 
10257, 332, 336, 343, 342, 
10287, 334, 336, 339, 341, 
10317, 334, 336, 337, 338, 
10347, 334, 335, 335, 339, 
10378, 333, 335, 333, 339, 
10407, 332, 332, 334, 337, 
10438, 329, 331, 332, 338, 
10468, 328, 328, 331, 337, 
10498, 330, 331, 330, 336, 
10528, 333, 337, 329, 337, 
10558, 335, 340, 329, 337, 
10589, 335, 340, 328, 336, 
10618, 336, 339, 326, 335, 
10649, 336, 340, 325, 336, 
10679, 335, 341, 327, 336, 
10710, 335, 340, 326, 337, 
10739, 333, 339, 329, 337, 
10770, 331, 336, 331, 335, 
10800, 330, 335, 334, 336, 
10829, 331, 338, 335, 336, 
10860, 331, 337, 336, 336, 
10890, 329, 329, 340, 338, 
10920, 330, 334, 339, 340, 
10950, 331, 335, 337, 338, 
10981, 330, 335, 335, 336, 
11011, 329, 335, 334, 336, 
11041, 329, 334, 334, 337, 
11071, 326, 332, 334, 336, 
11102, 325, 329, 333, 336, 
11131, 324, 328, 335, 336, 
11161, 324, 330, 333, 336, 
11192, 328, 335, 333, 336, 
11222, 331, 338, 333, 335, 
11252, 333, 341, 332, 336, 
11282, 334, 341, 333, 336, 
11313, 335, 340, 332, 336, 
11342, 336, 339, 332, 336, 
11373, 336, 340, 331, 336, 
11403, 336, 339, 331, 335, 
11433, 336, 337, 329, 335, 
11463, 334, 336, 329, 335, 
11493, 333, 335, 327, 336, 
11524, 334, 335, 324, 335, 
11553, 333, 337, 321, 335, 
11584, 328, 330, 319, 337, 
11614, 329, 335, 321, 337, 
11644, 331, 335, 321, 337, 
11674, 332, 336, 321, 336, 
11705, 331, 336, 326, 335, 
11735, 329, 335, 330, 334, 
11765, 330, 334, 336, 334, 
11795, 328, 331, 339, 335, 
11825, 327, 329, 343, 335, 
11855, 326, 329, 346, 335, 
11885, 328, 333, 343, 335, 
11916, 331, 337, 341, 335, 
11945, 334, 341, 337, 336, 
11976, 334, 340, 333, 335, 
12006, 335, 341, 330, 336, 
12037, 336, 341, 325, 336, 
12066, 336, 340, 321, 337, 
12097, 336, 340, 313, 336, 
12127, 335, 340, 304, 336, 
12156, 336, 335, 298, 332, 
12187, 334, 334, 298, 331, 
12217, 334, 335, 302, 332, 
12248, 336, 337, 307, 331, 
12277, 335, 335, 315, 331, 
12308, 333, 331, 325, 335, 
12338, 333, 334, 331, 335, 
12368, 333, 335, 336, 334, 
12398, 332, 335, 338, 334, 
12428, 331, 335, 339, 334, 
12459, 330, 333, 339, 333, 
12488, 329, 332, 338, 334, 
12519, 328, 328, 336, 332, 
12549, 327, 326, 337, 335, 
12579, 328, 330, 340, 335, 
12609, 332, 336, 347, 336, 
12640, 334, 337, 352, 335, 
12669, 336, 340, 351, 336, 
12700, 337, 338, 346, 337, 
12730, 337, 339, 340, 338, 
12760, 337, 339, 336, 339, 
12790, 337, 340, 337, 338, 
12820, 338, 340, 342, 339, 
12851, 340, 339, 344, 340, 
12880, 337, 336, 344, 338, 
12911, 336, 335, 346, 340, 
12941, 337, 337, 343, 342, 
12972, 335, 338, 344, 340, 
13001, 330, 329, 348, 344, 
13032, 333, 333, 347, 345, 
13062, 333, 335, 345, 341, 
13091, 331, 335, 344, 341, 
13122, 329, 333, 344, 340, 
13152, 328, 332, 345, 339, 
13182, 328, 332, 346, 339, 
13212, 326, 329, 347, 340, 
13243, 325, 326, 346, 340, 
13273, 325, 327, 344, 340, 
13303, 329, 332, 341, 340, 
13333, 333, 336, 337, 340, 
13364, 335, 338, 335, 340, 
13393, 336, 338, 335, 339, 
13423, 336, 338, 333, 339, 
13454, 336, 337, 333, 340, 
13484, 336, 336, 331, 340, 
13514, 336, 336, 330, 339, 
13544, 336, 335, 331, 340, 
13575, 334, 334, 334, 340, 
13604, 333, 331, 333, 340, 
13635, 333, 332, 332, 340, 
13665, 333, 333, 331, 342, 
13696, 333, 332, 331, 341, 
13725, 329, 325, 334, 345, 
13755, 332, 329, 333, 344, 
13786, 330, 329, 331, 342, 
13815, 332, 329, 331, 342, 
13846, 329, 327, 330, 342, 
13876, 329, 325, 330, 342, 
13906, 328, 324, 330, 342, 
13936, 327, 321, 332, 339, 
13967, 326, 320, 333, 337, 
13997, 330, 321, 333, 338, 
14027, 333, 326, 333, 340, 
14057, 334, 330, 332, 339, 
14087, 335, 331, 332, 339, 
14117, 334, 333, 333, 335, 
14147, 335, 333, 333, 326, 
14178, 336, 334, 334, 314, 
14208, 335, 334, 333, 303, 
14238, 335, 333, 332, 293, 
14268, 336, 333, 331, 292, 
14299, 335, 331, 330, 290, 
14328, 334, 330, 332, 291, 
14358, 335, 329, 333, 295, 
14389, 335, 331, 330, 297, 
14418, 335, 331, 328, 298, 
14449, 332, 326, 332, 301, 
14479, 335, 330, 332, 299, 
14510, 336, 331, 332, 297, 
14539, 336, 331, 333, 295, 
14570, 333, 331, 330, 294, 
14600, 334, 332, 330, 295, 
14630, 332, 331, 330, 298, 
14660, 331, 331, 333, 303, 
14690, 329, 329, 333, 307, 
14721, 330, 331, 335, 309, 
14750, 333, 337, 334, 310, 
14781, 336, 341, 333, 310, 
14811, 338, 342, 331, 309, 
14841, 337, 343, 332, 310, 
14871, 336, 343, 332, 313, 
14902, 337, 343, 333, 317, 
14931, 335, 343, 332, 324, 
14962, 336, 342, 331, 330, 
14992, 334, 340, 331, 335, 
15022, 333, 338, 333, 339, 
15052, 332, 336, 335, 345, 
15082, 333, 336, 335, 351, 
15113, 334, 337, 333, 356, 
15142, 330, 329, 337, 362, 
15173, 334, 334, 336, 366, 
15203, 332, 334, 334, 367, 
15234, 332, 333, 334, 368, 
15263, 333, 333, 334, 370, 
15294, 331, 331, 333, 371, 
15324, 331, 329, 330, 374, 
15353, 329, 327, 332, 373, 
15384, 327, 326, 332, 369, 
15414, 327, 327, 334, 364, 
15444, 330, 332, 332, 357, 
15474, 334, 336, 332, 351, 
15505, 336, 338, 333, 346, 
15535, 334, 338, 334, 343, 
15565, 334, 338, 333, 341, 
15595, 335, 338, 331, 341, 
15626, 334, 337, 330, 340, 
15655, 333, 337, 330, 340, 
15685, 333, 337, 331, 340, 
15716, 332, 336, 334, 340, 
15746, 330, 335, 337, 339, 
15776, 330, 334, 337, 340, 
15806, 333, 336, 338, 342, 
15837, 332, 336, 337, 343, 
15866, 330, 330, 341, 349, 
15897, 333, 336, 341, 352, 
15927, 333, 335, 337, 353, 
15958, 334, 336, 336, 353, 
15987, 333, 335, 333, 356, 
16017, 332, 325, 331, 356, 
16048, 332, 295, 332, 358, 
16077, 329, 299, 332, 360, 
16108, 327, 311, 333, 362, 
16138, 327, 325, 334, 363, 
16168, 331, 341, 329, 362, 
16198, 335, 351, 330, 361, 
16229, 334, 356, 331, 361, 
16259, 335, 357, 330, 361, 
16288, 334, 356, 329, 360, 
16319, 335, 354, 326, 358, 
16349, 334, 352, 325, 357, 
16379, 334, 350, 326, 356, 
16409, 334, 348, 326, 356, 
16440, 334, 344, 329, 353, 
16470, 333, 341, 326, 352, 
16500, 335, 341, 324, 351, 
16530, 336, 341, 322, 351, 
16561, 331, 333, 328, 351, 
16590, 333, 337, 329, 351, 
16620, 334, 337, 326, 348, 
16651, 334, 336, 326, 346, 
16680, 333, 334, 327, 343, 
16711, 333, 333, 329, 342, 
16741, 333, 333, 328, 341, 
16772, 330, 331, 328, 340, 
16801, 329, 328, 331, 340, 
16832, 329, 329, 332, 339, 
16862, 330, 331, 331, 337, 
16892, 334, 336, 331, 335, 
16922, 335, 338, 332, 335, 
16952, 336, 339, 331, 335, 
16983, 335, 342, 331, 336, 
17012, 334, 341, 332, 337, 
17043, 334, 341, 332, 336, 
17073, 335, 341, 332, 336, 
17103, 336, 340, 333, 335, 
17133, 333, 339, 335, 334, 
17164, 332, 337, 334, 333, 
17193, 331, 334, 331, 332, 
17224, 331, 336, 332, 332, 
17254, 332, 336, 333, 331, 
17284, 331, 330, 335, 335, 
17314, 332, 334, 335, 336, 
17344, 333, 335, 336, 334, 
17375, 333, 336, 336, 332, 
17404, 332, 334, 334, 330, 
17435, 331, 333, 333, 329, 
17465, 331, 331, 334, 328, 
17496, 331, 330, 335, 326, 
17525, 330, 327, 333, 327, 
17556, 329, 327, 332, 327, 
17586, 331, 331, 334, 326, 
17615, 334, 333, 333, 325, 
17646, 335, 335, 331, 325, 
17676, 334, 337, 333, 324, 
17707, 334, 336, 334, 323, 
17736, 333, 335, 336, 323, 
17767, 334, 336, 334, 325, 
17797, 333, 335, 335, 325, 
17827, 333, 333, 335, 325, 
17857, 333, 333, 335, 326, 
17888, 331, 332, 333, 326, 
17917, 330, 329, 334, 326, 
17947, 329, 328, 335, 328, 
17978, 329, 329, 332, 329, 
18008, 330, 329, 334, 329, 
18038, 329, 327, 335, 329, 
18068, 329, 326, 340, 333, 
18099, 330, 327, 339, 333, 
18128, 332, 328, 337, 332, 
18159, 330, 327, 337, 331, 
18189, 329, 326, 336, 330, 
18219, 328, 324, 336, 332, 
18249, 327, 323, 335, 333, 
18279, 325, 321, 336, 332, 
18310, 326, 320, 337, 331, 
18339, 329, 322, 337, 331, 
18370, 332, 326, 336, 329, 
18400, 334, 330, 336, 329, 
18430, 335, 330, 335, 328, 
18460, 335, 331, 335, 327, 
18491, 335, 331, 334, 326, 
18521, 335, 330, 335, 326, 
18550, 335, 329, 335, 325, 
18581, 335, 330, 335, 326, 
18611, 335, 329, 336, 327, 
18641, 334, 329, 336, 326, 
18671, 334, 328, 336, 327, 
18702, 334, 328, 336, 327, 
18732, 333, 327, 334, 326, 
18762, 332, 325, 336, 327, 
18792, 333, 326, 335, 326, 
18823, 334, 326, 334, 326, 
18852, 333, 326, 332, 327, 
18882, 331, 323, 337, 329, 
18913, 333, 326, 337, 330, 
18942, 331, 326, 336, 327, 
18973, 329, 325, 336, 327, 
19003, 326, 324, 336, 327, 
19034, 322, 323, 336, 326, 
19063, 319, 320, 334, 325, 
19094, 317, 320, 336, 326, 
19124, 313, 317, 336, 326, 
19154, 319, 318, 337, 326, 
19184, 326, 323, 337, 325, 
19214, 331, 324, 338, 326, 
19245, 326, 326, 337, 326, 
19274, 333, 328, 338, 328, 
19305, 336, 328, 335, 328, 
19335, 330, 328, 336, 329, 
19365, 334, 329, 337, 333, 
19395, 338, 331, 341, 336, 
19426, 339, 332, 343, 336, 
19456, 341, 331, 344, 339, 
19486, 342, 331, 347, 340, 
19516, 341, 332, 348, 341, 
19546, 344, 332, 352, 342, 
19576, 341, 330, 353, 342, 
19606, 340, 330, 355, 342, 
19637, 343, 332, 357, 342, 
19666, 344, 328, 355, 342, 
19697, 340, 314, 356, 341, 
19727, 344, 318, 353, 338, 
19758, 345, 320, 349, 335, 
19787, 346, 320, 346, 336, 
19818, 345, 321, 343, 339, 
19848, 345, 319, 339, 343, 
19877, 344, 317, 336, 346, 
19908, 343, 314, 332, 349, 
19938, 340, 310, 329, 345, 
19969, 339, 309, 328, 338, 
19998, 341, 312, 328, 340, 
20029, 343, 315, 326, 342, 
20059, 344, 316, 328, 342, 
20089, 346, 317, 331, 341, 
20119, 345, 320, 331, 341, 
20149, 345, 323, 333, 339, 
20179, 345, 323, 335, 338, 
20209, 344, 325, 337, 339, 
20240, 343, 326, 337, 342, 
20270, 342, 330, 339, 349, 
20300, 340, 332, 339, 352, 
20330, 339, 331, 340, 356, 
20361, 337, 333, 339, 361, 
20390, 337, 338, 339, 367, 
20421, 339, 341, 339, 367, 
20451, 337, 334, 338, 368, 
20481, 338, 331, 340, 372, 
20511, 339, 330, 339, 374, 
20541, 338, 328, 338, 375, 
20572, 337, 327, 336, 372, 
20601, 336, 325, 335, 368, 
20632, 335, 324, 334, 362, 
20662, 333, 320, 333, 355, 
20692, 332, 319, 330, 350, 
20722, 331, 318, 330, 344, 
20753, 333, 320, 329, 338, 
20783, 337, 325, 327, 332, 
20812, 339, 329, 326, 328, 
20843, 340, 331, 325, 323, 
20873, 341, 332, 326, 322, 
20903, 342, 333, 325, 320, 
20933, 340, 332, 326, 317, 
20964, 339, 332, 327, 316, 
20994, 339, 332, 326, 316, 
21024, 337, 331, 327, 315, 
21054, 337, 329, 328, 313, 
21085, 334, 328, 328, 315, 
21114, 333, 327, 328, 313, 
21144, 334, 329, 328, 316, 
21175, 335, 331, 328, 317, 
21204, 331, 323, 331, 319, 
21235, 334, 329, 331, 320, 
21265, 334, 329, 331, 320, 
21296, 333, 329, 331, 320, 
21325, 334, 330, 331, 320, 
21356, 333, 327, 333, 321, 
21386, 331, 326, 332, 321, 
21416, 329, 323, 333, 320, 
21446, 328, 322, 334, 321, 
21476, 328, 321, 334, 320, 
21507, 334, 327, 334, 319, 
21536, 335, 335, 333, 320, 
21567, 337, 336, 334, 319, 
21597, 338, 336, 333, 318, 
21627, 337, 337, 334, 319, 
21657, 337, 337, 333, 320, 
21688, 338, 337, 333, 320, 
21718, 336, 336, 333, 321, 
21748, 335, 335, 335, 322, 
21778, 333, 332, 336, 321, 
21808, 333, 331, 335, 323, 
21838, 333, 331, 334, 321, 
21868, 333, 332, 334, 321, 
21899, 331, 327, 336, 322, 
21928, 332, 330, 336, 323, 
21959, 333, 331, 332, 323, 
21989, 332, 330, 331, 322, 
22020, 332, 330, 330, 321, 
22049, 332, 329, 330, 320, 
22079, 331, 327, 329, 320, 
22110, 329, 327, 330, 322, 
22139, 328, 324, 330, 322, 
22170, 326, 324, 330, 324, 
22200, 328, 329, 329, 324, 
22231, 333, 333, 328, 323, 
22260, 333, 336, 324, 322, 
22291, 336, 338, 321, 322, 
22321, 335, 338, 315, 322, 
22351, 335, 338, 312, 322, 
22381, 334, 337, 311, 322, 
22411, 332, 338, 313, 324, 
22441, 331, 338, 316, 324, 
22471, 330, 335, 318, 323, 
22502, 330, 334, 318, 325, 
22532, 330, 334, 321, 329, 
22562, 331, 336, 323, 335, 
22592, 328, 330, 326, 339, 
22623, 332, 333, 323, 345, 
22652, 332, 333, 321, 346, 
22683, 333, 334, 321, 348, 
22713, 332, 334, 324, 349, 
22743, 329, 333, 325, 348, 
22773, 326, 332, 325, 348, 
22803, 327, 331, 325, 350, 
22834, 326, 329, 330, 354, 
22863, 327, 327, 330, 357, 
22894, 332, 333, 335, 359, 
22924, 334, 338, 334, 361, 
22955, 336, 343, 333, 365, 
22984, 336, 342, 327, 367, 
23015, 336, 343, 321, 370, 
23045, 336, 343, 311, 373, 
23074, 335, 343, 306, 378, 
23105, 334, 344, 303, 381, 
23135, 335, 343, 309, 377, 
23165, 331, 340, 313, 371, 
23195, 332, 343, 322, 368, 
23226, 333, 345, 325, 369, 
23256, 327, 336, 331, 373, 
23286, 331, 340, 335, 375, 
23316, 331, 341, 334, 375, 
23347, 328, 341, 338, 377, 
23376, 327, 341, 341, 378, 
23406, 325, 338, 345, 380, 
23437, 324, 336, 350, 382, 
23467, 322, 333, 357, 383, 
23497, 319, 328, 360, 384, 
23527, 319, 329, 357, 383, 
23558, 324, 336, 362, 381, 
23587, 326, 340, 359, 378, 
23618, 323, 341, 354, 374, 
23648, 325, 342, 354, 370, 
23678, 325, 341, 353, 364, 
23708, 324, 341, 349, 358, 
23738, 323, 345, 349, 356, 
23769, 321, 341, 342, 358, 
23798, 319, 339, 338, 359, 
23829, 318, 341, 334, 359, 
23859, 320, 341, 331, 354, 
23889, 319, 343, 327, 345, 
23919, 315, 337, 328, 342, 
23950, 318, 341, 321, 337, 
23980, 319, 345, 323, 328, 
24009, 320, 348, 321, 320, 
24040, 321, 347, 323, 317, 
24070, 321, 349, 326, 317, 
24100, 323, 349, 326, 318, 
24130, 321, 348, 331, 321, 
24161, 319, 349, 333, 321, 
24190, 324, 351, 341, 322, 
24221, 328, 359, 340, 323, 
24251, 331, 360, 340, 321, 
24282, 334, 365, 342, 321, 
24311, 333, 364, 340, 321, 
24341, 333, 364, 343, 320, 
24372, 331, 363, 339, 318, 
24401, 331, 360, 343, 318, 
24432, 330, 355, 342, 314, 
24462, 332, 356, 344, 314, 
24493, 332, 355, 343, 313, 
24522, 330, 352, 342, 310, 
24553, 328, 347, 347, 311, 
24583, 328, 346, 344, 308, 
24613, 328, 348, 340, 307, 
24643, 329, 347, 341, 305, 
24673, 328, 347, 342, 304, 
24704, 327, 342, 340, 302, 
24733, 325, 340, 342, 302, 
24764, 325, 338, 341, 303, 
24794, 325, 340, 337, 303, 
24824, 326, 350, 338, 303, 
24854, 329, 358, 336, 303, 
24885, 329, 364, 335, 304, 
24914, 329, 365, 335, 305, 
24945, 329, 365, 334, 308, 
24975, 330, 364, 334, 309, 
25005, 328, 362, 333, 309, 
25035, 327, 356, 334, 310, 
25065, 327, 352, 334, 312, 
25096, 327, 353, 335, 313, 
25125, 328, 350, 336, 314, 
25156, 324, 340, 339, 318, 
25186, 327, 342, 335, 319, 
25217, 329, 341, 337, 319, 
25246, 330, 340, 334, 320, 
25277, 330, 337, 335, 321, 
25307, 330, 336, 336, 321, 
25336, 330, 332, 334, 322, 
25367, 328, 329, 331, 322, 
25397, 329, 327, 334, 323, 
25427, 328, 326, 331, 323, 
25457, 334, 334, 333, 325, 
25488, 336, 336, 329, 324, 
25518, 337, 336, 333, 324, 
25548, 338, 337, 331, 325, 
25578, 338, 336, 328, 324, 
25609, 339, 336, 329, 325, 
25638, 338, 337, 331, 325, 
25668, 337, 335, 331, 326, 
25699, 336, 333, 329, 326, 
25729, 337, 337, 329, 326, 
25759, 333, 328, 325, 326, 
25789, 335, 330, 333, 330, 
25820, 336, 328, 324, 328, 
25849, 336, 330, 323, 325, 
25880, 337, 329, 321, 325, 
25910, 338, 331, 319, 325, 
25939, 337, 327, 318, 323, 
25970, 336, 323, 323, 323, 
26000, 334, 321, 323, 323, 
26031, 334, 320, 329, 325, 
26060, 337, 324, 326, 324, 
26091, 340, 330, 325, 324, 
26121, 339, 331, 327, 324, 
26151, 340, 332, 326, 324, 
26181, 339, 332, 329, 325, 
26212, 339, 331, 327, 326, 
26242, 339, 331, 328, 327, 
26271, 339, 330, 330, 328, 
26302, 335, 330, 329, 327, 
26332, 338, 329, 333, 328, 
26362, 334, 329, 335, 328, 
26392, 333, 321, 336, 331, 
26423, 332, 328, 337, 332, 
26452, 334, 328, 333, 330, 
26483, 332, 331, 334, 329, 
26513, 331, 330, 332, 328, 
26544, 329, 330, 335, 329, 
26573, 326, 329, 334, 330, 
26603, 325, 326, 335, 329, 
26634, 323, 325, 335, 330, 
26663, 325, 327, 335, 329, 
26694, 328, 333, 331, 330, 
26724, 331, 335, 334, 330, 
26755, 333, 335, 336, 329, 
26784, 333, 333, 334, 330, 
26815, 333, 334, 332, 333, 
26845, 335, 334, 335, 330, 
26875, 335, 332, 334, 332, 
26905, 336, 331, 336, 332, 
26935, 333, 329, 336, 333, 
26966, 338, 329, 340, 332, 
26995, 336, 328, 339, 332, 
27026, 333, 319, 343, 334, 
27056, 337, 323, 344, 336, 
27086, 337, 325, 342, 336, 
27116, 339, 325, 343, 335, 
27147, 338, 324, 343, 336, 
27176, 338, 324, 340, 338, 
27207, 339, 322, 345, 339, 
27237, 339, 320, 346, 342, 
27267, 338, 317, 348, 345, 
27297, 340, 317, 352, 349, 
27327, 343, 321, 349, 351, 
27358, 348, 325, 352, 354, 
27387, 351, 326, 352, 356, 
27418, 352, 325, 349, 359, 
27448, 352, 324, 353, 363, 
27479, 353, 323, 351, 365, 
27508, 353, 323, 351, 368, 
27539, 355, 322, 350, 367, 
27569, 355, 321, 349, 366, 
27598, 354, 319, 347, 362, 
27629, 354, 319, 345, 354, 
27659, 354, 319, 342, 344, 
27689, 353, 318, 342, 335, 
27719, 354, 317, 340, 331, 
27750, 353, 315, 337, 328, 
27780, 348, 306, 338, 325, 
27810, 350, 308, 336, 322, 
27840, 352, 308, 334, 314, 
27870, 352, 310, 332, 309, 
27900, 351, 308, 331, 306, 
27930, 351, 308, 332, 305, 
27961, 350, 307, 333, 303, 
27991, 349, 306, 333, 301, 
28021, 347, 304, 336, 300, 
28051, 346, 304, 337, 304, 
28082, 347, 307, 337, 309, 
28111, 349, 311, 337, 314, 
28142, 350, 313, 338, 322, 
28172, 350, 314, 339, 330, 
28201, 349, 313, 339, 336, 
28232, 348, 314, 341, 341, 
28262, 346, 313, 342, 344, 
28293, 345, 315, 343, 347, 
28322, 344, 317, 343, 349, 
28353, 343, 318, 343, 351, 
28383, 342, 319, 343, 353, 
28413, 341, 322, 341, 355, 
28443, 339, 324, 340, 355, 
28474, 340, 325, 341, 356, 
28504, 339, 325, 341, 356, 
28533, 339, 327, 339, 357, 
28564, 337, 328, 339, 354, 
28594, 338, 327, 338, 352, 
28624, 336, 328, 338, 349, 
28654, 334, 327, 338, 348, 
28685, 334, 328, 337, 349, 
28715, 335, 330, 336, 346, 
28745, 332, 327, 336, 347, 
28775, 335, 328, 339, 347, 
28806, 336, 330, 337, 345, 
28835, 336, 334, 337, 343, 
28865, 336, 334, 337, 341, 
28896, 336, 333, 336, 340, 
28925, 336, 334, 336, 338, 
28956, 335, 333, 336, 338, 
28986, 332, 330, 336, 336, 
29017, 330, 329, 336, 336, 
29046, 330, 331, 337, 335, 
29077, 334, 334, 336, 334, 
29107, 336, 339, 335, 333, 
29137, 338, 340, 334, 332, 
29167, 338, 340, 334, 331, 
29197, 338, 340, 334, 331, 
29228, 338, 339, 333, 330, 
29257, 338, 339, 334, 329, 
29288, 337, 339, 334, 329, 
29318, 337, 338, 334, 329, 
29348, 337, 337, 333, 329, 
29378, 336, 337, 334, 329, 
29409, 336, 335, 334, 329, 
29438, 336, 337, 334, 330, 
29469, 335, 336, 334, 329, 
29499, 333, 336, 333, 331, 
29529, 332, 334, 334, 329, 
29559, 331, 334, 334, 329, 
29589, 334, 336, 334, 330, 
29620, 333, 337, 333, 329, 
29649, 328, 330, 335, 330, 
29680, 332, 334, 337, 332, 
29710, 332, 336, 334, 331, 
29741, 332, 336, 334, 328, 
29770, 331, 336, 333, 329, 
29800, 330, 334, 331, 329, 
29831, 331, 333, 333, 328, 
29860, 328, 331, 335, 329, 
29891, 326, 328, 334, 328, 
29921, 326, 327, 334, 330, 
29952, 330, 331, 333, 330, 
29981, 335, 336, 331, 327, 
30012, 336, 339, 330, 326, 
30042, 337, 342, 331, 326, 
30072, 336, 342, 330, 326, 
30102, 336, 340, 331, 326, 
30132, 335, 340, 333, 327, 
30162, 334, 340, 331, 327, 
30192, 335, 339, 331, 328, 
30223, 333, 340, 331, 328, 
30253, 332, 339, 332, 327, 
30283, 332, 338, 332, 328, 
30313, 331, 338, 330, 328, 
30344, 330, 337, 331, 328, 
30373, 330, 336, 332, 329, 
30404, 329, 335, 332, 329, 
30434, 330, 336, 332, 329, 
30464, 330, 337, 330, 328, 
30494, 325, 329, 333, 332, 
30524, 329, 334, 333, 332, 
30555, 331, 336, 331, 330, 
30584, 330, 336, 331, 329, 
30615, 329, 336, 331, 329, 
30645, 329, 335, 332, 329, 
30675, 328, 334, 332, 329, 
30705, 326, 332, 333, 329, 
30736, 325, 330, 334, 330, 
30766, 323, 329, 335, 329, 
30795, 327, 334, 335, 328, 
30826, 332, 340, 333, 328, 
30856, 333, 343, 333, 328, 
30886, 334, 343, 333, 327, 
30916, 332, 343, 334, 328, 
30947, 333, 342, 333, 328, 
30977, 333, 341, 333, 328, 
31007, 332, 342, 335, 328, 
31037, 331, 342, 333, 329, 
31068, 331, 341, 333, 329, 
31097, 332, 341, 333, 330, 
31127, 330, 339, 333, 329, 
31158, 330, 339, 333, 329, 
31187, 329, 338, 335, 329, 
31218, 329, 336, 334, 330, 
31248, 328, 336, 333, 330, 
31279, 330, 338, 334, 330, 
31308, 329, 337, 332, 329, 
31339, 327, 331, 335, 333, 
31369, 330, 336, 334, 334, 
31399, 330, 336, 333, 331, 
31429, 329, 337, 333, 331, 
31459, 329, 337, 331, 331, 
31490, 328, 335, 332, 329, 
31519, 328, 334, 332, 329, 
31550, 327, 331, 332, 331, 
31580, 324, 329, 333, 330, 
31610, 324, 330, 333, 330, 
31640, 328, 335, 332, 330, 
31671, 332, 340, 331, 328, 
31700, 333, 344, 331, 329, 
31730, 335, 344, 331, 329, 
31761, 334, 343, 331, 329, 
31791, 334, 343, 331, 329, 
31821, 333, 343, 332, 329, 
31851, 333, 343, 331, 329, 
31882, 334, 342, 332, 330, 
31911, 332, 341, 331, 332, 
31942, 332, 340, 331, 331, 
31972, 332, 340, 332, 332, 
32003, 331, 339, 331, 332, 
32032, 331, 337, 332, 332, 
32062, 329, 337, 332, 331, 
32093, 330, 335, 331, 330, 
32122, 330, 337, 331, 329, 
32153, 331, 337, 329, 327, 
32183, 326, 329, 333, 330, 
32214, 329, 334, 332, 327, 
32243, 331, 336, 330, 323, 
32274, 331, 337, 329, 321, 
32304, 330, 337, 328, 319, 
32334, 331, 335, 329, 319, 
32364, 329, 333, 330, 319, 
32394, 327, 333, 331, 320, 
32424, 326, 330, 332, 320, 
32454, 326, 329, 332, 319, 
32485, 329, 335, 331, 318, 
32515, 334, 341, 331, 317, 
32545, 335, 342, 331, 316, 
32575, 335, 344, 330, 312, 
32606, 336, 344, 330, 309, 
32635, 337, 343, 331, 308, 
32666, 335, 342, 332, 307, 
32696, 336, 342, 332, 308, 
32726, 334, 341, 332, 309, 
32756, 334, 340, 332, 308, 
32786, 334, 340, 333, 307, 
32817, 333, 339, 333, 307, 
32846, 333, 338, 333, 307, 
32877, 332, 336, 334, 310, 
32907, 330, 334, 333, 313, 
32937, 331, 335, 333, 316, 
32967, 333, 337, 333, 320, 
32998, 331, 335, 331, 321, 
33028, 331, 333, 335, 324, 
33057, 332, 334, 334, 324, 
33088, 332, 335, 333, 326, 
33118, 332, 335, 332, 326, 
33148, 332, 333, 332, 326, 
33178, 331, 332, 332, 325, 
33209, 330, 331, 332, 324, 
33239, 328, 328, 335, 324, 
33269, 326, 326, 334, 323, 
33299, 327, 329, 333, 324, 
33330, 331, 335, 332, 325, 
33359, 334, 339, 331, 327, 
33389, 335, 342, 331, 330, 
33420, 335, 342, 331, 334, 
33449, 333, 341, 331, 338, 
33480, 332, 340, 330, 340, 
33510, 332, 340, 330, 343, 
33541, 330, 338, 329, 345, 
33570, 328, 337, 328, 349, 
33601, 326, 337, 331, 351, 
33631, 325, 337, 331, 354, 
33660, 324, 338, 332, 356, 
33691, 324, 339, 332, 358, 
33721, 323, 338, 333, 362, 
33752, 321, 337, 333, 366, 
33781, 321, 338, 332, 371, 
33812, 323, 340, 333, 375, 
33842, 323, 338, 333, 376, 
33872, 322, 334, 337, 380, 
33902, 322, 335, 335, 378, 
33933, 324, 338, 333, 374, 
33963, 325, 338, 332, 370, 
33992, 322, 338, 331, 365, 
34023, 324, 337, 331, 362, 
34053, 322, 336, 332, 359, 
34083, 322, 332, 332, 355, 
34113, 321, 333, 335, 354, 
34144, 322, 331, 334, 354, 
34173, 326, 336, 333, 353, 
34204, 332, 341, 333, 355, 
34234, 335, 342, 333, 359, 
34265, 333, 341, 333, 362, 
34294, 334, 341, 333, 366, 
34324, 335, 339, 332, 369, 
34355, 336, 338, 333, 372, 
34384, 336, 337, 334, 374, 
34415, 337, 335, 333, 375, 
34445, 337, 333, 333, 375, 
34476, 338, 332, 333, 376, 
34505, 342, 329, 333, 377, 
34536, 342, 326, 333, 376, 
34566, 344, 325, 334, 374, 
34596, 344, 324, 333, 374, 
34626, 347, 326, 333, 370, 
34656, 348, 328, 333, 366, 
34686, 342, 319, 334, 367, 
34716, 345, 325, 336, 362, 
34747, 345, 325, 334, 356, 
34777, 344, 324, 333, 352, 
34807, 343, 321, 333, 348, 
34837, 341, 320, 332, 344, 
34868, 339, 321, 333, 343, 
34897, 336, 321, 334, 339, 
34928, 334, 319, 336, 334, 
34958, 332, 323, 335, 333, 
34988, 335, 330, 334, 330, 
35018, 338, 336, 335, 326, 
35048, 340, 341, 334, 323, 
35079, 340, 343, 333, 321, 
35108, 341, 343, 334, 321, 
35139, 340, 343, 335, 318, 
35169, 340, 343, 335, 317, 
35200, 338, 342, 335, 316, 
35229, 338, 342, 336, 315, 
35260, 336, 342, 335, 314, 
35290, 337, 342, 336, 314, 
35319, 335, 339, 336, 313, 
35350, 335, 335, 336, 312, 
35380, 334, 335, 336, 312, 
35410, 333, 334, 336, 313, 
35440, 331, 333, 336, 314, 
35471, 333, 335, 336, 315, 
35501, 335, 337, 336, 316, 
35531, 333, 336, 334, 317, 
35561, 331, 329, 337, 321, 
35591, 333, 333, 334, 324, 
35621, 334, 334, 332, 319, 
35651, 335, 334, 332, 318, 
35682, 333, 332, 329, 317, 
35712, 332, 331, 329, 315, 
35742, 330, 327, 331, 313, 
35772, 325, 325, 331, 312, 
35803, 321, 320, 332, 311, 
35832, 320, 321, 333, 309, 
35863, 319, 328, 331, 306, 
35893, 320, 335, 330, 306, 
35922, 322, 339, 330, 306, 
35953, 322, 341, 329, 305, 
35983, 322, 341, 328, 304, 
36014, 324, 344, 328, 303, 
36043, 323, 346, 328, 299, 
36074, 322, 347, 328, 296, 
36104, 321, 346, 327, 296, 
36134, 320, 346, 325, 292, 
36164, 320, 347, 323, 285, 
36195, 319, 351, 321, 266, 
36225, 319, 353, 320, 227, 
36254, 318, 357, 317, 188, 
36285, 318, 357, 314, 153, 
36315, 317, 359, 310, 128, 
36345, 318, 362, 308, 121, 
36375, 321, 368, 308, 134, 
36406, 316, 362, 308, 159, 
36435, 320, 367, 311, 196, 
36466, 321, 368, 312, 230, 
36496, 319, 371, 315, 260, 
36527, 316, 371, 320, 285, 
36556, 314, 373, 323, 303, 
36586, 311, 370, 324, 313, 
36617, 308, 368, 327, 317, 
36646, 304, 365, 330, 321, 
36677, 303, 363, 332, 330, 
36707, 301, 365, 332, 339, 
36738, 305, 373, 330, 346, 
36767, 307, 376, 332, 352, 
36798, 309, 378, 333, 352, 
36828, 308, 378, 332, 352, 
36858, 308, 376, 334, 348, 
36888, 308, 374, 337, 346, 
36918, 308, 372, 338, 344, 
36948, 308, 369, 337, 342, 
36978, 308, 365, 338, 337, 
37009, 310, 363, 340, 332, 
37039, 311, 359, 341, 327, 
37069, 312, 354, 341, 322, 
37099, 312, 352, 341, 323, 
37130, 312, 346, 339, 327, 
37159, 313, 342, 338, 336, 
37190, 316, 343, 336, 338, 
37220, 319, 344, 337, 330, 
37250, 321, 339, 338, 326, 
37280, 324, 336, 344, 326, 
37310, 325, 336, 342, 329, 
37341, 328, 334, 341, 331, 
37370, 330, 334, 340, 333, 
37401, 332, 332, 338, 333, 
37431, 333, 329, 337, 331, 
37462, 334, 327, 336, 326, 
37491, 334, 323, 334, 324, 
37521, 335, 321, 334, 327, 
37552, 339, 322, 332, 338, 
37581, 344, 326, 329, 352, 
37612, 349, 330, 328, 366, 
37642, 352, 331, 328, 379, 
37672, 353, 328, 328, 388, 
37702, 355, 326, 331, 392, 
37733, 355, 324, 334, 396, 
37763, 356, 324, 335, 396, 
37793, 354, 322, 335, 394, 
37823, 355, 322, 336, 393, 
37853, 355, 319, 338, 392, 
37883, 353, 319, 338, 391, 
37913, 352, 319, 338, 390, 
37944, 353, 318, 340, 389, 
37974, 351, 317, 339, 388, 
38004, 348, 317, 340, 389, 
38034, 348, 317, 340, 389, 
38065, 348, 318, 340, 389, 
38094, 348, 318, 340, 390, 
38125, 343, 310, 344, 388, 
38155, 346, 316, 343, 386, 
38184, 345, 316, 340, 383, 
38215, 346, 317, 340, 383, 
38245, 344, 318, 337, 383, 
38276, 344, 318, 337, 383, 
38305, 343, 317, 335, 380, 
38336, 339, 315, 333, 379, 
38366, 339, 314, 332, 376, 
38396, 338, 314, 332, 374, 
38426, 342, 319, 332, 371, 
38457, 346, 324, 330, 368, 
38487, 347, 328, 332, 364, 
38516, 347, 330, 334, 360, 
38547, 348, 328, 335, 357, 
38577, 347, 329, 337, 353, 
38607, 348, 328, 340, 351, 
38637, 347, 328, 340, 351, 
38668, 345, 328, 340, 353, 
38697, 345, 328, 341, 353, 
38728, 343, 327, 341, 351, 
38758, 342, 328, 342, 346, 
38789, 341, 328, 340, 342, 
38818, 342, 326, 339, 341, 
38848, 340, 326, 338, 341, 
38879, 339, 325, 338, 343, 
38908, 340, 326, 337, 346, 
38939, 340, 327, 336, 347, 
38969, 335, 320, 340, 349, 
39000, 339, 323, 340, 352, 
39029, 338, 325, 338, 357, 
39060, 339, 326, 337, 357, 
39090, 336, 326, 336, 357, 
39120, 336, 326, 336, 358, 
39150, 333, 325, 336, 357, 
39180, 332, 322, 336, 359, 
39211, 332, 320, 338, 360, 
39240, 330, 322, 339, 363, 
39271, 334, 325, 336, 363, 
39301, 338, 331, 335, 361, 
39331, 338, 334, 335, 361, 
39361, 339, 333, 335, 358, 
39392, 338, 335, 335, 356, 
39421, 339, 334, 335, 352, 
39451, 338, 334, 335, 350, 
39482, 339, 333, 335, 349, 
39512, 338, 333, 336, 351, 
39542, 338, 332, 336, 352, 
39572, 337, 334, 336, 351, 
39603, 338, 333, 337, 353, 
39632, 335, 332, 335, 355, 
39663, 336, 331, 335, 356, 
39693, 334, 330, 335, 357, 
39724, 333, 331, 335, 355, 
39753, 334, 332, 335, 353, 
39783, 332, 329, 336, 352, 
39814, 330, 327, 339, 350, 
39843, 332, 328, 338, 348, 
39874, 333, 329, 337, 347, 
39904, 329, 329, 337, 346, 
39934, 332, 329, 336, 345, 
39964, 329, 328, 336, 344, 
39995, 326, 324, 336, 341, 
40025, 327, 322, 338, 337, 
40055, 327, 321, 340, 337, 
40085, 329, 321, 343, 336, 
40115, 335, 324, 345, 335, 
40145, 338, 328, 346, 324, 
40175, 340, 329, 348, 304, 
40206, 340, 327, 348, 278, 
40236, 344, 323, 346, 246, 
40266, 345, 317, 343, 208, 
40296, 345, 311, 340, 156, 
40327, 343, 303, 335, 86, 
40355, 345, 299, 331, 1, 
40383, 345, 296, 326, 1, 
40412, 344, 294, 322, 0, 
40439, 345, 294, 320, 0, 
40468, 345, 295, 320, 0, 
40496, 343, 296, 318, 1, 
40524, 343, 297, 319, 0, 
40552, 344, 299, 319, 1, 
40580, 347, 304, 321, 0, 
40608, 347, 308, 321, 0, 
40636, 342, 301, 325, 1, 
40665, 345, 307, 326, 2, 
40692, 345, 311, 328, 0, 
40721, 346, 314, 330, 0, 
40749, 345, 318, 332, 2, 
40776, 344, 322, 335, 42, 
40806, 345, 324, 336, 116, 
40836, 343, 328, 338, 209, 
40866, 343, 327, 341, 318, 
40896, 340, 325, 344, 425, 
40927, 343, 329, 344, 517, 
40956, 344, 336, 342, 597, 
40987, 349, 338, 342, 665, 
41017, 349, 338, 342, 722, 
41047, 350, 332, 343, 767, 
41077, 348, 327, 342, 803, 
41107, 348, 326, 342, 826, 
41138, 347, 329, 342, 837, 
41167, 346, 330, 341, 837, 
41198, 345, 333, 340, 831, 
41228, 344, 333, 339, 823, 
41259, 343, 331, 339, 815, 
41288, 342, 332, 338, 806, 
41319, 341, 330, 338, 800, 
41349, 339, 327, 337, 793, 
41378, 340, 328, 336, 787, 
41409, 341, 330, 335, 781, 
41439, 336, 322, 335, 775, 
41469, 339, 325, 336, 768, 
41499, 339, 327, 335, 753, 
41530, 339, 328, 333, 736, 
41560, 339, 328, 332, 720, 
41590, 339, 327, 331, 703, 
41620, 337, 325, 332, 687, 
41651, 336, 324, 332, 670, 
41680, 334, 320, 332, 653, 
41710, 332, 320, 333, 638, 
41741, 334, 324, 333, 623, 
41771, 340, 329, 332, 608, 
41801, 341, 333, 332, 594, 
41831, 342, 335, 332, 578, 
41862, 341, 334, 332, 564, 
41891, 341, 335, 333, 550, 
41922, 340, 335, 333, 540, 
41952, 340, 335, 334, 531, 
41982, 339, 334, 333, 530, 
42012, 338, 333, 333, 537, 
42042, 337, 333, 332, 554, 
42073, 337, 332, 332, 578, 
42102, 336, 333, 333, 598, 
42133, 335, 330, 330, 607, 
42163, 334, 330, 331, 607, 
42193, 332, 329, 330, 616, 
42223, 334, 332, 330, 650, 
42254, 335, 333, 329, 717, 
42284, 331, 328, 331, 763, 
42313, 335, 329, 333, 724, 
42344, 335, 330, 330, 632, 
42374, 335, 332, 328, 535, 
42404, 334, 333, 329, 454, 
42434, 333, 331, 331, 394, 
42465, 330, 331, 333, 353, 
42494, 329, 327, 336, 324, 
42525, 327, 325, 340, 301, 
42555, 326, 323, 341, 300, 
42586, 327, 327, 341, 316, 
42615, 330, 333, 338, 328, 
42645, 333, 337, 338, 350, 
42676, 334, 340, 338, 391, 
42705, 334, 341, 337, 424, 
42736, 336, 341, 336, 449, 
42766, 335, 341, 335, 446, 
42797, 336, 341, 334, 412, 
42826, 336, 342, 334, 370, 
42857, 336, 342, 333, 324, 
42887, 335, 342, 333, 263, 
42917, 334, 341, 332, 217, 
42947, 332, 339, 331, 182, 
42977, 330, 336, 330, 165, 
43008, 330, 335, 327, 162, 
43037, 333, 336, 324, 170, 
43068, 332, 335, 322, 186, 
43098, 327, 325, 324, 204, 
43128, 329, 331, 321, 228, 
43158, 328, 332, 320, 246, 
43189, 328, 333, 319, 256, 
43218, 328, 333, 322, 264, 
43249, 327, 332, 322, 256, 
43279, 326, 331, 325, 256, 
43309, 323, 328, 328, 269, 
43339, 322, 327, 331, 286, 
43369, 325, 328, 334, 304, 
43400, 326, 334, 333, 323, 
43429, 329, 340, 334, 339, 
43460, 331, 341, 335, 356, 
43490, 331, 342, 336, 373, 
43521, 331, 342, 337, 387, 
43550, 331, 341, 338, 391, 
43581, 331, 341, 337, 360, 
43611, 331, 340, 337, 315, 
43640, 332, 340, 337, 283, 
43671, 329, 339, 336, 234, 
43701, 328, 337, 336, 168, 
43731, 328, 336, 337, 92, 
43760, 329, 338, 335, 34, 
43790, 330, 339, 334, 31, 
43819, 325, 328, 338, 81, 
43848, 329, 335, 337, 163, 
43878, 329, 337, 335, 656, 
43908, 330, 337, 334, 1016, 
43939, 329, 337, 333, 1016, 
43970, 328, 335, 334, 1017, 
44002, 327, 334, 333, 1016, 
44033, 325, 331, 334, 1016, 
44064, 323, 328, 334, 1016, 
44095, 324, 330, 334, 954, 
44126, 328, 335, 334, 814, 
44155, 332, 340, 333, 651, 
44186, 334, 343, 332, 491, 
44216, 333, 343, 333, 340, 
44247, 333, 342, 333, 205, 
44276, 333, 343, 333, 94, 
44305, 333, 342, 333, 9, 
44334, 332, 342, 332, 1, 
44361, 331, 340, 333, 0, 
44390, 331, 340, 333, 0, 
44418, 330, 339, 333, 0, 
44446, 329, 336, 333, 0, 
44474, 326, 337, 333, 1, 
44502, 329, 337, 333, 0, 
44530, 330, 338, 332, 0, 
44558, 326, 335, 333, 2, 
44587, 327, 332, 335, 1, 
44614, 329, 336, 334, 0, 
44642, 330, 338, 332, 0, 
44670, 331, 339, 332, 1, 
44698, 330, 339, 331, 0, 
44727, 327, 339, 330, 1, 
44754, 326, 338, 332, 0, 
44783, 326, 336, 331, 1, 
44811, 324, 333, 332, 0, 
44838, 323, 331, 332, 0, 
44867, 327, 335, 332, 0, 
44895, 330, 340, 330, 0, 
44923, 332, 342, 330, 1, 
44951, 332, 342, 331, 3, 
44980, 332, 342, 331, 9, 
45007, 333, 341, 331, 17, 
45036, 332, 340, 332, 25, 
45066, 332, 340, 333, 34, 
45094, 333, 338, 333, 43, 
45124, 332, 338, 334, 52, 
45153, 332, 337, 334, 62, 
45182, 331, 337, 334, 71, 
45211, 329, 336, 334, 77, 
45240, 329, 336, 335, 87, 
45270, 331, 340, 335, 96, 
45298, 332, 339, 333, 103, 
45329, 326, 330, 336, 115, 
45359, 329, 334, 336, 124, 
45389, 331, 336, 334, 131, 
45419, 330, 337, 334, 138, 
45450, 329, 336, 333, 142, 
45479, 328, 335, 332, 148, 
45510, 328, 333, 333, 156, 
45540, 326, 331, 335, 167, 
45570, 325, 328, 335, 176, 
45600, 325, 327, 334, 181, 
45630, 328, 333, 333, 184, 
45661, 332, 338, 334, 190, 
45690, 334, 341, 334, 200, 
45721, 335, 339, 333, 210, 
45751, 335, 339, 333, 222, 
45782, 335, 340, 333, 234, 
45811, 336, 339, 333, 244, 
45841, 334, 338, 333, 250, 
45872, 333, 339, 334, 254, 
45901, 334, 339, 332, 257, 
45932, 333, 337, 332, 260, 
45962, 334, 336, 333, 262, 
45992, 331, 334, 334, 263, 
46022, 331, 333, 332, 264, 
46053, 331, 336, 333, 264, 
46083, 332, 337, 331, 262, 
46113, 326, 328, 336, 262, 
46143, 331, 333, 335, 262, 
46173, 332, 335, 333, 262, 
46203, 331, 336, 333, 260, 
46233, 332, 336, 332, 260, 
46264, 331, 334, 332, 259, 
46294, 329, 333, 333, 260, 
46324, 328, 331, 332, 261, 
46354, 326, 329, 333, 261, 
46385, 326, 327, 333, 261, 
46414, 329, 332, 331, 261, 
46445, 333, 338, 331, 261, 
46475, 336, 342, 331, 264, 
46504, 335, 342, 330, 263, 
46535, 337, 342, 331, 264, 
46565, 335, 340, 331, 266, 
46596, 335, 339, 333, 268, 
46625, 335, 339, 331, 273, 
46656, 334, 339, 332, 274, 
46686, 332, 339, 333, 276, 
46716, 334, 338, 333, 277, 
46746, 332, 339, 334, 278, 
46777, 331, 337, 333, 279, 
46807, 331, 337, 333, 281, 
46836, 331, 339, 334, 284, 
46867, 331, 340, 332, 286, 
46897, 332, 340, 331, 288, 
46927, 327, 333, 334, 292, 
46957, 331, 338, 334, 295, 
46988, 332, 339, 332, 295, 
47017, 332, 337, 331, 294, 
47048, 331, 335, 332, 293, 
47078, 331, 334, 333, 295, 
47109, 330, 332, 334, 297, 
47138, 329, 327, 335, 299, 
47168, 327, 325, 337, 300, 
47199, 327, 325, 337, 300, 
47228, 331, 330, 336, 299, 
47259, 335, 334, 335, 299, 
47289, 338, 338, 334, 301, 
47320, 336, 337, 334, 303, 
47349, 336, 336, 333, 304, 
47380, 336, 336, 334, 305, 
47410, 336, 336, 333, 308, 
47440, 336, 337, 333, 310, 
47470, 335, 336, 333, 309, 
47500, 334, 336, 332, 312, 
47531, 334, 335, 333, 316, 
47560, 334, 335, 334, 316, 
47591, 332, 333, 334, 318, 
47621, 331, 332, 334, 318, 
47651, 332, 332, 334, 319, 
47681, 333, 334, 332, 321, 
47712, 328, 326, 334, 325, 
47741, 331, 329, 335, 331, 
47771, 332, 333, 333, 332, 
47802, 333, 333, 331, 331, 
47832, 332, 333, 330, 330, 
47862, 332, 333, 329, 330, 
47892, 331, 331, 329, 328, 
47923, 331, 330, 329, 325, 
47952, 327, 328, 330, 326, 
47983, 326, 325, 331, 326, 
48013, 329, 328, 331, 325, 
48044, 333, 336, 331, 323, 
48073, 335, 338, 331, 321, 
48103, 335, 340, 331, 320, 
48134, 335, 338, 331, 321, 
48163, 336, 338, 331, 320, 
48194, 335, 338, 332, 320, 
48224, 336, 338, 333, 317, 
48254, 334, 338, 334, 315, 
48284, 336, 337, 335, 314, 
48315, 334, 336, 336, 316, 
48345, 333, 335, 336, 319, 
48375, 332, 334, 336, 324, 
48405, 331, 335, 335, 326, 
48435, 333, 336, 335, 329, 
48465, 332, 336, 336, 327, 
48495, 329, 329, 339, 331, 
48526, 332, 334, 337, 331, 
48556, 332, 333, 335, 330, 
48586, 333, 334, 334, 328, 
48616, 333, 334, 335, 327, 
48647, 332, 333, 334, 326, 
48676, 331, 330, 335, 326, 
48707, 329, 328, 336, 326, 
48737, 326, 325, 337, 327, 
48766, 328, 327, 336, 327, 
48797, 332, 334, 334, 326, 
48827, 336, 338, 333, 326, 
48858, 337, 340, 333, 327, 
48887, 338, 340, 333, 327, 
48918, 337, 339, 333, 327, 
48948, 336, 339, 332, 329, 
48978, 336, 338, 332, 328, 
49008, 336, 338, 334, 329, 
49039, 336, 338, 332, 329, 
49069, 335, 337, 331, 329, 
49098, 334, 336, 332, 330, 
49129, 333, 334, 332, 330, 
49159, 332, 333, 332, 330, 
49189, 331, 335, 332, 331, 
49219, 333, 335, 332, 330, 
49250, 333, 335, 330, 329, 
49280, 328, 327, 334, 333, 
49310, 331, 332, 333, 335, 
49340, 332, 334, 333, 332, 
49371, 332, 334, 331, 332, 
49400, 332, 333, 331, 330, 
49430, 332, 332, 331, 329, 
49461, 331, 331, 331, 331, 
49490, 329, 329, 332, 332, 
49521, 328, 326, 334, 332, 
49551, 329, 327, 335, 332, 
49582, 332, 332, 335, 332, 
49611, 336, 337, 334, 331, 
49642, 337, 340, 335, 331, 
49672, 337, 340, 336, 333, 
49701, 337, 340, 336, 332, 
49732, 337, 339, 336, 332, 
49762, 337, 338, 336, 332, 
49793, 337, 338, 335, 334, 
49822, 336, 337, 336, 334, 
49853, 336, 337, 335, 333, 
49883, 335, 335, 334, 334, 
49913, 333, 333, 335, 333, 
49943, 332, 334, 335, 334, 
49974, 334, 335, 334, 335, 
50003, 335, 335, 334, 334, 
50033, 327, 325, 336, 335, 
50064, 332, 332, 336, 337, 
50094, 333, 334, 334, 336, 
50124, 333, 334, 333, 335, 
50154, 333, 333, 333, 333, 
50185, 333, 333, 333, 333, 
50214, 331, 331, 332, 333, 
50245, 329, 329, 332, 334, 
50275, 328, 326, 333, 334, 
50306, 327, 325, 333, 334, 
50335, 331, 330, 331, 333, 
50365, 335, 336, 330, 333, 
50396, 336, 339, 330, 335, 
50425, 335, 339, 330, 334, 
50456, 336, 338, 330, 333, 
50486, 336, 338, 331, 335, 
50516, 336, 338, 332, 334, 
50546, 335, 338, 333, 335, 
50577, 335, 337, 332, 335, 
50607, 334, 336, 332, 336, 
50637, 334, 337, 334, 336, 
50667, 333, 335, 334, 335, 
50697, 331, 333, 336, 334, 
50727, 332, 334, 336, 336, 
50757, 333, 334, 336, 335, 
50788, 333, 336, 335, 335, 
50818, 328, 326, 341, 338, 
50848, 332, 330, 339, 338, 
50878, 333, 334, 336, 337, 
50909, 335, 335, 336, 336, 
50938, 333, 333, 335, 335, 
50969, 334, 333, 335, 335, 
50999, 332, 330, 334, 336, 
51028, 331, 328, 335, 336, 
51059, 329, 326, 336, 336, 
51089, 331, 326, 335, 336, 
51120, 333, 331, 334, 334, 
51149, 336, 337, 333, 334, 
51180, 338, 339, 332, 335, 
51210, 338, 340, 332, 334, 
51240, 338, 338, 332, 334, 
51270, 337, 338, 332, 335, 
51301, 336, 339, 332, 335, 
51331, 336, 338, 333, 335, 
51360, 335, 337, 331, 336, 
51391, 335, 336, 332, 334, 
51421, 335, 336, 332, 334, 
51451, 333, 334, 332, 333, 
51481, 332, 331, 332, 334, 
51512, 333, 334, 332, 335, 
51542, 334, 334, 332, 334, 
51572, 332, 333, 332, 335, 
51602, 331, 328, 336, 338, 
51632, 332, 331, 334, 337, 
51662, 332, 333, 333, 335, 
51692, 333, 333, 333, 334, 
51723, 332, 333, 333, 334, 
51752, 331, 332, 332, 334, 
51783, 330, 330, 333, 334, 
51813, 327, 327, 334, 334, 
51844, 326, 325, 334, 335, 
51873, 328, 328, 335, 334, 
51904, 334, 331, 335, 334, 
51934, 335, 335, 334, 333, 
51963, 337, 338, 335, 334, 
51994, 338, 339, 335, 333, 
52024, 337, 339, 336, 334, 
52055, 336, 335, 336, 333, 
52084, 335, 335, 335, 333, 
52115, 335, 337, 335, 334, 
52145, 335, 337, 335, 334, 
52175, 335, 339, 335, 335, 
52205, 334, 337, 334, 334, 
52236, 333, 335, 334, 334, 
52265, 332, 333, 334, 335, 
52295, 333, 335, 333, 335, 
52326, 335, 338, 334, 335, 
52356, 327, 327, 336, 337, 
52386, 332, 331, 337, 338, 
52416, 333, 334, 334, 337, 
52447, 333, 333, 333, 334, 
52476, 333, 334, 334, 334, 
52507, 331, 333, 333, 333, 
52537, 331, 328, 333, 333, 
52568, 329, 325, 333, 333, 
52597, 327, 323, 335, 335, 
52627, 328, 325, 335, 334, 
52658, 331, 331, 334, 334, 
52687, 335, 337, 333, 332, 
52718, 337, 340, 332, 333, 
52748, 338, 341, 332, 334, 
52779, 338, 342, 332, 334, 
52808, 336, 339, 331, 334, 
52839, 337, 338, 332, 334, 
52869, 336, 335, 331, 334, 
52899, 336, 334, 332, 334, 
52929, 335, 336, 333, 335, 
52959, 335, 337, 333, 335, 
52989, 335, 336, 334, 334, 
53019, 333, 336, 334, 335, 
53050, 334, 336, 334, 336, 
53080, 332, 332, 335, 335, 
53110, 331, 329, 334, 337, 
53140, 333, 332, 333, 337, 
53171, 334, 336, 332, 336, 
53200, 327, 329, 335, 340, 
53231, 332, 335, 336, 340, 
53261, 333, 340, 335, 338, 
53291, 334, 340, 336, 336, 
53321, 333, 340, 335, 336, 
53351, 331, 339, 335, 335, 
53382, 331, 337, 336, 334, 
53411, 330, 334, 337, 335, 
53442, 328, 332, 338, 336, 
53472, 327, 330, 340, 336, 
53502, 331, 332, 339, 336, 
53532, 335, 337, 336, 335, 
53562, 337, 339, 335, 334, 
53593, 338, 341, 334, 336, 
53622, 336, 336, 334, 335, 
53653, 336, 336, 336, 334, 
53683, 335, 339, 335, 334, 
53713, 333, 340, 336, 336, 
53743, 333, 342, 336, 336, 
53774, 334, 343, 336, 335, 
53804, 333, 343, 336, 335, 
53834, 333, 342, 337, 335, 
53864, 332, 341, 337, 335, 
53894, 331, 339, 337, 334, 
53924, 331, 338, 338, 335, 
53954, 332, 340, 337, 335, 
53985, 333, 337, 336, 334, 
54014, 327, 329, 338, 338, 
54045, 331, 336, 338, 339, 
54075, 332, 337, 338, 337, 
54106, 333, 336, 337, 335, 
54135, 332, 337, 338, 335, 
54166, 331, 337, 340, 335, 
54196, 330, 337, 341, 335, 
54225, 327, 337, 344, 336, 
54256, 325, 332, 344, 336, 
54286, 325, 326, 345, 334, 
54317, 328, 335, 344, 336, 
54346, 333, 341, 344, 334, 
54377, 335, 345, 343, 334, 
54407, 335, 346, 343, 338, 
54437, 334, 340, 342, 336, 
54467, 334, 341, 342, 337, 
54498, 333, 340, 343, 336, 
54528, 334, 340, 343, 339, 
54557, 334, 339, 342, 339, 
54588, 333, 336, 343, 337, 
54618, 334, 340, 344, 341, 
54648, 333, 339, 343, 340, 
54678, 333, 338, 343, 342, 
54709, 332, 339, 342, 341, 
54738, 330, 335, 341, 343, 
54769, 333, 334, 339, 342, 
54799, 334, 337, 337, 346, 
54830, 327, 331, 337, 349, 
54859, 331, 331, 337, 350, 
54889, 333, 335, 334, 349, 
54920, 334, 338, 331, 350, 
54949, 334, 338, 329, 352, 
54980, 333, 338, 327, 355, 
55010, 332, 337, 326, 356, 
55041, 330, 333, 323, 355, 
55070, 330, 332, 323, 353, 
55101, 329, 329, 322, 348, 
55131, 330, 333, 323, 346, 
55161, 336, 340, 322, 344, 
55191, 337, 343, 321, 344, 
55221, 338, 344, 321, 343, 
55251, 336, 341, 323, 342, 
55281, 336, 345, 323, 347, 
55312, 334, 342, 323, 346, 
55342, 335, 342, 325, 350, 
55372, 333, 342, 326, 349, 
55402, 333, 340, 325, 351, 
55433, 333, 338, 326, 351, 
55462, 332, 336, 325, 353, 
55492, 330, 335, 325, 357, 
55523, 330, 334, 325, 349, 
55553, 331, 336, 325, 344, 
55583, 329, 333, 323, 337, 
55613, 327, 327, 326, 345, 
55644, 330, 331, 326, 344, 
55673, 330, 332, 324, 336, 
55704, 329, 332, 324, 326, 
55734, 328, 333, 326, 322, 
55764, 328, 332, 326, 320, 
55794, 326, 329, 326, 325, 
55824, 324, 326, 327, 323, 
55855, 322, 324, 328, 317, 
55884, 325, 326, 329, 313, 
55915, 329, 331, 327, 308, 
55945, 333, 337, 328, 307, 
55975, 334, 339, 329, 306, 
56005, 336, 339, 328, 310, 
56036, 336, 338, 329, 313, 
56066, 336, 337, 329, 318, 
56096, 336, 338, 331, 325, 
56126, 336, 337, 333, 330, 
56156, 334, 335, 333, 333, 
56186, 334, 334, 332, 334, 
56216, 332, 333, 334, 334, 
56247, 331, 332, 335, 334, 
56276, 334, 335, 333, 336, 
56307, 337, 335, 334, 333, 
56337, 333, 329, 336, 335, 
56368, 336, 329, 335, 335, 
56397, 338, 331, 333, 334, 
56428, 340, 331, 330, 329, 
56458, 342, 331, 331, 331, 
56487, 340, 330, 330, 328, 
56518, 342, 327, 329, 328, 
56548, 338, 325, 329, 327, 
56579, 338, 323, 330, 331, 
56608, 339, 322, 329, 331, 
56639, 343, 327, 331, 333, 
56669, 346, 332, 330, 331, 
56699, 349, 336, 330, 334, 
56729, 351, 337, 331, 333, 
56760, 350, 336, 330, 332, 
56790, 349, 335, 332, 333, 
56819, 349, 334, 332, 333, 
56850, 347, 334, 331, 333, 
56880, 346, 331, 332, 329, 
56910, 346, 332, 334, 333, 
56940, 345, 330, 334, 330, 
56971, 344, 328, 335, 330, 
57000, 342, 329, 335, 331, 
57031, 343, 329, 335, 332, 
57061, 340, 325, 335, 332, 
57092, 338, 326, 338, 336, 
57121, 339, 327, 337, 334, 
57151, 340, 328, 335, 334, 
57182, 339, 328, 336, 331, 
57211, 339, 330, 335, 332, 
57242, 338, 327, 336, 331, 
57272, 336, 326, 336, 331, 
57303, 332, 323, 336, 330, 
57332, 331, 320, 335, 333, 
57363, 333, 325, 336, 332, 
57393, 338, 331, 335, 331, 
57422, 341, 335, 335, 333, 
57453, 339, 334, 334, 330, 
57483, 339, 335, 336, 332, 
57513, 337, 333, 337, 330, 
57543, 336, 335, 337, 334, 
57574, 336, 333, 336, 332, 
57604, 334, 334, 336, 333, 
57634, 333, 332, 336, 332, 
57664, 334, 332, 336, 333, 
57695, 332, 330, 337, 331, 
57724, 330, 330, 337, 331, 
57754, 330, 329, 335, 331, 
57785, 330, 329, 335, 329, 
57815, 332, 331, 333, 330, 
57845, 325, 322, 336, 332, 
57875, 329, 327, 336, 335, 
57906, 330, 329, 334, 333, 
57935, 330, 328, 332, 331, 
57966, 329, 330, 333, 333, 
57996, 328, 328, 332, 332, 
58027, 328, 327, 332, 333, 
58056, 329, 325, 331, 332, 
58086, 326, 322, 332, 333, 
58117, 326, 321, 334, 332, 
58146, 330, 328, 331, 332, 
58177, 333, 332, 331, 330, 
58207, 336, 337, 332, 332, 
58237, 335, 336, 332, 331, 
58267, 334, 336, 331, 332, 
58298, 335, 335, 331, 332, 
58328, 334, 335, 331, 333, 
58358, 333, 335, 332, 335, 
58388, 332, 335, 332, 335, 
58418, 333, 335, 332, 338, 
58448, 330, 332, 332, 333, 
58478, 330, 333, 333, 336, 
58509, 329, 330, 333, 333, 
58539, 328, 331, 333, 336, 
58569, 329, 332, 333, 336, 
58599, 331, 333, 333, 336, 
58630, 325, 325, 334, 335, 
58659, 328, 329, 336, 337, 
58690, 329, 331, 334, 333, 
58720, 330, 333, 332, 333, 
58749, 330, 332, 332, 330, 
58780, 331, 333, 334, 333, 
58810, 328, 330, 330, 332, 
58841, 327, 328, 331, 333, 
58870, 323, 324, 331, 331, 
58901, 324, 325, 331, 333, 
58931, 328, 329, 332, 332, 
58961, 331, 335, 331, 333, 
58991, 336, 337, 332, 331, 
59022, 334, 338, 332, 331, 
59052, 335, 338, 333, 332, 
59081, 334, 338, 332, 330, 
59112, 333, 337, 334, 332, 
59142, 333, 336, 334, 330, 
59172, 334, 336, 334, 332, 
59202, 332, 335, 334, 330, 
59233, 333, 335, 335, 332, 
59262, 331, 334, 334, 331, 
59293, 331, 334, 335, 332, 
59323, 330, 332, 334, 331, 
59353, 329, 331, 334, 332, 
59383, 330, 332, 334, 333, 
59413, 330, 332, 334, 331, 
59444, 330, 335, 334, 333, 
59473, 322, 323, 336, 333, 
59504, 327, 329, 335, 337, 
59534, 327, 331, 333, 331, 
59565, 329, 333, 333, 333, 
59594, 327, 330, 331, 329, 
59625, 327, 333, 331, 332, 
59655, 326, 332, 332, 333, 
59684, 324, 324, 331, 327, 
59715, 322, 327, 333, 334, 
59745, 321, 322, 334, 332, 
59776, 325, 328, 335, 334, 
59805, 329, 331, 334, 333, 
59836, 331, 334, 334, 334, 
59866, 332, 334, 335, 335, 
59896, 332, 333, 334, 334, 
59926, 332, 335, 334, 336, 
59957, 330, 329, 333, 331, 
59986, 328, 333, 332, 332, 
60016, 329, 332, 334, 332, 
60047, 326, 331, 332, 331, 
60077, 327, 331, 332, 329, 
60107, 327, 326, 331, 326, 
60137, 325, 331, 330, 327, 
60168, 326, 329, 331, 327, 
60197, 327, 332, 332, 328, 
60228, 325, 330, 333, 327, 
60258, 324, 323, 333, 323, 
60289, 326, 331, 333, 326, 
60318, 327, 326, 333, 324, 
60348, 323, 324, 333, 326, 
60379, 324, 321, 337, 327, 
60408, 327, 325, 335, 327, 
60439, 329, 325, 334, 323, 
60469, 329, 324, 332, 324, 
60499, 329, 328, 332, 323, 
60529, 329, 324, 330, 321, 
60560, 328, 327, 329, 323, 
60590, 328, 323, 329, 324, 
60620, 326, 322, 328, 323, 
60650, 327, 326, 328, 323, 
60680, 333, 326, 325, 321, 
60710, 337, 334, 325, 323, 
60740, 339, 332, 327, 323, 
60771, 339, 336, 329, 324, 
60801, 339, 335, 331, 324, 
60831, 338, 337, 333, 325, 
60861, 338, 338, 330, 325, 
60892, 337, 336, 328, 322, 
60921, 337, 338, 328, 323, 
60952, 336, 333, 326, 321, 
60982, 336, 337, 326, 323, 
61011, 334, 335, 326, 322, 
61042, 334, 336, 327, 325, 
61072, 333, 335, 328, 326, 
61103, 331, 331, 329, 325, 
61132, 332, 334, 330, 328, 
61163, 333, 333, 331, 327, 
61193, 334, 334, 331, 328, 
61223, 328, 326, 334, 332, 
61253, 330, 328, 333, 331, 
61283, 331, 332, 333, 333, 
61314, 332, 332, 333, 330, 
61343, 332, 331, 333, 331, 
61374, 331, 332, 332, 332, 
61404, 330, 329, 333, 331, 
61434, 328, 325, 333, 332, 
61464, 327, 326, 333, 334, 
61495, 326, 323, 334, 333, 
61524, 330, 331, 334, 334, 
61555, 333, 334, 332, 333, 
61585, 335, 337, 332, 334, 
61615, 336, 340, 332, 335, 
61645, 335, 337, 333, 335, 
61675, 335, 338, 332, 337, 
61706, 335, 338, 333, 336, 
61735, 334, 336, 333, 335, 
61766, 333, 336, 335, 336, 
61796, 332, 336, 334, 336, 
61827, 332, 336, 335, 336, 
61856, 332, 336, 335, 336, 
61887, 332, 335, 335, 337, 
61917, 331, 334, 336, 336, 
61946, 333, 335, 338, 336, 
61977, 332, 334, 337, 336, 
62007, 330, 333, 337, 337, 
62038, 330, 332, 337, 337, 
62067, 331, 334, 336, 336, 
62098, 331, 334, 335, 335, 
62128, 326, 325, 338, 337, 
62158, 329, 330, 336, 338, 
62188, 330, 332, 335, 334, 
62219, 330, 333, 334, 334, 
62248, 330, 333, 333, 334, 
62278, 329, 333, 333, 332, 
62309, 329, 331, 334, 333, 
62339, 327, 329, 333, 334, 
62369, 325, 326, 332, 334, 
62399, 325, 326, 332, 335, 
62430, 329, 330, 330, 335, 
62459, 333, 336, 328, 334, 
62490, 335, 339, 327, 335, 
62520, 336, 338, 327, 333, 
62551, 335, 339, 328, 334, 
62580, 335, 340, 330, 335, 
62610, 336, 338, 331, 334, 
62641, 334, 338, 331, 334, 
62670, 334, 338, 334, 335, 
62701, 335, 337, 335, 334, 
62731, 335, 335, 336, 335, 
62761, 334, 337, 337, 336, 
62791, 333, 336, 338, 335, 
62822, 332, 333, 338, 336, 
62852, 333, 335, 339, 336, 
62882, 333, 335, 338, 338, 
62912, 335, 336, 338, 337, 
62942, 329, 328, 341, 339, 
62972, 332, 334, 340, 340, 
63002, 333, 334, 337, 339, 
63033, 334, 335, 339, 336, 
63063, 334, 335, 338, 336, 
63093, 332, 335, 338, 335, 
63123, 331, 333, 337, 335, 
63154, 330, 330, 337, 335, 
63183, 328, 328, 338, 335, 
63213, 329, 329, 339, 335, 
63244, 332, 333, 338, 335, 
63273, 336, 338, 337, 334, 
63304, 339, 340, 338, 333, 
63334, 339, 342, 336, 334, 
63365, 339, 342, 336, 335, 
63394, 338, 341, 336, 334, 
63425, 339, 340, 335, 336, 
63455, 337, 340, 335, 335, 
63485, 337, 339, 334, 335, 
63515, 337, 338, 335, 334, 
63545, 337, 338, 335, 335, 
63576, 336, 337, 335, 335, 
63605, 335, 336, 336, 336, 
63636, 333, 333, 336, 333, 
63666, 334, 334, 336, 335, 
63696, 336, 338, 336, 336, 
63726, 333, 334, 335, 335, 
63757, 333, 333, 339, 339, 
63787, 335, 336, 337, 341, 
63817, 336, 335, 335, 338, 
63847, 335, 337, 334, 338, 
63877, 335, 333, 332, 337, 
63907, 334, 333, 331, 338, 
63937, 333, 331, 331, 339, 
63968, 330, 327, 330, 342, 
63997, 329, 325, 330, 343, 
64028, 330, 327, 328, 343, 
64058, 334, 334, 324, 345, 
64089, 337, 334, 321, 344, 
64118, 338, 339, 320, 348, 
64149, 339, 339, 318, 348, 
64179, 338, 340, 317, 348, 
64208, 337, 340, 316, 348, 
64239, 338, 338, 316, 350, 
64269, 336, 341, 315, 352, 
64300, 336, 340, 315, 353, 
64329, 336, 341, 317, 355, 
64360, 335, 341, 319, 356, 
64390, 335, 342, 322, 356, 
64420, 333, 339, 325, 358, 
64450, 332, 339, 327, 359, 
64481, 334, 340, 330, 358, 
64510, 333, 341, 333, 360, 
64540, 329, 333, 336, 361, 
64571, 334, 331, 339, 360, 
64601, 335, 337, 340, 361, 
64631, 337, 335, 341, 358, 
64661, 340, 334, 344, 356, 
64692, 341, 332, 344, 355, 
64721, 340, 330, 345, 353, 
64752, 340, 328, 346, 353, 
64782, 336, 326, 348, 352, 
64813, 333, 324, 347, 351, 
64842, 336, 329, 346, 350, 
64872, 339, 332, 343, 346, 
64903, 342, 338, 344, 349, 
64932, 344, 338, 341, 348, 
64963, 343, 341, 341, 348, 
64993, 341, 337, 341, 347, 
65024, 341, 340, 340, 347, 
65053, 340, 340, 343, 346, 
65084, 339, 339, 341, 347, 
65114, 336, 338, 343, 347, 
65143, 334, 333, 343, 344, 
65174, 332, 334, 346, 344, 
65204, 332, 332, 346, 344, 
65234, 332, 336, 344, 345, 
65264, 332, 333, 344, 343, 
65295, 330, 329, 347, 346, 
65325, 333, 334, 347, 344, 
65355, 334, 332, 344, 341, 
65385, 336, 336, 343, 343, 
65416, 337, 335, 342, 340, 
65445, 338, 334, 342, 340, 
65475, 340, 331, 341, 340, 
65506, 341, 328, 340, 339, 
65536, 344, 326, 342, 337, 
65566, 350, 326, 340, 337, 
65596, 358, 333, 338, 334, 
65627, 366, 337, 339, 331, 
65656, 371, 339, 340, 332, 
65687, 377, 338, 338, 331, 
65717, 382, 340, 339, 331, 
65747, 386, 339, 338, 330, 
65777, 391, 341, 336, 331, 
65807, 396, 338, 337, 329, 
65838, 400, 337, 336, 330, 
65867, 402, 333, 336, 327, 
65898, 404, 334, 336, 332, 
65928, 407, 334, 335, 333, 
65958, 404, 335, 334, 333, 
65988, 400, 325, 338, 337, 
66019, 399, 330, 335, 339, 
66049, 396, 331, 335, 333, 
66079, 392, 333, 333, 334, 
66109, 387, 334, 332, 332, 
66139, 383, 332, 332, 330, 
66169, 378, 330, 332, 329, 
66199, 372, 327, 334, 329, 
66230, 367, 324, 334, 330, 
66259, 364, 327, 333, 330, 
66290, 365, 334, 332, 328, 
66320, 362, 337, 331, 330, 
66351, 360, 338, 331, 330, 
66380, 356, 341, 332, 333, 
66411, 353, 338, 332, 330, 
66441, 350, 339, 331, 331, 
66470, 348, 337, 332, 330, 
66501, 343, 339, 331, 331, 
66531, 340, 335, 333, 330, 
66562, 337, 335, 333, 329, 
66591, 336, 335, 331, 329, 
66622, 336, 336, 333, 327, 
66652, 330, 331, 333, 330, 
66682, 330, 331, 336, 332, 
66712, 329, 334, 335, 330, 
66743, 327, 335, 335, 327, 
66772, 326, 334, 332, 323, 
66802, 325, 334, 333, 321, 
66833, 322, 333, 334, 321, 
66863, 320, 330, 332, 320, 
66893, 318, 327, 335, 322, 
66923, 317, 325, 335, 323, 
66954, 319, 329, 331, 321, 
66983, 323, 334, 332, 320, 
67014, 325, 338, 331, 321, 
67044, 324, 340, 332, 321, 
67074, 323, 338, 331, 323, 
67104, 323, 337, 334, 324, 
67134, 323, 338, 333, 325, 
67165, 323, 337, 333, 325, 
67194, 321, 335, 333, 325, 
67225, 319, 333, 334, 348, 
67255, 320, 333, 334, 392, 
67286, 320, 336, 334, 435, 
67315, 318, 336, 333, 466, 
67346, 318, 329, 338, 491, 
67376, 318, 334, 335, 500, 
67405, 318, 335, 334, 499, 
67436, 319, 335, 333, 488, 
67466, 318, 337, 332, 473, 
67496, 318, 333, 332, 451, 
67526, 317, 332, 333, 430, 
67557, 315, 328, 332, 409, 
67587, 313, 327, 332, 386, 
67617, 317, 329, 334, 365, 
67647, 319, 334, 332, 346, 
67678, 322, 336, 328, 328, 
67707, 322, 337, 326, 313, 
67737, 322, 338, 323, 303, 
67768, 322, 337, 319, 292, 
67798, 324, 339, 317, 284, 
67828, 325, 337, 316, 276, 
67858, 328, 336, 319, 269, 
67889, 325, 335, 320, 262, 
67918, 323, 333, 324, 255, 
67949, 324, 335, 326, 254, 
67979, 324, 336, 327, 251, 
68009, 320, 333, 332, 252, 
68039, 321, 331, 336, 253, 
68069, 321, 333, 335, 253, 
68100, 323, 334, 339, 252, 
68129, 324, 334, 338, 254, 
68160, 325, 333, 339, 257, 
68190, 323, 332, 341, 261, 
68220, 320, 330, 338, 264, 
68250, 319, 330, 341, 267, 
68281, 321, 326, 342, 270, 
68311, 324, 332, 340, 274, 
68341, 329, 336, 336, 278, 
68371, 331, 339, 337, 282, 
68401, 334, 341, 337, 286, 
68431, 332, 340, 338, 290, 
68461, 332, 339, 337, 294, 
68492, 331, 336, 339, 296, 
68521, 329, 339, 339, 301, 
68552, 327, 334, 340, 303, 
68582, 322, 327, 340, 306, 
68613, 317, 315, 339, 309, 
68642, 310, 304, 341, 311, 
68673, 303, 300, 341, 315, 
68703, 299, 303, 344, 318, 
68732, 303, 316, 343, 319, 
68763, 303, 324, 340, 319, 
68793, 304, 326, 338, 321, 
68824, 302, 322, 335, 324, 
68853, 299, 327, 332, 329, 
68884, 295, 330, 329, 329, 
68914, 289, 336, 327, 335, 
68944, 285, 334, 326, 333, 
68974, 288, 348, 324, 340, 
69004, 297, 362, 322, 338, 
69035, 298, 369, 322, 339, 
69064, 293, 371, 320, 338, 
69095, 286, 371, 320, 336, 
69125, 282, 370, 320, 338, 
69155, 280, 367, 321, 334, 
69185, 279, 364, 323, 333, 
69216, 281, 361, 324, 331, 
69245, 282, 355, 327, 327, 
69276, 283, 355, 328, 324, 
69306, 287, 365, 330, 322, 
69336, 291, 365, 332, 319, 
69366, 289, 355, 335, 321, 
69396, 296, 351, 336, 321, 
69427, 300, 344, 334, 320, 
69456, 303, 338, 335, 322, 
69487, 305, 326, 335, 318, 
69517, 307, 314, 335, 323, 
69548, 309, 301, 336, 322, 
69577, 309, 308, 336, 325, 
69608, 309, 311, 335, 327, 
69638, 311, 317, 335, 328, 
69667, 317, 328, 334, 329, 
69698, 320, 333, 331, 328, 
69728, 322, 339, 331, 331, 
69758, 325, 341, 333, 332, 
69788, 325, 339, 331, 335, 
69819, 326, 339, 331, 336, 
69849, 326, 338, 332, 336, 
69879, 326, 336, 333, 337, 
69909, 325, 333, 333, 337, 
69940, 325, 331, 333, 337, 
69969, 326, 333, 334, 338, 
69999, 329, 335, 335, 339, 
70030, 324, 329, 337, 339, 
70060, 326, 329, 339, 342, 
70090, 327, 329, 338, 340, 
70120, 328, 331, 338, 339, 
70151, 329, 332, 337, 340, 
70180, 328, 329, 338, 339, 
70211, 327, 329, 337, 339, 
70241, 326, 325, 338, 340, 
70272, 324, 323, 338, 340, 
70301, 324, 322, 338, 342, 
70331, 327, 326, 337, 341, 
70362, 331, 332, 335, 340, 
70391, 334, 336, 336, 340, 
70422, 334, 334, 334, 340, 
70452, 334, 336, 336, 340, 
70482, 334, 336, 335, 340, 
70512, 335, 335, 335, 340, 
70543, 335, 333, 335, 339, 
70573, 335, 335, 336, 341, 
70603, 334, 334, 335, 340, 
70633, 334, 333, 336, 340, 
70663, 333, 332, 337, 341, 
70693, 334, 333, 335, 341, 
70723, 331, 327, 335, 339, 
70754, 332, 327, 339, 341, 
70784, 333, 329, 336, 341, 
70814, 334, 331, 334, 339, 
70844, 334, 330, 334, 339, 
70875, 334, 331, 333, 337, 
70904, 333, 330, 334, 337, 
70934, 331, 329, 335, 338, 
70965, 330, 325, 335, 338, 
70994, 329, 324, 336, 339, 
71025, 333, 328, 335, 338, 
71055, 335, 334, 334, 337, 
71086, 338, 337, 333, 338, 
71115, 339, 337, 333, 336, 
71146, 339, 338, 334, 337, 
71176, 338, 337, 334, 338, 
71206, 339, 338, 334, 339, 
71236, 338, 336, 334, 337, 
71266, 339, 336, 335, 338, 
71297, 338, 335, 335, 337, 
71326, 336, 334, 334, 340, 
71357, 337, 335, 334, 339, 
71387, 336, 331, 333, 338, 
71417, 334, 328, 336, 340, 
71447, 336, 331, 335, 339, 
71478, 337, 331, 334, 336, 
71507, 337, 332, 334, 335, 
71538, 337, 332, 334, 335, 
71568, 337, 328, 335, 333, 
71598, 335, 329, 335, 335, 
71628, 333, 326, 335, 334, 
71658, 331, 326, 336, 336, 
71689, 334, 330, 334, 335, 
71718, 338, 335, 333, 334, 
71749, 342, 340, 333, 334, 
71779, 341, 339, 331, 334, 
71810, 341, 340, 329, 333, 
71839, 341, 338, 330, 332, 
71870, 340, 338, 330, 332, 
71900, 340, 338, 331, 332, 
71929, 340, 337, 332, 329, 
71960, 341, 336, 331, 327, 
71990, 342, 335, 330, 328, 
72020, 339, 331, 328, 328, 
72050, 335, 325, 326, 330, 
72081, 331, 324, 328, 332, 
72111, 327, 317, 335, 337, 
72141, 331, 325, 332, 335, 
72171, 334, 330, 330, 331, 
72202, 335, 335, 328, 328, 
72231, 334, 337, 331, 326, 
72261, 336, 339, 335, 329, 
72292, 338, 339, 337, 334, 
72322, 337, 335, 336, 334, 
72352, 338, 332, 330, 334, 
72382, 339, 334, 326, 335, 
72413, 341, 340, 327, 333, 
72442, 343, 338, 331, 332, 
72473, 343, 335, 340, 333, 
72503, 343, 335, 342, 336, 
72534, 342, 331, 340, 336, 
72563, 343, 335, 335, 337, 
72593, 343, 337, 332, 337, 
72624, 342, 334, 328, 336, 
72653, 342, 335, 331, 335, 
72684, 342, 338, 334, 338, 
72714, 343, 337, 338, 340, 
72744, 343, 335, 336, 341, 
72774, 342, 334, 329, 339, 
72805, 338, 328, 328, 341, 
72835, 337, 335, 325, 344, 
72864, 337, 338, 326, 343, 
72895, 337, 333, 336, 343, 
72925, 337, 328, 343, 346, 
72955, 336, 332, 342, 350, 
72985, 336, 333, 340, 353, 
73016, 334, 333, 337, 354, 
73046, 333, 332, 334, 352, 
73076, 334, 326, 332, 349, 
73106, 335, 321, 325, 347, 
73137, 337, 326, 316, 347, 
73166, 338, 337, 308, 348, 
73196, 338, 345, 303, 346, 
73227, 339, 349, 299, 346, 
73256, 338, 353, 302, 346, 
73287, 334, 351, 305, 346, 
73317, 334, 353, 312, 347, 
73348, 335, 349, 321, 347, 
73377, 337, 341, 334, 345, 
73408, 341, 339, 344, 344, 
73438, 346, 340, 351, 341, 
73468, 346, 339, 354, 336, 
73498, 340, 331, 361, 336, 
73528, 345, 336, 360, 333, 
73559, 343, 337, 359, 331, 
73588, 341, 336, 358, 330, 
73619, 341, 336, 358, 334, 
73649, 340, 334, 353, 336, 
73679, 341, 330, 345, 338, 
73709, 340, 328, 340, 339, 
73740, 338, 323, 335, 341, 
73769, 340, 323, 332, 341, 
73800, 342, 329, 324, 338, 
73830, 341, 335, 319, 339, 
73860, 342, 337, 314, 339, 
73890, 340, 338, 312, 339, 
73920, 337, 337, 312, 339, 
73951, 336, 337, 315, 339, 
73980, 336, 336, 322, 339, 
74011, 336, 335, 330, 339, 
74041, 335, 334, 334, 337, 
74072, 334, 333, 338, 338, 
74101, 334, 331, 338, 338, 
74132, 336, 334, 338, 338, 
74162, 337, 334, 336, 337, 
74191, 330, 322, 342, 341, 
74222, 335, 328, 342, 340, 
74252, 335, 332, 342, 338, 
74283, 339, 332, 340, 337, 
74312, 341, 333, 340, 336, 
74343, 341, 331, 337, 337, 
74373, 339, 330, 331, 338, 
74403, 338, 327, 327, 337, 
74433, 335, 324, 325, 340, 
74464, 334, 327, 322, 341, 
74493, 338, 332, 323, 339, 
74523, 341, 339, 327, 338, 
74554, 338, 341, 331, 337, 
74584, 337, 342, 333, 337, 
74614, 330, 342, 332, 338, 
74644, 325, 341, 332, 339, 
74675, 319, 341, 333, 340, 
74704, 317, 340, 333, 340, 
74735, 313, 338, 331, 341, 
74765, 316, 338, 330, 340, 
74795, 315, 338, 326, 343, 
74825, 309, 326, 332, 346, 
74855, 315, 333, 334, 350, 
74886, 315, 341, 329, 347, 
74915, 312, 348, 330, 346, 
74946, 311, 349, 330, 344, 
74976, 310, 345, 328, 342, 
75006, 310, 347, 330, 345, 
75036, 310, 346, 331, 344, 
75067, 308, 344, 334, 343, 
75097, 309, 343, 332, 343, 
75126, 311, 346, 331, 339, 
75157, 319, 349, 336, 337, 
75187, 326, 350, 339, 334, 
75217, 333, 350, 343, 334, 
75247, 339, 347, 340, 333, 
75278, 341, 344, 345, 330, 
75308, 341, 342, 344, 328, 
75338, 338, 338, 356, 327, 
75368, 338, 335, 358, 327, 
75399, 338, 336, 366, 328, 
75428, 340, 336, 371, 327, 
75458, 334, 324, 377, 332, 
75489, 338, 329, 376, 332, 
75518, 340, 331, 374, 329, 
75549, 338, 333, 372, 328, 
75579, 332, 330, 370, 326, 
75610, 331, 328, 368, 326, 
75639, 330, 325, 361, 326, 
75670, 328, 323, 357, 327, 
75700, 325, 321, 359, 329, 
75730, 322, 318, 355, 328, 
75760, 324, 327, 355, 327, 
75790, 325, 331, 353, 329, 
75821, 326, 332, 354, 330, 
75850, 324, 333, 359, 331, 
75881, 325, 333, 356, 332, 
75911, 325, 331, 360, 332, 
75941, 326, 331, 362, 332, 
75971, 326, 331, 363, 332, 
76002, 326, 327, 363, 330, 
76032, 326, 329, 362, 331, 
76062, 328, 332, 361, 331, 
76092, 326, 330, 354, 330, 
76122, 325, 322, 357, 333, 
76152, 331, 327, 352, 332, 
76182, 332, 329, 346, 327, 
76213, 335, 332, 342, 326, 
76242, 335, 328, 333, 325, 
76273, 335, 328, 333, 325, 
76303, 334, 328, 331, 325, 
76334, 332, 323, 331, 323, 
76363, 330, 322, 328, 324, 
76394, 330, 324, 329, 322, 
76424, 334, 330, 326, 323, 
76453, 335, 333, 323, 321, 
76484, 335, 336, 325, 321, 
76514, 332, 337, 323, 323, 
76545, 331, 334, 326, 323, 
76574, 331, 334, 327, 324, 
76605, 331, 333, 325, 324, 
76635, 330, 329, 327, 324, 
76665, 330, 330, 326, 325, 
76695, 332, 331, 329, 325, 
76725, 333, 331, 331, 325, 
76755, 329, 326, 331, 327, 
76785, 331, 324, 333, 330, 
76816, 333, 329, 333, 328, 
76846, 334, 330, 329, 326, 
76876, 335, 332, 330, 326, 
76906, 334, 332, 331, 325, 
76937, 334, 330, 331, 324, 
76966, 333, 328, 331, 325, 
76997, 335, 326, 332, 324, 
77027, 336, 325, 330, 326, 
77057, 339, 328, 331, 324, 
77087, 341, 334, 329, 323, 
77117, 344, 337, 325, 322, 
77148, 344, 338, 326, 323, 
77177, 344, 336, 321, 322, 
77208, 346, 338, 321, 324, 
77238, 348, 336, 324, 322, 
77268, 346, 334, 323, 324, 
77298, 346, 333, 322, 324, 
77329, 346, 332, 325, 324, 
77359, 350, 334, 323, 324, 
77388, 349, 334, 323, 324, 
77419, 346, 326, 328, 327, 
77449, 352, 330, 326, 325, 
77479, 353, 331, 325, 324, 
77509, 355, 331, 324, 322, 
77540, 353, 331, 317, 322, 
77570, 351, 331, 315, 324, 
77600, 350, 330, 324, 324, 
77630, 350, 329, 324, 324, 
77661, 345, 325, 318, 326, 
77690, 339, 328, 321, 325, 
77720, 341, 334, 320, 324, 
77751, 334, 340, 321, 326, 
77780, 327, 340, 324, 325, 
77811, 317, 339, 319, 326, 
77841, 315, 340, 324, 328, 
77872, 315, 342, 325, 330, 
77901, 319, 338, 328, 330, 
77932, 321, 337, 328, 332, 
77962, 326, 334, 330, 332, 
77992, 330, 338, 333, 334, 
78022, 333, 336, 327, 336, 
78052, 331, 329, 334, 339, 
78083, 336, 330, 334, 340, 
78112, 341, 335, 335, 339, 
78143, 345, 336, 331, 338, 
78173, 347, 336, 331, 337, 
78203, 348, 336, 332, 337, 
78233, 349, 334, 328, 337, 
78264, 349, 332, 327, 336, 
78294, 350, 331, 329, 339, 
78324, 350, 329, 326, 336, 
78354, 354, 332, 330, 336, 
78384, 357, 339, 329, 337, 
78414, 361, 340, 327, 334, 
78444, 361, 342, 325, 336, 
78475, 359, 341, 325, 335, 
78504, 358, 341, 328, 338, 
78535, 357, 339, 328, 338, 
78565, 356, 340, 326, 339, 
78596, 356, 338, 326, 339, 
78625, 355, 337, 328, 339, 
78655, 351, 334, 323, 338, 
78686, 351, 334, 330, 339, 
78715, 350, 333, 329, 338, 
78746, 347, 336, 328, 340, 
78776, 343, 327, 336, 340, 
78807, 343, 330, 333, 343, 
78836, 339, 333, 335, 338, 
78867, 336, 334, 337, 337, 
78897, 330, 335, 333, 338, 
78927, 321, 332, 336, 336, 
78957, 318, 331, 335, 340, 
78987, 315, 325, 335, 345, 
79017, 314, 324, 336, 353, 
79047, 316, 321, 335, 358, 
79078, 323, 325, 333, 363, 
79108, 332, 327, 330, 365, 
79138, 339, 330, 328, 368, 
79168, 343, 329, 326, 366, 
79199, 348, 330, 321, 366, 
79228, 350, 329, 318, 358, 
79259, 352, 317, 312, 356, 
79289, 354, 304, 307, 354, 
79319, 354, 295, 304, 348, 
79349, 351, 293, 302, 344, 
79379, 347, 302, 302, 342, 
79410, 343, 314, 305, 337, 
79439, 344, 326, 309, 335, 
79470, 344, 339, 315, 341, 
79500, 345, 345, 319, 340, 
79531, 349, 351, 322, 349, 
79560, 345, 346, 324, 352, 
79591, 345, 341, 331, 358, 
79621, 346, 341, 332, 358, 
79650, 343, 339, 331, 354, 
79681, 341, 335, 332, 350, 
79711, 340, 332, 334, 346, 
79741, 337, 327, 333, 342, 
79771, 335, 322, 335, 339, 
79802, 333, 320, 337, 337, 
79832, 331, 319, 338, 332, 
79862, 334, 325, 339, 328, 
79892, 339, 333, 337, 327, 
79923, 339, 339, 337, 326, 
79952, 342, 342, 338, 325, 
79982, 342, 343, 338, 325, 
80013, 341, 343, 338, 324, 
80043, 342, 344, 338, 323, 
80073, 340, 343, 338, 323, 
80103, 340, 341, 339, 321, 
80134, 341, 342, 340, 322, 
80163, 341, 342, 339, 324, 
80194, 340, 343, 339, 324, 
80224, 340, 344, 338, 325, 
80254, 340, 344, 338, 328, 
80284, 340, 343, 338, 328, 
80314, 338, 342, 339, 330, 
80345, 337, 337, 339, 328, 
80374, 336, 336, 338, 329, 
80405, 335, 336, 338, 330, 
80435, 335, 335, 336, 329, 
80465, 331, 327, 340, 333, 
80495, 335, 331, 338, 333, 
80526, 336, 332, 338, 332, 
80556, 336, 333, 336, 330, 
80585, 336, 332, 334, 329, 
80616, 333, 331, 334, 329, 
80646, 332, 330, 334, 331, 
80676, 331, 326, 335, 332, 
80706, 328, 323, 335, 331, 
80737, 328, 325, 335, 332, 
80766, 332, 330, 333, 331, 
80797, 334, 335, 331, 330, 
80827, 337, 337, 332, 330, 
80858, 338, 339, 330, 330, 
80887, 337, 338, 333, 331, 
80917, 337, 337, 333, 331, 
80948, 338, 338, 335, 331, 
80977, 336, 336, 334, 330, 
81008, 336, 335, 335, 330, 
81038, 335, 335, 335, 331, 
81069, 334, 336, 334, 332, 
81098, 334, 335, 335, 332, 
81129, 334, 335, 335, 332, 
81159, 333, 335, 335, 332, 
81189, 331, 333, 337, 332, 
81219, 331, 332, 337, 333, 
81249, 331, 335, 336, 334, 
81280, 332, 335, 336, 333, 
81309, 327, 327, 338, 334, 
81340, 331, 331, 340, 337, 
81370, 332, 333, 338, 335, 
81400, 331, 334, 337, 335, 
81430, 331, 334, 335, 334, 
81461, 330, 333, 335, 333, 
81490, 328, 331, 332, 333, 
81521, 327, 331, 335, 334, 
81551, 325, 328, 337, 335, 
81581, 324, 325, 337, 335, 
81611, 325, 330, 334, 336, 
81641, 329, 336, 329, 336, 
81672, 331, 339, 323, 335, 
81701, 332, 341, 312, 337, 
81732, 333, 339, 299, 336, 
81762, 332, 339, 286, 337, 
81793, 330, 337, 276, 336, 
81822, 329, 335, 269, 333, 
81853, 330, 339, 269, 337, 
81883, 331, 338, 269, 337, 
81912, 332, 337, 276, 337, 
81943, 332, 339, 279, 340, 
81973, 333, 339, 288, 340, 
82003, 333, 338, 299, 340, 
82033, 332, 339, 311, 341, 
82064, 332, 340, 324, 339, 
82094, 334, 343, 340, 340, 
82124, 331, 341, 357, 340, 
82154, 329, 336, 372, 340, 
82185, 329, 341, 383, 340, 
82214, 329, 340, 393, 337, 
82244, 327, 340, 400, 337, 
82275, 326, 340, 403, 339, 
82305, 324, 338, 400, 340, 
82335, 322, 338, 395, 343, 
82365, 320, 336, 388, 345, 
82396, 317, 332, 382, 345, 
82425, 319, 337, 376, 346, 
82456, 325, 344, 368, 347, 
82486, 327, 347, 362, 345, 
82515, 328, 349, 357, 345, 
82546, 329, 351, 353, 346, 
82576, 329, 350, 349, 345, 
82607, 329, 347, 345, 344, 
82636, 332, 349, 341, 345, 
82667, 329, 350, 339, 346, 
82697, 329, 347, 338, 344, 
82727, 329, 346, 337, 343, 
82757, 327, 343, 336, 343, 
82788, 328, 342, 336, 343, 
82818, 332, 344, 333, 344, 
82847, 330, 343, 332, 343, 
82878, 324, 333, 333, 346, 
82908, 329, 339, 334, 348, 
82938, 329, 340, 333, 344, 
82968, 330, 341, 331, 343, 
82999, 330, 340, 332, 341, 
83028, 329, 339, 332, 342, 
83059, 327, 337, 330, 340, 
83089, 325, 333, 331, 341, 
83120, 325, 331, 332, 339, 
83149, 327, 331, 332, 337, 
83179, 332, 338, 335, 336, 
83210, 336, 343, 338, 336, 
83239, 338, 347, 344, 336, 
83270, 338, 348, 348, 336, 
83300, 336, 348, 348, 336, 
83331, 333, 347, 348, 335, 
83360, 332, 347, 347, 335, 
83391, 330, 347, 342, 334, 
83421, 329, 346, 336, 335, 
83451, 329, 346, 331, 333, 
83481, 329, 342, 323, 334, 
83511, 330, 342, 316, 334, 
83542, 336, 343, 311, 335, 
83571, 339, 344, 304, 335, 
83602, 334, 333, 307, 336, 
83632, 338, 337, 310, 336, 
83662, 339, 337, 314, 334, 
83692, 340, 337, 321, 332, 
83723, 341, 336, 327, 332, 
83752, 341, 334, 332, 332, 
83783, 340, 331, 335, 333, 
83813, 337, 329, 338, 333, 
83843, 335, 325, 342, 333, 
83873, 335, 324, 347, 333, 
83903, 340, 329, 349, 333, 
83934, 341, 335, 353, 332, 
83963, 342, 336, 358, 332, 
83994, 342, 337, 361, 331, 
84024, 341, 336, 364, 331, 
84055, 343, 336, 362, 331, 
84084, 343, 335, 359, 331, 
84115, 343, 334, 356, 330, 
84145, 342, 332, 354, 329, 
84174, 343, 329, 350, 328, 
84205, 343, 331, 349, 329, 
84235, 345, 332, 343, 329, 
84265, 337, 323, 340, 330, 
84295, 339, 325, 336, 331, 
84326, 339, 329, 334, 330, 
84356, 338, 330, 335, 329, 
84386, 337, 331, 335, 329, 
84416, 335, 330, 336, 328, 
84446, 335, 326, 336, 328, 
84476, 332, 324, 334, 327, 
84506, 329, 322, 335, 328, 
84537, 327, 319, 332, 327, 
84567, 332, 325, 329, 327, 
84597, 333, 330, 332, 326, 
84627, 338, 333, 329, 328, 
84658, 337, 334, 331, 328, 
84687, 337, 334, 336, 329, 
84718, 337, 335, 336, 329, 
84748, 336, 335, 338, 329, 
84777, 336, 334, 338, 327, 
84808, 330, 330, 336, 327, 
84838, 331, 331, 337, 327, 
84869, 331, 332, 340, 326, 
84898, 332, 332, 341, 327, 
84929, 327, 323, 346, 328, 
84959, 329, 328, 343, 328, 
84989, 328, 332, 340, 328, 
85019, 329, 333, 336, 327, 
85050, 328, 333, 336, 327, 
85080, 328, 330, 337, 327, 
85109, 328, 330, 335, 326, 
85140, 325, 327, 335, 327, 
85170, 325, 323, 338, 328, 
85200, 325, 326, 344, 329, 
85230, 328, 332, 349, 330, 
85261, 329, 335, 358, 328, 
85291, 334, 336, 361, 329, 
85321, 335, 336, 362, 331, 
85351, 335, 336, 361, 331, 
85382, 334, 334, 360, 331, 
85411, 332, 332, 359, 330, 
85441, 329, 331, 358, 330, 
85472, 328, 332, 353, 330, 
85501, 328, 333, 349, 331, 
85532, 327, 334, 346, 331, 
85562, 318, 323, 345, 332, 
85593, 321, 329, 343, 334, 
85622, 321, 331, 340, 330, 
85653, 319, 331, 338, 329, 
85683, 318, 330, 336, 328, 
85713, 315, 328, 335, 330, 
85743, 313, 326, 334, 329, 
85773, 311, 323, 332, 329, 
85804, 311, 321, 331, 330, 
85833, 312, 323, 329, 329, 
85864, 318, 329, 325, 330, 
85894, 322, 333, 322, 329, 
85924, 323, 334, 319, 329, 
85954, 325, 335, 318, 330, 
85985, 325, 335, 318, 331, 
86014, 327, 335, 317, 333, 
86045, 330, 334, 316, 331, 
86075, 330, 333, 314, 329, 
86105, 330, 332, 313, 330, 
86135, 332, 333, 311, 332, 
86165, 331, 333, 310, 331, 
86196, 329, 328, 312, 331, 
86225, 328, 326, 314, 334, 
86256, 329, 329, 315, 335, 
86286, 331, 328, 315, 332, 
86317, 329, 330, 316, 331, 
86346, 329, 328, 316, 332, 
86376, 326, 326, 317, 330, 
86407, 325, 325, 318, 330, 
86436, 323, 323, 319, 331, 
86467, 323, 321, 320, 329, 
86497, 326, 325, 321, 329, 
86528, 329, 331, 320, 329, 
86557, 332, 335, 320, 330, 
86588, 334, 335, 321, 330, 
86618, 332, 337, 322, 331, 
86648, 332, 336, 323, 332, 
86678, 332, 335, 324, 330, 
86708, 333, 335, 325, 332, 
86738, 333, 335, 326, 331, 
86768, 333, 334, 327, 331, 
86799, 332, 331, 327, 330, 
86829, 332, 329, 328, 329, 
86859, 334, 332, 329, 331, 
86889, 336, 333, 328, 333, 
86920, 331, 328, 330, 333, 
86949, 331, 326, 331, 335, 
86980, 333, 330, 329, 334, 
87010, 334, 331, 328, 332, 
87040, 334, 331, 327, 330, 
87070, 333, 332, 326, 332, 
87100, 332, 331, 325, 330, 
87131, 330, 327, 324, 331, 
87160, 329, 326, 325, 332, 
87191, 328, 325, 326, 333, 
87221, 330, 329, 328, 333, 
87251, 336, 336, 328, 334, 
87281, 339, 336, 329, 332, 
87312, 341, 337, 331, 333, 
87342, 343, 338, 330, 332, 
87371, 343, 338, 331, 333, 
87402, 343, 338, 330, 334, 
87432, 340, 336, 328, 333, 
87462, 339, 338, 325, 334, 
87492, 337, 336, 326, 335, 
87523, 336, 334, 326, 333, 
87553, 336, 332, 327, 333, 
87583, 337, 332, 329, 333, 
87613, 337, 334, 331, 333, 
87644, 332, 328, 339, 336, 
87673, 333, 332, 338, 338, 
87703, 334, 334, 332, 338, 
87734, 335, 334, 330, 335, 
87763, 334, 333, 328, 334, 
87794, 334, 334, 327, 335, 
87824, 335, 333, 330, 336, 
87855, 333, 329, 329, 334, 
87884, 332, 327, 329, 334, 
87915, 331, 326, 332, 335, 
87945, 333, 329, 332, 335, 
87975, 338, 333, 332, 333, 
88005, 343, 337, 333, 335, 
88035, 344, 337, 334, 334, 
88066, 347, 338, 334, 333, 
88095, 347, 337, 336, 334, 
88126, 346, 337, 334, 333, 
88156, 343, 337, 333, 334, 
88186, 342, 337, 331, 334, 
88216, 337, 334, 332, 333, 
88247, 334, 333, 332, 333, 
88276, 335, 334, 331, 334, 
88306, 336, 334, 331, 333, 
88337, 336, 337, 332, 333, 
88367, 328, 326, 336, 337, 
88397, 333, 330, 334, 336, 
88427, 335, 333, 335, 335, 
88458, 334, 335, 343, 335, 
88487, 332, 332, 347, 333, 
88518, 330, 332, 340, 334, 
88548, 331, 330, 330, 334, 
88579, 329, 327, 324, 334, 
88608, 327, 325, 324, 334, 
88638, 327, 324, 327, 333, 
88669, 333, 330, 327, 333, 
88698, 338, 336, 327, 334, 
88729, 340, 337, 327, 333, 
88759, 342, 340, 329, 335, 
88790, 342, 340, 333, 335, 
88819, 341, 340, 334, 336, 
88850, 341, 339, 335, 334, 
88880, 339, 338, 334, 336, 
88910, 336, 338, 333, 337, 
88940, 333, 337, 331, 335, 
88970, 329, 334, 330, 334, 
89000, 328, 334, 331, 335, 
89030, 327, 336, 329, 336, 
89061, 327, 334, 329, 334, 
89091, 321, 327, 332, 338, 
89121, 324, 331, 333, 337, 
89151, 326, 333, 333, 334, 
89182, 327, 333, 334, 334, 
89211, 329, 333, 336, 332, 
89242, 330, 333, 336, 334, 
89272, 329, 331, 337, 332, 
89302, 327, 329, 337, 334, 
89332, 327, 326, 337, 334, 
89362, 327, 327, 337, 335, 
89393, 332, 334, 336, 334, 
89422, 336, 339, 335, 335, 
89453, 338, 340, 335, 333, 
89483, 338, 341, 334, 334, 
89513, 338, 340, 334, 334, 
89543, 338, 340, 334, 334, 
89574, 337, 339, 334, 334, 
89604, 337, 338, 335, 335, 
89633, 337, 338, 334, 334, 
89664, 335, 335, 335, 334, 
89694, 333, 334, 335, 335, 
89724, 334, 332, 335, 335, 
89754, 335, 337, 336, 336, 
89785, 335, 335, 335, 335, 
89815, 330, 326, 336, 336, 
89845, 332, 331, 338, 336, 
89875, 333, 333, 335, 336, 
89906, 334, 334, 335, 336, 
89935, 333, 332, 335, 334, 
89965, 332, 331, 334, 334, 
89996, 328, 329, 335, 335, 
90025, 326, 326, 336, 335, 
90056, 327, 324, 336, 335, 
90086, 327, 328, 335, 335, 
90117, 332, 333, 335, 333, 
90146, 335, 336, 335, 332, 
90177, 336, 340, 335, 333, 
90207, 337, 340, 335, 333, 
90236, 338, 340, 334, 333, 
90267, 336, 339, 335, 333, 
90297, 336, 338, 334, 333, 
90328, 336, 337, 335, 333, 
90357, 335, 339, 335, 334, 
90388, 334, 336, 335, 333, 
90418, 332, 335, 335, 334, 
90448, 332, 333, 335, 334, 
90478, 333, 335, 334, 334, 
90509, 333, 335, 336, 334, 
90539, 329, 327, 336, 334, 
90568, 331, 332, 336, 337, 
90599, 333, 334, 335, 335, 
90629, 333, 334, 335, 334, 
90659, 334, 333, 335, 334, 
90689, 331, 332, 336, 334, 
90720, 330, 329, 336, 334, 
90749, 327, 327, 336, 335, 
90780, 327, 326, 338, 336, 
90810, 327, 329, 339, 335, 
90841, 334, 335, 339, 335, 
90870, 334, 341, 339, 336, 
90900, 336, 341, 337, 335, 
90931, 335, 343, 333, 336, 
90960, 339, 341, 325, 336, 
90991, 350, 341, 322, 336, 
91021, 357, 340, 322, 336, 
91052, 365, 339, 323, 336, 
91081, 371, 338, 325, 336, 
91112, 371, 336, 325, 337, 
91142, 369, 335, 327, 336, 
91172, 366, 334, 335, 338, 
91202, 362, 335, 341, 338, 
91232, 358, 337, 346, 339, 
91262, 345, 324, 353, 341, 
91292, 342, 330, 359, 340, 
91323, 341, 334, 363, 337, 
91353, 335, 333, 366, 335, 
91383, 332, 335, 367, 334, 
91413, 328, 332, 367, 335, 
91444, 324, 330, 365, 334, 
91473, 321, 328, 363, 335, 
91504, 319, 326, 360, 336, 
91534, 318, 327, 357, 335, 
91564, 322, 333, 355, 334, 
91594, 325, 337, 351, 334, 
91624, 327, 339, 347, 335, 
91655, 328, 340, 345, 336, 
91684, 327, 340, 341, 335, 
91715, 328, 340, 339, 335, 
91745, 328, 340, 337, 335, 
91776, 329, 339, 335, 335, 
91805, 329, 339, 332, 335, 
91836, 328, 337, 332, 334, 
91866, 328, 334, 330, 335, 
91895, 331, 336, 329, 335, 
91926, 331, 338, 328, 333, 
91956, 327, 331, 330, 335, 
91986, 327, 329, 332, 337, 
92016, 329, 333, 332, 336, 
92047, 329, 334, 331, 335, 
92077, 328, 335, 330, 335, 
92107, 326, 335, 332, 333, 
92137, 325, 332, 329, 333, 
92167, 321, 330, 330, 333, 
92197, 320, 323, 330, 331, 
92227, 319, 323, 329, 330, 
92258, 322, 327, 326, 332, 
92288, 326, 332, 323, 329, 
92318, 329, 334, 319, 331, 
92348, 328, 336, 317, 329, 
92379, 327, 336, 319, 330, 
92408, 325, 336, 321, 331, 
92439, 320, 339, 327, 333, 
92469, 313, 334, 339, 332, 
92498, 294, 335, 344, 334, 
92529, 303, 334, 337, 336, 
92559, 318, 337, 332, 340, 
92590, 332, 337, 325, 340, 
92619, 345, 335, 321, 339, 
92650, 353, 337, 318, 340, 
92680, 357, 333, 318, 338, 
92710, 355, 325, 323, 343, 
92740, 355, 328, 325, 346, 
92771, 351, 330, 327, 346, 
92801, 349, 332, 327, 346, 
92830, 343, 332, 325, 344, 
92861, 338, 332, 324, 344, 
92891, 332, 330, 322, 342, 
92921, 329, 326, 321, 337, 
92951, 325, 327, 318, 334, 
92982, 325, 328, 315, 326, 
93011, 330, 336, 317, 324, 
93042, 335, 339, 313, 321, 
93072, 338, 338, 311, 319, 
93103, 338, 335, 309, 316, 
93132, 339, 333, 311, 317, 
93162, 340, 331, 315, 317, 
93193, 340, 336, 319, 320, 
93222, 341, 338, 323, 322, 
93253, 340, 341, 329, 326, 
93283, 340, 341, 333, 324, 
93314, 339, 347, 340, 327, 
93343, 336, 343, 345, 327, 
93374, 337, 347, 348, 330, 
93404, 337, 347, 349, 334, 
93434, 331, 337, 353, 336, 
93464, 335, 342, 353, 339, 
93494, 336, 343, 350, 337, 
93524, 336, 343, 349, 338, 
93554, 335, 342, 347, 340, 
93585, 334, 338, 345, 338, 
93615, 332, 335, 344, 339, 
93645, 330, 332, 343, 340, 
93675, 328, 325, 341, 341, 
93706, 328, 326, 340, 342, 
93735, 332, 329, 338, 341, 
93766, 335, 333, 335, 341, 
93796, 336, 335, 333, 339, 
93826, 335, 334, 333, 337, 
93856, 336, 333, 333, 337, 
93886, 335, 332, 332, 337, 
93917, 336, 330, 333, 335, 
93946, 335, 331, 333, 337, 
93977, 335, 329, 333, 335, 
94007, 335, 331, 334, 338, 
94038, 333, 327, 335, 335, 
94067, 332, 327, 334, 338, 
94097, 332, 328, 334, 337, 
94128, 327, 317, 337, 337, 
94157, 329, 325, 337, 340, 
94188, 331, 327, 335, 339, 
94218, 331, 326, 335, 336, 
94248, 330, 327, 334, 336, 
94278, 331, 325, 334, 336, 
94309, 330, 325, 333, 336, 
94339, 328, 323, 333, 336, 
94369, 327, 320, 334, 336, 
94399, 327, 321, 333, 336, 
94429, 333, 328, 333, 335, 
94459, 336, 333, 334, 335, 
94489, 337, 335, 333, 333, 
94520, 337, 337, 333, 335, 
94550, 335, 336, 335, 335, 
94580, 336, 337, 333, 335, 
94610, 335, 336, 334, 335, 
94641, 336, 336, 333, 335, 
94670, 335, 335, 333, 336, 
94701, 335, 333, 333, 334, 
94731, 334, 334, 332, 336, 
94760, 334, 334, 333, 335, 
94791, 334, 332, 334, 333, 
94821, 333, 333, 333, 334, 
94852, 334, 332, 333, 333, 
94881, 332, 332, 334, 332, 
94912, 331, 331, 334, 331, 
94942, 331, 332, 333, 331, 
94972, 330, 329, 333, 331, 
95002, 328, 325, 335, 335, 
95033, 329, 328, 333, 335, 
95063, 330, 328, 330, 332, 
95092, 331, 331, 329, 334, 
95123, 332, 332, 329, 333, 
95153, 331, 329, 331, 333, 
95183, 329, 329, 332, 334, 
95213, 329, 326, 334, 333, 
95244, 327, 324, 336, 334, 
95273, 328, 326, 335, 334, 
95304, 332, 331, 334, 333, 
95334, 335, 335, 334, 333, 
95365, 336, 337, 333, 333, 
95394, 338, 339, 334, 335, 
95424, 337, 338, 332, 335, 
95455, 337, 336, 332, 334, 
95484, 336, 337, 331, 335, 
95515, 335, 336, 331, 336, 
95545, 336, 333, 331, 334, 
95576, 336, 335, 331, 335, 
95605, 336, 335, 332, 335, 
95636, 335, 334, 332, 335, 
95666, 335, 333, 333, 335, 
95696, 334, 334, 334, 335, 
95726, 333, 334, 333, 335, 
95756, 333, 334, 333, 335, 
95787, 331, 334, 332, 336, 
95816, 330, 333, 333, 335, 
95847, 330, 334, 331, 336, 
95877, 331, 337, 331, 338, 
95907, 327, 328, 332, 340, 
95937, 331, 332, 333, 343, 
95968, 332, 334, 332, 342, 
95997, 332, 335, 331, 340, 
96027, 331, 335, 331, 340, 
96058, 332, 335, 330, 340, 
96088, 331, 332, 331, 341, 
96118, 330, 331, 332, 340, 
96148, 329, 329, 333, 342, 
96179, 328, 327, 334, 342, 
96208, 331, 331, 333, 343, 
96239, 336, 338, 332, 345, 
96269, 338, 341, 331, 344, 
96300, 338, 343, 332, 347, 
96329, 339, 343, 332, 345, 
96359, 338, 341, 332, 343, 
96390, 338, 341, 331, 339, 
96419, 339, 340, 332, 333, 
96450, 340, 340, 332, 326, 
96480, 339, 339, 331, 319, 
96510, 339, 339, 331, 316, 
96540, 339, 337, 332, 311, 
96571, 340, 338, 332, 307, 
96601, 340, 339, 334, 307, 
96631, 341, 338, 334, 306, 
96661, 338, 337, 336, 306, 
96691, 338, 338, 336, 308, 
96721, 339, 339, 336, 309, 
96751, 341, 340, 334, 309, 
96782, 337, 331, 338, 314, 
96812, 339, 335, 337, 317, 
96842, 341, 336, 334, 317, 
96872, 341, 336, 332, 317, 
96903, 339, 335, 330, 318, 
96932, 339, 334, 331, 320, 
96963, 338, 332, 333, 321, 
96993, 336, 329, 334, 325, 
97022, 335, 327, 334, 327, 
97053, 334, 326, 334, 330, 
97083, 337, 332, 333, 333, 
97114, 340, 337, 333, 336, 
97143, 343, 340, 332, 339, 
97174, 342, 341, 330, 342, 
97204, 341, 342, 331, 341, 
97234, 341, 341, 334, 343, 
97264, 342, 341, 333, 347, 
97295, 344, 341, 334, 352, 
97325, 344, 339, 335, 356, 
97354, 344, 338, 335, 361, 
97385, 344, 339, 335, 366, 
97415, 343, 339, 332, 367, 
97445, 343, 339, 330, 370, 
97475, 342, 339, 329, 373, 
97506, 339, 338, 330, 374, 
97536, 335, 337, 330, 372, 
97566, 333, 340, 330, 369, 
97596, 333, 341, 330, 364, 
97627, 327, 337, 331, 358, 
97656, 326, 338, 331, 349, 
97686, 325, 339, 332, 336, 
97717, 322, 342, 331, 321, 
97746, 321, 341, 329, 304, 
97777, 319, 341, 330, 290, 
97807, 317, 342, 332, 277, 
97838, 316, 340, 331, 266, 
97867, 315, 338, 332, 262, 
97898, 311, 336, 332, 257, 
97928, 313, 342, 332, 262, 
97957, 317, 347, 330, 270, 
97988, 316, 348, 328, 284, 
98018, 314, 351, 328, 295, 
98049, 308, 349, 327, 301, 
98078, 306, 347, 327, 306, 
98109, 305, 349, 328, 313, 
98139, 300, 344, 325, 313, 
98169, 302, 346, 326, 317, 
98199, 300, 344, 326, 317, 
98230, 297, 345, 326, 317, 
98259, 296, 348, 326, 321, 
98289, 291, 348, 327, 323, 
98320, 291, 345, 329, 325, 
98350, 290, 347, 330, 331, 
98380, 286, 348, 329, 334, 
98410, 283, 342, 330, 340, 
98441, 283, 344, 333, 345, 
98470, 284, 344, 332, 353, 
98501, 284, 345, 333, 355, 
98531, 290, 339, 334, 357, 
98562, 292, 337, 335, 356, 
98591, 295, 334, 335, 355, 
98621, 294, 330, 336, 354, 
98652, 297, 325, 336, 352, 
98681, 300, 320, 335, 352, 
98712, 305, 324, 335, 352, 
98742, 315, 331, 334, 354, 
98772, 320, 332, 334, 354, 
98802, 320, 332, 333, 352, 
98833, 324, 332, 335, 355, 
98863, 323, 329, 335, 353, 
98893, 324, 329, 334, 355, 
98923, 328, 328, 335, 354, 
98953, 328, 328, 335, 352, 
98983, 331, 325, 335, 353, 
99013, 332, 325, 336, 353, 
99044, 333, 323, 337, 355, 
99074, 332, 321, 338, 355, 
99104, 338, 322, 339, 360, 
99134, 340, 323, 339, 364, 
99165, 336, 317, 340, 366, 
99194, 342, 319, 344, 372, 
99225, 343, 319, 346, 381, 
99255, 344, 318, 347, 388, 
99284, 346, 314, 348, 397, 
99315, 348, 313, 351, 408, 
99345, 349, 313, 352, 415, 
99376, 350, 313, 351, 417, 
99405, 348, 313, 351, 413, 
99436, 348, 315, 351, 406, 
99466, 351, 319, 346, 395, 
99496, 355, 324, 345, 383, 
99526, 357, 327, 343, 370, 
99557, 358, 328, 342, 359, 
99587, 358, 327, 341, 351, 
99616, 358, 327, 341, 342, 
99647, 357, 326, 341, 336, 
99677, 357, 326, 341, 329, 
99707, 358, 324, 343, 328, 
99737, 357, 324, 341, 332, 
99768, 359, 321, 343, 335, 
99798, 358, 320, 344, 337, 
99828, 351, 318, 343, 339, 
99858, 350, 315, 340, 340, 
99888, 351, 316, 336, 340, 
99918, 353, 316, 334, 338, 
99948, 350, 312, 333, 337, 
99979, 354, 315, 335, 335, 
100008, 353, 320, 335, 329, 
100040, 356, 322, 334, 321, 
100071, 357, 325, 333, 314, 
100103, 356, 327, 335, 306, 
100133, 355, 328, 334, 301, 
100165, 354, 327, 334, 298, 
100196, 351, 327, 334, 297, 
100228, 348, 325, 333, 299, 
100258, 350, 330, 332, 302, 
100290, 352, 335, 332, 305, 
100321, 353, 337, 332, 308, 
100352, 352, 338, 332, 311, 
100383, 350, 338, 331, 313, 
100414, 349, 336, 333, 313, 
100446, 345, 338, 331, 311, 
100476, 348, 339, 331, 310, 
100508, 346, 339, 330, 301, 
100539, 343, 338, 329, 277, 
100571, 342, 340, 325, 251, 
100601, 337, 339, 320, 220, 
100633, 341, 340, 318, 203, 
100664, 339, 339, 315, 188, 
100696, 336, 337, 314, 187, 
100726, 339, 341, 313, 200, 
100758, 339, 341, 313, 214, 
100789, 337, 335, 316, 236, 
100819, 337, 339, 319, 257, 
100851, 337, 339, 318, 276, 
100882, 335, 340, 320, 292, 
100914, 335, 340, 324, 307, 
100944, 335, 338, 326, 319, 
100976, 330, 337, 329, 329, 
101007, 328, 337, 332, 336, 
101039, 324, 334, 333, 343, 
101069, 327, 335, 335, 350, 
101101, 331, 339, 336, 356, 
101132, 329, 343, 336, 362, 
101164, 332, 345, 337, 369, 
101194, 332, 344, 337, 369, 
101226, 331, 344, 337, 372, 
101257, 331, 343, 338, 373, 
101288, 332, 343, 339, 372, 
101319, 331, 342, 337, 370, 
101350, 331, 341, 339, 371, 
101382, 332, 340, 339, 370, 
101412, 332, 337, 339, 367, 
101444, 330, 337, 339, 366, 
101475, 330, 335, 337, 366, 
101507, 332, 334, 338, 367, 
101537, 328, 335, 337, 366, 
101569, 334, 336, 337, 366, 
101600, 328, 328, 336, 365, 
101632, 333, 331, 339, 364, 
101662, 332, 332, 337, 361, 
101694, 335, 334, 336, 360, 
101725, 332, 333, 336, 355, 
101756, 331, 334, 336, 352, 
101787, 328, 331, 335, 348, 
101818, 331, 330, 334, 345, 
101850, 325, 326, 334, 340, 
101880, 330, 328, 336, 338, 
101912, 329, 333, 334, 332, 
101943, 335, 337, 335, 333, 
101975, 337, 340, 334, 333, 
102005, 336, 340, 334, 337, 
102037, 335, 339, 334, 340, 
102068, 336, 339, 335, 344, 
