7, 
88311, 337, 337, 337, 336, 
88341, 340, 341, 340, 325, 
88371, 338, 339, 33334, 333, 335, 346, 
88281, 334, 332, 335, 347, 
88311, 337, 337, 337, 336, 
88341, 340, 341, 340, 325, 
88371, 338, 339, 33334, 333, 335, 346, 
88281, 334, 332, 335, 347, 
88311, 337, 337, 337, 336, 
88341, 340, 341, 340, 325, 
88371, 338, 339, 33334, 333, 335, 346, 
88281, 334, 332, 335, 347, 
88311, 337, 337, 337, 336, 
88341, 340, 341, 340, 325, 
88371, 338, 339, 330, 338, 341, 340, 324, 
1, 340, 341, 340, 325, 
2, 338, 338, 338, 329, 
11, 335, 335, 337, 341, 
37, 337, 334, 337, 342, 
65, 340, 342, 340, 328, 
92, 333, 331, 334, 349, 
119, 338, 338, 338, 335, 
147, 339, 340, 339, 332, 
175, 334, 332, 334, 351, 
203, 336, 336, 337, 339, 
231, 339, 341, 340, 329, 
260, 333, 333, 335, 347, 
287, 335, 334, 335, 342, 
316, 338, 342, 341, 327, 
344, 334, 334, 337, 344, 
371, 334, 333, 335, 346, 
400, 339, 341, 340, 328, 
428, 337, 336, 337, 340, 
456, 334, 332, 334, 349, 
484, 337, 340, 339, 330, 
512, 337, 338, 338, 336, 
540, 333, 331, 334, 351, 
568, 338, 339, 338, 333, 
596, 338, 339, 338, 332, 
624, 332, 331, 334, 352, 
653, 336, 337, 337, 337, 
680, 338, 341, 340, 329, 
708, 333, 332, 335, 350, 
737, 336, 336, 336, 341, 
764, 339, 342, 341, 328, 
793, 335, 333, 335, 345, 
821, 335, 334, 335, 344, 
849, 339, 342, 339, 327, 
877, 336, 336, 337, 342, 
905, 333, 332, 334, 348, 
933, 340, 341, 340, 329, 
961, 336, 337, 338, 338, 
990, 333, 332, 334, 352, 
1017, 338, 340, 339, 332, 
1046, 338, 341, 340, 331, 
1076, 333, 334, 335, 347, 
1104, 334, 333, 335, 348, 
1134, 338, 340, 339, 331, 
1163, 338, 340, 340, 332, 
1192, 333, 333, 335, 348, 
1221, 333, 333, 334, 348, 
1251, 338, 340, 339, 333, 
1280, 338, 340, 339, 332, 
1308, 333, 333, 335, 348, 
1338, 334, 333, 335, 347, 
1367, 338, 340, 339, 330, 
1396, 338, 341, 339, 332, 
1425, 334, 332, 335, 347, 
1455, 334, 333, 335, 346, 
1483, 338, 341, 339, 330, 
1512, 338, 340, 339, 333, 
1542, 334, 333, 335, 348, 
1570, 334, 333, 335, 346, 
1600, 339, 340, 339, 328, 
1629, 338, 341, 339, 332, 
1658, 333, 333, 335, 350, 
1687, 334, 333, 335, 346, 
1717, 339, 340, 339, 330, 
1745, 339, 339, 339, 333, 
1774, 333, 332, 335, 349, 
1804, 334, 333, 335, 345, 
1832, 337, 341, 339, 328, 
1862, 337, 339, 339, 333, 
1891, 333, 332, 335, 348, 
1921, 335, 334, 335, 344, 
1949, 341, 341, 340, 330, 
1978, 338, 340, 337, 333, 
2008, 333, 333, 334, 349, 
2036, 335, 335, 336, 344, 
2066, 340, 342, 341, 328, 
2095, 338, 339, 339, 334, 
2124, 333, 332, 335, 349, 
2153, 335, 334, 335, 344, 
2183, 339, 341, 340, 329, 
2211, 337, 339, 339, 334, 
2240, 335, 331, 334, 350, 
2270, 335, 334, 336, 343, 
2298, 341, 341, 340, 328, 
2328, 337, 339, 338, 334, 
2357, 333, 332, 334, 349, 
2386, 335, 335, 335, 344, 
2415, 339, 342, 340, 327, 
2444, 337, 338, 339, 335, 
2473, 333, 331, 334, 349, 
2502, 336, 335, 336, 342, 
2532, 340, 342, 340, 326, 
2561, 338, 337, 338, 335, 
2590, 333, 332, 334, 349, 
2619, 335, 335, 336, 341, 
2649, 340, 342, 340, 326, 
2677, 337, 338, 338, 335, 
2706, 334, 331, 335, 349, 
2736, 336, 335, 336, 340, 
2764, 341, 341, 340, 326, 
2794, 337, 338, 338, 334, 
2823, 334, 331, 334, 350, 
2852, 336, 335, 337, 341, 
2881, 340, 341, 340, 325, 
2910, 337, 339, 338, 335, 
2939, 334, 331, 334, 348, 
2968, 335, 335, 335, 340, 
2998, 339, 342, 340, 325, 
3026, 337, 338, 338, 334, 
3056, 334, 331, 334, 349, 
3085, 336, 335, 336, 337, 
3115, 340, 342, 340, 326, 
3143, 337, 338, 338, 335, 
3172, 334, 331, 334, 348, 
3202, 336, 335, 336, 337, 
3230, 340, 343, 341, 324, 
3260, 337, 337, 339, 335, 
3289, 333, 331, 335, 348, 
3318, 336, 336, 336, 337, 
3347, 340, 342, 340, 324, 
3376, 337, 336, 338, 336, 
3405, 334, 331, 334, 348, 
3434, 338, 336, 337, 337, 
3464, 340, 341, 340, 324, 
3492, 337, 336, 337, 336, 
3522, 334, 330, 335, 347, 
3551, 336, 337, 336, 337, 
3580, 340, 341, 340, 324, 
3609, 337, 335, 337, 336, 
3638, 333, 331, 335, 348, 
3667, 336, 336, 337, 336, 
3696, 338, 342, 340, 324, 
3726, 336, 337, 337, 337, 
3755, 333, 331, 333, 349, 
3784, 337, 336, 337, 335, 
3813, 340, 342, 340, 325, 
3842, 336, 337, 338, 338, 
3871, 333, 331, 334, 348, 
3900, 337, 336, 337, 336, 
3930, 339, 341, 339, 325, 
3958, 336, 336, 337, 338, 
3988, 334, 331, 334, 348, 
4017, 337, 337, 337, 336, 
4046, 339, 342, 340, 325, 
4075, 336, 336, 336, 338, 
4104, 333, 331, 335, 348, 
4133, 336, 337, 337, 335, 
4162, 338, 341, 340, 326, 
4192, 336, 336, 336, 340, 
4220, 333, 331, 334, 349, 
4250, 338, 337, 337, 336, 
4279, 339, 341, 341, 326, 
4307, 335, 335, 337, 340, 
4337, 334, 331, 334, 348, 
4366, 337, 336, 338, 335, 
4396, 339, 342, 340, 326, 
4424, 335, 335, 336, 340, 
4454, 333, 332, 334, 348, 
4483, 337, 337, 338, 333, 
4512, 339, 340, 340, 326, 
4541, 335, 335, 336, 341, 
4570, 332, 331, 334, 350, 
4599, 337, 338, 338, 334, 
4628, 339, 341, 340, 326, 
4658, 335, 335, 336, 342, 
4686, 333, 332, 334, 348, 
4716, 337, 338, 338, 333, 
4745, 339, 342, 340, 327, 
4773, 335, 336, 337, 341, 
4803, 333, 332, 334, 348, 
4832, 338, 338, 338, 333, 
4861, 339, 341, 340, 325, 
4890, 335, 336, 336, 342, 
4920, 334, 331, 334, 348, 
4948, 337, 338, 338, 333, 
4978, 339, 341, 340, 327, 
5007, 335, 334, 336, 342, 
5036, 334, 332, 334, 347, 
5065, 338, 339, 338, 334, 
5094, 338, 341, 340, 329, 
5124, 335, 335, 337, 343, 
5152, 333, 332, 334, 348, 
5182, 338, 339, 339, 333, 
5211, 339, 341, 340, 328, 
5239, 333, 334, 336, 344, 
5269, 332, 332, 334, 348, 
5298, 337, 339, 339, 332, 
5327, 338, 341, 338, 328, 
5356, 335, 334, 336, 344, 
5386, 334, 332, 334, 348, 
5414, 338, 340, 339, 333, 
5444, 338, 341, 340, 329, 
5473, 334, 334, 337, 344, 
5501, 334, 333, 334, 347, 
5531, 338, 339, 338, 332, 
5560, 339, 340, 341, 329, 
5590, 335, 334, 335, 345, 
5618, 334, 333, 334, 347, 
5648, 335, 339, 339, 331, 
5677, 338, 340, 340, 329, 
5705, 335, 335, 335, 345, 
5735, 335, 332, 334, 346, 
5764, 338, 339, 339, 330, 
5793, 339, 340, 340, 329, 
5822, 335, 333, 335, 344, 
5852, 334, 333, 334, 346, 
5880, 339, 339, 339, 331, 
5910, 341, 340, 339, 329, 
5939, 334, 333, 336, 345, 
5967, 334, 333, 335, 345, 
5997, 338, 339, 339, 330, 
6026, 338, 340, 340, 329, 
6055, 335, 333, 336, 345, 
6084, 334, 332, 335, 345, 
6114, 338, 339, 340, 329, 
6142, 339, 339, 340, 329, 
6171, 334, 333, 335, 345, 
6201, 334, 333, 335, 345, 
6230, 339, 340, 338, 328, 
6259, 338, 340, 339, 330, 
6288, 335, 333, 335, 346, 
6318, 334, 332, 335, 345, 
6346, 339, 340, 340, 329, 
6376, 339, 340, 339, 329, 
6405, 334, 332, 335, 346, 
6433, 337, 333, 335, 344, 
6463, 339, 340, 339, 328, 
6492, 338, 340, 339, 330, 
6521, 334, 333, 334, 347, 
6550, 336, 333, 335, 344, 
6580, 339, 340, 339, 328, 
6608, 338, 339, 339, 331, 
6637, 333, 332, 335, 347, 
6667, 335, 333, 335, 344, 
6695, 338, 340, 339, 328, 
6725, 337, 339, 339, 331, 
6754, 333, 333, 335, 347, 
6784, 335, 334, 335, 343, 
6812, 339, 341, 339, 327, 
6842, 338, 340, 339, 331, 
6871, 333, 332, 335, 347, 
6899, 335, 334, 336, 343, 
6929, 339, 341, 340, 327, 
6958, 337, 339, 339, 332, 
6987, 334, 331, 334, 347, 
7016, 335, 333, 335, 343, 
7046, 338, 340, 340, 327, 
7074, 336, 339, 340, 333, 
7103, 333, 332, 334, 348, 
7133, 335, 334, 335, 342, 
7161, 340, 341, 339, 328, 
7191, 337, 339, 339, 333, 
7220, 333, 332, 335, 348, 
7249, 335, 334, 335, 343, 
7278, 338, 341, 340, 327, 
7308, 337, 339, 339, 333, 
7336, 334, 331, 334, 349, 
7365, 335, 334, 334, 342, 
7395, 339, 341, 340, 327, 
7424, 337, 338, 340, 334, 
7453, 333, 331, 334, 349, 
7482, 335, 334, 335, 343, 
7512, 339, 342, 339, 326, 
7540, 337, 339, 338, 334, 
7569, 333, 332, 334, 349, 
7599, 335, 334, 336, 341, 
7627, 340, 341, 340, 326, 
7657, 337, 338, 338, 334, 
7686, 334, 331, 335, 349, 
7715, 336, 336, 337, 341, 
7744, 339, 342, 340, 326, 
7774, 337, 338, 339, 334, 
7802, 333, 331, 334, 349, 
7831, 336, 336, 336, 341, 
7861, 339, 341, 341, 326, 
7889, 337, 339, 337, 335, 
7919, 333, 331, 334, 349, 
7948, 335, 336, 337, 340, 
7977, 339, 341, 341, 326, 
8006, 335, 337, 338, 335, 
8035, 333, 332, 334, 349, 
8065, 336, 336, 336, 340, 
8093, 340, 341, 339, 326, 
8123, 336, 338, 337, 336, 
8152, 333, 331, 334, 349, 
8181, 336, 335, 336, 339, 
8210, 340, 341, 340, 326, 
8240, 336, 337, 337, 336, 
8268, 333, 331, 333, 349, 
8297, 336, 335, 337, 338, 
8327, 339, 342, 340, 326, 
8355, 337, 337, 338, 337, 
8385, 333, 331, 335, 349, 
8414, 337, 336, 336, 338, 
8443, 340, 342, 340, 326, 
8472, 337, 337, 337, 336, 
8501, 333, 331, 334, 349, 
8530, 336, 336, 337, 337, 
8559, 340, 342, 340, 325, 
8589, 336, 337, 337, 336, 
8617, 333, 331, 334, 349, 
8647, 336, 336, 337, 338, 
8676, 339, 341, 340, 326, 
8706, 337, 336, 337, 337, 
8734, 333, 331, 334, 349, 
8763, 336, 336, 336, 336, 
8793, 338, 342, 340, 325, 
8821, 336, 336, 337, 337, 
8851, 334, 331, 333, 349, 
8880, 336, 337, 337, 336, 
8909, 340, 342, 340, 325, 
8938, 336, 336, 337, 338, 
8967, 333, 331, 333, 349, 
8996, 336, 336, 337, 336, 
9025, 339, 341, 340, 326, 
9055, 336, 336, 337, 338, 
9083, 333, 331, 334, 349, 
9113, 336, 337, 337, 336, 
9142, 339, 343, 340, 326, 
9171, 334, 336, 337, 339, 
9200, 333, 332, 334, 349, 
9229, 336, 336, 337, 336, 
9259, 339, 342, 340, 326, 
9287, 336, 336, 337, 340, 
9317, 333, 331, 334, 350, 
9346, 338, 338, 337, 336, 
9375, 341, 342, 340, 326, 
9404, 336, 336, 337, 341, 
9433, 334, 332, 334, 349, 
9462, 337, 338, 337, 335, 
9491, 339, 342, 340, 326, 
9521, 335, 336, 337, 340, 
9549, 333, 331, 334, 350, 
9579, 337, 338, 338, 335, 
9608, 340, 342, 340, 327, 
9637, 335, 335, 337, 341, 
9666, 334, 331, 334, 349, 
9695, 338, 338, 337, 334, 
9724, 339, 341, 340, 327, 
9753, 336, 335, 337, 342, 
9783, 333, 332, 334, 349, 
9811, 337, 339, 338, 334, 
9841, 339, 341, 340, 327, 
9870, 335, 335, 336, 342, 
9899, 333, 332, 334, 348, 
9928, 338, 338, 337, 333, 
9957, 339, 341, 340, 327, 
9987, 335, 335, 336, 342, 
10015, 333, 332, 334, 348, 
10046, 337, 336, 336, 337, 
10076, 340, 342, 340, 326, 
10106, 339, 340, 340, 329, 
10136, 336, 335, 337, 342, 
10167, 334, 331, 335, 348, 
10196, 336, 334, 336, 340, 
10226, 339, 341, 340, 328, 
10257, 339, 340, 340, 327, 
10287, 336, 336, 339, 338, 
10317, 333, 331, 335, 349, 
10347, 335, 333, 335, 345, 
10378, 337, 338, 338, 332, 
10407, 339, 341, 340, 326, 
10438, 337, 338, 338, 335, 
10468, 333, 332, 335, 347, 
10498, 334, 332, 334, 348, 
10528, 337, 337, 337, 335, 
10558, 339, 342, 341, 326, 
10589, 337, 339, 339, 332, 
10618, 335, 334, 336, 344, 
10649, 333, 331, 334, 350, 
10679, 336, 335, 337, 341, 
10710, 339, 341, 339, 328, 
10739, 339, 340, 339, 328, 
10770, 335, 335, 337, 341, 
10800, 333, 332, 334, 349, 
10829, 335, 334, 335, 343, 
10860, 338, 339, 339, 331, 
10890, 340, 342, 340, 326, 
10920, 336, 337, 338, 335, 
10950, 333, 332, 334, 348, 
10981, 334, 332, 334, 346, 
11011, 338, 338, 337, 333, 
11041, 340, 342, 341, 325, 
11071, 337, 339, 339, 331, 
11102, 336, 333, 335, 345, 
11131, 334, 332, 334, 349, 
11161, 336, 336, 336, 338, 
11192, 339, 343, 340, 325, 
11222, 339, 340, 339, 330, 
11252, 335, 335, 337, 342, 
11282, 334, 331, 334, 349, 
11313, 335, 334, 336, 342, 
11342, 339, 340, 339, 330, 
11373, 339, 343, 341, 328, 
11403, 336, 337, 338, 338, 
11433, 333, 332, 334, 349, 
11463, 335, 334, 335, 346, 
11493, 338, 339, 338, 333, 
11524, 340, 342, 340, 326, 
11553, 337, 338, 339, 334, 
11584, 334, 333, 336, 347, 
11614, 334, 332, 334, 347, 
11644, 338, 337, 337, 336, 
11674, 339, 343, 340, 327, 
11705, 338, 340, 339, 332, 
11735, 335, 335, 336, 343, 
11765, 333, 331, 334, 350, 
11795, 336, 336, 337, 341, 
11825, 339, 341, 340, 328, 
11855, 339, 341, 341, 331, 
11885, 336, 336, 337, 340, 
11916, 333, 331, 335, 348, 
11945, 335, 333, 336, 344, 
11976, 338, 339, 339, 331, 
12006, 339, 342, 340, 326, 
12037, 337, 337, 338, 336, 
12066, 333, 333, 334, 347, 
12097, 334, 333, 334, 346, 
12127, 337, 338, 338, 335, 
12156, 339, 342, 340, 326, 
12187, 338, 339, 339, 333, 
12217, 334, 333, 335, 345, 
12248, 334, 332, 334, 349, 
12277, 336, 336, 336, 338, 
12308, 339, 341, 341, 328, 
12338, 338, 341, 340, 329, 
12368, 335, 334, 337, 343, 
12398, 334, 331, 334, 349, 
12428, 335, 334, 335, 342, 
12459, 338, 340, 340, 329, 
12488, 339, 342, 341, 327, 
12519, 336, 337, 337, 338, 
12549, 332, 331, 334, 349, 
12579, 334, 333, 335, 345, 
12609, 338, 339, 338, 332, 
12640, 339, 342, 341, 325, 
12669, 337, 338, 339, 334, 
12700, 334, 333, 335, 346, 
12730, 334, 333, 334, 348, 
12760, 337, 337, 337, 336, 
12790, 340, 342, 340, 325, 
12820, 338, 340, 339, 330, 
12851, 335, 335, 336, 343, 
12880, 333, 331, 334, 349, 
12911, 336, 335, 337, 339, 
12941, 339, 341, 340, 328, 
12972, 339, 341, 340, 328, 
13001, 336, 336, 337, 340, 
13032, 333, 331, 334, 349, 
13062, 335, 333, 336, 343, 
13091, 339, 339, 338, 331, 
13122, 339, 343, 340, 326, 
13152, 337, 338, 338, 336, 
13182, 334, 332, 336, 347, 
13212, 334, 332, 335, 345, 
13243, 337, 338, 339, 335, 
13273, 339, 343, 342, 325, 
13303, 338, 340, 339, 332, 
13333, 335, 334, 336, 344, 
13364, 334, 332, 334, 348, 
13393, 336, 336, 336, 337, 
13423, 339, 341, 340, 326, 
13454, 338, 340, 339, 329, 
13484, 335, 335, 337, 342, 
13514, 333, 332, 334, 349, 
13544, 335, 334, 336, 341, 
13575, 338, 340, 341, 329, 
13604, 339, 341, 340, 326, 
13635, 337, 336, 338, 337, 
13665, 333, 332, 334, 347, 
13696, 335, 333, 335, 343, 
13725, 337, 338, 338, 332, 
13755, 339, 343, 340, 325, 
13786, 337, 338, 338, 334, 
13815, 334, 333, 335, 347, 
13846, 333, 332, 334, 349, 
13876, 335, 337, 337, 338, 
13906, 340, 342, 340, 327, 
13936, 337, 340, 339, 333, 
13967, 334, 334, 335, 345, 
13997, 333, 331, 334, 351, 
14027, 336, 335, 336, 342, 
14057, 338, 341, 339, 330, 
14087, 339, 341, 339, 331, 
14117, 335, 336, 337, 342, 
14147, 332, 331, 334, 352, 
14178, 334, 333, 335, 346, 
14208, 337, 340, 338, 334, 
14238, 338, 342, 340, 329, 
14268, 336, 338, 338, 339, 
14299, 333, 332, 335, 351, 
14328, 333, 332, 335, 349, 
14358, 336, 337, 338, 337, 
14389, 339, 341, 341, 329, 
14418, 337, 339, 339, 336, 
14449, 333, 333, 336, 348, 
14479, 333, 331, 335, 350, 
14510, 335, 336, 336, 340, 
14539, 338, 341, 339, 328, 
14570, 338, 340, 339, 331, 
14600, 335, 336, 336, 343, 
14630, 333, 331, 334, 349, 
14660, 335, 335, 336, 343, 
14690, 338, 340, 339, 331, 
14721, 338, 340, 340, 327, 
14750, 336, 337, 338, 338, 
14781, 334, 331, 334, 349, 
14811, 334, 333, 335, 345, 
14841, 338, 340, 339, 332, 
14871, 340, 341, 340, 325, 
14902, 337, 338, 337, 334, 
14931, 333, 333, 335, 346, 
14962, 334, 332, 333, 346, 
14992, 337, 337, 337, 335, 
15022, 340, 341, 341, 325, 
15052, 339, 339, 339, 331, 
15082, 334, 334, 336, 342, 
15113, 334, 331, 334, 348, 
15142, 338, 335, 337, 339, 
15173, 340, 340, 340, 327, 
15203, 340, 341, 340, 326, 
15234, 336, 335, 337, 340, 
15263, 334, 331, 334, 348, 
15294, 335, 335, 335, 341, 
15324, 339, 339, 340, 329, 
15353, 341, 341, 340, 326, 
15384, 337, 338, 338, 335, 
15414, 334, 332, 335, 346, 
15444, 336, 333, 334, 344, 
15474, 338, 338, 337, 332, 
15505, 340, 340, 343, 324, 
15535, 338, 340, 340, 332, 
15565, 335, 333, 335, 344, 
15595, 334, 332, 334, 347, 
15626, 337, 336, 337, 336, 
15655, 340, 341, 340, 326, 
15685, 340, 340, 340, 329, 
15716, 335, 335, 336, 343, 
15746, 333, 331, 335, 349, 
15776, 335, 334, 336, 342, 
15806, 339, 340, 339, 328, 
15837, 339, 342, 340, 327, 
15866, 337, 336, 338, 338, 
15897, 332, 331, 335, 349, 
15927, 334, 334, 335, 344, 
15958, 337, 339, 338, 333, 
15987, 339, 342, 341, 326, 
16017, 337, 338, 338, 335, 
16048, 334, 333, 336, 347, 
16077, 335, 332, 334, 347, 
16108, 338, 337, 337, 335, 
16138, 339, 342, 340, 325, 
16168, 338, 339, 339, 331, 
16198, 335, 334, 336, 344, 
16229, 334, 331, 335, 349, 
16259, 336, 336, 336, 338, 
16288, 340, 342, 340, 327, 
16319, 339, 341, 341, 328, 
16349, 337, 336, 337, 340, 
16379, 333, 332, 334, 349, 
16409, 335, 334, 336, 342, 
16440, 338, 339, 339, 329, 
16470, 340, 342, 340, 326, 
16500, 336, 336, 337, 337, 
16530, 334, 332, 335, 348, 
16561, 334, 332, 334, 345, 
16590, 338, 338, 339, 333, 
16620, 340, 343, 340, 325, 
16651, 338, 339, 338, 332, 
16680, 334, 333, 335, 345, 
16711, 334, 332, 334, 348, 
16741, 336, 337, 337, 337, 
16772, 340, 342, 341, 326, 
16801, 338, 340, 339, 330, 
16832, 334, 334, 336, 341, 
16862, 333, 331, 334, 349, 
16892, 336, 335, 336, 340, 
16922, 339, 341, 340, 328, 
16952, 339, 342, 340, 329, 
16983, 336, 337, 337, 339, 
17012, 333, 331, 335, 348, 
17043, 335, 333, 335, 343, 
17073, 338, 338, 339, 331, 
17103, 339, 342, 341, 325, 
17133, 337, 338, 338, 335, 
17164, 334, 332, 335, 346, 
17193, 335, 333, 334, 346, 
17224, 337, 337, 337, 335, 
17254, 340, 341, 340, 326, 
17284, 338, 339, 339, 332, 
17314, 334, 334, 336, 345, 
17344, 333, 332, 334, 348, 
17375, 336, 336, 337, 338, 
17404, 339, 342, 340, 327, 
17435, 339, 340, 340, 330, 
17465, 336, 335, 336, 343, 
17496, 334, 332, 334, 350, 
17525, 335, 335, 336, 342, 
17556, 339, 340, 339, 330, 
17586, 339, 341, 340, 329, 
17615, 336, 336, 337, 338, 
17646, 333, 332, 334, 349, 
17676, 334, 334, 335, 346, 
17707, 337, 338, 338, 333, 
17736, 339, 342, 340, 326, 
17767, 336, 338, 339, 335, 
17797, 333, 333, 335, 347, 
17827, 334, 333, 335, 348, 
17857, 337, 337, 337, 339, 
17888, 339, 342, 340, 328, 
17917, 339, 340, 339, 332, 
17947, 334, 334, 336, 345, 
17978, 333, 332, 334, 350, 
18008, 336, 335, 336, 341, 
18038, 338, 341, 340, 329, 
18068, 339, 340, 341, 329, 
18099, 336, 336, 338, 342, 
18128, 333, 332, 334, 350, 
18159, 335, 334, 335, 344, 
18189, 338, 340, 339, 331, 
18219, 340, 342, 340, 325, 
18249, 337, 337, 338, 336, 
18279, 333, 332, 335, 348, 
18310, 334, 332, 334, 346, 
18339, 337, 337, 337, 333, 
18370, 340, 341, 340, 326, 
18400, 337, 338, 339, 333, 
18430, 334, 334, 336, 344, 
18460, 334, 332, 334, 347, 
18491, 336, 336, 336, 336, 
18521, 339, 341, 340, 325, 
18550, 338, 340, 340, 329, 
18581, 336, 335, 336, 341, 
18611, 334, 331, 334, 348, 
18641, 336, 335, 337, 340, 
18671, 339, 340, 339, 327, 
18702, 339, 341, 341, 326, 
18732, 337, 336, 337, 338, 
18762, 334, 332, 334, 346, 
18792, 335, 333, 336, 343, 
18823, 338, 338, 339, 330, 
18852, 340, 341, 340, 324, 
18882, 337, 338, 338, 334, 
18913, 335, 333, 335, 346, 
18942, 334, 332, 335, 347, 
18973, 337, 337, 338, 334, 
19003, 340, 341, 341, 325, 
19034, 338, 339, 339, 331, 
19063, 335, 334, 337, 343, 
19094, 334, 331, 334, 348, 
19124, 337, 336, 336, 338, 
19154, 340, 341, 340, 325, 
19184, 339, 340, 340, 329, 
19214, 336, 336, 336, 339, 
19245, 334, 331, 334, 347, 
19274, 334, 334, 337, 341, 
19305, 339, 341, 339, 328, 
19335, 339, 342, 340, 326, 
19365, 337, 337, 337, 336, 
19395, 334, 332, 334, 348, 
19426, 335, 333, 335, 344, 
19456, 338, 338, 338, 331, 
19486, 340, 342, 341, 325, 
19516, 337, 338, 339, 333, 
19546, 334, 333, 335, 345, 
19576, 333, 332, 334, 346, 
19606, 336, 336, 337, 336, 
19637, 339, 341, 341, 325, 
19666, 338, 339, 339, 331, 
19697, 335, 334, 336, 342, 
19727, 333, 331, 334, 348, 
19758, 336, 335, 336, 339, 
19787, 339, 340, 340, 327, 
19818, 339, 341, 340, 327, 
19848, 336, 336, 337, 339, 
19877, 335, 331, 334, 348, 
19908, 334, 333, 336, 343, 
19938, 338, 339, 338, 330, 
19969, 339, 341, 341, 325, 
19998, 336, 337, 337, 335, 
20029, 333, 332, 335, 348, 
20059, 334, 332, 334, 345, 
20089, 337, 337, 337, 333, 
20119, 339, 341, 340, 325, 
20149, 337, 338, 338, 332, 
20179, 334, 334, 336, 345, 
20209, 333, 332, 334, 348, 
20240, 337, 336, 336, 338, 
20270, 340, 341, 340, 326, 
20300, 338, 340, 339, 330, 
20330, 335, 335, 336, 342, 
20361, 333, 331, 334, 350, 
20390, 335, 334, 336, 342, 
20421, 338, 340, 339, 330, 
20451, 339, 341, 340, 328, 
20481, 336, 336, 336, 340, 
20511, 333, 332, 334, 350, 
20541, 335, 334, 335, 346, 
20572, 338, 339, 338, 334, 
20601, 339, 342, 341, 328, 
20632, 336, 339, 338, 336, 
20662, 333, 333, 335, 348, 
20692, 334, 332, 334, 348, 
20722, 336, 337, 337, 337, 
20753, 339, 342, 340, 327, 
20783, 337, 340, 339, 333, 
20812, 334, 335, 336, 346, 
20843, 333, 331, 334, 350, 
20873, 334, 336, 337, 340, 
20903, 338, 342, 340, 328, 
20933, 338, 341, 339, 329, 
20964, 335, 335, 336, 341, 
20994, 332, 331, 335, 350, 
21024, 334, 334, 336, 343, 
21054, 338, 340, 339, 330, 
21085, 338, 341, 340, 327, 
21114, 336, 337, 337, 337, 
21144, 333, 332, 334, 348, 
21175, 334, 333, 335, 345, 
21204, 337, 338, 338, 333, 
21235, 338, 342, 341, 326, 
21265, 337, 337, 338, 334, 
21296, 334, 333, 335, 346, 
21325, 334, 332, 334, 348, 
21356, 337, 338, 338, 336, 
21386, 339, 343, 340, 326, 
21416, 338, 339, 340, 331, 
21446, 333, 334, 335, 343, 
21476, 333, 332, 334, 349, 
21507, 336, 335, 337, 340, 
21536, 339, 341, 339, 328, 
21567, 339, 339, 340, 328, 
21597, 336, 336, 335, 341, 
21627, 333, 331, 334, 350, 
21657, 336, 334, 335, 344, 
21688, 338, 340, 339, 331, 
21718, 340, 342, 340, 327, 
21748, 336, 337, 338, 337, 
21778, 334, 332, 334, 349, 
21808, 334, 333, 334, 346, 
21838, 337, 338, 337, 334, 
21868, 340, 343, 340, 327, 
21899, 338, 339, 338, 334, 
21928, 334, 333, 335, 346, 
21959, 333, 332, 334, 349, 
21989, 336, 336, 336, 338, 
22020, 339, 341, 339, 327, 
22049, 338, 340, 339, 331, 
22079, 336, 334, 336, 343, 
22110, 333, 331, 333, 350, 
22139, 336, 335, 335, 341, 
22170, 338, 341, 339, 330, 
22200, 339, 341, 339, 329, 
22231, 336, 336, 337, 340, 
22260, 333, 332, 334, 350, 
22291, 334, 333, 335, 345, 
22321, 338, 339, 338, 332, 
22351, 339, 342, 340, 326, 
22381, 336, 338, 338, 337, 
22411, 333, 332, 335, 348, 
22441, 333, 332, 334, 347, 
22471, 337, 337, 337, 335, 
22502, 339, 342, 340, 327, 
22532, 337, 339, 339, 334, 
22562, 335, 334, 335, 346, 
22592, 333, 331, 335, 349, 
22623, 336, 337, 336, 339, 
22652, 338, 341, 339, 328, 
22683, 338, 340, 339, 330, 
22713, 335, 335, 335, 342, 
22743, 333, 332, 334, 350, 
22773, 335, 335, 336, 342, 
22803, 338, 341, 339, 330, 
22834, 338, 341, 340, 328, 
22863, 336, 335, 337, 338, 
22894, 333, 331, 334, 349, 
22924, 334, 333, 335, 345, 
22955, 338, 339, 339, 332, 
22984, 340, 342, 340, 326, 
23015, 337, 338, 338, 335, 
23045, 334, 332, 335, 347, 
23074, 334, 333, 334, 347, 
23105, 337, 337, 336, 336, 
23135, 340, 342, 340, 326, 
23165, 338, 340, 339, 331, 
23195, 335, 333, 335, 344, 
23226, 333, 331, 335, 349, 
23256, 336, 335, 336, 340, 
23286, 340, 341, 339, 327, 
23316, 339, 341, 340, 329, 
23347, 336, 335, 337, 340, 
23376, 333, 331, 334, 349, 
23406, 335, 334, 335, 342, 
23437, 338, 340, 338, 329, 
23467, 339, 341, 341, 326, 
23497, 336, 337, 337, 337, 
23527, 333, 332, 333, 348, 
23558, 333, 332, 334, 346, 
23587, 337, 337, 338, 333, 
23618, 339, 341, 340, 326, 
23648, 338, 338, 338, 334, 
23678, 334, 333, 335, 346, 
23708, 333, 332, 334, 347, 
23738, 335, 336, 338, 336, 
23769, 339, 342, 341, 326, 
23798, 338, 339, 339, 331, 
23829, 335, 335, 336, 344, 
23859, 334, 331, 333, 349, 
23889, 336, 335, 335, 341, 
23919, 339, 341, 339, 328, 
23950, 339, 342, 340, 328, 
23980, 337, 336, 337, 340, 
24009, 334, 331, 335, 350, 
24040, 336, 333, 335, 343, 
24070, 339, 340, 339, 330, 
24100, 340, 341, 341, 326, 
24130, 338, 337, 338, 336, 
24161, 333, 331, 334, 347, 
24190, 334, 333, 334, 347, 
24221, 338, 338, 339, 334, 
24251, 340, 343, 340, 325, 
24282, 339, 339, 339, 334, 
24311, 334, 333, 334, 345, 
24341, 334, 331, 334, 348, 
24372, 337, 336, 336, 337, 
24401, 341, 341, 340, 326, 
24432, 339, 341, 339, 329, 
24462, 336, 335, 337, 342, 
24493, 333, 331, 334, 348, 
24522, 335, 335, 336, 342, 
24553, 339, 340, 339, 330, 
24583, 339, 341, 340, 327, 
24613, 336, 337, 338, 338, 
24643, 334, 331, 335, 348, 
24673, 335, 333, 336, 344, 
24704, 338, 339, 339, 332, 
24733, 340, 343, 341, 325, 
24764, 338, 338, 338, 334, 
24794, 334, 333, 335, 346, 
24824, 335, 332, 335, 345, 
24854, 337, 336, 337, 334, 
24885, 339, 343, 341, 324, 
24914, 339, 340, 339, 331, 
24945, 335, 334, 337, 343, 
24975, 333, 331, 334, 348, 
25005, 337, 335, 337, 337, 
25035, 339, 341, 339, 326, 
25065, 338, 340, 339, 329, 
25096, 335, 336, 338, 341, 
25125, 333, 331, 334, 348, 
25156, 336, 334, 335, 342, 
25186, 340, 339, 340, 330, 
25217, 339, 341, 340, 326, 
25246, 335, 337, 338, 337, 
25277, 334, 331, 335, 348, 
25307, 335, 333, 335, 345, 
25336, 339, 339, 338, 332, 
25367, 341, 342, 340, 325, 
25397, 338, 338, 338, 332, 
25427, 334, 333, 336, 345, 
25457, 334, 332, 335, 348, 
25488, 337, 337, 337, 336, 
25518, 340, 342, 341, 325, 
25548, 339, 340, 340, 331, 
25578, 335, 334, 336, 342, 
25609, 333, 331, 334, 350, 
25638, 336, 335, 336, 340, 
25668, 339, 340, 340, 328, 
25699, 339, 341, 340, 327, 
25729, 336, 336, 337, 339, 
25759, 333, 331, 334, 350, 
25789, 335, 334, 335, 344, 
25820, 338, 339, 339, 332, 
25849, 339, 342, 340, 326, 
25880, 338, 338, 339, 337, 
25910, 334, 333, 335, 348, 
25939, 335, 333, 334, 349, 
25970, 337, 338, 337, 335, 
26000, 339, 342, 340, 327, 
26031, 339, 339, 339, 334, 
26060, 334, 334, 335, 345, 
26091, 334, 332, 334, 349, 
26121, 336, 336, 337, 340, 
26151, 339, 341, 340, 327, 
26181, 339, 340, 341, 330, 
26212, 335, 335, 337, 342, 
26242, 333, 331, 334, 350, 
26271, 335, 334, 336, 343, 
26302, 338, 339, 339, 331, 
26332, 338, 341, 340, 328, 
26362, 336, 336, 337, 338, 
26392, 334, 331, 334, 350, 
26423, 335, 333, 335, 345, 
26452, 338, 338, 338, 333, 
26483, 340, 341, 340, 327, 
26513, 337, 338, 338, 334, 
26544, 334, 333, 335, 347, 
26573, 334, 332, 334, 348, 
26603, 337, 338, 337, 337, 
26634, 340, 342, 340, 326, 
26663, 339, 340, 339, 332, 
26694, 335, 334, 337, 344, 
26724, 333, 331, 334, 350, 
26755, 336, 335, 337, 341, 
26784, 339, 341, 339, 328, 
26815, 339, 341, 340, 327, 
26845, 336, 337, 337, 341, 
26875, 332, 331, 334, 349, 
26905, 335, 334, 335, 344, 
26935, 338, 339, 339, 333, 
26966, 340, 342, 339, 328, 
26995, 336, 338, 337, 338, 
27026, 333, 332, 334, 349, 
27056, 334, 332, 334, 347, 
27086, 337, 338, 337, 336, 
27116, 339, 342, 339, 327, 
27147, 338, 339, 338, 334, 
27176, 334, 334, 336, 347, 
27207, 333, 331, 334, 350, 
27237, 336, 335, 336, 339, 
27267, 339, 341, 340, 328, 
27297, 339, 340, 339, 331, 
27327, 336, 335, 336, 343, 
27358, 333, 331, 334, 350, 
27387, 335, 335, 336, 343, 
27418, 340, 340, 339, 330, 
27448, 339, 342, 340, 328, 
27479, 336, 336, 337, 340, 
27508, 334, 332, 334, 350, 
27539, 334, 333, 335, 347, 
27569, 338, 338, 339, 334, 
27598, 339, 342, 340, 326, 
27629, 337, 338, 339, 335, 
27659, 333, 332, 335, 348, 
27689, 335, 332, 334, 348, 
27719, 336, 337, 337, 337, 
27750, 339, 341, 340, 327, 
27780, 338, 340, 339, 331, 
27810, 335, 334, 336, 344, 
27840, 334, 331, 335, 350, 
27870, 336, 335, 336, 340, 
27900, 339, 341, 339, 328, 
27930, 340, 341, 339, 329, 
27961, 336, 337, 337, 341, 
27991, 333, 331, 334, 349, 
28021, 334, 334, 335, 344, 
28051, 340, 339, 340, 332, 
28082, 339, 342, 340, 328, 
28111, 337, 338, 338, 337, 
28142, 334, 332, 334, 348, 
28172, 334, 332, 335, 347, 
28201, 338, 337, 338, 335, 
28232, 340, 342, 341, 326, 
28262, 337, 340, 339, 333, 
28293, 335, 333, 336, 346, 
28322, 333, 331, 334, 349, 
28353, 336, 336, 337, 338, 
28383, 339, 341, 340, 327, 
28413, 339, 340, 339, 330, 
28443, 335, 334, 336, 342, 
28474, 333, 331, 332, 350, 
28504, 335, 334, 335, 343, 
28533, 338, 340, 339, 330, 
28564, 339, 341, 340, 327, 
28594, 335, 336, 337, 339, 
28624, 333, 332, 334, 350, 
28654, 334, 333, 334, 346, 
28685, 338, 339, 338, 335, 
28715, 339, 342, 340, 327, 
28745, 337, 338, 338, 335, 
28775, 334, 333, 335, 347, 
28806, 334, 332, 334, 348, 
28835, 336, 336, 337, 337, 
28865, 339, 342, 340, 327, 
28896, 338, 340, 339, 333, 
28925, 334, 334, 336, 345, 
28956, 334, 331, 333, 352, 
28986, 336, 336, 336, 341, 
29017, 339, 341, 340, 329, 
29046, 337, 341, 339, 330, 
29077, 336, 336, 336, 341, 
29107, 334, 331, 334, 350, 
29137, 335, 334, 336, 344, 
29167, 338, 341, 338, 332, 
29197, 339, 341, 340, 327, 
29228, 336, 337, 338, 337, 
29257, 334, 332, 334, 348, 
29288, 334, 332, 334, 347, 
29318, 338, 338, 336, 334, 
29348, 339, 343, 340, 326, 
29378, 338, 339, 339, 333, 
29409, 335, 334, 335, 346, 
29438, 334, 332, 334, 349, 
29469, 337, 336, 337, 339, 
29499, 340, 341, 339, 326, 
29529, 338, 341, 340, 330, 
29559, 335, 335, 337, 341, 
29589, 334, 332, 334, 349, 
29620, 335, 334, 336, 341, 
29649, 339, 340, 339, 329, 
29680, 340, 341, 340, 327, 
29710, 336, 338, 337, 337, 
29741, 333, 331, 334, 349, 
29770, 334, 333, 335, 345, 
29800, 339, 338, 338, 332, 
29831, 340, 341, 341, 327, 
29860, 338, 338, 339, 335, 
29891, 334, 333, 335, 346, 
29921, 334, 332, 335, 347, 
29952, 337, 337, 337, 336, 
29981, 339, 342, 340, 326, 
30012, 338, 339, 339, 331, 
30042, 335, 334, 335, 343, 
30072, 333, 332, 333, 349, 
30102, 335, 335, 336, 339, 
30132, 339, 340, 339, 327, 
30162, 338, 341, 339, 328, 
30192, 335, 335, 337, 340, 
30223, 334, 331, 335, 349, 
30253, 335, 334, 335, 342, 
30283, 339, 339, 339, 330, 
30313, 339, 341, 341, 326, 
30344, 337, 338, 337, 337, 
30373, 334, 332, 334, 347, 
30404, 335, 332, 336, 346, 
30434, 337, 338, 338, 334, 
30464, 339, 342, 340, 325, 
30494, 337, 338, 338, 332, 
30524, 334, 333, 335, 346, 
30555, 333, 331, 334, 348, 
30584, 337, 336, 336, 337, 
30615, 339, 341, 340, 326, 
30645, 338, 340, 340, 329, 
30675, 335, 334, 336, 342, 
30705, 334, 332, 334, 349, 
30736, 336, 334, 336, 341, 
30766, 339, 340, 339, 328, 
30795, 339, 341, 340, 327, 
30826, 336, 336, 337, 337, 
30856, 334, 331, 334, 348, 
30886, 334, 333, 336, 343, 
30916, 338, 338, 338, 331, 
30947, 340, 342, 340, 325, 
30977, 338, 338, 337, 333, 
31007, 334, 333, 334, 346, 
31037, 334, 332, 334, 347, 
31068, 337, 337, 337, 336, 
31097, 339, 341, 340, 325, 
31127, 338, 339, 339, 332, 
31158, 334, 333, 336, 343, 
31187, 334, 331, 333, 348, 
31218, 336, 335, 336, 340, 
31248, 339, 341, 339, 328, 
31279, 338, 340, 339, 327, 
31308, 336, 335, 336, 340, 
31339, 333, 331, 334, 349, 
31369, 335, 334, 334, 342, 
31399, 338, 339, 338, 331, 
31429, 339, 341, 340, 327, 
31459, 336, 337, 337, 337, 
31490, 334, 332, 334, 349, 
31519, 334, 332, 334, 345, 
31550, 337, 338, 337, 333, 
31580, 339, 341, 340, 326, 
31610, 337, 339, 338, 333, 
31640, 335, 333, 336, 345, 
31671, 334, 332, 334, 348, 
31700, 335, 336, 338, 337, 
31730, 339, 341, 341, 326, 
31761, 338, 340, 339, 331, 
31791, 335, 335, 336, 342, 
31821, 333, 331, 333, 349, 
31851, 335, 335, 336, 341, 
31882, 339, 340, 338, 329, 
31911, 340, 341, 340, 327, 
31942, 336, 336, 338, 339, 
31972, 333, 331, 334, 349, 
32003, 334, 333, 335, 344, 
32032, 337, 339, 338, 331, 
32062, 339, 342, 340, 326, 
32093, 337, 338, 337, 335, 
32122, 334, 332, 334, 347, 
32153, 335, 332, 335, 346, 
32183, 337, 337, 337, 335, 
32214, 340, 341, 340, 326, 
32243, 337, 339, 339, 333, 
32274, 334, 334, 335, 346, 
32304, 333, 331, 334, 349, 
32334, 337, 337, 336, 339, 
32364, 339, 341, 340, 327, 
32394, 338, 340, 340, 329, 
32424, 335, 335, 336, 341, 
32454, 333, 331, 335, 349, 
32485, 335, 334, 336, 342, 
32515, 339, 340, 340, 330, 
32545, 339, 341, 340, 327, 
32575, 337, 337, 337, 337, 
32606, 333, 332, 334, 348, 
32635, 335, 333, 335, 345, 
32666, 338, 338, 338, 333, 
32696, 339, 342, 340, 326, 
32726, 337, 338, 338, 335, 
32756, 334, 333, 335, 346, 
32786, 334, 332, 335, 347, 
32817, 337, 336, 337, 337, 
32846, 339, 341, 340, 326, 
32877, 338, 339, 340, 331, 
32907, 335, 334, 336, 343, 
32937, 333, 332, 334, 349, 
32967, 335, 335, 336, 340, 
32998, 338, 340, 339, 328, 
33028, 339, 340, 338, 328, 
33057, 336, 336, 337, 339, 
33088, 333, 331, 334, 350, 
33118, 335, 333, 335, 344, 
33148, 338, 339, 339, 331, 
33178, 339, 341, 340, 327, 
33209, 336, 337, 336, 336, 
33239, 333, 332, 335, 347, 
33269, 334, 332, 335, 346, 
33299, 337, 337, 337, 335, 
33330, 339, 342, 340, 326, 
33359, 337, 339, 337, 332, 
33389, 334, 333, 335, 345, 
33420, 334, 331, 334, 348, 
33449, 336, 336, 336, 338, 
33480, 339, 341, 339, 327, 
33510, 338, 340, 339, 330, 
33541, 335, 334, 336, 341, 
33570, 333, 331, 332, 349, 
33601, 336, 334, 335, 342, 
33631, 339, 340, 339, 329, 
33660, 339, 341, 340, 328, 
33691, 336, 336, 337, 338, 
33721, 333, 330, 334, 347, 
33752, 334, 331, 335, 346, 
33781, 339, 338, 338, 332, 
33812, 339, 341, 340, 326, 
33842, 337, 338, 338, 336, 
33872, 334, 332, 335, 347, 
33902, 334, 332, 334, 347, 
33933, 337, 337, 337, 337, 
33963, 339, 341, 340, 326, 
33992, 337, 339, 339, 332, 
34023, 334, 334, 336, 344, 
34053, 334, 331, 334, 349, 
34083, 335, 335, 336, 339, 
34113, 339, 341, 339, 328, 
34144, 339, 341, 340, 329, 
34173, 336, 335, 336, 341, 
34204, 334, 331, 334, 349, 
34234, 334, 333, 335, 343, 
34265, 338, 341, 339, 332, 
34294, 339, 341, 340, 327, 
34324, 337, 337, 337, 337, 
34355, 333, 332, 334, 348, 
34384, 334, 333, 335, 346, 
34415, 337, 337, 338, 333, 
34445, 340, 342, 340, 326, 
34476, 337, 338, 338, 333, 
34505, 334, 333, 335, 345, 
34536, 333, 331, 334, 349, 
34566, 336, 337, 337, 336, 
34596, 340, 341, 340, 327, 
34626, 338, 340, 339, 330, 
34656, 335, 334, 336, 342, 
34686, 333, 331, 334, 349, 
34716, 335, 334, 336, 341, 
34747, 339, 340, 339, 329, 
34777, 339, 341, 340, 329, 
34807, 335, 336, 337, 340, 
34837, 332, 331, 335, 349, 
34868, 334, 334, 335, 343, 
34897, 337, 339, 339, 331, 
34928, 340, 342, 340, 326, 
34958, 337, 337, 338, 336, 
34988, 334, 332, 334, 348, 
35018, 334, 333, 334, 346, 
35048, 338, 338, 338, 334, 
35079, 340, 341, 341, 325, 
35108, 337, 338, 339, 332, 
35139, 334, 333, 335, 345, 
35169, 333, 331, 334, 348, 
35200, 336, 335, 336, 340, 
35229, 340, 341, 340, 326, 
35260, 338, 340, 340, 331, 
35290, 335, 334, 335, 342, 
35319, 333, 332, 334, 349, 
35350, 336, 334, 335, 343, 
35380, 339, 340, 338, 329, 
35410, 339, 342, 341, 327, 
35440, 337, 336, 337, 339, 
35471, 333, 331, 334, 348, 
35501, 335, 333, 335, 344, 
35531, 338, 338, 338, 332, 
35561, 340, 341, 340, 325, 
35591, 337, 338, 338, 334, 
35621, 334, 332, 335, 346, 
35651, 334, 331, 334, 347, 
35682, 337, 336, 336, 335, 
35712, 339, 341, 340, 326, 
35742, 337, 339, 340, 331, 
35772, 334, 333, 336, 343, 
35803, 334, 331, 333, 349, 
35832, 336, 335, 335, 339, 
35863, 339, 341, 340, 328, 
35893, 338, 341, 340, 329, 
35922, 336, 336, 336, 340, 
35953, 333, 331, 335, 349, 
35983, 335, 333, 336, 342, 
36014, 338, 340, 339, 330, 
36043, 339, 341, 340, 326, 
36074, 336, 337, 337, 336, 
36104, 333, 332, 334, 348, 
36134, 334, 333, 335, 345, 
36164, 338, 337, 339, 333, 
36195, 340, 341, 341, 326, 
36225, 337, 339, 338, 333, 
36254, 334, 334, 335, 345, 
36285, 333, 332, 334, 348, 
36315, 336, 336, 338, 336, 
36345, 340, 341, 340, 325, 
36375, 338, 339, 339, 331, 
36406, 335, 334, 336, 342, 
36435, 333, 331, 334, 350, 
36466, 336, 335, 337, 340, 
36496, 339, 340, 339, 329, 
36527, 339, 342, 341, 328, 
36556, 336, 336, 337, 340, 
36586, 333, 332, 334, 349, 
36617, 335, 333, 335, 344, 
36646, 338, 339, 338, 333, 
36677, 340, 342, 340, 327, 
36707, 337, 339, 336, 336, 
36738, 334, 332, 335, 348, 
36767, 334, 332, 334, 347, 
36798, 338, 338, 338, 336, 
36828, 339, 342, 340, 327, 
36858, 337, 339, 339, 333, 
36888, 335, 334, 335, 345, 
36918, 334, 331, 334, 349, 
36948, 336, 336, 336, 340, 
36978, 339, 341, 341, 327, 
37009, 339, 341, 339, 330, 
37039, 336, 335, 336, 343, 
37069, 334, 332, 334, 350, 
37099, 335, 335, 336, 342, 
37130, 339, 340, 339, 330, 
37159, 339, 341, 340, 328, 
37190, 336, 338, 338, 338, 
37220, 334, 332, 334, 349, 
37250, 335, 334, 335, 345, 
37280, 338, 338, 338, 333, 
37310, 339, 342, 340, 327, 
37341, 337, 338, 338, 334, 
37370, 334, 333, 335, 347, 
37401, 334, 332, 334, 348, 
37431, 337, 337, 337, 336, 
37462, 339, 341, 341, 328, 
37491, 338, 339, 339, 331, 
37521, 335, 335, 334, 344, 
37552, 334, 331, 334, 349, 
37581, 336, 335, 336, 340, 
37612, 339, 343, 340, 328, 
37642, 338, 341, 340, 328, 
37672, 335, 335, 337, 340, 
37702, 333, 332, 334, 350, 
37733, 335, 334, 335, 343, 
37763, 338, 341, 339, 330, 
37793, 339, 342, 340, 327, 
37823, 337, 337, 338, 337, 
37853, 334, 333, 334, 348, 
37883, 334, 332, 333, 345, 
37913, 338, 339, 338, 334, 
37944, 339, 342, 340, 327, 
37974, 337, 339, 339, 333, 
38004, 334, 333, 335, 345, 
38034, 334, 332, 334, 349, 
38065, 336, 336, 337, 337, 
38094, 338, 341, 340, 326, 
38125, 338, 340, 339, 329, 
38155, 335, 335, 337, 341, 
38184, 334, 331, 333, 349, 
38215, 336, 334, 337, 340, 
38245, 339, 340, 340, 328, 
38276, 339, 341, 340, 327, 
38305, 336, 336, 337, 338, 
38336, 333, 332, 334, 348, 
38366, 334, 334, 335, 343, 
38396, 339, 338, 338, 331, 
38426, 341, 342, 340, 325, 
38457, 338, 337, 338, 335, 
38487, 334, 332, 334, 347, 
38516, 334, 332, 336, 347, 
38547, 337, 337, 337, 335, 
38577, 339, 342, 340, 325, 
38607, 339, 339, 339, 331, 
38637, 334, 333, 335, 344, 
38668, 333, 331, 334, 348, 
38697, 336, 336, 336, 338, 
38728, 339, 342, 341, 327, 
38758, 338, 339, 339, 329, 
38789, 334, 335, 337, 341, 
38818, 333, 331, 333, 349, 
38848, 335, 334, 335, 342, 
38879, 339, 340, 339, 329, 
38908, 338, 342, 340, 327, 
38939, 336, 337, 337, 339, 
38969, 333, 332, 334, 348, 
39000, 334, 333, 334, 345, 
39029, 337, 338, 338, 333, 
39060, 339, 342, 340, 325, 
39090, 337, 338, 339, 335, 
39120, 333, 333, 335, 347, 
39150, 333, 332, 334, 347, 
39180, 336, 337, 337, 336, 
39211, 340, 342, 340, 327, 
39240, 338, 339, 339, 331, 
39271, 335, 334, 336, 343, 
39301, 333, 332, 334, 349, 
39331, 336, 335, 336, 340, 
39361, 339, 341, 339, 328, 
39392, 339, 341, 340, 328, 
39421, 335, 336, 337, 343, 
39451, 333, 331, 334, 350, 
39482, 335, 335, 335, 343, 
39512, 338, 339, 339, 331, 
39542, 339, 342, 340, 327, 
39572, 337, 337, 337, 338, 
39603, 334, 332, 335, 349, 
39632, 334, 333, 335, 347, 
39663, 337, 338, 338, 334, 
39693, 340, 342, 340, 326, 
39724, 337, 339, 339, 334, 
39753, 335, 334, 335, 345, 
39783, 333, 332, 333, 348, 
39814, 337, 337, 337, 338, 
39843, 339, 341, 340, 327, 
39874, 338, 340, 340, 331, 
39904, 335, 335, 336, 343, 
39934, 333, 331, 333, 350, 
39964, 335, 335, 336, 342, 
39995, 339, 340, 339, 329, 
40025, 338, 341, 340, 329, 
40055, 336, 335, 337, 340, 
40085, 333, 331, 334, 350, 
40115, 335, 334, 335, 344, 
40145, 338, 339, 339, 331, 
40175, 339, 341, 340, 326, 
40206, 337, 337, 338, 336, 
40236, 332, 332, 334, 348, 
40266, 333, 332, 334, 346, 
40296, 337, 338, 337, 335, 
40327, 339, 341, 340, 326, 
40356, 337, 339, 339, 333, 
40387, 333, 333, 335, 345, 
40417, 333, 331, 333, 348, 
40446, 336, 337, 336, 339, 
40477, 339, 342, 339, 328, 
40507, 338, 340, 338, 330, 
40538, 335, 335, 336, 341, 
40567, 333, 330, 333, 349, 
40598, 336, 334, 335, 341, 
40628, 337, 340, 339, 329, 
40658, 339, 341, 340, 328, 
40688, 336, 336, 337, 338, 
40719, 333, 331, 334, 348, 
40749, 334, 332, 335, 344, 
40778, 337, 338, 338, 332, 
40809, 339, 341, 340, 325, 
40839, 337, 338, 338, 334, 
40869, 333, 332, 335, 347, 
40899, 333, 332, 334, 347, 
40930, 337, 337, 337, 336, 
40960, 339, 341, 340, 326, 
40990, 338, 339, 339, 331, 
41020, 334, 334, 336, 344, 
41051, 333, 331, 333, 348, 
41080, 335, 334, 337, 339, 
41110, 338, 341, 341, 327, 
41141, 339, 341, 340, 329, 
41170, 335, 337, 336, 340, 
41201, 333, 331, 334, 349, 
41231, 335, 333, 335, 342, 
41262, 338, 339, 338, 330, 
41291, 339, 341, 340, 327, 
41322, 336, 337, 338, 337, 
41352, 334, 332, 334, 347, 
41381, 335, 333, 334, 345, 
41412, 337, 338, 337, 332, 
41442, 340, 341, 341, 325, 
41473, 337, 338, 339, 333, 
41502, 334, 333, 335, 345, 
41533, 334, 332, 334, 348, 
41563, 338, 337, 337, 337, 
41593, 340, 341, 340, 327, 
41623, 338, 340, 339, 331, 
41654, 335, 334, 334, 343, 
41683, 333, 331, 334, 349, 
41713, 336, 335, 335, 339, 
41744, 339, 340, 339, 328, 
41774, 338, 340, 340, 329, 
41804, 335, 334, 337, 339, 
41834, 333, 331, 334, 349, 
41865, 334, 333, 335, 343, 
41894, 339, 339, 338, 331, 
41925, 340, 341, 340, 326, 
41955, 337, 337, 337, 336, 
41986, 334, 332, 334, 348, 
42015, 333, 332, 334, 346, 
42045, 337, 338, 338, 333, 
42076, 338, 342, 340, 326, 
42105, 338, 340, 338, 332, 
42136, 334, 333, 335, 345, 
42166, 333, 332, 334, 348, 
42196, 337, 336, 336, 337, 
42226, 339, 341, 340, 326, 
42257, 337, 340, 339, 329, 
42287, 335, 336, 337, 341, 
42317, 334, 331, 334, 349, 
42347, 336, 333, 336, 341, 
42377, 339, 340, 339, 329, 
42407, 339, 341, 340, 327, 
42437, 335, 336, 337, 339, 
42468, 332, 331, 334, 348, 
42498, 334, 333, 335, 345, 
42528, 338, 339, 338, 331, 
42558, 340, 342, 340, 326, 
42589, 337, 337, 338, 335, 
42618, 335, 332, 335, 347, 
42649, 333, 332, 334, 347, 
42679, 337, 338, 338, 334, 
42708, 340, 342, 341, 327, 
42739, 339, 339, 339, 331, 
42769, 334, 334, 336, 344, 
42800, 333, 331, 334, 348, 
42829, 336, 335, 337, 338, 
42860, 339, 341, 339, 325, 
42890, 338, 340, 340, 329, 
42920, 336, 335, 336, 341, 
42950, 333, 331, 334, 349, 
42981, 335, 334, 335, 342, 
43011, 339, 340, 339, 330, 
43040, 338, 341, 341, 327, 
43071, 336, 337, 336, 336, 
43101, 333, 331, 334, 348, 
43131, 334, 333, 335, 345, 
43161, 337, 338, 338, 333, 
43192, 339, 342, 340, 326, 
43222, 338, 338, 338, 335, 
43252, 334, 332, 335, 347, 
43282, 335, 332, 334, 347, 
43312, 337, 337, 337, 336, 
43342, 339, 341, 340, 327, 
43372, 338, 339, 339, 332, 
43403, 335, 334, 336, 344, 
43432, 333, 331, 334, 349, 
43463, 336, 336, 336, 339, 
43493, 339, 341, 340, 328, 
43524, 338, 340, 339, 329, 
43553, 335, 335, 336, 340, 
43584, 334, 332, 333, 351, 
43614, 335, 334, 335, 343, 
43643, 338, 339, 339, 332, 
43674, 339, 340, 340, 328, 
43704, 336, 337, 337, 337, 
43735, 333, 332, 334, 348, 
43764, 334, 333, 335, 346, 
43795, 337, 338, 337, 334, 
43825, 339, 342, 340, 326, 
43855, 338, 338, 338, 335, 
