60, 332, 330, 333, 348, 
1, 334, 333, 334, 347, 
2, 334, 335, 336, 342, 
11, 338, 339, 337, 335, 
37, 338, 341, 340, 333, 
65, 334, 332, 332, 349, 
92, 339, 342, 339, 329, 
119, 336, 335, 337, 342, 
147, 334, 332, 335, 347, 
175, 339, 341, 341, 329, 
203, 337, 338, 339, 338, 
231, 334, 332, 334, 351, 
260, 339, 341, 339, 331, 
287, 338, 340, 339, 335, 
316, 333, 332, 334, 350, 
344, 338, 338, 338, 335, 
371, 339, 340, 340, 331, 
400, 334, 332, 334, 349, 
428, 337, 337, 337, 338, 
456, 339, 341, 341, 329, 
484, 334, 334, 335, 347, 
512, 337, 335, 336, 342, 
540, 340, 343, 341, 327, 
568, 335, 335, 336, 343, 
596, 336, 334, 335, 346, 
624, 339, 342, 340, 327, 
653, 336, 336, 337, 340, 
680, 333, 333, 334, 348, 
708, 339, 342, 339, 329, 
737, 336, 339, 339, 336, 
764, 334, 331, 332, 350, 
793, 339, 340, 338, 332, 
821, 338, 339, 340, 333, 
849, 334, 332, 334, 350, 
877, 337, 337, 337, 336, 
905, 339, 341, 340, 329, 
933, 334, 332, 334, 348, 
961, 336, 336, 337, 339, 
990, 339, 342, 342, 327, 
1017, 335, 333, 336, 346, 
1046, 334, 333, 335, 346, 
1076, 338, 340, 339, 331, 
1104, 339, 340, 340, 331, 
1134, 334, 333, 335, 346, 
1163, 334, 333, 334, 346, 
1192, 339, 340, 339, 330, 
1221, 339, 340, 341, 331, 
1251, 335, 333, 335, 346, 
1280, 334, 333, 335, 346, 
1308, 338, 340, 340, 331, 
1338, 338, 340, 340, 332, 
1367, 334, 333, 335, 348, 
1396, 334, 333, 335, 345, 
1425, 339, 342, 339, 329, 
1455, 338, 340, 340, 332, 
1483, 334, 332, 335, 348, 
1512, 334, 333, 335, 344, 
1542, 339, 341, 340, 329, 
1570, 338, 340, 341, 332, 
1600, 333, 332, 335, 348, 
1629, 335, 334, 335, 344, 
1658, 339, 341, 340, 329, 
1687, 338, 339, 339, 333, 
1717, 334, 333, 335, 347, 
1745, 335, 334, 336, 344, 
1774, 339, 342, 340, 329, 
1804, 338, 339, 339, 334, 
1832, 334, 332, 336, 349, 
1862, 335, 334, 336, 343, 
1891, 340, 343, 340, 328, 
1921, 338, 339, 341, 334, 
1949, 335, 332, 335, 349, 
1978, 335, 335, 336, 342, 
2008, 340, 342, 340, 327, 
2036, 338, 339, 339, 334, 
2066, 334, 332, 334, 350, 
2095, 335, 335, 336, 342, 
2124, 339, 342, 340, 327, 
2153, 337, 338, 338, 335, 
2183, 333, 331, 334, 349, 
2211, 336, 335, 335, 340, 
2240, 340, 340, 341, 327, 
2270, 337, 338, 339, 335, 
2298, 333, 331, 335, 349, 
2328, 336, 336, 336, 340, 
2357, 339, 342, 341, 326, 
2386, 337, 338, 339, 336, 
2415, 333, 332, 334, 349, 
2444, 336, 336, 336, 338, 
2473, 341, 342, 342, 327, 
2502, 337, 338, 338, 337, 
2532, 333, 332, 334, 350, 
2561, 336, 336, 336, 339, 
2590, 340, 342, 342, 326, 
2619, 337, 338, 338, 337, 
2649, 334, 332, 334, 350, 
2677, 336, 337, 337, 339, 
2706, 340, 342, 341, 327, 
2736, 338, 337, 338, 338, 
2764, 334, 331, 334, 349, 
2794, 336, 337, 337, 338, 
2823, 340, 342, 341, 326, 
2852, 337, 338, 338, 338, 
2881, 335, 331, 336, 350, 
2910, 336, 337, 336, 337, 
2939, 339, 343, 341, 327, 
2968, 336, 337, 338, 341, 
2998, 333, 332, 334, 350, 
3026, 337, 337, 337, 337, 
3056, 340, 343, 341, 325, 
3085, 336, 336, 337, 340, 
3115, 333, 331, 333, 349, 
3143, 338, 337, 337, 337, 
3172, 340, 343, 341, 327, 
3202, 336, 336, 337, 340, 
3230, 333, 332, 334, 350, 
3260, 338, 338, 338, 335, 
3289, 340, 342, 340, 327, 
3318, 337, 336, 337, 341, 
3347, 333, 331, 334, 350, 
3376, 337, 338, 338, 335, 
3405, 339, 342, 343, 327, 
3434, 336, 335, 337, 342, 
3464, 334, 331, 333, 349, 
3492, 337, 338, 338, 334, 
3522, 339, 341, 342, 326, 
3551, 336, 336, 337, 342, 
3580, 334, 332, 334, 349, 
3609, 338, 339, 338, 333, 
3638, 340, 342, 341, 329, 
3667, 335, 335, 336, 343, 
3696, 333, 332, 333, 348, 
3726, 337, 338, 337, 333, 
3755, 339, 341, 340, 328, 
3784, 336, 334, 336, 343, 
3813, 334, 332, 334, 347, 
3842, 338, 339, 338, 332, 
3871, 340, 342, 341, 328, 
3900, 335, 335, 336, 344, 
3930, 333, 332, 333, 347, 
3958, 339, 339, 338, 331, 
3988, 339, 341, 340, 329, 
4017, 334, 334, 337, 345, 
4046, 334, 333, 334, 347, 
4075, 338, 339, 338, 331, 
4104, 339, 341, 340, 331, 
4133, 335, 333, 336, 345, 
4162, 334, 333, 335, 347, 
4192, 339, 340, 338, 331, 
4220, 339, 341, 341, 331, 
4250, 334, 334, 336, 346, 
4279, 334, 333, 335, 346, 
4307, 339, 341, 339, 330, 
4337, 339, 341, 340, 331, 
4366, 334, 333, 334, 345, 
4396, 335, 333, 334, 347, 
4424, 339, 340, 339, 331, 
4454, 339, 341, 340, 331, 
4483, 334, 333, 335, 347, 
4512, 334, 333, 335, 345, 
4541, 339, 342, 340, 329, 
4570, 338, 340, 340, 330, 
4599, 334, 333, 335, 347, 
4628, 335, 334, 335, 345, 
4658, 339, 341, 339, 330, 
4686, 339, 340, 340, 332, 
4716, 334, 333, 335, 348, 
4745, 336, 334, 335, 345, 
4773, 340, 342, 340, 329, 
4803, 340, 340, 340, 334, 
4832, 334, 331, 335, 348, 
4861, 334, 335, 336, 343, 
4890, 340, 341, 340, 328, 
4920, 338, 339, 339, 333, 
4948, 333, 332, 335, 348, 
4978, 335, 334, 335, 343, 
5007, 339, 342, 340, 327, 
5036, 338, 339, 340, 334, 
5065, 333, 331, 334, 349, 
5094, 335, 335, 337, 342, 
5124, 339, 342, 341, 327, 
5152, 337, 339, 340, 334, 
5182, 334, 332, 334, 349, 
5211, 335, 335, 335, 341, 
5239, 339, 341, 340, 327, 
5269, 337, 341, 338, 335, 
5298, 333, 331, 334, 349, 
5327, 335, 335, 335, 341, 
5356, 339, 342, 341, 327, 
5386, 337, 338, 338, 335, 
5414, 333, 331, 333, 350, 
5444, 335, 335, 336, 340, 
5473, 339, 342, 340, 326, 
5501, 339, 338, 339, 336, 
5531, 333, 331, 334, 349, 
5560, 336, 336, 336, 339, 
5590, 340, 342, 341, 326, 
5618, 337, 337, 338, 336, 
5648, 334, 331, 333, 349, 
5677, 337, 336, 336, 339, 
5705, 339, 342, 340, 326, 
5735, 337, 337, 338, 337, 
5764, 333, 331, 334, 350, 
5793, 336, 337, 336, 338, 
5822, 340, 342, 341, 326, 
5852, 336, 337, 338, 337, 
5880, 333, 333, 335, 349, 
5910, 336, 337, 337, 337, 
5939, 339, 342, 341, 325, 
5967, 336, 337, 337, 338, 
5997, 334, 330, 334, 349, 
6026, 336, 336, 336, 337, 
6055, 339, 342, 341, 326, 
6084, 336, 337, 337, 339, 
6114, 333, 331, 334, 350, 
6142, 336, 337, 337, 336, 
6171, 339, 342, 340, 327, 
6201, 336, 336, 337, 340, 
6230, 333, 332, 333, 349, 
6259, 337, 337, 337, 336, 
6288, 339, 341, 341, 326, 
6318, 336, 336, 337, 340, 
6346, 333, 330, 333, 349, 
6376, 338, 338, 337, 335, 
6405, 339, 342, 341, 327, 
6433, 336, 335, 338, 341, 
6463, 334, 332, 335, 349, 
6492, 338, 339, 338, 333, 
6521, 340, 341, 341, 327, 
6550, 335, 335, 336, 341, 
6580, 333, 333, 335, 348, 
6608, 338, 338, 338, 334, 
6637, 339, 342, 341, 327, 
6667, 335, 335, 337, 342, 
6695, 334, 332, 334, 348, 
6725, 339, 339, 338, 332, 
6754, 339, 341, 341, 328, 
6784, 336, 334, 338, 343, 
6812, 334, 333, 334, 347, 
6842, 338, 339, 338, 332, 
6871, 339, 341, 341, 328, 
6899, 335, 334, 336, 343, 
6929, 334, 333, 334, 346, 
6958, 338, 339, 339, 331, 
6987, 339, 341, 341, 329, 
7016, 335, 334, 336, 344, 
7046, 334, 333, 334, 346, 
7074, 338, 340, 339, 331, 
7103, 339, 341, 340, 329, 
7133, 334, 334, 336, 345, 
7161, 334, 333, 335, 346, 
7191, 339, 340, 339, 331, 
7220, 338, 340, 340, 330, 
7249, 334, 333, 335, 345, 
7278, 335, 333, 334, 346, 
7308, 338, 341, 339, 330, 
7336, 339, 341, 340, 331, 
7365, 333, 333, 336, 346, 
7395, 334, 334, 335, 345, 
7424, 339, 341, 340, 330, 
7453, 338, 340, 340, 331, 
7482, 335, 333, 335, 347, 
7512, 335, 334, 335, 344, 
7540, 339, 342, 340, 329, 
7569, 338, 341, 340, 331, 
7599, 334, 333, 335, 348, 
7627, 335, 333, 336, 344, 
7657, 339, 341, 340, 328, 
7686, 338, 341, 341, 333, 
7715, 334, 332, 335, 348, 
7744, 335, 334, 334, 344, 
7774, 340, 342, 340, 328, 
7802, 338, 339, 340, 333, 
7831, 333, 332, 334, 348, 
7861, 335, 335, 335, 343, 
7889, 340, 341, 340, 328, 
7919, 338, 339, 339, 334, 
7948, 334, 332, 335, 350, 
7977, 335, 334, 336, 343, 
8006, 339, 342, 340, 328, 
8035, 338, 340, 339, 334, 
8065, 333, 332, 334, 349, 
8093, 335, 335, 335, 341, 
8123, 340, 342, 340, 327, 
8152, 337, 338, 339, 336, 
8181, 333, 332, 334, 349, 
8210, 336, 335, 336, 341, 
8240, 340, 342, 341, 327, 
8268, 337, 338, 339, 336, 
8297, 334, 332, 334, 350, 
8327, 336, 336, 337, 340, 
8355, 339, 342, 340, 327, 
8385, 337, 337, 339, 337, 
8414, 333, 331, 335, 350, 
8443, 337, 336, 336, 340, 
8472, 341, 343, 341, 328, 
8501, 337, 337, 339, 336, 
8530, 334, 331, 334, 350, 
8559, 337, 336, 336, 340, 
8589, 340, 342, 341, 326, 
8617, 337, 337, 338, 338, 
8647, 333, 330, 333, 350, 
8676, 337, 337, 336, 338, 
8706, 340, 342, 341, 326, 
8734, 336, 336, 338, 338, 
8763, 333, 331, 333, 349, 
8793, 336, 337, 336, 337, 
8821, 339, 342, 342, 327, 
8851, 336, 336, 337, 339, 
8880, 333, 332, 333, 349, 
8909, 337, 338, 337, 336, 
8938, 339, 342, 340, 326, 
8967, 337, 336, 337, 340, 
8996, 334, 331, 334, 350, 
9025, 337, 337, 338, 335, 
9055, 340, 342, 342, 327, 
9083, 336, 336, 337, 341, 
9113, 334, 331, 334, 349, 
9142, 337, 339, 337, 335, 
9171, 340, 341, 341, 328, 
9200, 336, 335, 338, 342, 
9229, 334, 333, 334, 349, 
9259, 338, 338, 338, 335, 
9287, 339, 342, 340, 329, 
9317, 335, 335, 337, 343, 
9346, 333, 332, 334, 349, 
9375, 337, 338, 338, 335, 
9404, 339, 341, 340, 329, 
9433, 335, 334, 337, 343, 
9462, 334, 333, 335, 349, 
9491, 338, 339, 338, 334, 
9521, 339, 341, 341, 329, 
9549, 335, 335, 336, 344, 
9579, 335, 332, 335, 348, 
9608, 338, 339, 339, 333, 
9637, 339, 341, 341, 329, 
9666, 334, 334, 337, 345, 
9695, 334, 332, 334, 347, 
9724, 338, 339, 339, 331, 
9753, 339, 341, 340, 329, 
9783, 335, 334, 336, 345, 
9811, 334, 332, 335, 346, 
9841, 338, 339, 338, 331, 
9870, 339, 341, 341, 329, 
9899, 334, 334, 336, 345, 
9928, 336, 334, 335, 345, 
9957, 340, 341, 339, 330, 
9987, 339, 340, 340, 330, 
10015, 334, 333, 336, 345, 
10046, 334, 332, 334, 348, 
10076, 337, 336, 337, 337, 
10106, 339, 342, 340, 328, 
10136, 339, 340, 340, 331, 
10167, 335, 334, 336, 343, 
10196, 334, 331, 333, 349, 
10226, 337, 336, 336, 340, 
10257, 339, 341, 340, 329, 
10287, 339, 341, 340, 328, 
10317, 336, 335, 337, 341, 
10347, 333, 331, 334, 350, 
10378, 335, 334, 335, 343, 
10407, 338, 339, 337, 332, 
10438, 340, 342, 339, 327, 
10468, 338, 338, 338, 337, 
10498, 334, 331, 335, 348, 
10528, 334, 333, 334, 346, 
10558, 339, 338, 337, 334, 
10589, 340, 343, 341, 327, 
10618, 337, 339, 339, 332, 
10649, 334, 333, 336, 346, 
10679, 334, 332, 334, 348, 
10710, 337, 337, 337, 337, 
10739, 340, 342, 341, 326, 
10770, 339, 338, 340, 330, 
10800, 335, 335, 336, 344, 
10829, 333, 331, 334, 349, 
10860, 337, 335, 336, 341, 
10890, 339, 339, 340, 328, 
10920, 339, 341, 340, 327, 
10950, 337, 336, 337, 340, 
10981, 333, 331, 334, 349, 
11011, 335, 335, 335, 343, 
11041, 338, 340, 339, 331, 
11071, 340, 342, 341, 326, 
11102, 337, 338, 338, 336, 
11131, 334, 332, 335, 348, 
11161, 334, 332, 335, 346, 
11192, 338, 338, 338, 335, 
11222, 340, 341, 341, 327, 
11252, 338, 339, 340, 335, 
11282, 334, 334, 336, 346, 
11313, 334, 331, 334, 348, 
11342, 335, 337, 337, 338, 
11373, 340, 342, 341, 327, 
11403, 339, 340, 340, 332, 
11433, 335, 334, 336, 343, 
11463, 333, 331, 334, 349, 
11493, 337, 335, 336, 340, 
11524, 339, 341, 339, 329, 
11553, 339, 341, 341, 329, 
11584, 335, 335, 337, 340, 
11614, 333, 331, 334, 350, 
11644, 335, 334, 335, 344, 
11674, 338, 341, 339, 332, 
11705, 339, 342, 341, 327, 
11735, 337, 337, 338, 337, 
11765, 333, 332, 334, 349, 
11795, 334, 332, 334, 348, 
11825, 338, 339, 337, 337, 
11855, 340, 342, 340, 327, 
11885, 337, 339, 339, 335, 
11916, 334, 333, 335, 347, 
11945, 334, 332, 334, 349, 
11976, 336, 336, 336, 338, 
12006, 339, 342, 340, 327, 
12037, 339, 340, 340, 331, 
12066, 337, 334, 337, 344, 
12097, 333, 331, 334, 350, 
12127, 335, 335, 335, 342, 
12156, 340, 341, 340, 329, 
12187, 339, 342, 340, 328, 
12217, 336, 336, 337, 340, 
12248, 333, 331, 334, 349, 
12277, 335, 334, 335, 344, 
12308, 338, 339, 339, 332, 
12338, 340, 342, 342, 326, 
12368, 337, 338, 337, 336, 
12398, 334, 333, 335, 347, 
12428, 334, 333, 334, 346, 
12459, 337, 338, 338, 334, 
12488, 339, 342, 341, 327, 
12519, 338, 339, 339, 333, 
12549, 334, 333, 335, 345, 
12579, 333, 332, 334, 348, 
12609, 337, 335, 337, 339, 
12640, 340, 341, 340, 327, 
12669, 338, 340, 341, 330, 
12700, 335, 335, 336, 342, 
12730, 333, 331, 334, 350, 
12760, 335, 336, 336, 341, 
12790, 338, 340, 339, 329, 
12820, 339, 341, 340, 328, 
12851, 336, 337, 338, 340, 
12880, 333, 331, 334, 349, 
12911, 335, 334, 335, 344, 
12941, 338, 340, 339, 332, 
12972, 339, 342, 341, 326, 
13001, 337, 338, 339, 336, 
13032, 333, 333, 335, 349, 
13062, 334, 334, 334, 346, 
13091, 338, 338, 339, 335, 
13122, 338, 342, 341, 326, 
13152, 339, 340, 339, 333, 
13182, 334, 333, 335, 346, 
13212, 333, 332, 334, 349, 
13243, 336, 335, 336, 338, 
13273, 339, 341, 341, 327, 
13303, 338, 341, 340, 331, 
13333, 335, 335, 336, 343, 
13364, 333, 331, 334, 351, 
13393, 335, 335, 335, 342, 
13423, 339, 341, 340, 330, 
13454, 339, 340, 341, 329, 
13484, 336, 336, 338, 340, 
13514, 333, 331, 334, 350, 
13544, 334, 334, 335, 345, 
13575, 338, 340, 339, 332, 
13604, 340, 343, 341, 327, 
13635, 337, 338, 338, 336, 
13665, 335, 332, 335, 348, 
13696, 334, 333, 334, 345, 
13725, 337, 338, 337, 335, 
13755, 339, 342, 341, 326, 
13786, 338, 340, 338, 333, 
13815, 335, 334, 336, 345, 
13846, 333, 332, 334, 348, 
13876, 337, 337, 336, 338, 
13906, 340, 342, 340, 327, 
13936, 339, 340, 341, 330, 
13967, 336, 335, 336, 342, 
13997, 333, 331, 334, 349, 
14027, 335, 335, 337, 341, 
14057, 339, 340, 339, 329, 
14087, 339, 341, 340, 327, 
14117, 336, 337, 337, 339, 
14147, 335, 332, 334, 349, 
14178, 335, 332, 335, 344, 
14208, 338, 339, 338, 332, 
14238, 340, 344, 341, 326, 
14268, 337, 338, 338, 336, 
14299, 334, 333, 335, 347, 
14328, 334, 334, 334, 347, 
14358, 337, 338, 337, 335, 
14389, 339, 342, 341, 325, 
14418, 339, 340, 339, 332, 
14449, 335, 333, 336, 345, 
14479, 334, 331, 334, 349, 
14510, 337, 337, 337, 338, 
14539, 339, 342, 341, 327, 
14570, 339, 340, 340, 330, 
14600, 336, 336, 336, 342, 
14630, 334, 332, 334, 350, 
14660, 336, 335, 336, 341, 
14690, 339, 342, 340, 329, 
14721, 339, 342, 341, 326, 
14750, 336, 337, 339, 339, 
14781, 333, 331, 334, 349, 
14811, 335, 333, 335, 345, 
14841, 338, 339, 340, 333, 
14871, 340, 342, 341, 327, 
14902, 337, 338, 339, 336, 
14931, 335, 332, 335, 347, 
14962, 335, 333, 334, 347, 
14992, 337, 337, 337, 336, 
15022, 340, 343, 341, 326, 
15052, 338, 340, 339, 332, 
15082, 334, 334, 336, 345, 
15113, 334, 332, 335, 350, 
15142, 337, 337, 336, 339, 
15173, 339, 341, 340, 328, 
15203, 339, 341, 340, 330, 
15234, 336, 334, 337, 342, 
15263, 333, 332, 334, 350, 
15294, 335, 335, 335, 342, 
15324, 339, 341, 340, 330, 
15353, 339, 341, 341, 328, 
15384, 337, 336, 338, 339, 
15414, 335, 332, 334, 349, 
15444, 334, 334, 334, 345, 
15474, 338, 339, 336, 333, 
15505, 341, 342, 341, 327, 
15535, 338, 339, 339, 336, 
15565, 334, 333, 335, 348, 
15595, 335, 333, 334, 348, 
15626, 337, 338, 337, 336, 
15655, 340, 342, 340, 327, 
15685, 338, 340, 340, 333, 
15716, 334, 334, 336, 344, 
15746, 334, 332, 334, 350, 
15776, 336, 336, 336, 341, 
15806, 339, 341, 339, 328, 
15837, 339, 340, 340, 329, 
15866, 336, 335, 337, 341, 
15897, 333, 331, 334, 349, 
15927, 336, 334, 335, 341, 
15958, 339, 340, 339, 330, 
15987, 339, 341, 341, 327, 
16017, 336, 337, 338, 338, 
16048, 335, 332, 334, 349, 
16077, 333, 333, 335, 345, 
16108, 339, 339, 338, 333, 
16138, 340, 341, 341, 326, 
16168, 337, 338, 339, 334, 
16198, 334, 332, 335, 347, 
16229, 333, 332, 334, 348, 
16259, 337, 337, 337, 336, 
16288, 341, 342, 341, 327, 
16319, 340, 339, 340, 332, 
16349, 335, 334, 336, 345, 
16379, 333, 331, 335, 349, 
16409, 337, 336, 337, 339, 
16440, 339, 341, 340, 328, 
16470, 339, 341, 341, 330, 
16500, 336, 336, 337, 341, 
16530, 333, 332, 334, 351, 
16561, 335, 334, 335, 343, 
16590, 340, 340, 339, 330, 
16620, 339, 342, 341, 327, 
16651, 336, 337, 339, 339, 
16680, 334, 332, 335, 349, 
16711, 334, 334, 335, 346, 
16741, 338, 338, 338, 334, 
16772, 340, 342, 341, 327, 
16801, 337, 339, 339, 335, 
16832, 335, 333, 335, 349, 
16862, 335, 333, 334, 348, 
16892, 337, 337, 337, 337, 
16922, 340, 342, 341, 327, 
16952, 339, 341, 340, 333, 
16983, 335, 334, 336, 344, 
17012, 333, 332, 334, 349, 
17043, 336, 336, 336, 339, 
17073, 339, 341, 340, 328, 
17103, 339, 342, 340, 329, 
17133, 336, 336, 337, 341, 
17164, 333, 331, 334, 349, 
17193, 335, 334, 335, 343, 
17224, 339, 341, 339, 330, 
17254, 340, 343, 341, 327, 
17284, 337, 337, 337, 337, 
17314, 334, 332, 334, 348, 
17344, 335, 333, 334, 346, 
17375, 338, 339, 338, 334, 
17404, 340, 341, 341, 326, 
17435, 338, 338, 339, 334, 
17465, 334, 333, 335, 346, 
17496, 334, 332, 334, 347, 
17525, 338, 338, 337, 336, 
17556, 340, 342, 341, 326, 
17586, 339, 340, 339, 331, 
17615, 335, 334, 335, 343, 
17646, 334, 331, 333, 349, 
17676, 336, 336, 336, 340, 
17707, 339, 341, 340, 328, 
17736, 339, 341, 340, 329, 
17767, 336, 336, 337, 341, 
17797, 333, 332, 334, 349, 
17827, 336, 334, 335, 343, 
17857, 339, 340, 340, 329, 
17888, 340, 342, 341, 327, 
17917, 337, 337, 338, 338, 
17947, 334, 332, 334, 348, 
17978, 334, 334, 335, 346, 
18008, 337, 339, 338, 334, 
18038, 340, 343, 341, 327, 
18068, 338, 339, 339, 334, 
18099, 334, 334, 335, 347, 
18128, 334, 332, 334, 349, 
18159, 337, 337, 337, 337, 
18189, 339, 342, 340, 327, 
18219, 338, 340, 340, 332, 
18249, 335, 334, 336, 344, 
18279, 333, 332, 334, 350, 
18310, 336, 335, 336, 340, 
18339, 339, 341, 339, 329, 
18370, 339, 341, 340, 329, 
18400, 336, 336, 337, 340, 
18430, 333, 332, 333, 350, 
18460, 335, 334, 335, 343, 
18491, 339, 340, 339, 331, 
18521, 340, 341, 341, 327, 
18550, 337, 338, 340, 337, 
18581, 334, 332, 334, 348, 
18611, 334, 333, 333, 346, 
18641, 337, 338, 338, 334, 
18671, 340, 343, 341, 326, 
18702, 338, 339, 339, 334, 
18732, 334, 333, 336, 346, 
18762, 334, 333, 334, 348, 
18792, 337, 337, 335, 337, 
18823, 340, 342, 340, 327, 
18852, 338, 341, 341, 332, 
18882, 335, 334, 336, 344, 
18913, 333, 331, 334, 350, 
18942, 336, 335, 336, 341, 
18973, 340, 341, 339, 329, 
19003, 339, 341, 341, 329, 
19034, 336, 336, 337, 341, 
19063, 333, 331, 334, 350, 
19094, 335, 334, 335, 344, 
19124, 338, 340, 340, 331, 
19154, 339, 342, 341, 327, 
19184, 337, 337, 338, 338, 
19214, 334, 332, 335, 348, 
19245, 334, 333, 334, 346, 
19274, 336, 338, 339, 334, 
19305, 339, 342, 341, 327, 
19335, 337, 338, 340, 335, 
19365, 334, 334, 335, 346, 
19395, 333, 332, 334, 349, 
19426, 336, 336, 336, 339, 
19456, 339, 342, 340, 327, 
19486, 338, 340, 340, 332, 
19516, 335, 335, 337, 345, 
19546, 333, 332, 334, 350, 
19576, 336, 335, 335, 340, 
19606, 339, 340, 339, 328, 
19637, 339, 341, 340, 329, 
19666, 336, 336, 338, 341, 
19697, 333, 331, 334, 350, 
19727, 335, 333, 335, 344, 
19758, 338, 339, 339, 331, 
19787, 339, 341, 340, 327, 
19818, 337, 337, 338, 337, 
19848, 334, 332, 334, 348, 
19877, 335, 333, 335, 346, 
19908, 338, 337, 338, 335, 
19938, 340, 342, 342, 327, 
19969, 338, 338, 339, 334, 
19998, 334, 333, 335, 345, 
20029, 333, 331, 334, 348, 
20059, 337, 336, 338, 337, 
20089, 340, 342, 342, 328, 
20119, 338, 341, 340, 331, 
20149, 335, 334, 336, 343, 
20179, 333, 331, 334, 349, 
20209, 335, 335, 336, 340, 
20240, 339, 340, 340, 329, 
20270, 339, 341, 340, 328, 
20300, 337, 336, 337, 340, 
20330, 333, 331, 334, 349, 
20361, 335, 333, 334, 343, 
20390, 338, 339, 339, 332, 
20421, 340, 341, 342, 326, 
20451, 337, 338, 338, 337, 
20481, 334, 332, 334, 348, 
20511, 334, 333, 334, 346, 
20541, 337, 338, 338, 334, 
20572, 340, 342, 341, 326, 
20601, 337, 339, 340, 334, 
20632, 335, 333, 335, 346, 
20662, 334, 332, 333, 348, 
20692, 336, 336, 336, 337, 
20722, 340, 341, 341, 327, 
20753, 338, 340, 340, 331, 
20783, 335, 334, 337, 343, 
20812, 333, 331, 333, 350, 
20843, 336, 335, 334, 341, 
20873, 339, 340, 339, 330, 
20903, 338, 341, 341, 329, 
20933, 336, 336, 337, 340, 
20964, 333, 331, 335, 349, 
20994, 334, 335, 335, 343, 
21024, 339, 339, 339, 332, 
21054, 339, 342, 340, 327, 
21085, 337, 337, 338, 337, 
21114, 334, 332, 334, 348, 
21144, 334, 333, 335, 346, 
21175, 337, 339, 339, 334, 
21204, 340, 342, 342, 326, 
21235, 337, 339, 339, 333, 
21265, 334, 333, 335, 346, 
21296, 333, 332, 334, 348, 
21325, 336, 337, 337, 337, 
21356, 339, 342, 341, 327, 
21386, 337, 340, 340, 331, 
21416, 335, 334, 336, 344, 
21446, 333, 331, 334, 349, 
21476, 336, 335, 336, 341, 
21507, 339, 341, 340, 329, 
21536, 337, 341, 341, 328, 
21567, 336, 336, 337, 340, 
21597, 333, 331, 333, 349, 
21627, 335, 334, 333, 343, 
21657, 338, 339, 339, 331, 
21688, 339, 342, 341, 327, 
21718, 338, 338, 338, 337, 
21748, 334, 332, 334, 348, 
21778, 334, 332, 333, 346, 
21808, 339, 339, 337, 334, 
21838, 340, 342, 341, 326, 
21868, 337, 338, 340, 334, 
21899, 335, 334, 336, 345, 
21928, 334, 332, 334, 348, 
21959, 336, 337, 336, 338, 
21989, 339, 342, 340, 327, 
22020, 337, 340, 340, 331, 
22049, 336, 335, 337, 344, 
22079, 334, 332, 335, 349, 
22110, 336, 335, 335, 341, 
22139, 339, 341, 339, 328, 
22170, 339, 341, 339, 328, 
22200, 336, 336, 337, 339, 
22231, 333, 331, 335, 350, 
22260, 335, 334, 336, 343, 
22291, 338, 339, 338, 331, 
22321, 339, 341, 340, 326, 
22351, 337, 337, 339, 336, 
22381, 334, 332, 335, 348, 
22411, 335, 332, 334, 346, 
22441, 338, 339, 338, 334, 
22471, 340, 342, 339, 326, 
22502, 337, 338, 339, 334, 
22532, 334, 333, 335, 345, 
22562, 334, 332, 334, 348, 
22592, 336, 336, 337, 336, 
22623, 339, 342, 340, 326, 
22652, 339, 340, 340, 330, 
22683, 334, 334, 336, 343, 
22713, 333, 331, 334, 349, 
22743, 335, 335, 335, 340, 
22773, 339, 341, 340, 329, 
22803, 339, 342, 340, 329, 
22834, 336, 336, 337, 340, 
22863, 333, 331, 335, 351, 
22894, 335, 334, 335, 344, 
22924, 340, 340, 340, 331, 
22955, 339, 342, 341, 327, 
22984, 337, 338, 338, 337, 
23015, 334, 333, 334, 349, 
23045, 334, 333, 334, 347, 
23074, 338, 338, 338, 335, 
23105, 340, 342, 341, 327, 
23135, 338, 339, 340, 334, 
23165, 335, 334, 335, 346, 
23195, 333, 332, 334, 349, 
23226, 336, 338, 337, 337, 
23256, 339, 341, 342, 327, 
23286, 338, 340, 340, 331, 
23316, 335, 334, 337, 343, 
23347, 335, 332, 334, 349, 
23376, 336, 335, 336, 341, 
23406, 339, 342, 339, 329, 
23437, 339, 341, 341, 329, 
23467, 334, 336, 337, 340, 
23497, 334, 332, 335, 350, 
23527, 335, 336, 335, 344, 
23558, 338, 339, 339, 331, 
23587, 339, 341, 341, 327, 
23618, 337, 337, 338, 337, 
23648, 334, 331, 335, 349, 
23678, 334, 333, 335, 346, 
23708, 337, 339, 337, 335, 
23738, 340, 343, 341, 327, 
23769, 337, 339, 340, 334, 
23798, 334, 333, 335, 346, 
23829, 334, 332, 334, 348, 
23859, 337, 337, 337, 337, 
23889, 340, 343, 340, 326, 
23919, 340, 340, 340, 331, 
23950, 335, 335, 336, 343, 
23980, 334, 331, 333, 349, 
24009, 336, 335, 336, 340, 
24040, 340, 341, 340, 328, 
24070, 340, 341, 340, 329, 
24100, 336, 336, 338, 340, 
24130, 333, 331, 334, 349, 
24161, 335, 334, 335, 342, 
24190, 339, 339, 339, 330, 
24221, 339, 341, 341, 327, 
24251, 337, 338, 338, 337, 
24282, 333, 332, 334, 350, 
24311, 334, 334, 335, 345, 
24341, 338, 339, 338, 333, 
24372, 339, 341, 342, 326, 
24401, 338, 339, 340, 334, 
24432, 334, 333, 336, 346, 
24462, 335, 331, 335, 347, 
24493, 337, 336, 337, 339, 
24522, 339, 343, 340, 326, 
24553, 338, 339, 339, 331, 
24583, 335, 334, 337, 343, 
24613, 334, 332, 333, 349, 
24643, 337, 336, 336, 339, 
24673, 338, 342, 340, 329, 
24704, 339, 341, 340, 329, 
24733, 337, 335, 337, 341, 
24764, 333, 331, 334, 349, 
24794, 336, 335, 335, 342, 
24824, 339, 340, 338, 330, 
24854, 339, 341, 340, 326, 
24885, 336, 337, 339, 338, 
24914, 333, 332, 334, 348, 
24945, 334, 333, 334, 344, 
24975, 338, 339, 338, 332, 
25005, 339, 342, 340, 327, 
25035, 337, 338, 338, 334, 
25065, 334, 332, 335, 346, 
25096, 334, 332, 334, 347, 
25125, 337, 336, 337, 337, 
25156, 339, 342, 341, 326, 
25186, 338, 339, 339, 332, 
25217, 334, 334, 335, 345, 
25246, 333, 331, 333, 348, 
25277, 336, 336, 336, 339, 
25307, 339, 342, 340, 327, 
25336, 340, 341, 341, 330, 
25367, 336, 335, 336, 341, 
25397, 333, 331, 334, 349, 
25427, 335, 334, 335, 342, 
25457, 339, 341, 339, 329, 
25488, 340, 341, 340, 327, 
25518, 336, 338, 338, 339, 
25548, 333, 331, 334, 348, 
25578, 334, 333, 335, 344, 
25609, 338, 338, 338, 332, 
25638, 339, 342, 341, 326, 
25668, 337, 338, 339, 336, 
25699, 334, 333, 335, 347, 
25729, 334, 332, 335, 347, 
25759, 337, 337, 337, 335, 
25789, 340, 342, 341, 326, 
25820, 338, 339, 340, 332, 
25849, 333, 333, 336, 346, 
25880, 334, 331, 334, 348, 
25910, 336, 336, 336, 338, 
25939, 339, 341, 339, 327, 
25970, 339, 341, 340, 329, 
26000, 335, 335, 336, 343, 
26031, 333, 331, 334, 349, 
26060, 335, 336, 335, 342, 
26091, 339, 340, 338, 329, 
26121, 339, 342, 340, 328, 
26151, 336, 336, 337, 339, 
26181, 333, 331, 334, 348, 
26212, 334, 334, 335, 345, 
26242, 339, 340, 339, 332, 
26271, 340, 342, 340, 326, 
26302, 337, 337, 338, 336, 
26332, 334, 333, 334, 347, 
26362, 334, 332, 333, 347, 
26392, 336, 338, 337, 335, 
26423, 340, 342, 342, 327, 
26452, 338, 339, 340, 333, 
26483, 334, 333, 335, 345, 
26513, 333, 332, 334, 348, 
26544, 336, 336, 337, 337, 
26573, 339, 341, 340, 327, 
26603, 339, 341, 340, 331, 
26634, 335, 334, 337, 342, 
26663, 333, 331, 334, 350, 
26694, 336, 335, 336, 341, 
26724, 339, 341, 339, 328, 
26755, 339, 341, 341, 328, 
26784, 336, 336, 338, 340, 
26815, 333, 331, 333, 350, 
26845, 334, 334, 335, 344, 
26875, 338, 339, 338, 332, 
26905, 339, 342, 341, 328, 
26935, 337, 337, 338, 337, 
26966, 333, 332, 335, 348, 
26995, 334, 333, 334, 346, 
27026, 337, 338, 337, 336, 
27056, 339, 342, 340, 327, 
27086, 338, 339, 339, 336, 
27116, 334, 332, 335, 347, 
27147, 333, 332, 335, 349, 
27176, 336, 337, 337, 338, 
27207, 339, 342, 340, 327, 
27237, 339, 340, 339, 332, 
27267, 335, 334, 336, 343, 
27297, 334, 331, 333, 350, 
27327, 336, 336, 336, 341, 
27358, 339, 341, 340, 329, 
27387, 339, 340, 340, 330, 
27418, 336, 336, 337, 341, 
27448, 334, 331, 334, 350, 
27479, 335, 335, 335, 344, 
27508, 338, 340, 339, 333, 
27539, 339, 341, 341, 328, 
27569, 336, 337, 338, 338, 
27598, 334, 332, 335, 349, 
27629, 335, 333, 335, 346, 
27659, 339, 338, 338, 334, 
27689, 340, 342, 341, 328, 
27719, 338, 339, 339, 335, 
27750, 333, 333, 335, 348, 
27780, 334, 333, 335, 348, 
27810, 337, 338, 337, 337, 
27840, 339, 342, 340, 327, 
27870, 338, 340, 340, 331, 
27900, 335, 334, 336, 344, 
27930, 333, 331, 334, 349, 
27961, 336, 335, 336, 339, 
27991, 339, 342, 340, 327, 
28021, 339, 340, 340, 329, 
28051, 336, 336, 337, 341, 
28082, 333, 331, 334, 349, 
28111, 335, 335, 335, 342, 
28142, 339, 340, 342, 330, 
28172, 339, 341, 341, 328, 
28201, 336, 337, 338, 338, 
28232, 334, 332, 334, 349, 
28262, 334, 333, 336, 345, 
28293, 338, 339, 338, 332, 
28322, 339, 342, 342, 327, 
28353, 337, 338, 339, 336, 
28383, 334, 332, 335, 347, 
28413, 335, 333, 334, 346, 
28443, 337, 337, 337, 335, 
28474, 340, 342, 341, 326, 
28504, 338, 339, 340, 332, 
28533, 335, 333, 336, 344, 
28564, 334, 333, 334, 348, 
28594, 337, 336, 336, 338, 
28624, 339, 341, 340, 327, 
28654, 339, 341, 340, 331, 
28685, 335, 335, 337, 341, 
28715, 333, 331, 334, 351, 
28745, 336, 336, 336, 341, 
28775, 340, 342, 339, 329, 
28806, 339, 341, 340, 327, 
28835, 336, 337, 337, 338, 
28865, 333, 332, 335, 348, 
28896, 334, 334, 335, 344, 
28925, 339, 340, 339, 331, 
28956, 340, 342, 341, 326, 
28986, 337, 338, 339, 335, 
29017, 334, 332, 334, 346, 
29046, 334, 333, 335, 345, 
29077, 338, 338, 337, 334, 
29107, 339, 342, 341, 325, 
29137, 339, 338, 339, 333, 
29167, 334, 333, 336, 344, 
29197, 333, 333, 334, 347, 
29228, 337, 337, 338, 337, 
29257, 340, 342, 341, 327, 
29288, 339, 340, 340, 330, 
29318, 336, 335, 336, 342, 
29348, 333, 331, 334, 349, 
29378, 336, 335, 336, 341, 
29409, 339, 340, 339, 329, 
29438, 340, 341, 341, 329, 
29469, 335, 337, 337, 340, 
29499, 334, 332, 335, 350, 
29529, 335, 335, 335, 343, 
29559, 338, 340, 339, 331, 
29589, 340, 342, 341, 327, 
29620, 337, 337, 338, 337, 
29649, 334, 331, 334, 349, 
29680, 335, 333, 335, 346, 
29710, 338, 339, 338, 334, 
29741, 340, 342, 341, 326, 
29770, 338, 338, 339, 334, 
29800, 334, 333, 336, 346, 
29831, 334, 331, 334, 346, 
29860, 337, 337, 337, 337, 
29891, 340, 342, 340, 327, 
29921, 338, 340, 340, 332, 
29952, 335, 334, 336, 344, 
29981, 334, 332, 334, 350, 
30012, 337, 337, 336, 340, 
30042, 339, 341, 339, 328, 
30072, 338, 341, 340, 329, 
30102, 336, 336, 337, 341, 
30132, 333, 332, 335, 350, 
30162, 336, 334, 335, 343, 
30192, 338, 340, 339, 330, 
30223, 340, 342, 341, 327, 
30253, 336, 336, 338, 338, 
30283, 333, 331, 334, 349, 
30313, 334, 333, 334, 346, 
30344, 337, 338, 339, 334, 
30373, 339, 342, 341, 327, 
30404, 338, 338, 339, 336, 
30434, 333, 331, 334, 347, 
30464, 333, 332, 334, 348, 
30494, 337, 338, 337, 336, 
30524, 339, 342, 341, 327, 
30555, 338, 339, 339, 333, 
30584, 335, 334, 336, 345, 
30615, 333, 331, 334, 349, 
30645, 336, 336, 336, 339, 
30675, 339, 342, 340, 328, 
30705, 339, 340, 340, 331, 
30736, 335, 336, 337, 342, 
30766, 334, 331, 334, 349, 
30795, 335, 335, 336, 342, 
30826, 339, 340, 340, 330, 
30856, 339, 341, 340, 327, 
30886, 337, 337, 337, 338, 
30916, 333, 332, 334, 350, 
30947, 335, 333, 334, 344, 
30977, 338, 339, 338, 332, 
31007, 339, 341, 341, 326, 
31037, 337, 338, 339, 335, 
31068, 335, 333, 335, 347, 
31097, 334, 332, 334, 346, 
31127, 337, 338, 337, 335, 
31158, 339, 342, 340, 326, 
31187, 338, 339, 339, 333, 
31218, 335, 333, 335, 345, 
31248, 333, 332, 334, 348, 
31279, 336, 336, 336, 338, 
31308, 340, 342, 340, 327, 
31339, 338, 340, 340, 330, 
31369, 335, 334, 336, 343, 
31399, 333, 331, 334, 350, 
31429, 335, 335, 335, 341, 
31459, 339, 341, 339, 330, 
31490, 339, 341, 341, 329, 
31519, 336, 336, 337, 340, 
31550, 333, 331, 334, 350, 
31580, 334, 333, 335, 344, 
31610, 338, 339, 339, 332, 
31640, 340, 342, 341, 328, 
31671, 338, 338, 338, 336, 
31700, 333, 333, 335, 347, 
31730, 334, 332, 335, 347, 
31761, 337, 338, 338, 335, 
31791, 340, 342, 341, 327, 
31821, 338, 339, 339, 334, 
31851, 335, 333, 335, 346, 
31882, 333, 331, 334, 349, 
31911, 336, 336, 336, 338, 
31942, 340, 341, 340, 327, 
31972, 338, 340, 340, 331, 
32003, 335, 335, 336, 343, 
32032, 334, 332, 334, 349, 
32062, 336, 336, 336, 340, 
32093, 339, 341, 339, 329, 
32122, 339, 341, 340, 328, 
32153, 337, 337, 337, 339, 
32183, 333, 331, 334, 349, 
32214, 336, 334, 335, 342, 
32243, 339, 339, 339, 331, 
32274, 339, 341, 342, 327, 
32304, 337, 337, 338, 336, 
32334, 335, 332, 334, 349, 
32364, 334, 333, 334, 345, 
32394, 339, 338, 337, 334, 
32424, 339, 342, 340, 326, 
32454, 337, 339, 339, 334, 
32485, 334, 333, 335, 345, 
32515, 335, 332, 334, 349, 
32545, 336, 336, 336, 337, 
32575, 340, 342, 340, 326, 
32606, 339, 340, 340, 329, 
32635, 335, 334, 336, 342, 
32666, 334, 332, 333, 349, 
32696, 335, 335, 335, 340, 
32726, 339, 340, 339, 328, 
32756, 340, 342, 340, 329, 
32786, 337, 335, 337, 339, 
32817, 333, 331, 333, 349, 
32846, 335, 334, 335, 343, 
32877, 339, 339, 339, 331, 
32907, 339, 341, 339, 326, 
32937, 337, 338, 338, 337, 
32967, 335, 331, 335, 348, 
32998, 334, 333, 334, 346, 
33028, 337, 338, 338, 334, 
33057, 339, 341, 341, 326, 
33088, 338, 339, 339, 334, 
33118, 334, 334, 335, 346, 
33148, 334, 332, 334, 348, 
33178, 336, 336, 336, 337, 
33209, 340, 342, 340, 326, 
33239, 339, 340, 340, 330, 
33269, 335, 334, 336, 343, 
33299, 334, 331, 335, 350, 
33330, 335, 336, 336, 340, 
33359, 339, 340, 340, 328, 
33389, 339, 341, 340, 328, 
33420, 336, 336, 337, 340, 
33449, 334, 332, 333, 350, 
33480, 336, 333, 334, 343, 
33510, 338, 339, 339, 331, 
33541, 339, 341, 340, 326, 
33570, 337, 337, 338, 336, 
33601, 334, 332, 334, 348, 
33631, 335, 333, 334, 346, 
33660, 338, 338, 337, 334, 
33691, 340, 341, 341, 325, 
33721, 338, 338, 339, 333, 
33752, 335, 333, 335, 345, 
33781, 336, 331, 334, 348, 
33812, 336, 336, 337, 338, 
33842, 340, 341, 340, 327, 
33872, 338, 340, 340, 331, 
33902, 335, 335, 336, 343, 
33933, 333, 331, 333, 349, 
33963, 337, 335, 335, 341, 
33992, 339, 341, 339, 329, 
34023, 339, 340, 341, 330, 
34053, 336, 337, 337, 340, 
34083, 333, 331, 334, 349, 
34113, 335, 333, 334, 344, 
34144, 338, 339, 339, 331, 
34173, 340, 342, 342, 326, 
34204, 337, 337, 338, 336, 
34234, 335, 332, 335, 349, 
34265, 334, 332, 334, 346, 
34294, 337, 337, 337, 334, 
34324, 339, 341, 341, 326, 
34355, 337, 339, 340, 333, 
34384, 333, 333, 335, 346, 
34415, 333, 331, 334, 348, 
34445, 336, 336, 337, 338, 
34476, 339, 341, 341, 327, 
34505, 340, 341, 340, 331, 
34536, 335, 334, 336, 344, 
34566, 333, 331, 333, 349, 
34596, 335, 335, 335, 341, 
34626, 339, 340, 339, 329, 
34656, 339, 341, 341, 328, 
34686, 336, 336, 339, 341, 
34716, 333, 332, 334, 348, 
34747, 334, 333, 334, 345, 
34777, 337, 339, 338, 332, 
34807, 339, 342, 341, 326, 
34837, 338, 337, 339, 337, 
34868, 334, 332, 335, 349, 
34897, 334, 333, 334, 348, 
34928, 338, 339, 337, 336, 
34958, 340, 342, 340, 327, 
34988, 338, 339, 339, 333, 
35018, 335, 333, 337, 346, 
35048, 334, 332, 334, 351, 
35079, 336, 336, 336, 339, 
35108, 341, 341, 341, 328, 
35139, 338, 340, 340, 331, 
35169, 335, 335, 337, 343, 
35200, 334, 331, 334, 350, 
35229, 335, 335, 336, 343, 
35260, 339, 340, 340, 331, 
35290, 339, 341, 341, 329, 
35319, 336, 336, 338, 339, 
35350, 334, 333, 335, 351, 
35380, 335, 333, 334, 345, 
35410, 339, 339, 339, 333, 
35440, 340, 342, 341, 328, 
35471, 338, 337, 338, 336, 
35501, 333, 332, 334, 347, 
35531, 334, 332, 334, 347, 
35561, 337, 338, 338, 335, 
35591, 340, 342, 341, 327, 
35621, 338, 339, 339, 334, 
35651, 334, 333, 336, 345, 
35682, 334, 333, 333, 349, 
35712, 336, 336, 336, 338, 
35742, 339, 342, 341, 328, 
35772, 338, 340, 339, 330, 
35803, 335, 335, 336, 342, 
35832, 333, 331, 334, 351, 
35863, 336, 335, 335, 342, 
35893, 339, 340, 339, 330, 
35922, 339, 341, 342, 328, 
35953, 337, 336, 338, 339, 
35983, 333, 333, 334, 349, 
36014, 334, 333, 334, 344, 
36043, 338, 339, 339, 332, 
36074, 339, 342, 341, 326, 
36104, 337, 339, 339, 335, 
36134, 335, 334, 335, 347, 
36164, 334, 332, 334, 346, 
36195, 337, 339, 338, 336, 
36225, 340, 342, 341, 326, 
36254, 338, 339, 340, 332, 
36285, 335, 334, 336, 344, 
36315, 334, 331, 334, 349, 
36345, 336, 335, 335, 339, 
36375, 339, 341, 341, 328, 
36406, 339, 341, 340, 329, 
36435, 336, 335, 337, 341, 
36466, 334, 331, 333, 349, 
36496, 336, 335, 335, 342, 
36527, 339, 339, 339, 330, 
36556, 338, 341, 341, 328, 
36586, 336, 338, 338, 338, 
36617, 333, 331, 334, 349, 
36646, 335, 334, 335, 345, 
36677, 338, 339, 338, 334, 
36707, 340, 342, 341, 327, 
36738, 337, 338, 340, 335, 
36767, 334, 333, 337, 347, 
36798, 334, 332, 335, 348, 
36828, 337, 337, 337, 336, 
36858, 340, 342, 340, 328, 
36888, 338, 339, 340, 332, 
36918, 335, 334, 336, 344, 
36948, 333, 331, 334, 350, 
36978, 336, 336, 336, 340, 
37009, 339, 341, 340, 328, 
37039, 339, 340, 340, 329, 
37069, 336, 335, 336, 342, 
37099, 333, 331, 334, 350, 
37130, 335, 334, 335, 343, 
37159, 338, 340, 340, 330, 
37190, 340, 341, 340, 327, 
37220, 337, 337, 338, 338, 
37250, 333, 331, 334, 349, 
37280, 335, 333, 335, 346, 
37310, 338, 338, 338, 334, 
37341, 338, 342, 342, 327, 
37370, 337, 338, 339, 334, 
37401, 334, 333, 336, 346, 
37431, 334, 332, 334, 350, 
37462, 337, 337, 336, 338, 
37491, 340, 342, 340, 329, 
37521, 338, 340, 340, 331, 
37552, 335, 335, 336, 343, 
37581, 334, 332, 333, 350, 
37612, 337, 335, 335, 340, 
37642, 339, 341, 339, 330, 
37672, 339, 341, 341, 329, 
37702, 334, 336, 337, 340, 
37733, 334, 331, 334, 349, 
37763, 335, 334, 336, 344, 
37793, 339, 341, 337, 331, 
37823, 340, 342, 340, 327, 
37853, 338, 337, 338, 336, 
37883, 333, 332, 335, 348, 
37913, 335, 333, 334, 347, 
37944, 339, 338, 339, 335, 
37974, 340, 342, 341, 327, 
38004, 338, 339, 340, 333, 
38034, 335, 333, 335, 346, 
38065, 334, 331, 334, 349, 
38094, 337, 336, 336, 338, 
38125, 339, 341, 340, 328, 
38155, 339, 340, 340, 330, 
38184, 336, 335, 337, 343, 
38215, 333, 332, 334, 351, 
38245, 336, 334, 335, 341, 
38276, 339, 340, 339, 329, 
38305, 339, 341, 340, 327, 
38336, 335, 336, 338, 339, 
38366, 335, 331, 334, 349, 
38396, 334, 333, 334, 344, 
38426, 339, 339, 338, 332, 
38457, 339, 342, 340, 326, 
38487, 337, 338, 339, 335, 
38516, 335, 332, 335, 346, 
38547, 334, 332, 334, 346, 
38577, 337, 339, 337, 335, 
38607, 341, 343, 340, 326, 
38637, 338, 339, 341, 331, 
38668, 335, 334, 336, 343, 
38697, 334, 332, 334, 348, 
38728, 337, 336, 336, 338, 
38758, 339, 342, 340, 328, 
38789, 340, 341, 341, 329, 
38818, 336, 335, 337, 341, 
38848, 334, 331, 334, 349, 
38879, 336, 334, 335, 342, 
38908, 339, 340, 339, 330, 
38939, 340, 341, 341, 326, 
38969, 338, 337, 338, 337, 
39000, 334, 331, 334, 348, 
39029, 334, 333, 335, 346, 
39060, 338, 338, 338, 333, 
39090, 340, 342, 340, 326, 
39120, 337, 339, 339, 334, 
39150, 335, 334, 336, 346, 
39180, 333, 332, 334, 348, 
39211, 337, 338, 338, 337, 
39240, 340, 342, 340, 327, 
39271, 339, 339, 339, 332, 
39301, 335, 334, 336, 343, 
39331, 334, 331, 335, 350, 
39361, 336, 335, 336, 340, 
39392, 339, 341, 340, 329, 
39421, 339, 341, 340, 328, 
39451, 336, 336, 337, 340, 
39482, 334, 331, 333, 350, 
39512, 336, 334, 336, 344, 
39542, 337, 340, 339, 332, 
39572, 339, 343, 341, 327, 
39603, 337, 337, 339, 337, 
39632, 334, 332, 335, 348, 
39663, 334, 332, 335, 346, 
39693, 339, 338, 337, 335, 
39724, 340, 342, 341, 327, 
39753, 338, 339, 340, 334, 
39783, 335, 334, 336, 345, 
39814, 333, 331, 336, 349, 
39843, 336, 336, 337, 338, 
39874, 340, 342, 340, 328, 
39904, 338, 341, 340, 330, 
39934, 336, 336, 337, 343, 
39964, 334, 332, 334, 350, 
39995, 334, 334, 336, 341, 
40025, 339, 340, 339, 329, 
40055, 340, 342, 341, 328, 
40085, 336, 336, 337, 338, 
40115, 332, 331, 333, 348, 
40145, 334, 333, 335, 345, 
40175, 338, 338, 338, 333, 
40206, 340, 342, 341, 327, 
40236, 338, 339, 339, 335, 
40266, 334, 333, 335, 347, 
40296, 334, 332, 334, 347, 
40327, 337, 337, 337, 336, 
40356, 339, 342, 339, 327, 
40387, 338, 339, 340, 331, 
40417, 336, 335, 336, 344, 
40446, 333, 331, 334, 349, 
40477, 336, 336, 337, 339, 
40507, 339, 341, 340, 329, 
40538, 339, 341, 340, 328, 
40567, 337, 335, 337, 341, 
40598, 334, 331, 333, 349, 
40628, 335, 334, 335, 343, 
40658, 338, 339, 339, 330, 
40688, 339, 341, 341, 327, 
40719, 337, 337, 338, 336, 
40749, 333, 333, 335, 348, 
40778, 334, 333, 335, 345, 
40809, 338, 338, 338, 333, 
40839, 340, 342, 341, 326, 
40869, 337, 338, 340, 334, 
40899, 334, 333, 335, 346, 
40930, 334, 332, 335, 348, 
40960, 338, 336, 337, 337, 
40990, 339, 341, 340, 327, 
41020, 338, 340, 342, 330, 
41051, 335, 334, 337, 342, 
41080, 333, 331, 333, 349, 
41110, 335, 335, 336, 341, 
41141, 339, 340, 340, 329, 
41170, 339, 341, 340, 327, 
41201, 336, 336, 338, 339, 
41231, 333, 331, 335, 349, 
41262, 334, 333, 334, 344, 
41291, 339, 339, 338, 332, 
41322, 340, 342, 341, 327, 
41352, 337, 338, 340, 334, 
41381, 334, 332, 335, 347, 
41412, 334, 332, 334, 348, 
41442, 338, 337, 337, 336, 
41473, 340, 342, 341, 327, 
41502, 338, 339, 339, 333, 
41533, 334, 334, 337, 343, 
41563, 334, 331, 334, 349, 
41593, 337, 336, 336, 339, 
41623, 339, 341, 339, 328, 
41654, 340, 342, 341, 330, 
41683, 336, 336, 338, 341, 
41713, 334, 331, 334, 347, 
41744, 335, 335, 336, 342, 
41774, 338, 339, 340, 330, 
41804, 339, 341, 341, 329, 
41834, 336, 337, 338, 337, 
41865, 334, 332, 335, 348, 
41894, 335, 333, 334, 345, 
41925, 338, 339, 338, 333, 
41955, 339, 342, 341, 326, 
41986, 337, 339, 339, 334, 
42015, 333, 333, 335, 346, 
42045, 334, 332, 334, 348, 
42076, 337, 337, 338, 338, 
42105, 340, 342, 341, 327, 
42136, 338, 340, 340, 331, 
42166, 335, 334, 336, 343, 
42196, 333, 331, 334, 350, 
42226, 337, 335, 336, 342, 
42257, 340, 341, 339, 330, 
42287, 340, 342, 341, 327, 
42317, 336, 336, 339, 339, 
42347, 333, 331, 334, 351, 
42377, 335, 334, 335, 345, 
42407, 338, 338, 338, 332, 
42437, 340, 342, 341, 328, 
42468, 338, 338, 339, 336, 
42498, 334, 332, 335, 348, 
42528, 334, 332, 334, 346, 
42558, 337, 338, 337, 336, 
42589, 340, 342, 340, 327, 
42618, 338, 338, 339, 333, 
42649, 334, 333, 336, 344, 
42679, 334, 331, 333, 349, 
42708, 336, 336, 336, 338, 
42739, 339, 341, 340, 327, 
42769, 339, 340, 340, 329, 
42800, 336, 334, 336, 343, 
42829, 333, 331, 334, 349, 
42860, 335, 334, 335, 342, 
42890, 338, 340, 339, 328, 
42920, 339, 341, 341, 327, 
42950, 336, 337, 339, 337, 
42981, 334, 331, 335, 349, 
43011, 335, 333, 335, 345, 
43040, 338, 338, 337, 332, 
43071, 339, 341, 340, 325, 
43101, 338, 338, 339, 335, 
43131, 334, 335, 335, 345, 
43161, 335, 332, 334, 348, 
43192, 337, 337, 337, 337, 
43222, 340, 343, 341, 326, 
43252, 339, 339, 340, 331, 
43282, 335, 334, 336, 343, 
43312, 334, 332, 335, 349, 
43342, 336, 335, 336, 341, 
43372, 340, 342, 340, 328, 
43403, 340, 341, 340, 328, 
43432, 336, 335, 338, 340, 
43463, 333, 331, 334, 348, 
43493, 335, 334, 335, 343, 
43524, 338, 339, 339, 332, 
43553, 339, 342, 342, 325, 
43584, 337, 337, 338, 336, 
43614, 334, 332, 334, 348, 
43643, 334, 332, 335, 347, 
43674, 337, 338, 337, 334, 
43704, 340, 342, 339, 327, 
43735, 338, 339, 340, 332, 
43764, 334, 333, 336, 344, 
43795, 333, 331, 333, 348, 
43825, 336, 336, 336, 338, 
43855, 339, 342, 340, 326, 
43885, 338, 340, 340, 330, 
43916, 336, 335, 337, 342, 
43945, 333, 332, 334, 349, 
43975, 335, 334, 336, 342, 
44006, 338, 340, 338, 330, 
44036, 339, 342, 341, 328, 
44066, 336, 337, 339, 339, 
44096, 333, 332, 334, 349, 
44127, 334, 333, 335, 347, 
44156, 338, 338, 338, 335, 
44187, 340, 342, 341, 328, 
44217, 337, 338, 339, 335, 
44248, 334, 333, 334, 347, 
44277, 333, 332, 334, 349, 
44307, 337, 337, 337, 337, 
44338, 340, 342, 341, 327, 
44367, 338, 340, 340, 332, 
44398, 335, 334, 336, 343, 
44428, 333, 331, 334, 349, 
44459, 335, 335, 335, 340, 
44488, 339, 341, 339, 329, 
44519, 339, 341, 341, 328, 
44549, 335, 336, 337, 339, 
44579, 333, 332, 334, 349, 
44609, 335, 334, 335, 344, 
44639, 338, 339, 338, 332, 
44669, 340, 341, 340, 327, 
44699, 337, 337, 339, 337, 
44730, 333, 331, 334, 348, 
44760, 334, 332, 333, 347, 
44790, 337, 338, 337, 336, 
44820, 340, 341, 341, 326, 
44851, 338, 339, 339, 332, 
44880, 334, 333, 336, 346, 
44911, 333, 331, 333, 347, 
44941, 336, 336, 336, 335, 
44971, 339, 341, 340, 327, 
45001, 339, 340, 340, 330, 
45031, 335, 335, 337, 341, 
45062, 333, 331, 334, 349, 
45091, 335, 334, 336, 341, 
45122, 338, 340, 339, 329, 
45152, 339, 341, 341, 327, 
45182, 337, 336, 337, 337, 
45212, 333, 332, 334, 348, 
45242, 334, 333, 335, 344, 
45273, 338, 337, 338, 331, 
45302, 339, 341, 341, 326, 
45333, 338, 338, 339, 335, 
45363, 334, 332, 335, 346, 
45393, 333, 331, 334, 348, 
45423, 336, 336, 337, 337, 
45454, 340, 341, 340, 327, 
45484, 338, 339, 340, 331, 
45514, 334, 334, 336, 344, 
45544, 333, 331, 333, 349, 
45574, 335, 336, 336, 340, 
45604, 339, 341, 340, 329, 
45634, 339, 341, 340, 328, 
45665, 336, 336, 336, 339, 
45694, 333, 332, 334, 349, 
45725, 333, 334, 335, 344, 
45755, 338, 339, 338, 331, 
45786, 338, 342, 342, 326, 
45815, 337, 337, 338, 335, 
45846, 334, 332, 334, 346, 
45876, 334, 332, 334, 345, 
45905, 337, 338, 338, 333, 
45936, 338, 342, 340, 325, 
45966, 338, 339, 341, 332, 
45997, 335, 333, 336, 344, 
46026, 334, 332, 334, 348, 
46057, 337, 336, 336, 338, 
46087, 339, 341, 340, 328, 
46117, 339, 340, 341, 329, 
46147, 336, 335, 337, 341, 
46178, 334, 331, 334, 349, 
46208, 335, 334, 335, 341, 
46237, 339, 340, 340, 330, 
46268, 340, 342, 340, 328, 
46298, 337, 336, 337, 338, 
46328, 333, 331, 334, 348, 
46358, 335, 333, 333, 344, 
46389, 338, 338, 338, 333, 
46418, 339, 342, 340, 327, 
46449, 337, 338, 338, 334, 
46479, 334, 333, 335, 346, 
46510, 334, 332, 334, 347, 
46539, 337, 337, 336, 336, 
46569, 339, 342, 340, 327, 
46600, 338, 340, 340, 332, 
46629, 335, 335, 336, 343, 
46660, 333, 331, 333, 349, 
46690, 336, 335, 335, 340, 
46721, 339, 341, 339, 328, 
46750, 339, 341, 340, 329, 
46781, 337, 334, 337, 341, 
46811, 333, 331, 335, 348, 
46841, 335, 334, 335, 344, 
46871, 338, 340, 339, 331, 
46901, 339, 341, 340, 327, 
46931, 337, 337, 339, 337, 
46961, 333, 332, 335, 348, 
46992, 334, 332, 336, 346, 
47022, 337, 338, 338, 334, 
47052, 340, 342, 341, 327, 
47082, 338, 339, 339, 333, 
47113, 334, 333, 336, 346, 
47142, 332, 332, 334, 349, 
47172, 336, 337, 336, 338, 
47203, 340, 341, 340, 327, 
47233, 339, 341, 340, 332, 
47263, 334, 335, 336, 342, 
47293, 333, 331, 334, 350, 
47324, 335, 334, 336, 342, 
47353, 340, 342, 339, 331, 
47384, 339, 341, 340, 328, 
47414, 336, 336, 337, 339, 
47444, 333, 331, 334, 350, 
47474, 334, 334, 335, 345, 
47504, 338, 339, 338, 332, 
47535, 340, 342, 340, 327, 
47564, 337, 339, 339, 336, 
47595, 334, 332, 335, 348, 
47625, 334, 332, 334, 347, 
47655, 337, 338, 337, 336, 
47685, 340, 340, 340, 326, 
47716, 338, 340, 340, 333, 
47746, 334, 334, 335, 344, 
47776, 333, 331, 335, 348, 
47806, 336, 335, 336, 339, 
47836, 339, 341, 341, 327, 
47866, 339, 341, 339, 328, 
47896, 336, 335, 337, 341, 
47927, 333, 331, 334, 348, 
47956, 335, 334, 335, 341, 
47987, 339, 341, 339, 329, 
48017, 339, 341, 340, 326, 
48048, 337, 337, 337, 337, 
48077, 333, 332, 334, 348, 
48108, 335, 333, 334, 344, 
48138, 338, 338, 338, 332, 
48167, 339, 342, 340, 326, 
48198, 337, 339, 339, 333, 
48228, 334, 333, 335, 345, 
48259, 333, 332, 336, 347, 
48288, 336, 337, 337, 337, 
48319, 339, 342, 340, 327, 
48349, 339, 340, 340, 330, 
48379, 335, 334, 336, 343, 
48409, 333, 332, 333, 349, 
48440, 336, 335, 336, 341, 
48470, 339, 341, 339, 329, 
48499, 339, 341, 342, 329, 
48530, 336, 336, 337, 340, 
48560, 333, 332, 334, 350, 
48590, 335, 334, 335, 344, 
48620, 338, 340, 337, 332, 
48651, 339, 342, 340, 327, 
48680, 338, 338, 339, 337, 
48711, 333, 332, 334, 349, 
48741, 334, 333, 334, 347, 
48772, 337, 338, 337, 335, 
48801, 340, 342, 341, 327, 
48831, 338, 339, 339, 334, 
48862, 335, 333, 337, 346, 
48891, 334, 331, 334, 349, 
48922, 336, 336, 337, 340, 
48952, 339, 342, 340, 327, 
48983, 337, 341, 341, 331, 
49012, 337, 335, 337, 344, 
49043, 333, 331, 334, 350, 
49073, 335, 335, 335, 342, 
49102, 338, 340, 339, 329, 
49133, 340, 341, 340, 328, 
49163, 336, 337, 338, 341, 
49193, 333, 331, 334, 349, 
49223, 334, 333, 335, 345, 
49254, 338, 339, 338, 332, 
49284, 339, 342, 341, 327, 
49314, 338, 338, 339, 336, 
49344, 334, 332, 335, 347, 
49375, 334, 333, 334, 348, 
49404, 337, 338, 337, 336, 
49434, 340, 342, 340, 327, 
49465, 338, 339, 339, 332, 
49495, 334, 334, 336, 345, 
49525, 333, 331, 333, 349, 
49555, 336, 336, 335, 340, 
49586, 340, 341, 340, 328, 
49615, 338, 340, 340, 330, 
49646, 336, 335, 336, 343, 
49676, 333, 331, 335, 350, 
49707, 336, 335, 335, 343, 
49736, 339, 340, 338, 331, 
