???bj
192310, 339, 339, 339, 336, 
192342, 340, 342, 341, 332, 
192372, 340, 341, 341, 331, 
192403, 338, 340, 340, 336, 
192435, 337, 336, 338, 342, 
192465, 335, 334, 335, 347, 
192497, 334, 333, 336, 346, 
192528, 337, 336, 337, 341, 
192560, 341, 340, 340, 336, 
192590, 341, 342, 343, 332, 
192622, 340, 342, 342, 333, 
192653, 338, 338, 340, 337, 
192685, 336, 335, 337, 343, 
192715, 335, 333, 333, 347, 
192747, 336, 334, 335, 345, 
192778, 337, 337, 337, 340, 
192809, 339, 341, 340, 335, 
192840, 340, 343, 342, 331, 
192871, 339, 340, 341, 333, 
192903, 337, 338, 338, 339, 
192933, 336, 335, 336, 344, 
192965, 335, 334, 334, 347, 
192996, 335, 335, 335, 344, 
193028, 338, 338, 338, 339, 
193058, 340, 341, 341, 334, 
193090, 340, 342, 343, 332, 
193121, 339, 340, 341, 336, 
193153, 337, 337, 339, 340, 
193183, 336, 334, 335, 345, 
193215, 334, 333, 334, 347, 
193246, 337, 336, 336, 343, 
193277, 339, 339, 339, 338, 
193308, 340, 342, 342, 332, 
193340, 340, 342, 342, 332, 
193371, 338, 340, 340, 336, 
193401, 336, 336, 338, 341, 
193433, 335, 334, 334, 345, 
193464, 335, 334, 335, 345, 
193496, 337, 336, 337, 342, 
193526, 339, 339, 340, 335, 
193558, 341, 342, 342, 331, 
193589, 340, 342, 342, 333, 
193620, 338, 340, 340, 336, 
193651, 336, 335, 337, 343, 
193683, 335, 333, 335, 345, 
193714, 335, 334, 335, 344, 
193745, 337, 338, 337, 340, 
193776, 340, 340, 340, 335, 
193808, 341, 342, 342, 331, 
193839, 339, 341, 341, 333, 
193869, 337, 336, 339, 338, 
193901, 336, 335, 337, 342, 
193932, 335, 333, 335, 346, 
193964, 336, 335, 335, 343, 
193994, 338, 339, 338, 338, 
194026, 340, 341, 341, 333, 
194057, 341, 342, 342, 330, 
194088, 340, 340, 340, 333, 
194119, 337, 336, 338, 340, 
194151, 336, 335, 336, 344, 
194182, 333, 333, 335, 345, 
194213, 336, 336, 336, 342, 
194244, 339, 337, 339, 337, 
194276, 341, 341, 342, 331, 
194307, 340, 343, 342, 330, 
194338, 339, 340, 340, 334, 
194369, 336, 335, 337, 341, 
194400, 335, 333, 335, 345, 
194432, 335, 334, 335, 345, 
194462, 337, 336, 337, 341, 
194494, 339, 339, 339, 336, 
194525, 341, 342, 342, 331, 
194556, 340, 342, 341, 331, 
194587, 338, 339, 339, 336, 
194619, 336, 336, 337, 343, 
194650, 334, 333, 335, 345, 
194681, 337, 334, 335, 344, 
194712, 338, 337, 337, 340, 
194744, 340, 340, 341, 334, 
194775, 340, 343, 342, 332, 
194806, 339, 341, 341, 332, 
194837, 339, 338, 339, 337, 
194868, 336, 335, 336, 344, 
194899, 335, 333, 334, 346, 
194930, 335, 335, 335, 344, 
194962, 338, 336, 338, 340, 
194993, 340, 340, 341, 333, 
195024, 341, 342, 342, 330, 
195055, 339, 340, 341, 334, 
195087, 338, 337, 338, 339, 
195118, 335, 334, 337, 344, 
195149, 335, 333, 335, 345, 
195180, 336, 336, 336, 342, 
195212, 339, 339, 339, 336, 
195243, 340, 341, 341, 332, 
195274, 339, 342, 342, 331, 
195305, 338, 340, 340, 335, 
195337, 336, 337, 337, 340, 
195367, 335, 335, 335, 345, 
195398, 335, 334, 335, 345, 
195430, 336, 336, 337, 341, 
195461, 339, 340, 340, 336, 
195492, 341, 342, 342, 331, 
195523, 340, 341, 342, 331, 
195555, 338, 340, 339, 336, 
195586, 335, 336, 337, 341, 
195617, 335, 333, 335, 345, 
195648, 335, 334, 335, 344, 
195680, 337, 337, 337, 340, 
195710, 339, 341, 340, 334, 
195742, 341, 342, 343, 331, 
195773, 340, 341, 342, 331, 
195805, 338, 338, 339, 338, 
195835, 336, 335, 336, 344, 
195866, 335, 333, 334, 347, 
195898, 336, 335, 336, 344, 
195929, 338, 338, 338, 338, 
195960, 340, 342, 341, 335, 
195991, 340, 342, 342, 331, 
196023, 340, 340, 339, 334, 
196054, 337, 337, 338, 339, 
196085, 336, 334, 335, 345, 
196116, 336, 333, 333, 346, 
196148, 336, 336, 336, 342, 
196178, 340, 339, 339, 337, 
196210, 340, 342, 342, 332, 
196241, 340, 343, 342, 332, 
196273, 338, 340, 340, 335, 
196303, 336, 336, 337, 341, 
196335, 335, 335, 335, 345, 
196366, 336, 334, 336, 346, 
196397, 337, 336, 337, 341, 
196428, 339, 339, 339, 336, 
196459, 340, 343, 341, 332, 
196491, 340, 341, 342, 332, 
196521, 338, 338, 338, 337, 
196553, 336, 336, 336, 341, 
196584, 335, 335, 335, 345, 
196616, 336, 334, 335, 344, 
196646, 338, 338, 337, 339, 
196678, 340, 341, 340, 333, 
196709, 341, 342, 343, 331, 
196741, 340, 340, 341, 333, 
196771, 337, 337, 338, 339, 
196803, 335, 335, 336, 344, 
196834, 335, 334, 335, 347, 
196865, 337, 336, 336, 343, 
196896, 338, 338, 339, 338, 
196927, 340, 341, 341, 333, 
196959, 340, 342, 342, 330, 
196989, 339, 340, 341, 334, 
197021, 336, 337, 338, 340, 
197052, 335, 335, 335, 345, 
197084, 335, 334, 335, 346, 
197114, 338, 336, 336, 342, 
197146, 339, 340, 339, 336, 
197177, 340, 341, 341, 332, 
197209, 340, 341, 341, 331, 
197239, 338, 340, 341, 335, 
197271, 336, 336, 337, 341, 
197302, 335, 335, 335, 345, 
197334, 335, 334, 335, 346, 
197364, 338, 337, 337, 340, 
197395, 339, 340, 340, 335, 
197427, 341, 342, 341, 331, 
197457, 339, 341, 341, 332, 
197489, 337, 339, 339, 337, 
197520, 336, 335, 336, 343, 
197552, 335, 333, 335, 347, 
197582, 337, 334, 335, 344, 
197614, 338, 337, 338, 339, 
197645, 340, 341, 341, 334, 
197677, 340, 342, 342, 330, 
197707, 340, 340, 341, 334, 
197739, 337, 338, 338, 339, 
197770, 335, 334, 336, 343, 
197801, 335, 334, 334, 347, 
197832, 336, 335, 338, 343, 
197863, 338, 338, 338, 338, 
197895, 341, 342, 341, 334, 
197925, 340, 342, 342, 333, 
197957, 339, 339, 340, 336, 
197988, 337, 337, 338, 341, 
198020, 335, 333, 334, 345, 
198050, 336, 334, 335, 346, 
198082, 338, 336, 337, 342, 
198113, 339, 340, 339, 336, 
198145, 340, 341, 341, 332, 
198175, 340, 341, 342, 333, 
198207, 338, 339, 340, 337, 
198238, 335, 336, 337, 343, 
198269, 335, 334, 335, 347, 
198300, 335, 335, 335, 345, 
198332, 337, 337, 337, 341, 
198363, 339, 340, 340, 336, 
198393, 341, 342, 342, 332, 
198425, 339, 341, 341, 334, 
198456, 338, 338, 340, 339, 
198488, 335, 336, 336, 344, 
198518, 335, 334, 334, 347, 
198550, 336, 335, 335, 345, 
198581, 338, 337, 338, 339, 
198612, 340, 341, 339, 334, 
198643, 340, 342, 342, 332, 
198675, 339, 340, 342, 335, 
198706, 336, 337, 338, 340, 
198737, 335, 335, 335, 345, 
198768, 335, 333, 335, 347, 
198800, 337, 336, 336, 344, 
198831, 339, 339, 339, 338, 
198861, 341, 341, 341, 333, 
198893, 340, 341, 342, 334, 
198924, 340, 339, 340, 336, 
198956, 336, 336, 337, 343, 
198986, 335, 334, 335, 346, 
199018, 336, 334, 336, 346, 
199049, 337, 336, 337, 343, 
199080, 339, 339, 340, 336, 
199111, 340, 340, 341, 332, 
199143, 339, 342, 342, 333, 
199174, 338, 337, 339, 337, 
199205, 335, 336, 337, 343, 
199236, 334, 333, 335, 347, 
199268, 336, 334, 335, 345, 
199299, 338, 337, 338, 340, 
199330, 340, 340, 341, 335, 
199361, 340, 342, 342, 332, 
199392, 339, 342, 341, 334, 
199424, 337, 337, 340, 339, 
199454, 335, 335, 336, 344, 
199486, 335, 334, 334, 347, 
199517, 336, 335, 336, 344, 
199548, 338, 338, 339, 339, 
199579, 341, 341, 341, 333, 
199611, 340, 343, 342, 332, 
199642, 339, 339, 340, 336, 
199673, 338, 337, 337, 340, 
199704, 336, 335, 335, 346, 
199736, 335, 335, 335, 347, 
199767, 336, 335, 336, 344, 
199798, 338, 339, 340, 338, 
199829, 340, 341, 342, 333, 
199860, 340, 342, 342, 332, 
199891, 339, 340, 340, 336, 
199922, 336, 335, 337, 341, 
199954, 335, 333, 335, 346, 
199985, 335, 334, 335, 346, 
200016, 337, 336, 337, 341, 
200047, 340, 339, 340, 336, 
200079, 341, 343, 342, 332, 
200110, 340, 341, 341, 333, 
200141, 339, 338, 339, 338, 
200172, 336, 335, 337, 343, 
200204, 334, 333, 335, 346, 
200235, 335, 335, 335, 345, 
200266, 338, 337, 338, 340, 
200297, 340, 340, 341, 334, 
200329, 340, 342, 342, 331, 
200359, 339, 340, 341, 335, 
200390, 337, 337, 338, 339, 
200422, 336, 334, 334, 343, 
200453, 335, 333, 335, 346, 
200484, 336, 336, 336, 343, 
200515, 338, 339, 338, 337, 
200547, 340, 341, 341, 333, 
200578, 340, 342, 342, 331, 
200609, 339, 340, 340, 335, 
200640, 337, 337, 338, 340, 
200672, 334, 333, 335, 345, 
200702, 335, 334, 334, 346, 
200734, 337, 337, 336, 342, 
200765, 339, 339, 340, 337, 
200797, 341, 342, 340, 332, 
200827, 340, 341, 341, 332, 
200858, 338, 339, 339, 336, 
200890, 336, 336, 337, 341, 
200921, 335, 333, 335, 345, 
200952, 335, 335, 335, 344, 
200983, 337, 338, 337, 340, 
201015, 339, 340, 340, 334, 
201046, 340, 342, 342, 331, 
201077, 339, 342, 341, 332, 
201108, 337, 338, 339, 337, 
201140, 336, 335, 336, 343, 
201170, 336, 333, 334, 347, 
201202, 336, 336, 336, 344, 
201233, 337, 338, 338, 339, 
201265, 340, 341, 343, 334, 
201295, 342, 342, 343, 331, 
201327, 339, 340, 341, 334, 
201358, 337, 337, 338, 339, 
201389, 335, 334, 336, 344, 
201420, 335, 333, 334, 346, 
201451, 336, 336, 336, 342, 
201483, 338, 338, 338, 337, 
201513, 340, 342, 341, 333, 
201545, 340, 342, 342, 331, 
201576, 339, 339, 340, 335, 
201608, 337, 336, 337, 340, 
201638, 335, 333, 335, 345, 
201670, 335, 333, 335, 346, 
201701, 336, 336, 336, 342, 
201733, 338, 340, 340, 336, 
201763, 341, 342, 342, 331, 
201795, 340, 341, 342, 333, 
201826, 338, 339, 339, 337, 
201857, 336, 336, 337, 342, 
201888, 335, 333, 336, 345, 
201919, 335, 334, 335, 345, 
201951, 337, 337, 337, 340, 
201981, 339, 340, 340, 333, 
202013, 342, 342, 342, 331, 
202044, 339, 341, 341, 333, 
202076, 337, 338, 339, 338, 
202106, 335, 335, 336, 343, 
202138, 334, 333, 334, 346, 
202169, 336, 335, 337, 343, 
202201, 338, 338, 338, 339, 
202231, 340, 339, 341, 333, 
202263, 340, 342, 343, 331, 
202294, 339, 340, 340, 333, 
202326, 337, 337, 339, 338, 
202356, 335, 334, 336, 343, 
202387, 336, 333, 336, 345, 
202419, 336, 336, 336, 342, 
202449, 338, 339, 338, 337, 
202481, 340, 341, 342, 332, 
202512, 340, 341, 341, 331, 
202544, 338, 340, 340, 335, 
202574, 336, 336, 337, 340, 
202606, 335, 333, 335, 345, 
202637, 334, 334, 335, 346, 
202669, 337, 336, 337, 342, 
202699, 339, 340, 339, 336, 
202731, 341, 342, 342, 332, 
202762, 339, 341, 341, 332, 
202793, 339, 339, 339, 336, 
202824, 335, 336, 337, 341, 
202855, 334, 333, 335, 345, 
202887, 335, 334, 335, 344, 
202917, 338, 337, 337, 339, 
202949, 339, 341, 340, 335, 
202980, 340, 342, 343, 330, 
203012, 339, 341, 340, 332, 
203042, 337, 338, 339, 337, 
203074, 335, 335, 336, 342, 
203105, 335, 333, 335, 345, 
203137, 336, 335, 335, 343, 
203167, 338, 339, 338, 338, 
203199, 340, 341, 341, 332, 
203230, 341, 342, 342, 330, 
203261, 340, 340, 339, 333, 
203292, 337, 338, 338, 339, 
203324, 335, 335, 335, 344, 
203355, 335, 333, 335, 345, 
203385, 337, 335, 336, 343, 
203417, 338, 339, 339, 337, 
203448, 340, 342, 341, 333, 
203480, 340, 341, 342, 331, 
203510, 339, 339, 340, 336, 
203542, 336, 336, 337, 341, 
203573, 334, 335, 335, 347, 
203604, 336, 334, 335, 346, 
203635, 337, 336, 336, 341, 
203667, 339, 340, 340, 335, 
203698, 340, 342, 342, 331, 
203729, 340, 341, 342, 332, 
203760, 338, 338, 339, 336, 
203792, 336, 337, 337, 341, 
203823, 335, 334, 335, 346, 
203853, 336, 334, 336, 344, 
203885, 338, 337, 337, 339, 
203916, 341, 340, 340, 334, 
203948, 341, 342, 340, 330, 
203978, 339, 342, 342, 332, 
204010, 337, 338, 338, 337, 
204041, 335, 335, 336, 342, 
204072, 335, 333, 334, 346, 
204103, 336, 335, 336, 342, 
204135, 338, 337, 339, 338, 
204166, 340, 341, 340, 333, 
204197, 341, 342, 343, 331, 
204228, 339, 340, 341, 335, 
204260, 337, 338, 338, 339, 
204291, 335, 334, 336, 344, 
204322, 335, 334, 335, 346, 
204353, 337, 336, 336, 342, 
204384, 338, 339, 339, 336, 
204416, 340, 341, 342, 331, 
204446, 340, 342, 342, 332, 
204478, 339, 339, 340, 335, 
204509, 336, 337, 337, 341, 
204540, 334, 333, 335, 346, 
204571, 335, 334, 335, 345, 
204603, 337, 336, 337, 339, 
204634, 339, 340, 340, 335, 
204665, 340, 343, 342, 331, 
204696, 340, 341, 344, 331, 
204728, 338, 339, 340, 336, 
204759, 336, 335, 337, 342, 
204790, 335, 334, 335, 345, 
204821, 335, 334, 335, 344, 
204852, 337, 338, 337, 339, 
204883, 340, 341, 340, 332, 
204914, 341, 342, 342, 332, 
204946, 339, 341, 342, 333, 
204977, 337, 338, 339, 337, 
205008, 336, 335, 336, 344, 
205039, 335, 333, 334, 345, 
205071, 336, 335, 336, 343, 
205102, 338, 338, 338, 338, 
205133, 340, 342, 341, 334, 
205164, 340, 343, 342, 331, 
205196, 340, 340, 341, 334, 
205227, 337, 337, 339, 339, 
205258, 335, 335, 335, 344, 
205289, 335, 334, 334, 346, 
205321, 336, 336, 337, 340, 
205351, 338, 339, 339, 336, 
205382, 339, 341, 341, 331, 
205414, 340, 342, 342, 329, 
205445, 338, 341, 340, 335, 
205476, 336, 336, 337, 340, 
205507, 335, 334, 335, 345, 
205539, 335, 334, 335, 345, 
205570, 337, 337, 337, 341, 
205601, 339, 340, 339, 334, 
205632, 340, 342, 342, 330, 
205664, 340, 341, 341, 332, 
205694, 339, 338, 340, 336, 
205726, 336, 336, 337, 341, 
205757, 335, 334, 335, 346, 
205789, 335, 335, 335, 344, 
205819, 339, 337, 337, 339, 
205850, 339, 340, 341, 334, 
205882, 341, 342, 342, 330, 
205913, 340, 341, 341, 334, 
205944, 339, 338, 339, 339, 
205975, 336, 335, 336, 343, 
206007, 335, 333, 334, 345, 
206038, 336, 335, 335, 343, 
206069, 338, 337, 338, 338, 
206100, 340, 341, 341, 333, 
206132, 340, 342, 342, 332, 
206162, 340, 340, 341, 334, 
206194, 337, 338, 338, 339, 
206225, 335, 334, 336, 344, 
206257, 335, 335, 335, 347, 
206287, 337, 336, 336, 342, 
206319, 339, 339, 340, 336, 
206350, 340, 341, 342, 333, 
206381, 340, 342, 342, 332, 
206412, 338, 339, 341, 336, 
206443, 336, 336, 337, 341, 
206475, 335, 334, 335, 345, 
206505, 336, 334, 336, 346, 
206537, 337, 336, 337, 341, 
206568, 340, 342, 340, 336, 
206600, 341, 342, 342, 331, 
206630, 340, 341, 341, 333, 
206662, 338, 338, 340, 337, 
206693, 336, 336, 336, 342, 
206725, 335, 334, 335, 346, 
206755, 336, 335, 335, 344, 
206787, 337, 337, 338, 339, 
206818, 339, 340, 340, 335, 
206849, 340, 341, 342, 331, 
206880, 340, 341, 341, 333, 
206911, 337, 338, 339, 337, 
206943, 336, 335, 336, 343, 
206973, 335, 334, 335, 346, 
207005, 336, 333, 336, 343, 
207036, 338, 337, 338, 338, 
207068, 341, 341, 339, 333, 
207098, 340, 343, 342, 332, 
207130, 339, 340, 342, 334, 
207161, 338, 337, 338, 339, 
207193, 335, 334, 336, 344, 
207223, 336, 333, 336, 346, 
207255, 337, 335, 337, 342, 
207286, 339, 338, 338, 337, 
207318, 341, 342, 341, 331, 
207348, 340, 340, 342, 333, 
207379, 339, 340, 340, 334, 
207411, 337, 336, 337, 342, 
207441, 333, 333, 336, 345, 
207473, 335, 334, 335, 346, 
207504, 337, 335, 336, 341, 
207536, 339, 340, 340, 335, 
207566, 341, 342, 341, 331, 
207598, 340, 342, 341, 332, 
207629, 338, 339, 340, 336, 
207661, 336, 335, 336, 341, 
207691, 334, 333, 334, 345, 
207723, 335, 335, 335, 344, 
207754, 337, 338, 337, 340, 
207785, 339, 339, 340, 334, 
207816, 340, 342, 342, 331, 
207847, 339, 341, 341, 333, 
207879, 337, 339, 339, 338, 
207909, 335, 335, 336, 343, 
207941, 335, 334, 334, 346, 
207972, 336, 335, 335, 344, 
208004, 338, 338, 338, 339, 
208034, 340, 341, 341, 333, 
208066, 340, 343, 342, 331, 
208097, 339, 341, 341, 334, 
208129, 337, 337, 339, 339, 
208159, 336, 334, 335, 344, 
208191, 335, 334, 334, 346, 
208222, 336, 335, 336, 343, 
208253, 338, 338, 339, 338, 
208284, 340, 341, 342, 332, 
208316, 340, 342, 341, 331, 
208347, 338, 340, 340, 336, 
208377, 337, 335, 337, 338, 
208409, 335, 333, 335, 345, 
208440, 335, 334, 335, 346, 
208472, 337, 336, 336, 342, 
208502, 339, 338, 340, 336, 
208534, 341, 342, 342, 331, 
208565, 341, 341, 342, 331, 
208596, 338, 338, 340, 336, 
208627, 337, 336, 337, 341, 
208659, 335, 334, 335, 345, 
208690, 336, 336, 335, 344, 
208721, 337, 337, 338, 339, 
208752, 339, 340, 340, 334, 
208784, 341, 342, 342, 330, 
208815, 339, 341, 341, 332, 
208845, 338, 339, 338, 336, 
208877, 336, 335, 335, 341, 
208908, 335, 333, 334, 346, 
208940, 336, 335, 335, 343, 
208970, 338, 337, 338, 338, 
209002, 340, 341, 341, 333, 
209033, 340, 342, 343, 330, 
209064, 339, 341, 341, 333, 
209095, 338, 337, 338, 338, 
209127, 336, 334, 336, 344, 
209158, 334, 334, 335, 345, 
209189, 336, 336, 336, 343, 
209220, 338, 339, 339, 337, 
209252, 340, 341, 341, 332, 
209283, 340, 342, 341, 330, 
209314, 339, 340, 340, 334, 
209345, 337, 337, 338, 340, 
209376, 335, 334, 336, 344, 
209408, 335, 333, 334, 345, 
209438, 336, 337, 336, 342, 
209470, 339, 339, 339, 337, 
209501, 340, 341, 342, 331, 
209532, 341, 341, 342, 331, 
209563, 339, 339, 340, 336, 
209595, 336, 336, 337, 341, 
209626, 335, 333, 335, 345, 
209657, 336, 334, 336, 345, 
209688, 338, 337, 337, 340, 
209720, 339, 340, 340, 336, 
209751, 341, 342, 343, 331, 
209782, 340, 341, 341, 331, 
209813, 339, 338, 339, 337, 
209844, 336, 335, 336, 342, 
209875, 335, 333, 335, 345, 
209906, 335, 334, 335, 344, 
209938, 338, 337, 337, 339, 
209969, 339, 340, 341, 333, 
210000, 341, 342, 341, 330, 
210031, 339, 341, 341, 333, 
210063, 337, 338, 338, 337, 
210094, 335, 334, 336, 343, 
210125, 335, 333, 335, 345, 
210156, 336, 335, 335, 343, 
210188, 338, 339, 338, 337, 
210219, 340, 341, 341, 331, 
210250, 340, 342, 342, 330, 
210281, 339, 340, 340, 334, 
210313, 337, 337, 338, 339, 
210343, 335, 334, 336, 344, 
210374, 335, 333, 335, 345, 
210406, 336, 336, 336, 342, 
210437, 339, 338, 339, 337, 
210468, 341, 341, 342, 331, 
210499, 340, 341, 343, 331, 
210531, 338, 340, 340, 335, 
210562, 336, 336, 337, 342, 
210593, 335, 333, 335, 345, 
210624, 336, 334, 335, 345, 
210656, 337, 336, 337, 341, 
210686, 339, 340, 340, 335, 
210718, 341, 341, 340, 331, 
210749, 341, 341, 342, 331, 
210781, 338, 339, 339, 336, 
210811, 336, 335, 337, 342, 
210842, 335, 333, 335, 345, 
210874, 335, 333, 335, 344, 
210905, 337, 337, 337, 339, 
210936, 339, 338, 340, 334, 
210967, 340, 342, 343, 330, 
210999, 340, 341, 341, 333, 
211030, 337, 338, 338, 337, 
211061, 335, 334, 336, 343, 
211092, 335, 333, 335, 346, 
211124, 336, 335, 335, 343, 
211154, 338, 338, 338, 338, 
211186, 341, 342, 341, 333, 
211217, 340, 342, 342, 330, 
211249, 339, 340, 341, 333, 
211279, 337, 338, 338, 339, 
211311, 335, 335, 335, 344, 
211342, 336, 333, 334, 346, 
211373, 336, 335, 335, 342, 
211404, 340, 338, 339, 337, 
211435, 340, 342, 341, 332, 
211467, 340, 341, 342, 331, 
211497, 340, 339, 339, 335, 
211529, 336, 336, 338, 340, 
211560, 334, 334, 335, 345, 
211592, 336, 335, 336, 345, 
211622, 337, 336, 336, 341, 
211654, 339, 339, 339, 336, 
211685, 340, 340, 341, 332, 
211717, 341, 341, 341, 331, 
211747, 338, 339, 339, 336, 
211779, 336, 335, 336, 341, 
211810, 335, 333, 334, 343, 
211841, 335, 334, 335, 344, 
211872, 337, 338, 337, 340, 
211903, 339, 340, 339, 334, 
211935, 340, 342, 343, 330, 
211965, 340, 341, 341, 332, 
211997, 337, 339, 339, 337, 
212028, 335, 336, 336, 343, 
212060, 334, 333, 334, 346, 
212090, 336, 335, 335, 343, 
212122, 337, 337, 338, 337, 
212153, 340, 339, 341, 333, 
212185, 340, 342, 342, 330, 
212215, 339, 340, 340, 333, 
212247, 337, 338, 338, 337, 
212278, 335, 335, 336, 344, 
212310, 335, 333, 334, 346, 
212340, 336, 335, 336, 342, 
212371, 339, 338, 338, 338, 
212403, 340, 341, 341, 331, 
212433, 340, 341, 342, 330, 
212465, 338, 340, 340, 334, 
212496, 336, 337, 338, 339, 
212528, 334, 335, 335, 344, 
212558, 335, 334, 335, 346, 
212590, 337, 336, 336, 341, 
212621, 338, 340, 339, 336, 
212653, 340, 341, 342, 332, 
212683, 340, 341, 342, 331, 
212715, 338, 339, 340, 335, 
212746, 336, 336, 337, 340, 
212777, 334, 333, 335, 345, 
212808, 336, 334, 336, 344, 
212839, 336, 336, 337, 340, 
212871, 339, 340, 340, 334, 
212901, 341, 342, 342, 330, 
212933, 340, 341, 342, 331, 
212964, 337, 338, 339, 336, 
212996, 336, 334, 337, 342, 
213026, 335, 333, 334, 347, 
213058, 336, 335, 336, 343, 
213089, 338, 337, 338, 338, 
213121, 340, 340, 341, 333, 
213151, 340, 343, 342, 330, 
213183, 339, 341, 341, 332, 
213214, 337, 337, 340, 337, 
213245, 335, 334, 336, 343, 
213276, 335, 334, 334, 346, 
213308, 336, 335, 336, 341, 
213339, 338, 338, 338, 337, 
213369, 340, 341, 341, 332, 
213401, 340, 342, 342, 330, 
213432, 339, 340, 341, 335, 
213464, 337, 337, 338, 339, 
213494, 335, 334, 335, 344, 
213526, 335, 335, 334, 345, 
213557, 336, 335, 337, 341, 
213588, 338, 338, 340, 336, 
213619, 340, 343, 341, 332, 
213651, 340, 342, 342, 331, 
213682, 338, 339, 341, 335, 
213713, 337, 336, 337, 340, 
213744, 334, 333, 335, 344, 
213776, 336, 334, 335, 344, 
213807, 337, 336, 337, 340, 
213837, 339, 341, 340, 334, 
213869, 340, 342, 342, 330, 
213900, 340, 341, 342, 332, 
213932, 338, 338, 339, 336, 
213962, 335, 335, 336, 341, 
213994, 335, 333, 335, 345, 
214025, 335, 334, 335, 344, 
214056, 337, 338, 337, 340, 
214087, 339, 341, 340, 333, 
214119, 340, 342, 342, 330, 
214150, 339, 341, 341, 332, 
214181, 337, 339, 339, 337, 
214212, 335, 335, 336, 342, 
214244, 334, 333, 334, 345, 
214275, 337, 335, 335, 343, 
214306, 338, 338, 338, 337, 
214337, 341, 342, 341, 333, 
214368, 340, 343, 342, 330, 
214400, 339, 340, 341, 333, 
214430, 337, 338, 338, 338, 
214462, 335, 335, 335, 341, 
214493, 335, 334, 335, 344, 
214524, 337, 336, 336, 341, 
214555, 339, 339, 338, 335, 
214587, 340, 341, 341, 331, 
214618, 340, 342, 342, 331, 
214649, 338, 339, 340, 334, 
214680, 336, 336, 338, 339, 
214712, 335, 334, 335, 344, 
214743, 335, 334, 335, 344, 
214774, 337, 336, 338, 342, 
214805, 339, 339, 341, 335, 
214836, 340, 343, 342, 331, 
214867, 340, 341, 342, 331, 
214898, 338, 339, 339, 336, 
214930, 336, 336, 335, 342, 
214961, 334, 334, 334, 346, 
214992, 335, 334, 336, 344, 
215023, 337, 337, 338, 339, 
215055, 340, 340, 341, 334, 
215086, 340, 343, 342, 331, 
215117, 339, 341, 341, 332, 
215148, 337, 338, 339, 338, 
215180, 335, 335, 336, 343, 
215211, 334, 333, 335, 346, 
215242, 336, 334, 336, 345, 
215273, 338, 337, 338, 338, 
215305, 339, 342, 341, 333, 
215335, 340, 342, 342, 332, 
215366, 339, 340, 341, 334, 
215398, 337, 337, 337, 339, 
215429, 335, 334, 335, 344, 
215460, 335, 334, 334, 346, 
215491, 336, 335, 337, 342, 
215523, 339, 338, 340, 337, 
215554, 341, 341, 341, 332, 
215585, 340, 340, 342, 331, 
215616, 338, 339, 341, 334, 
215648, 336, 336, 337, 340, 
215678, 334, 333, 335, 344, 
215710, 335, 334, 335, 346, 
215741, 337, 335, 336, 340, 
215773, 339, 340, 339, 335, 
215803, 340, 342, 342, 331, 
215834, 339, 342, 341, 331, 
215866, 338, 339, 340, 335, 
215897, 337, 336, 336, 341, 
215928, 334, 333, 334, 345, 
215959, 335, 334, 335, 344, 
215991, 337, 337, 337, 340, 
216022, 339, 340, 340, 333, 
216053, 340, 342, 341, 330, 
216084, 339, 342, 341, 332, 
216116, 338, 338, 340, 337, 
216146, 335, 334, 336, 342, 
216178, 334, 333, 334, 345, 
216209, 335, 337, 336, 343, 
216241, 338, 338, 338, 338, 
216271, 341, 341, 341, 333, 
216303, 341, 342, 343, 330, 
216334, 339, 340, 341, 333, 
216365, 337, 337, 338, 338, 
216396, 335, 334, 335, 343, 
216427, 336, 333, 334, 345, 
216459, 336, 336, 336, 342, 
216489, 338, 339, 338, 337, 
216521, 341, 341, 340, 332, 
216552, 340, 342, 342, 330, 
216584, 339, 340, 340, 334, 
216614, 337, 336, 337, 340, 
216646, 336, 333, 335, 345, 
216677, 335, 334, 335, 346, 
216709, 336, 336, 336, 341, 
216739, 339, 339, 339, 336, 
216771, 341, 341, 341, 331, 
216802, 340, 342, 341, 332, 
216833, 338, 339, 340, 336, 
216864, 336, 336, 337, 341, 
216895, 334, 333, 334, 345, 
216927, 335, 333, 335, 345, 
216957, 337, 337, 337, 340, 
216989, 339, 339, 340, 335, 
217020, 340, 342, 341, 331, 
217052, 339, 342, 342, 332, 
217082, 337, 339, 339, 337, 
217114, 335, 335, 336, 342, 
217145, 335, 334, 335, 346, 
217177, 336, 334, 336, 345, 
217207, 338, 337, 337, 339, 
217239, 340, 340, 341, 334, 
217270, 341, 342, 342, 330, 
217302, 339, 340, 341, 333, 
217332, 337, 337, 338, 338, 
217363, 336, 334, 337, 343, 
217395, 335, 334, 334, 346, 
217425, 336, 335, 336, 343, 
217457, 338, 338, 338, 336, 
217488, 340, 341, 342, 333, 
217520, 340, 342, 342, 331, 
217550, 338, 341, 340, 334, 
217582, 337, 336, 337, 341, 
217613, 334, 333, 335, 345, 
217645, 335, 334, 334, 346, 
217675, 336, 335, 336, 343, 
217707, 340, 338, 338, 336, 
217738, 340, 341, 341, 333, 
217769, 340, 341, 343, 331, 
217800, 338, 340, 340, 335, 
217831, 336, 336, 337, 341, 
217863, 334, 333, 335, 345, 
217893, 335, 334, 335, 345, 
217925, 338, 336, 335, 339, 
217956, 339, 339, 340, 334, 
217988, 340, 342, 342, 331, 
218018, 339, 342, 342, 331, 
218050, 337, 338, 339, 337, 
218081, 336, 335, 336, 341, 
218113, 334, 333, 334, 345, 
218143, 335, 335, 335, 345, 
218175, 337, 337, 337, 339, 
218206, 340, 340, 340, 333, 
218237, 340, 342, 342, 330, 
218268, 339, 341, 341, 332, 
218300, 337, 337, 338, 337, 
218331, 336, 334, 336, 342, 
218361, 335, 333, 335, 345, 
218393, 336, 335, 335, 344, 
218424, 337, 338, 338, 338, 
218456, 340, 340, 341, 333, 
218486, 341, 342, 341, 330, 
218518, 339, 340, 340, 333, 
218549, 336, 337, 338, 339, 
218580, 334, 334, 335, 345, 
218611, 335, 333, 334, 346, 
218643, 336, 337, 336, 342, 
218674, 338, 337, 338, 338, 
218705, 340, 341, 341, 332, 
218736, 339, 341, 342, 331, 
218768, 339, 341, 340, 334, 
218799, 337, 336, 337, 340, 
218829, 335, 334, 335, 344, 
218861, 335, 333, 334, 345, 
218892, 338, 336, 336, 342, 
218924, 339, 339, 340, 336, 
218954, 341, 342, 342, 331, 
218986, 339, 342, 341, 331, 
219017, 338, 339, 339, 336, 
219048, 337, 336, 337, 342, 
219079, 335, 333, 334, 346, 
219111, 335, 335, 335, 345, 
219142, 337, 337, 337, 341, 
219173, 339, 339, 340, 336, 
219204, 341, 341, 342, 332, 
219236, 339, 341, 342, 334, 
219267, 337, 338, 339, 337, 
219298, 336, 335, 336, 343, 
219329, 336, 333, 334, 345, 
219360, 336, 335, 335, 343, 
219392, 337, 337, 338, 338, 
219422, 339, 341, 340, 333, 
219454, 341, 342, 342, 330, 
219485, 339, 341, 341, 333, 
219516, 337, 337, 338, 338, 
219547, 335, 335, 336, 343, 
219579, 335, 333, 335, 344, 
219610, 336, 335, 336, 341, 
219641, 338, 338, 339, 336, 
219672, 341, 341, 342, 332, 
219704, 341, 342, 342, 329, 
219735, 338, 340, 340, 333, 
219766, 336, 338, 337, 339, 
219797, 336, 334, 335, 345, 
219828, 336, 333, 335, 345, 
219859, 336, 336, 336, 341, 
219890, 338, 337, 339, 337, 
219922, 340, 342, 341, 331, 
219953, 340, 342, 343, 331, 
219984, 338, 341, 340, 336, 
220015, 336, 336, 337, 342, 
220047, 335, 333, 334, 345, 
220078, 336, 334, 335, 345, 
220109, 337, 338, 337, 341, 
220140, 340, 338, 339, 336, 
220172, 342, 342, 342, 331, 
220203, 339, 341, 341, 332, 
220234, 338, 339, 339, 337, 
220265, 336, 336, 336, 342, 
220297, 335, 333, 335, 346, 
220327, 335, 335, 335, 345, 
220358, 338, 337, 337, 339, 
220390, 340, 340, 340, 334, 
220421, 340, 342, 341, 331, 
220452, 339, 342, 340, 333, 
220483, 337, 338, 339, 338, 
220515, 335, 335, 336, 343, 
220546, 335, 333, 334, 346, 
220577, 337, 335, 336, 342, 
220608, 338, 338, 338, 338, 
220640, 340, 341, 342, 333, 
220670, 340, 342, 342, 330, 
220702, 339, 340, 341, 334, 
220733, 336, 337, 338, 339, 
220765, 335, 334, 336, 344, 
220795, 334, 334, 335, 348, 
220826, 335, 335, 335, 342, 
220858, 338, 338, 338, 337, 
220889, 340, 340, 341, 334, 
220920, 340, 342, 343, 331, 
220951, 339, 340, 340, 335, 
220983, 336, 336, 337, 342, 
221014, 335, 334, 335, 346, 
221045, 335, 334, 335, 346, 
221076, 337, 337, 337, 342, 
221108, 339, 339, 340, 336, 
221138, 341, 341, 342, 333, 
221170, 340, 341, 342, 332, 
221201, 338, 339, 339, 336, 
221233, 336, 337, 337, 342, 
221263, 335, 333, 335, 346, 
221295, 335, 334, 335, 345, 
221326, 337, 338, 338, 340, 
221357, 338, 340, 340, 334, 
221388, 340, 342, 343, 330, 
221419, 339, 340, 341, 332, 
221451, 337, 339, 339, 336, 
221481, 335, 336, 336, 343, 
221513, 336, 333, 335, 346, 
221544, 336, 335, 336, 343, 
221576, 338, 338, 338, 338, 
221606, 340, 340, 341, 333, 
221638, 341, 342, 342, 330, 
221669, 339, 340, 340, 333, 
221701, 337, 338, 338, 338, 
221731, 335, 335, 335, 344, 
221763, 335, 333, 335, 346, 
221794, 337, 335, 336, 342, 
221825, 339, 338, 339, 337, 
221856, 340, 341, 342, 332, 
221887, 340, 343, 342, 331, 
221919, 339, 340, 341, 335, 
221949, 336, 337, 338, 340, 
221981, 335, 335, 336, 345, 
222012, 335, 334, 336, 345, 
222044, 337, 336, 337, 341, 
222074, 339, 340, 339, 337, 
222106, 341, 342, 342, 331, 
222137, 340, 341, 342, 331, 
222169, 337, 339, 339, 335, 
222199, 336, 336, 337, 341, 
222231, 335, 335, 335, 346, 
222262, 336, 335, 335, 346, 
222294, 338, 336, 337, 340, 
222324, 339, 341, 339, 335, 
222355, 340, 343, 341, 331, 
222387, 340, 341, 341, 332, 
222417, 338, 338, 339, 337, 
222449, 335, 335, 336, 342, 
222480, 334, 333, 335, 346, 
222512, 336, 334, 336, 344, 
222542, 337, 337, 337, 339, 
222574, 339, 342, 340, 335, 
222605, 341, 342, 342, 330, 
222637, 340, 340, 340, 333, 
222667, 337, 337, 338, 338, 
222699, 335, 334, 337, 343, 
222730, 335, 333, 333, 346, 
222761, 335, 335, 335, 344, 
222792, 339, 338, 338, 338, 
222823, 340, 342, 341, 333, 
222855, 340, 342, 342, 330, 
222885, 339, 340, 339, 333, 
222917, 336, 337, 338, 338, 
222948, 335, 335, 335, 344, 
222980, 335, 332, 335, 345, 
223010, 336, 335, 336, 342, 
223042, 339, 339, 338, 336, 
223073, 340, 341, 341, 332, 
223105, 340, 342, 343, 330, 
223135, 339, 340, 340, 335, 
223167, 337, 337, 337, 340, 
223198, 335, 334, 335, 346, 
223229, 336, 334, 334, 346, 
223260, 337, 336, 335, 341, 
223292, 339, 339, 338, 335, 
223323, 341, 342, 341, 331, 
223353, 340, 341, 342, 330, 
223385, 338, 340, 339, 335, 
223416, 335, 336, 337, 341, 
223448, 335, 335, 335, 346, 
223478, 336, 334, 335, 345, 
223510, 337, 337, 337, 340, 
223541, 339, 340, 341, 334, 
223572, 340, 342, 342, 331, 
223603, 339, 341, 341, 332, 
223635, 338, 339, 339, 337, 
223666, 335, 335, 336, 342, 
223697, 335, 333, 335, 346, 
223728, 336, 334, 335, 343, 
223760, 336, 337, 338, 339, 
223791, 339, 339, 340, 334, 
223821, 340, 342, 342, 332, 
223853, 340, 340, 341, 334, 
223884, 338, 337, 340, 340, 
223916, 335, 335, 336, 344, 
223946, 335, 334, 334, 348, 
223978, 336, 335, 334, 344, 
224009, 337, 338, 339, 338, 
224040, 340, 341, 341, 333, 
224071, 340, 340, 341, 331, 
224103, 340, 340, 340, 335, 
224134, 336, 337, 337, 340, 
224165, 335, 333, 335, 345, 
224196, 335, 334, 334, 347, 
224228, 337, 335, 337, 342, 
224259, 339, 339, 339, 337, 
224290, 340, 342, 341, 333, 
224321, 339, 341, 342, 332, 
224352, 339, 339, 340, 336, 
224384, 336, 336, 337, 343, 
224414, 334, 334, 335, 346, 
224446, 334, 334, 335, 347, 
224477, 337, 336, 337, 341, 
224508, 339, 340, 338, 336, 
224539, 342, 343, 341, 332, 
224571, 340, 342, 341, 332, 
224602, 338, 340, 338, 336, 
224633, 336, 336, 337, 341, 
224664, 335, 333, 334, 345, 
224696, 336, 334, 335, 344, 
224727, 337, 338, 337, 339, 
224758, 339, 340, 340, 333, 
224789, 340, 342, 342, 331, 
224820, 339, 341, 342, 332, 
224851, 338, 338, 338, 336, 
224882, 334, 335, 336, 342, 
224914, 334, 333, 335, 345, 
224945, 336, 335, 336, 343, 
224976, 337, 338, 338, 337, 
225007, 340, 341, 339, 333, 
225039, 340, 342, 342, 330, 
225070, 339, 340, 341, 333, 
225101, 337, 337, 338, 337, 
225132, 334, 334, 334, 343, 
225164, 334, 333, 334, 345, 
225195, 336, 335, 336, 342, 
225226, 338, 338, 338, 337, 
225257, 340, 341, 340, 332, 
225289, 340, 342, 341, 333, 
225319, 338, 339, 340, 335, 
225350, 337, 337, 337, 339, 
225382, 336, 334, 335, 345, 
225413, 335, 334, 334, 347, 
225444, 337, 336, 336, 342, 
225475, 339, 340, 339, 337, 
225507, 341, 341, 341, 332, 
225538, 339, 341, 342, 332, 
225569, 339, 339, 340, 336, 
225600, 335, 336, 337, 341, 
225632, 335, 334, 334, 345, 
225662, 335, 334, 335, 345, 
225694, 337, 336, 337, 341, 
225725, 340, 339, 340, 336, 
225757, 340, 342, 341, 332, 
225787, 340, 342, 341, 333, 
225818, 338, 339, 339, 336, 
225850, 335, 334, 336, 341, 
225881, 335, 334, 334, 345, 
225912, 335, 334, 335, 344, 
225943, 337, 336, 337, 339, 
225975, 339, 340, 340, 334, 
226006, 340, 342, 342, 331, 
226037, 339, 340, 341, 334, 
226068, 338, 338, 338, 337, 
226100, 335, 335, 336, 343, 
226130, 335, 333, 334, 345, 
226162, 336, 334, 336, 343, 
226193, 338, 337, 338, 338, 
226225, 339, 340, 340, 333, 
226255, 340, 342, 342, 330, 
226287, 339, 341, 340, 333, 
226318, 337, 337, 339, 338, 
226349, 336, 334, 335, 343, 
226380, 335, 335, 334, 346, 
226411, 336, 335, 336, 343, 
226443, 339, 338, 339, 337, 
226473, 340, 341, 341, 332, 
226505, 340, 343, 340, 331, 
226536, 339, 340, 340, 334, 
226568, 337, 336, 337, 340, 
226598, 335, 334, 335, 345, 
226630, 335, 333, 335, 347, 
226661, 337, 336, 337, 341, 
226693, 339, 339, 340, 336, 
226723, 341, 341, 342, 331, 
226755, 340, 342, 341, 331, 
226786, 338, 339, 340, 334, 
226817, 336, 336, 337, 340, 
226848, 334, 334, 335, 345, 
226879, 335, 334, 335, 346, 
226911, 337, 336, 337, 340, 
226941, 339, 339, 340, 335, 
226973, 340, 342, 340, 331, 
227004, 339, 342, 341, 333, 
227036, 338, 338, 340, 336, 
227066, 336, 335, 338, 342, 
227098, 335, 333, 334, 345, 
227129, 336, 334, 335, 345, 
227161, 337, 336, 337, 339, 
227191, 340, 340, 341, 334, 
227223, 341, 342, 342, 330, 
227254, 339, 341, 341, 332, 
227286, 337, 338, 338, 338, 
227316, 336, 335, 336, 341, 
227347, 334, 333, 334, 345, 
227379, 336, 336, 336, 343, 
227409, 337, 337, 338, 337, 
227441, 340, 340, 341, 331, 
227472, 340, 342, 342, 330, 
227504, 339, 340, 340, 333, 
227534, 338, 337, 339, 337, 
227566, 334, 334, 337, 343, 
227597, 335, 334, 334, 345, 
227629, 336, 335, 336, 342, 
227659, 339, 338, 338, 338, 
227691, 340, 341, 342, 332, 
227722, 340, 342, 343, 329, 
227753, 339, 341, 340, 333, 
227784, 337, 336, 339, 339, 
227815, 335, 334, 337, 343, 
227847, 335, 334, 334, 345, 
227877, 336, 335, 336, 342, 
227909, 338, 339, 339, 335, 
227940, 341, 342, 341, 331, 
227972, 340, 341, 341, 332, 
228002, 338, 338, 340, 336, 
228034, 336, 336, 337, 341, 
228065, 334, 333, 334, 345, 
228097, 335, 335, 335, 345, 
228127, 338, 336, 337, 340, 
228159, 340, 339, 340, 334, 
228190, 341, 342, 342, 330, 
228221, 339, 342, 341, 331, 
228252, 338, 339, 339, 336, 
228284, 337, 335, 336, 342, 
228315, 334, 333, 334, 345, 
228345, 336, 334, 335, 344, 
228377, 337, 337, 338, 339, 
228408, 339, 340, 340, 332, 
228440, 340, 342, 341, 331, 
228470, 339, 341, 341, 333, 
228502, 337, 338, 339, 337, 
228533, 335, 335, 336, 344, 
228564, 334, 333, 334, 347, 
228595, 335, 335, 335, 344, 
228627, 339, 338, 338, 338, 
228658, 341, 340, 341, 333, 
228689, 340, 342, 342, 330, 
228720, 339, 341, 340, 334, 
228752, 337, 338, 338, 338, 
228783, 336, 334, 336, 342, 
228813, 335, 333, 334, 343, 
228845, 336, 337, 336, 341, 
