 30, 332, 333, 334, 346, 
1, 334, 334, 336, 341, 
2, 336, 336, 338, 336, 
11, 335, 336, 336, 340, 
37, 340, 340, 340, 328, 
65, 333, 332, 335, 350, 
92, 338, 339, 338, 334, 
119, 337, 338, 338, 337, 
147, 334, 331, 335, 351, 
175, 337, 339, 338, 332, 
203, 338, 340, 339, 333, 
231, 333, 331, 334, 351, 
260, 337, 338, 338, 335, 
287, 338, 340, 340, 330, 
316, 333, 332, 335, 348, 
344, 336, 336, 336, 339, 
371, 339, 341, 341, 328, 
400, 334, 333, 335, 346, 
428, 336, 335, 336, 342, 
456, 339, 342, 340, 326, 
484, 335, 335, 336, 344, 
512, 334, 334, 335, 346, 
540, 340, 342, 341, 327, 
568, 337, 337, 337, 339, 
596, 334, 332, 334, 347, 
624, 340, 341, 340, 329, 
653, 338, 337, 338, 336, 
680, 333, 331, 334, 349, 
708, 338, 339, 339, 333, 
737, 338, 339, 339, 332, 
764, 333, 331, 334, 350, 
793, 337, 338, 338, 332, 
821, 339, 340, 339, 330, 
849, 334, 333, 335, 348, 
877, 336, 335, 337, 338, 
905, 339, 341, 341, 328, 
933, 334, 333, 336, 346, 
961, 336, 335, 336, 343, 
990, 340, 342, 341, 329, 
1017, 336, 335, 336, 343, 
1046, 334, 332, 335, 349, 
1076, 338, 339, 340, 334, 
1104, 339, 341, 341, 329, 
1134, 335, 334, 336, 344, 
1163, 334, 332, 334, 348, 
1192, 338, 339, 338, 332, 
1221, 338, 342, 340, 329, 
1251, 335, 334, 336, 346, 
1280, 334, 332, 334, 347, 
1308, 339, 339, 339, 331, 
1338, 339, 340, 340, 330, 
1367, 335, 334, 336, 345, 
1396, 335, 333, 335, 345, 
1425, 340, 340, 339, 329, 
1455, 339, 340, 340, 330, 
1483, 334, 332, 336, 346, 
1512, 334, 333, 336, 345, 
1542, 339, 340, 339, 330, 
1570, 339, 339, 340, 331, 
1600, 334, 333, 335, 346, 
1629, 335, 333, 335, 344, 
1658, 339, 341, 340, 328, 
1687, 338, 340, 340, 331, 
1717, 333, 333, 334, 347, 
1745, 335, 332, 335, 343, 
1774, 339, 341, 340, 328, 
1804, 338, 339, 340, 332, 
1832, 333, 332, 334, 347, 
1862, 335, 334, 335, 342, 
1891, 338, 341, 340, 327, 
1921, 338, 339, 339, 334, 
1949, 333, 332, 335, 349, 
1978, 335, 334, 336, 342, 
2008, 340, 341, 340, 327, 
2036, 338, 339, 339, 334, 
2066, 333, 331, 334, 349, 
2095, 335, 335, 336, 341, 
2124, 339, 341, 341, 326, 
2153, 337, 338, 339, 335, 
2183, 334, 331, 334, 349, 
2211, 336, 335, 336, 340, 
2240, 339, 342, 340, 326, 
2270, 338, 337, 338, 335, 
2298, 334, 331, 333, 348, 
2328, 336, 336, 336, 339, 
2357, 340, 342, 340, 325, 
2386, 337, 337, 337, 336, 
2415, 334, 332, 334, 348, 
2444, 336, 336, 336, 338, 
2473, 339, 343, 340, 326, 
2502, 336, 338, 338, 338, 
2532, 333, 331, 334, 349, 
2561, 336, 336, 337, 337, 
2590, 339, 342, 340, 325, 
2619, 337, 337, 337, 338, 
2649, 334, 332, 334, 349, 
2677, 337, 337, 337, 336, 
2706, 341, 343, 340, 326, 
2736, 336, 336, 337, 339, 
2764, 334, 331, 334, 350, 
2794, 337, 337, 337, 334, 
2823, 339, 342, 340, 326, 
2852, 336, 336, 336, 339, 
2881, 335, 332, 335, 349, 
2910, 338, 339, 337, 334, 
2939, 339, 342, 341, 327, 
2968, 336, 335, 337, 341, 
2998, 333, 332, 334, 348, 
3026, 337, 338, 338, 333, 
3056, 339, 342, 340, 327, 
3085, 335, 335, 336, 342, 
3115, 334, 332, 335, 347, 
3143, 337, 339, 338, 333, 
3172, 339, 341, 339, 330, 
3202, 335, 335, 336, 344, 
3230, 334, 332, 334, 347, 
3260, 338, 339, 338, 332, 
3289, 339, 340, 339, 329, 
3318, 335, 334, 335, 344, 
3347, 334, 333, 334, 347, 
3376, 338, 339, 338, 331, 
3405, 340, 340, 340, 329, 
3434, 334, 333, 335, 345, 
3464, 334, 332, 335, 347, 
3492, 339, 339, 339, 331, 
3522, 339, 340, 340, 329, 
3551, 334, 333, 335, 345, 
3580, 334, 333, 335, 345, 
3609, 338, 340, 339, 330, 
3638, 338, 339, 340, 330, 
3667, 335, 334, 336, 346, 
3696, 334, 333, 334, 345, 
3726, 339, 341, 338, 329, 
3755, 338, 339, 340, 331, 
3784, 333, 333, 335, 346, 
3813, 335, 334, 335, 344, 
3842, 339, 340, 340, 328, 
3871, 338, 340, 339, 331, 
3900, 334, 331, 335, 347, 
3930, 335, 333, 335, 343, 
3958, 339, 340, 340, 328, 
3988, 338, 339, 340, 333, 
4017, 334, 333, 335, 348, 
4046, 336, 334, 335, 342, 
4075, 339, 341, 340, 327, 
4104, 337, 339, 339, 333, 
4133, 334, 331, 335, 349, 
4162, 336, 334, 335, 342, 
4192, 339, 341, 340, 326, 
4220, 337, 338, 339, 333, 
4250, 335, 332, 334, 348, 
4279, 336, 334, 335, 340, 
4307, 340, 341, 339, 326, 
4337, 337, 338, 338, 334, 
4366, 333, 331, 334, 349, 
4396, 335, 335, 336, 339, 
4424, 339, 341, 340, 327, 
4454, 337, 337, 338, 336, 
4483, 333, 331, 333, 349, 
4512, 336, 336, 336, 339, 
4541, 340, 342, 340, 325, 
4570, 336, 337, 339, 336, 
4599, 333, 330, 334, 349, 
4628, 336, 335, 336, 338, 
4658, 339, 341, 340, 327, 
4686, 337, 336, 338, 338, 
4716, 333, 331, 334, 351, 
4745, 336, 336, 337, 338, 
4773, 339, 342, 339, 326, 
4803, 336, 337, 337, 338, 
4832, 333, 331, 334, 350, 
4861, 338, 337, 337, 337, 
4890, 339, 342, 340, 326, 
4920, 336, 336, 337, 339, 
4948, 332, 331, 334, 349, 
4978, 337, 337, 337, 336, 
5007, 338, 341, 339, 326, 
5036, 336, 335, 338, 340, 
5065, 333, 332, 335, 348, 
5094, 336, 338, 337, 334, 
5124, 339, 342, 340, 326, 
5152, 335, 335, 337, 341, 
5182, 335, 331, 334, 348, 
5211, 337, 338, 338, 333, 
5239, 339, 341, 340, 327, 
5269, 335, 335, 336, 341, 
5298, 333, 332, 336, 347, 
5327, 336, 338, 338, 333, 
5356, 339, 341, 341, 327, 
5386, 335, 334, 336, 342, 
5414, 334, 331, 334, 347, 
5444, 338, 338, 339, 331, 
5473, 339, 340, 340, 328, 
5501, 336, 334, 336, 342, 
5531, 335, 332, 335, 346, 
5560, 338, 339, 338, 331, 
5590, 338, 340, 341, 328, 
5618, 334, 333, 335, 344, 
5648, 334, 332, 335, 345, 
5677, 338, 339, 338, 329, 
5705, 339, 340, 339, 331, 
5735, 335, 334, 336, 345, 
5764, 334, 332, 334, 345, 
5793, 338, 340, 339, 329, 
5822, 339, 340, 340, 330, 
5852, 334, 332, 336, 346, 
5880, 334, 333, 335, 345, 
5910, 339, 340, 339, 328, 
5939, 339, 340, 339, 331, 
5967, 334, 333, 334, 346, 
5997, 334, 333, 335, 345, 
6026, 337, 341, 340, 328, 
6055, 339, 340, 339, 332, 
6084, 333, 332, 335, 348, 
6114, 335, 334, 335, 344, 
6142, 339, 341, 340, 328, 
6171, 338, 339, 339, 332, 
6201, 335, 332, 334, 347, 
6230, 335, 334, 335, 342, 
6259, 339, 341, 340, 327, 
6288, 338, 339, 338, 333, 
6318, 333, 331, 334, 348, 
6346, 336, 335, 336, 342, 
6376, 339, 342, 341, 327, 
6405, 337, 338, 339, 334, 
6433, 333, 332, 334, 349, 
6463, 335, 334, 336, 341, 
6492, 339, 342, 340, 326, 
6521, 337, 338, 338, 335, 
6550, 333, 331, 335, 349, 
6580, 335, 335, 336, 339, 
6608, 339, 343, 340, 326, 
6637, 337, 337, 338, 336, 
6667, 333, 331, 334, 349, 
6695, 336, 335, 335, 339, 
6725, 339, 342, 340, 327, 
6754, 337, 337, 338, 337, 
6784, 332, 331, 334, 349, 
6812, 337, 336, 337, 338, 
6842, 339, 342, 340, 326, 
6871, 336, 336, 338, 338, 
6899, 333, 331, 334, 349, 
6929, 336, 337, 337, 337, 
6958, 339, 342, 341, 326, 
6987, 337, 336, 338, 339, 
7016, 333, 331, 334, 349, 
7046, 337, 336, 338, 337, 
7074, 339, 342, 341, 325, 
7103, 336, 335, 337, 339, 
7133, 333, 331, 333, 349, 
7161, 337, 337, 337, 335, 
7191, 339, 341, 340, 327, 
7220, 337, 336, 337, 340, 
7249, 333, 330, 334, 350, 
7278, 337, 338, 338, 334, 
7308, 339, 341, 340, 326, 
7336, 335, 335, 337, 341, 
7365, 333, 332, 335, 348, 
7395, 337, 338, 338, 333, 
7424, 339, 341, 340, 327, 
7453, 335, 335, 336, 342, 
7482, 333, 331, 334, 348, 
7512, 338, 338, 338, 333, 
7540, 339, 340, 340, 327, 
7569, 335, 334, 336, 343, 
7599, 334, 332, 334, 347, 
7627, 337, 338, 338, 332, 
7657, 338, 341, 339, 328, 
7686, 335, 334, 336, 344, 
7715, 334, 331, 334, 347, 
7744, 338, 339, 339, 331, 
7774, 338, 340, 340, 329, 
7802, 334, 333, 335, 345, 
7831, 334, 332, 335, 347, 
7861, 338, 339, 339, 331, 
7889, 338, 340, 340, 330, 
7919, 334, 333, 335, 346, 
7948, 335, 332, 334, 346, 
7977, 339, 340, 339, 330, 
8006, 338, 340, 340, 331, 
8035, 334, 333, 336, 347, 
8065, 334, 333, 335, 344, 
8093, 339, 340, 339, 328, 
8123, 339, 340, 339, 331, 
8152, 333, 332, 335, 346, 
8181, 335, 334, 335, 342, 
8210, 338, 341, 340, 327, 
8240, 338, 340, 339, 331, 
8268, 333, 332, 334, 347, 
8297, 335, 334, 336, 342, 
8327, 339, 341, 341, 327, 
8355, 338, 339, 339, 332, 
8385, 333, 332, 334, 347, 
8414, 335, 334, 335, 341, 
8443, 339, 341, 340, 326, 
8472, 337, 338, 338, 334, 
8501, 333, 331, 334, 348, 
8530, 335, 335, 336, 341, 
8559, 339, 341, 339, 326, 
8589, 337, 338, 338, 334, 
8617, 333, 331, 334, 348, 
8647, 337, 335, 336, 340, 
8676, 339, 341, 341, 326, 
8706, 336, 339, 338, 335, 
8734, 333, 331, 335, 349, 
8763, 335, 335, 337, 339, 
8793, 339, 342, 340, 326, 
8821, 337, 337, 338, 336, 
8851, 333, 332, 334, 349, 
8880, 336, 336, 336, 339, 
8909, 339, 342, 340, 325, 
8938, 336, 337, 339, 336, 
8967, 334, 332, 334, 348, 
8996, 336, 336, 337, 337, 
9025, 340, 341, 340, 326, 
9055, 336, 335, 339, 337, 
9083, 333, 331, 334, 349, 
9113, 336, 336, 337, 336, 
9142, 340, 341, 339, 326, 
9171, 336, 336, 337, 338, 
9200, 333, 332, 333, 348, 
9229, 337, 336, 338, 336, 
9259, 339, 341, 340, 325, 
9287, 336, 337, 337, 339, 
9317, 333, 331, 334, 349, 
9346, 337, 337, 337, 335, 
9375, 339, 341, 340, 326, 
9404, 335, 336, 336, 341, 
9433, 335, 331, 334, 348, 
9462, 337, 337, 337, 334, 
9491, 339, 342, 340, 327, 
9521, 335, 334, 338, 341, 
9549, 333, 333, 335, 347, 
9579, 337, 337, 338, 334, 
9608, 339, 341, 340, 327, 
9637, 335, 334, 336, 342, 
9666, 333, 332, 334, 347, 
9695, 337, 338, 338, 332, 
9724, 339, 341, 340, 328, 
9753, 334, 334, 336, 343, 
9783, 334, 332, 333, 347, 
9811, 338, 340, 338, 332, 
9841, 338, 341, 339, 328, 
9870, 334, 334, 335, 344, 
9899, 335, 334, 334, 346, 
9928, 338, 339, 338, 331, 
9957, 338, 341, 340, 330, 
9987, 334, 333, 335, 345, 
10015, 333, 333, 335, 346, 
10046, 338, 337, 339, 334, 
10076, 340, 341, 340, 327, 
10106, 338, 338, 338, 334, 
10136, 334, 333, 334, 347, 
10167, 334, 331, 334, 348, 
10196, 336, 336, 337, 338, 
10226, 340, 341, 339, 327, 
10257, 338, 339, 339, 331, 
10287, 334, 333, 336, 344, 
10317, 333, 331, 334, 351, 
10347, 336, 335, 336, 339, 
10378, 339, 342, 341, 328, 
10407, 339, 339, 339, 328, 
10438, 336, 336, 337, 340, 
10468, 333, 331, 334, 349, 
10498, 335, 334, 335, 343, 
10528, 339, 340, 339, 329, 
10558, 340, 341, 340, 327, 
10589, 337, 337, 337, 338, 
10618, 333, 330, 334, 348, 
10649, 334, 333, 335, 346, 
10679, 339, 339, 339, 333, 
10710, 339, 342, 342, 326, 
10739, 339, 339, 339, 335, 
10770, 335, 332, 335, 347, 
10800, 333, 331, 335, 346, 
10829, 337, 337, 337, 336, 
10860, 339, 342, 341, 327, 
10890, 338, 339, 339, 332, 
10920, 334, 333, 334, 344, 
10950, 334, 331, 334, 349, 
10981, 336, 336, 337, 338, 
11011, 339, 341, 340, 327, 
11041, 338, 340, 340, 329, 
11071, 335, 335, 336, 341, 
11102, 333, 330, 334, 351, 
11131, 336, 334, 336, 342, 
11161, 338, 340, 339, 330, 
11192, 339, 341, 341, 327, 
11222, 336, 337, 338, 339, 
11252, 334, 332, 334, 350, 
11282, 335, 334, 335, 344, 
11313, 338, 339, 339, 332, 
11342, 339, 342, 340, 327, 
11373, 337, 338, 338, 335, 
11403, 334, 332, 335, 347, 
11433, 334, 332, 335, 348, 
11463, 338, 337, 337, 335, 
11493, 340, 342, 341, 326, 
11524, 337, 339, 339, 334, 
11553, 335, 334, 335, 345, 
11584, 333, 331, 334, 350, 
11614, 336, 336, 337, 337, 
11644, 339, 341, 340, 326, 
11674, 338, 340, 340, 330, 
11705, 335, 335, 336, 343, 
11735, 333, 331, 334, 349, 
11765, 336, 335, 337, 342, 
11795, 339, 340, 339, 328, 
11825, 340, 341, 340, 328, 
11855, 336, 336, 337, 339, 
11885, 334, 331, 334, 350, 
11916, 335, 334, 335, 343, 
11945, 338, 339, 339, 332, 
11976, 340, 342, 340, 327, 
12006, 336, 337, 338, 336, 
12037, 334, 331, 334, 348, 
12066, 335, 334, 335, 346, 
12097, 337, 338, 338, 334, 
12127, 339, 343, 340, 326, 
12156, 339, 338, 339, 333, 
12187, 333, 332, 335, 345, 
12217, 334, 332, 334, 345, 
12248, 337, 336, 337, 337, 
12277, 340, 340, 340, 325, 
12308, 339, 339, 339, 331, 
12338, 335, 334, 336, 342, 
12368, 333, 331, 334, 348, 
12398, 335, 335, 336, 339, 
12428, 339, 340, 340, 328, 
12459, 338, 340, 339, 328, 
12488, 336, 336, 336, 341, 
12519, 333, 331, 333, 349, 
12549, 335, 334, 335, 342, 
12579, 338, 340, 338, 330, 
12609, 340, 341, 340, 327, 
12640, 337, 337, 337, 337, 
12669, 334, 332, 334, 348, 
12700, 334, 333, 334, 345, 
12730, 338, 338, 338, 333, 
12760, 339, 341, 340, 326, 
12790, 337, 338, 340, 335, 
12820, 334, 332, 335, 346, 
12851, 334, 332, 335, 348, 
12880, 337, 337, 338, 336, 
12911, 339, 341, 340, 325, 
12941, 338, 339, 339, 331, 
12972, 335, 334, 336, 345, 
13001, 334, 331, 334, 348, 
13032, 336, 336, 336, 339, 
13062, 339, 341, 340, 327, 
13091, 339, 340, 340, 328, 
13122, 335, 335, 337, 340, 
13152, 333, 331, 334, 349, 
13182, 335, 334, 335, 342, 
13212, 339, 340, 339, 329, 
13243, 339, 341, 340, 326, 
13273, 336, 336, 337, 337, 
13303, 333, 331, 334, 349, 
13333, 335, 334, 335, 344, 
13364, 337, 339, 338, 332, 
13393, 339, 342, 341, 326, 
13423, 337, 337, 338, 335, 
13454, 334, 333, 334, 347, 
13484, 334, 332, 334, 346, 
13514, 337, 337, 337, 335, 
13544, 339, 343, 340, 325, 
13575, 337, 339, 338, 333, 
13604, 334, 333, 335, 344, 
13635, 334, 331, 334, 349, 
13665, 336, 336, 337, 337, 
13696, 339, 341, 340, 327, 
13725, 338, 341, 339, 330, 
13755, 335, 335, 337, 343, 
13786, 333, 331, 334, 349, 
13815, 335, 335, 335, 340, 
13846, 339, 340, 339, 329, 
13876, 339, 341, 341, 328, 
13906, 336, 336, 337, 339, 
13936, 333, 331, 334, 349, 
13967, 335, 333, 336, 343, 
13997, 338, 340, 338, 331, 
14027, 339, 342, 340, 326, 
14057, 337, 337, 338, 337, 
14087, 335, 332, 334, 347, 
14117, 335, 332, 335, 346, 
14147, 338, 338, 338, 333, 
14178, 339, 343, 340, 326, 
14208, 337, 338, 339, 334, 
14238, 334, 333, 336, 346, 
14268, 334, 331, 334, 349, 
14299, 336, 336, 337, 339, 
14328, 339, 341, 340, 327, 
14358, 338, 339, 339, 332, 
14389, 335, 334, 336, 344, 
14418, 334, 331, 334, 350, 
14449, 335, 335, 336, 341, 
14479, 339, 340, 340, 329, 
14510, 338, 340, 339, 329, 
14539, 335, 336, 337, 341, 
14570, 332, 331, 334, 350, 
14600, 335, 334, 335, 343, 
14630, 338, 340, 339, 331, 
14660, 340, 342, 342, 327, 
14690, 337, 337, 338, 338, 
14721, 333, 331, 334, 349, 
14750, 334, 333, 335, 345, 
14781, 336, 338, 339, 333, 
14811, 340, 342, 341, 327, 
14841, 338, 338, 338, 335, 
14871, 334, 332, 335, 347, 
14902, 334, 331, 335, 347, 
14931, 337, 337, 336, 336, 
14962, 339, 343, 341, 327, 
14992, 337, 339, 339, 332, 
15022, 334, 333, 336, 345, 
15052, 333, 331, 333, 349, 
15082, 336, 336, 336, 338, 
15113, 339, 341, 340, 327, 
15142, 338, 340, 340, 330, 
15173, 335, 335, 336, 341, 
15203, 333, 331, 334, 349, 
15234, 336, 334, 336, 341, 
15263, 339, 340, 339, 330, 
15294, 339, 341, 341, 328, 
15324, 336, 336, 337, 339, 
15353, 333, 332, 335, 349, 
15384, 334, 334, 335, 344, 
15414, 337, 339, 339, 331, 
15444, 339, 342, 340, 327, 
15474, 336, 337, 338, 336, 
15505, 333, 333, 335, 347, 
15535, 334, 332, 335, 346, 
15565, 337, 338, 337, 334, 
15595, 339, 341, 340, 324, 
15626, 337, 338, 338, 333, 
15655, 334, 333, 335, 345, 
15685, 333, 331, 334, 348, 
15716, 336, 336, 337, 337, 
15746, 339, 341, 340, 327, 
15776, 338, 339, 340, 329, 
15806, 334, 334, 336, 342, 
15837, 333, 332, 333, 348, 
15866, 336, 336, 336, 339, 
15897, 339, 342, 340, 328, 
15927, 339, 341, 341, 328, 
15958, 335, 335, 337, 339, 
15987, 333, 331, 334, 349, 
16017, 335, 333, 335, 343, 
16048, 338, 339, 339, 330, 
16077, 339, 341, 340, 326, 
16108, 336, 336, 338, 337, 
16138, 334, 332, 334, 347, 
16168, 334, 332, 335, 345, 
16198, 337, 338, 338, 332, 
16229, 340, 343, 341, 325, 
16259, 338, 338, 338, 334, 
16288, 335, 332, 335, 347, 
16319, 334, 332, 334, 346, 
16349, 337, 337, 337, 336, 
16379, 339, 342, 340, 326, 
16409, 338, 339, 339, 331, 
16440, 334, 334, 337, 343, 
16470, 334, 332, 334, 349, 
16500, 336, 335, 336, 339, 
16530, 339, 341, 340, 327, 
16561, 338, 340, 339, 328, 
16590, 335, 335, 337, 341, 
16620, 333, 331, 334, 350, 
16651, 336, 334, 335, 343, 
16680, 338, 339, 339, 330, 
16711, 339, 341, 341, 327, 
16741, 336, 336, 337, 337, 
16772, 333, 331, 334, 348, 
16801, 334, 333, 335, 345, 
16832, 338, 339, 338, 332, 
16862, 340, 341, 340, 327, 
16892, 338, 337, 339, 335, 
16922, 333, 332, 334, 347, 
16952, 334, 332, 334, 346, 
16983, 337, 337, 337, 334, 
17012, 339, 342, 340, 326, 
17043, 338, 339, 339, 332, 
17073, 336, 333, 335, 344, 
17103, 334, 330, 334, 348, 
17133, 336, 336, 336, 337, 
17164, 339, 341, 341, 327, 
17193, 338, 340, 339, 331, 
17224, 334, 334, 336, 342, 
17254, 333, 331, 334, 349, 
17284, 335, 335, 336, 341, 
17314, 338, 341, 339, 328, 
17344, 339, 340, 340, 329, 
17375, 336, 336, 337, 339, 
17404, 334, 331, 334, 348, 
17435, 335, 333, 335, 343, 
17465, 339, 338, 338, 330, 
17496, 339, 341, 340, 326, 
17525, 336, 337, 337, 337, 
17556, 334, 332, 335, 349, 
17586, 334, 332, 334, 345, 
17615, 337, 338, 338, 334, 
17646, 339, 342, 340, 325, 
17676, 337, 339, 339, 333, 
17707, 333, 333, 335, 346, 
17736, 333, 332, 334, 347, 
17767, 337, 336, 337, 336, 
17797, 339, 341, 340, 326, 
17827, 338, 339, 339, 331, 
17857, 335, 334, 336, 343, 
17888, 334, 331, 334, 348, 
17917, 336, 336, 336, 340, 
17947, 339, 340, 340, 327, 
17978, 338, 341, 340, 328, 
18008, 335, 335, 336, 341, 
18038, 333, 331, 333, 349, 
18068, 335, 334, 335, 341, 
18099, 339, 340, 339, 331, 
18128, 339, 341, 338, 326, 
18159, 336, 336, 337, 338, 
18189, 333, 330, 334, 349, 
18219, 335, 332, 335, 345, 
18249, 337, 338, 338, 332, 
18279, 339, 342, 341, 326, 
18310, 338, 338, 338, 335, 
18339, 334, 332, 335, 347, 
18370, 334, 332, 334, 346, 
18400, 337, 337, 337, 335, 
18430, 339, 341, 340, 325, 
18460, 337, 339, 339, 332, 
18491, 334, 333, 335, 344, 
18521, 334, 331, 334, 349, 
18550, 336, 336, 336, 339, 
18581, 339, 341, 338, 327, 
18611, 338, 340, 340, 330, 
18641, 335, 337, 336, 342, 
18671, 333, 331, 334, 350, 
18702, 335, 335, 335, 341, 
18732, 338, 340, 339, 329, 
18762, 338, 340, 340, 328, 
18792, 334, 336, 337, 339, 
18823, 333, 331, 334, 349, 
18852, 334, 333, 335, 343, 
18882, 338, 339, 337, 331, 
18913, 339, 341, 340, 326, 
18942, 337, 338, 337, 335, 
18973, 333, 332, 334, 348, 
19003, 333, 332, 335, 346, 
19034, 337, 338, 337, 334, 
19063, 338, 341, 340, 326, 
19094, 337, 339, 339, 334, 
19124, 334, 333, 336, 345, 
19154, 332, 332, 334, 349, 
19184, 337, 337, 337, 337, 
19214, 340, 341, 339, 327, 
19245, 338, 340, 340, 332, 
19274, 335, 334, 336, 343, 
19305, 333, 332, 335, 350, 
19335, 335, 335, 336, 340, 
19365, 339, 341, 341, 328, 
19395, 338, 340, 340, 329, 
19426, 335, 335, 336, 341, 
19456, 333, 331, 334, 349, 
19486, 335, 333, 335, 343, 
19516, 338, 339, 339, 330, 
19546, 339, 341, 341, 327, 
19576, 336, 337, 338, 338, 
19606, 333, 331, 335, 348, 
19637, 334, 334, 334, 346, 
19666, 337, 338, 339, 334, 
19697, 339, 341, 340, 327, 
19727, 337, 338, 338, 334, 
19758, 333, 332, 334, 346, 
19787, 333, 332, 334, 348, 
19818, 337, 337, 337, 335, 
19848, 339, 341, 340, 326, 
19877, 338, 339, 339, 332, 
19908, 334, 334, 336, 343, 
19938, 334, 331, 334, 349, 
19969, 335, 335, 336, 338, 
19998, 340, 341, 340, 327, 
20029, 338, 340, 339, 329, 
20059, 336, 335, 337, 342, 
20089, 334, 331, 333, 349, 
20119, 335, 334, 335, 341, 
20149, 338, 340, 340, 330, 
20179, 339, 341, 340, 327, 
20209, 336, 336, 338, 340, 
20240, 333, 331, 335, 349, 
20270, 334, 334, 336, 345, 
20300, 338, 339, 338, 333, 
20330, 340, 341, 340, 326, 
20361, 337, 337, 337, 336, 
20390, 333, 331, 335, 348, 
20421, 335, 331, 334, 346, 
20451, 337, 338, 338, 334, 
20481, 339, 342, 341, 325, 
20511, 338, 339, 339, 332, 
20541, 334, 333, 336, 344, 
20572, 333, 332, 335, 346, 
20601, 336, 336, 338, 336, 
20632, 338, 342, 341, 325, 
20662, 338, 340, 340, 329, 
20692, 335, 334, 336, 342, 
20722, 334, 331, 334, 348, 
20753, 335, 335, 336, 339, 
20783, 339, 340, 339, 327, 
20812, 339, 341, 340, 328, 
20843, 335, 335, 337, 339, 
20873, 333, 331, 334, 349, 
20903, 335, 334, 335, 342, 
20933, 338, 339, 338, 330, 
20964, 340, 341, 340, 326, 
20994, 336, 336, 338, 336, 
21024, 334, 331, 334, 347, 
21054, 334, 332, 334, 344, 
21085, 338, 339, 338, 332, 
21114, 339, 341, 340, 325, 
21144, 337, 338, 340, 333, 
21175, 334, 333, 335, 345, 
21204, 334, 331, 334, 346, 
21235, 337, 337, 337, 335, 
21265, 339, 343, 340, 326, 
21296, 341, 339, 340, 331, 
21325, 335, 334, 335, 343, 
21356, 333, 333, 335, 346, 
21386, 336, 335, 336, 338, 
21416, 339, 340, 339, 327, 
21446, 338, 340, 339, 327, 
21476, 335, 335, 338, 341, 
21507, 333, 332, 332, 349, 
21536, 336, 335, 335, 341, 
21567, 339, 340, 339, 328, 
21597, 339, 341, 340, 326, 
21627, 335, 336, 338, 337, 
21657, 333, 332, 335, 348, 
21688, 335, 334, 336, 344, 
21718, 338, 339, 339, 331, 
21748, 339, 341, 340, 326, 
21778, 337, 339, 338, 335, 
21808, 333, 332, 334, 347, 
21838, 334, 332, 334, 346, 
21868, 337, 337, 337, 335, 
21899, 339, 341, 340, 325, 
21928, 339, 339, 339, 332, 
21959, 334, 333, 336, 345, 
21989, 333, 331, 334, 349, 
22020, 336, 336, 336, 338, 
22049, 338, 342, 340, 327, 
22079, 338, 340, 340, 330, 
22110, 335, 334, 336, 343, 
22139, 332, 331, 334, 350, 
22170, 336, 335, 336, 341, 
22200, 338, 340, 339, 330, 
22231, 338, 341, 340, 329, 
22260, 336, 337, 338, 339, 
22291, 333, 331, 334, 349, 
22321, 335, 335, 335, 343, 
22351, 338, 339, 338, 330, 
22381, 339, 342, 340, 326, 
22411, 336, 336, 338, 336, 
22441, 333, 333, 335, 348, 
22471, 334, 332, 334, 347, 
22502, 337, 338, 337, 333, 
22532, 340, 342, 341, 326, 
22562, 338, 338, 338, 334, 
22592, 334, 333, 336, 346, 
22623, 334, 332, 335, 349, 
22652, 337, 336, 337, 338, 
22683, 339, 342, 340, 326, 
22713, 338, 339, 338, 331, 
22743, 334, 334, 336, 343, 
22773, 333, 331, 335, 349, 
22803, 336, 335, 335, 339, 
22834, 338, 340, 340, 329, 
22863, 338, 340, 339, 328, 
22894, 335, 335, 336, 340, 
22924, 334, 331, 334, 351, 
22955, 336, 335, 336, 342, 
22984, 338, 340, 340, 330, 
23015, 340, 341, 340, 328, 
23045, 336, 336, 337, 338, 
23074, 333, 331, 334, 348, 
23105, 334, 332, 335, 345, 
23135, 337, 338, 339, 333, 
23165, 339, 342, 341, 327, 
23195, 338, 338, 338, 336, 
23226, 334, 333, 335, 347, 
23256, 334, 332, 334, 348, 
23286, 337, 337, 337, 336, 
23316, 339, 342, 341, 326, 
23347, 338, 339, 339, 333, 
23376, 335, 334, 335, 345, 
23406, 334, 331, 334, 348, 
23437, 337, 336, 336, 338, 
23467, 340, 341, 339, 327, 
23497, 339, 341, 340, 330, 
23527, 335, 335, 337, 341, 
23558, 333, 331, 334, 350, 
23587, 335, 334, 335, 341, 
23618, 339, 340, 339, 329, 
23648, 338, 342, 340, 327, 
23678, 336, 336, 337, 339, 
23708, 334, 332, 335, 350, 
23738, 335, 333, 335, 344, 
23769, 338, 340, 339, 331, 
23798, 339, 342, 341, 326, 
23829, 337, 337, 338, 335, 
23859, 333, 333, 335, 347, 
23889, 335, 333, 334, 346, 
23919, 338, 337, 337, 334, 
23950, 339, 342, 340, 326, 
23980, 338, 340, 339, 332, 
24009, 334, 333, 335, 346, 
24040, 333, 332, 334, 350, 
24070, 336, 337, 338, 338, 
24100, 339, 341, 340, 327, 
24130, 338, 340, 340, 330, 
24161, 335, 334, 336, 344, 
24190, 334, 331, 334, 349, 
24221, 336, 335, 336, 339, 
24251, 339, 341, 340, 328, 
24282, 338, 341, 340, 329, 
24311, 336, 336, 337, 340, 
24341, 334, 331, 334, 347, 
24372, 335, 334, 335, 343, 
24401, 339, 340, 339, 330, 
24432, 340, 342, 340, 327, 
24462, 336, 335, 338, 337, 
24493, 333, 332, 335, 348, 
24522, 334, 333, 335, 346, 
24553, 337, 338, 339, 332, 
24583, 339, 342, 340, 327, 
24613, 336, 339, 339, 334, 
24643, 334, 332, 335, 346, 
24673, 333, 332, 335, 347, 
24704, 338, 337, 337, 336, 
24733, 339, 342, 340, 326, 
24764, 337, 339, 339, 331, 
24794, 335, 335, 336, 342, 
24824, 334, 332, 334, 349, 
24854, 335, 335, 336, 339, 
24885, 339, 341, 339, 327, 
24914, 338, 340, 340, 330, 
24945, 336, 335, 336, 341, 
24975, 334, 331, 334, 349, 
25005, 335, 335, 335, 342, 
25035, 339, 340, 339, 330, 
25065, 339, 341, 340, 327, 
25096, 336, 336, 337, 338, 
25125, 333, 331, 334, 349, 
25156, 335, 333, 335, 344, 
25186, 338, 340, 338, 332, 
25217, 339, 342, 340, 326, 
25246, 337, 338, 339, 335, 
25277, 334, 332, 335, 348, 
25307, 332, 332, 335, 347, 
25336, 338, 337, 337, 335, 
25367, 340, 343, 340, 325, 
25397, 338, 339, 340, 332, 
25427, 334, 333, 335, 345, 
25457, 333, 331, 334, 349, 
25488, 336, 336, 337, 339, 
25518, 340, 341, 341, 327, 
25548, 337, 341, 340, 330, 
25578, 335, 334, 337, 341, 
25609, 333, 331, 334, 349, 
25638, 335, 335, 336, 341, 
25668, 338, 340, 339, 329, 
25699, 340, 341, 339, 328, 
25729, 336, 337, 336, 339, 
25759, 334, 331, 334, 349, 
25789, 334, 333, 335, 343, 
25820, 339, 339, 339, 330, 
25849, 341, 342, 340, 326, 
25880, 337, 338, 337, 336, 
25910, 333, 333, 335, 346, 
25939, 335, 332, 334, 345, 
25970, 337, 337, 338, 334, 
26000, 339, 343, 340, 326, 
26031, 338, 338, 338, 333, 
26060, 334, 334, 335, 345, 
26091, 333, 333, 334, 348, 
26121, 336, 337, 336, 337, 
26151, 339, 341, 339, 326, 
26181, 338, 340, 339, 331, 
26212, 335, 334, 336, 343, 
26242, 333, 331, 334, 349, 
26271, 335, 335, 336, 339, 
26302, 338, 340, 339, 328, 
26332, 338, 340, 339, 328, 
26362, 336, 335, 336, 341, 
26392, 332, 330, 334, 350, 
26423, 336, 334, 335, 343, 
26452, 339, 340, 337, 331, 
26483, 339, 341, 340, 326, 
26513, 336, 337, 338, 337, 
26544, 333, 331, 335, 348, 
26573, 334, 333, 335, 346, 
26603, 338, 338, 338, 333, 
26634, 340, 342, 340, 327, 
26663, 337, 338, 338, 334, 
26694, 333, 332, 335, 346, 
26724, 333, 332, 334, 347, 
26755, 337, 338, 337, 335, 
26784, 340, 341, 340, 326, 
26815, 338, 340, 339, 331, 
26845, 334, 335, 336, 344, 
26875, 333, 331, 335, 349, 
26905, 337, 335, 336, 338, 
26935, 339, 341, 339, 328, 
26966, 337, 340, 339, 329, 
26995, 335, 336, 336, 341, 
27026, 333, 331, 334, 350, 
27056, 336, 334, 335, 341, 
27086, 338, 339, 339, 329, 
27116, 339, 341, 340, 327, 
27147, 336, 336, 337, 337, 
27176, 334, 333, 334, 348, 
27207, 334, 333, 334, 344, 
27237, 338, 339, 339, 331, 
27267, 339, 342, 340, 326, 
27297, 337, 338, 338, 334, 
27327, 332, 332, 334, 346, 
27358, 334, 333, 334, 347, 
27387, 337, 337, 337, 334, 
27418, 339, 342, 341, 325, 
27448, 338, 339, 339, 332, 
27479, 334, 334, 335, 344, 
27508, 334, 331, 334, 348, 
27539, 336, 336, 336, 337, 
27569, 339, 342, 339, 325, 
27598, 338, 341, 339, 330, 
27629, 335, 334, 336, 342, 
27659, 334, 331, 334, 349, 
27689, 335, 335, 336, 340, 
27719, 339, 341, 339, 328, 
27750, 338, 341, 340, 327, 
27780, 336, 336, 337, 339, 
27810, 333, 331, 334, 348, 
27840, 334, 333, 335, 343, 
27870, 338, 338, 338, 331, 
27900, 340, 342, 341, 325, 
27930, 336, 338, 338, 336, 
27961, 333, 332, 335, 348, 
27991, 334, 333, 334, 346, 
28021, 337, 338, 337, 334, 
28051, 339, 342, 340, 326, 
28082, 338, 339, 338, 334, 
28111, 333, 333, 335, 346, 
28142, 333, 332, 334, 349, 
28172, 336, 336, 336, 337, 
28201, 339, 342, 340, 327, 
28232, 339, 339, 339, 332, 
28262, 335, 334, 337, 343, 
28293, 333, 331, 335, 350, 
28322, 335, 335, 336, 341, 
28353, 338, 340, 340, 329, 
28383, 338, 340, 339, 329, 
28413, 335, 335, 336, 341, 
28443, 333, 331, 334, 351, 
28474, 335, 334, 335, 344, 
28504, 338, 339, 339, 332, 
28533, 339, 341, 340, 328, 
28564, 337, 337, 337, 339, 
28594, 333, 332, 334, 349, 
28624, 334, 332, 335, 346, 
28654, 338, 338, 336, 333, 
28685, 339, 341, 340, 328, 
28715, 337, 338, 338, 335, 
28745, 334, 332, 335, 347, 
28775, 333, 331, 334, 349, 
28806, 336, 336, 337, 337, 
28835, 339, 342, 340, 329, 
28865, 337, 339, 339, 332, 
28896, 335, 334, 335, 342, 
28925, 333, 331, 334, 350, 
28956, 336, 336, 335, 340, 
28986, 339, 341, 339, 328, 
29017, 338, 340, 339, 330, 
29046, 335, 336, 336, 341, 
29077, 333, 331, 334, 350, 
29107, 335, 334, 335, 342, 
29137, 338, 340, 338, 330, 
29167, 339, 341, 341, 327, 
29197, 336, 336, 337, 338, 
29228, 333, 331, 334, 349, 
29257, 334, 332, 335, 344, 
29288, 337, 338, 338, 331, 
29318, 339, 342, 340, 326, 
29348, 337, 338, 338, 335, 
29378, 333, 332, 335, 346, 
29409, 334, 332, 333, 346, 
29438, 337, 337, 337, 335, 
29469, 339, 342, 340, 326, 
29499, 338, 339, 339, 332, 
29529, 335, 333, 334, 345, 
29559, 334, 331, 334, 349, 
29589, 336, 336, 336, 338, 
29620, 338, 341, 339, 327, 
29649, 339, 340, 339, 330, 
29680, 335, 335, 337, 342, 
29710, 332, 331, 333, 349, 
29741, 335, 336, 336, 342, 
29770, 339, 341, 339, 329, 
29800, 337, 341, 340, 328, 
29831, 336, 336, 337, 339, 
29860, 334, 332, 333, 349, 
29891, 333, 333, 336, 343, 
29921, 338, 339, 340, 331, 
29952, 339, 341, 341, 326, 
29981, 336, 336, 339, 336, 
30012, 333, 332, 334, 347, 
30042, 334, 332, 335, 347, 
30072, 336, 337, 337, 333, 
30102, 339, 341, 340, 326, 
30132, 337, 338, 338, 333, 
30162, 334, 331, 335, 345, 
30192, 333, 332, 334, 347, 
30223, 336, 336, 336, 337, 
30253, 339, 341, 340, 327, 
30283, 338, 339, 339, 330, 
30313, 335, 334, 337, 342, 
30344, 333, 331, 333, 348, 
30373, 335, 335, 336, 339, 
30404, 338, 341, 339, 327, 
30434, 340, 340, 340, 328, 
30464, 337, 335, 337, 341, 
30494, 333, 332, 334, 349, 
30524, 334, 334, 335, 342, 
30555, 338, 339, 339, 330, 
30584, 339, 342, 340, 326, 
30615, 336, 337, 337, 337, 
30645, 333, 331, 334, 348, 
30675, 334, 332, 334, 345, 
30705, 338, 338, 338, 332, 
30736, 339, 341, 340, 326, 
30766, 336, 338, 338, 336, 
30795, 333, 332, 335, 347, 
30826, 333, 332, 334, 347, 
30856, 337, 336, 338, 336, 
30886, 339, 342, 340, 326, 
30916, 339, 339, 339, 332, 
30947, 334, 334, 335, 344, 
30977, 335, 331, 334, 348, 
31007, 337, 335, 336, 339, 
31037, 339, 341, 339, 327, 
31068, 340, 340, 339, 329, 
31097, 335, 335, 336, 341, 
31127, 333, 330, 334, 349, 
31158, 336, 334, 335, 341, 
31187, 338, 340, 339, 330, 
31218, 339, 341, 340, 328, 
31248, 335, 336, 338, 338, 
31279, 334, 331, 334, 349, 
31308, 335, 333, 334, 344, 
31339, 337, 339, 338, 332, 
31369, 340, 341, 340, 326, 
31399, 337, 338, 338, 335, 
31429, 333, 333, 335, 346, 
31459, 334, 332, 334, 345, 
31490, 337, 338, 337, 335, 
31519, 339, 341, 340, 325, 
31550, 337, 338, 339, 332, 
31580, 334, 333, 335, 344, 
31610, 333, 331, 334, 348, 
31640, 336, 336, 336, 337, 
31671, 338, 342, 340, 326, 
31700, 338, 339, 339, 330, 
31730, 335, 334, 336, 342, 
31761, 333, 331, 334, 349, 
31791, 335, 335, 336, 340, 
31821, 338, 340, 339, 328, 
31851, 338, 341, 341, 328, 
31882, 336, 336, 337, 340, 
31911, 334, 331, 334, 348, 
31942, 334, 334, 335, 343, 
31972, 338, 340, 339, 331, 
32003, 340, 341, 340, 326, 
32032, 337, 337, 339, 336, 
32062, 333, 331, 334, 349, 
32093, 334, 333, 334, 345, 
32122, 337, 338, 338, 334, 
32153, 339, 341, 340, 325, 
32183, 337, 339, 338, 334, 
32214, 334, 332, 335, 346, 
32243, 334, 331, 334, 347, 
32274, 336, 336, 337, 336, 
32304, 341, 341, 340, 326, 
32334, 338, 340, 339, 331, 
32364, 335, 334, 336, 343, 
32394, 335, 331, 334, 348, 
32424, 336, 335, 336, 339, 
32454, 339, 340, 340, 327, 
32485, 339, 340, 340, 328, 
32515, 337, 335, 337, 340, 
32545, 333, 330, 334, 349, 
32575, 335, 334, 335, 342, 
32606, 338, 338, 339, 330, 
32635, 338, 341, 340, 326, 
32666, 336, 337, 337, 337, 
32696, 333, 331, 334, 348, 
32726, 335, 333, 334, 344, 
32756, 338, 339, 339, 332, 
32786, 339, 341, 340, 327, 
32817, 337, 337, 338, 335, 
32846, 334, 333, 334, 347, 
32877, 334, 332, 334, 347, 
32907, 337, 337, 337, 336, 
32937, 339, 342, 341, 327, 
32967, 339, 339, 339, 332, 
32998, 334, 333, 335, 344, 
33028, 333, 331, 334, 349, 
33057, 336, 336, 336, 338, 
33088, 340, 341, 340, 327, 
33118, 338, 340, 340, 330, 
33148, 336, 334, 337, 342, 
33178, 333, 331, 334, 350, 
33209, 335, 335, 335, 342, 
33239, 339, 340, 339, 329, 
33269, 340, 341, 340, 329, 
33299, 337, 337, 337, 341, 
33330, 333, 331, 334, 351, 
33359, 334, 333, 335, 346, 
33389, 339, 339, 338, 331, 
33420, 339, 342, 340, 327, 
33449, 337, 338, 338, 336, 
33480, 335, 332, 335, 348, 
33510, 334, 332, 335, 346, 
33541, 337, 338, 338, 335, 
33570, 339, 342, 340, 326, 
33601, 339, 339, 338, 333, 
33631, 334, 332, 335, 346, 
33660, 334, 331, 334, 348, 
33691, 336, 337, 336, 337, 
33721, 340, 341, 340, 327, 
33752, 338, 340, 339, 332, 
33781, 335, 335, 336, 343, 
33812, 333, 333, 333, 350, 
33842, 336, 335, 337, 340, 
33872, 339, 341, 341, 328, 
33902, 339, 341, 340, 328, 
33933, 337, 335, 337, 340, 
33963, 333, 331, 335, 350, 
33992, 335, 333, 335, 343, 
34023, 339, 339, 339, 330, 
34053, 340, 341, 340, 327, 
34083, 337, 337, 339, 339, 
34113, 334, 332, 334, 348, 
34144, 334, 333, 335, 345, 
34173, 337, 339, 338, 334, 
34204, 340, 343, 341, 327, 
34234, 337, 338, 338, 334, 
34265, 334, 332, 335, 346, 
34294, 334, 332, 334, 349, 
34324, 338, 337, 337, 336, 
34355, 339, 342, 340, 326, 
34384, 338, 339, 339, 332, 
34415, 334, 333, 336, 344, 
34445, 334, 332, 335, 349, 
34476, 336, 336, 336, 339, 
34505, 339, 341, 340, 328, 
34536, 339, 340, 339, 330, 
34566, 336, 335, 336, 341, 
34596, 334, 331, 334, 350, 
34626, 336, 334, 336, 342, 
34656, 339, 340, 339, 329, 
34686, 339, 341, 340, 328, 
34716, 336, 337, 337, 339, 
34747, 333, 331, 334, 349, 
34777, 334, 333, 334, 345, 
34807, 337, 338, 338, 332, 
34837, 339, 342, 340, 326, 
34868, 337, 337, 338, 335, 
34897, 334, 332, 334, 347, 
34928, 333, 332, 334, 348, 
34958, 337, 337, 338, 335, 
34988, 339, 342, 341, 326, 
35018, 337, 339, 339, 332, 
35048, 334, 334, 335, 345, 
35079, 334, 331, 333, 349, 
35108, 336, 336, 336, 338, 
35139, 338, 341, 341, 327, 
35169, 338, 340, 339, 331, 
35200, 335, 335, 336, 342, 
35229, 332, 332, 334, 349, 
35260, 335, 334, 336, 341, 
35290, 338, 340, 339, 329, 
35319, 338, 341, 339, 328, 
35350, 336, 336, 337, 340, 
35380, 333, 331, 335, 349, 
35410, 334, 333, 335, 343, 
35440, 338, 340, 338, 331, 
35471, 339, 342, 340, 327, 
35501, 337, 338, 338, 336, 
35531, 333, 332, 334, 348, 
35561, 334, 332, 334, 345, 
35591, 337, 338, 338, 335, 
35621, 339, 342, 340, 326, 
35651, 337, 338, 338, 334, 
35682, 334, 333, 335, 347, 
35712, 334, 332, 334, 348, 
35742, 336, 336, 337, 337, 
35772, 340, 341, 341, 326, 
35803, 339, 339, 339, 331, 
35832, 335, 334, 336, 345, 
35863, 333, 332, 334, 349, 
35893, 336, 335, 337, 340, 
35922, 339, 341, 340, 328, 
35953, 340, 340, 339, 328, 
35983, 335, 335, 336, 341, 
36014, 333, 331, 334, 349, 
36043, 335, 333, 335, 342, 
36074, 339, 339, 339, 330, 
36104, 339, 341, 340, 326, 
36134, 336, 337, 337, 337, 
36164, 333, 332, 334, 348, 
36195, 334, 333, 336, 344, 
36225, 337, 338, 338, 332, 
36254, 340, 342, 340, 325, 
36285, 337, 339, 338, 334, 
36315, 335, 332, 334, 347, 
36345, 333, 331, 334, 348, 
36375, 335, 336, 337, 336, 
36406, 339, 341, 340, 326, 
36435, 337, 339, 339, 332, 
36466, 334, 334, 335, 344, 
36496, 333, 331, 334, 350, 
36527, 336, 336, 336, 339, 
36556, 339, 341, 340, 328, 
36586, 338, 339, 340, 330, 
36617, 335, 335, 337, 341, 
36646, 333, 331, 334, 349, 
36677, 335, 334, 336, 345, 
36707, 338, 340, 339, 329, 
36738, 339, 341, 340, 329, 
36767, 336, 337, 338, 339, 
36798, 333, 333, 334, 349, 
36828, 336, 333, 336, 345, 
36858, 338, 340, 339, 332, 
36888, 339, 341, 340, 326, 
36918, 337, 337, 338, 336, 
36948, 334, 332, 335, 348, 
36978, 334, 332, 334, 347, 
37009, 338, 337, 337, 336, 
37039, 339, 341, 340, 326, 
37069, 338, 339, 339, 332, 
37099, 334, 333, 336, 345, 
37130, 333, 332, 335, 349, 
37159, 336, 336, 337, 338, 
37190, 339, 341, 339, 327, 
37220, 339, 341, 340, 330, 
37250, 336, 335, 336, 342, 
37280, 334, 332, 334, 349, 
37310, 335, 335, 337, 341, 
37341, 339, 340, 339, 329, 
37370, 339, 341, 340, 328, 
37401, 336, 336, 337, 338, 
37431, 333, 331, 334, 349, 
37462, 335, 333, 336, 344, 
37491, 338, 339, 338, 331, 
37521, 339, 341, 340, 326, 
37552, 337, 337, 338, 336, 
37581, 334, 333, 334, 347, 
37612, 333, 333, 335, 345, 
37642, 337, 338, 338, 334, 
37672, 340, 342, 340, 325, 
37702, 337, 339, 339, 333, 
37733, 334, 333, 335, 346, 
37763, 334, 332, 335, 346, 
37793, 336, 336, 337, 336, 
37823, 339, 341, 341, 326, 
37853, 340, 340, 340, 330, 
37883, 335, 335, 336, 343, 
37913, 333, 331, 334, 349, 
37944, 337, 336, 336, 339, 
37974, 339, 341, 339, 328, 
38004, 338, 340, 340, 329, 
38034, 335, 336, 336, 340, 
38065, 333, 331, 334, 349, 
38094, 336, 333, 335, 343, 
38125, 338, 340, 337, 330, 
38155, 340, 341, 340, 328, 
38184, 337, 337, 338, 337, 
38215, 333, 333, 334, 348, 
38245, 334, 332, 335, 345, 
38276, 338, 338, 338, 333, 
38305, 339, 343, 341, 326, 
38336, 337, 338, 338, 336, 
38366, 334, 333, 336, 346, 
38396, 335, 332, 334, 347, 
38426, 336, 337, 337, 336, 
38457, 339, 341, 340, 326, 
38487, 338, 339, 339, 331, 
38516, 335, 334, 335, 344, 
38547, 333, 331, 334, 349, 
38577, 336, 336, 336, 339, 
38607, 339, 341, 340, 327, 
38637, 339, 340, 340, 329, 
38668, 335, 335, 337, 341, 
38697, 333, 331, 334, 349, 
38728, 335, 334, 336, 342, 
38758, 339, 342, 340, 328, 
38789, 339, 341, 340, 327, 
38818, 336, 336, 337, 338, 
38848, 334, 332, 334, 348, 
38879, 334, 333, 335, 344, 
38908, 338, 338, 338, 330, 
38939, 339, 342, 340, 325, 
38969, 337, 337, 338, 334, 
39000, 334, 332, 334, 346, 
39029, 334, 332, 334, 346, 
39060, 337, 337, 337, 335, 
39090, 339, 342, 340, 326, 
39120, 338, 339, 338, 333, 
39150, 334, 333, 335, 344, 
39180, 333, 331, 334, 348, 
39211, 336, 336, 338, 337, 
39240, 339, 341, 340, 326, 
39271, 338, 340, 339, 330, 
39301, 336, 334, 336, 342, 
39331, 333, 331, 334, 349, 
39361, 336, 334, 336, 340, 
39392, 339, 340, 339, 328, 
39421, 338, 341, 340, 328, 
39451, 336, 336, 337, 339, 
39482, 334, 331, 334, 349, 
39512, 334, 334, 335, 342, 
39542, 338, 339, 338, 331, 
39572, 339, 341, 340, 327, 
39603, 336, 337, 338, 336, 
39632, 334, 332, 334, 347, 
39663, 334, 333, 334, 345, 
39693, 337, 337, 338, 333, 
39724, 339, 342, 341, 325, 
39753, 338, 338, 339, 332, 
39783, 335, 333, 335, 345, 
39814, 333, 332, 334, 347, 
39843, 336, 337, 337, 337, 
39874, 339, 341, 340, 326, 
39904, 338, 339, 339, 330, 
39934, 335, 334, 336, 343, 
39964, 333, 331, 333, 349, 
39995, 336, 335, 336, 340, 
40025, 339, 340, 339, 328, 
40055, 338, 340, 340, 328, 
40085, 335, 335, 336, 340, 
40115, 334, 331, 333, 349, 
40145, 335, 334, 334, 342, 
40175, 338, 339, 339, 332, 
40206, 339, 342, 340, 327, 
40236, 336, 336, 336, 338, 
40266, 333, 331, 332, 349, 
40296, 334, 333, 335, 345, 
40327, 338, 339, 336, 333, 
40356, 338, 342, 340, 326, 
40387, 338, 339, 338, 335, 
40417, 334, 333, 335, 347, 
40446, 334, 332, 334, 347, 
40477, 337, 337, 337, 336, 
40507, 340, 341, 340, 327, 
40538, 338, 339, 339, 332, 
40567, 334, 333, 335, 345, 
40598, 333, 331, 333, 349, 
40628, 336, 335, 336, 338, 
40658, 339, 341, 340, 327, 
40688, 339, 340, 340, 329, 
40719, 335, 335, 336, 342, 
40749, 332, 331, 335, 350, 
40778, 335, 335, 336, 341, 
40809, 339, 340, 339, 329, 
40839, 339, 342, 339, 329, 
40869, 336, 336, 338, 340, 
40899, 333, 331, 334, 348, 
40930, 335, 333, 335, 344, 
40960, 338, 339, 338, 331, 
40990, 340, 341, 340, 326, 
41020, 336, 338, 338, 336, 
41051, 333, 332, 336, 347, 
41080, 333, 332, 334, 347, 
41110, 338, 337, 337, 335, 
41141, 339, 341, 341, 326, 
41170, 337, 338, 339, 334, 
41201, 334, 333, 335, 346, 
41231, 333, 332, 335, 349, 
41262, 337, 336, 337, 339, 
41291, 340, 341, 340, 327, 
41322, 338, 340, 339, 331, 
41352, 335, 334, 337, 344, 
41381, 333, 331, 334, 350, 
41412, 336, 335, 336, 341, 
41442, 339, 340, 339, 328, 
41473, 338, 340, 340, 329, 
41502, 336, 334, 336, 339, 
41533, 334, 331, 333, 349, 
41563, 336, 334, 334, 342, 
41593, 338, 339, 339, 330, 
41623, 339, 341, 340, 326, 
41654, 336, 337, 338, 336, 
41683, 333, 332, 334, 348, 
41713, 334, 334, 335, 346, 
41744, 338, 338, 338, 333, 
41774, 340, 342, 341, 326, 
41804, 337, 338, 338, 335, 
41834, 334, 333, 335, 346, 
41865, 333, 332, 334, 347, 
41894, 336, 336, 337, 336, 
41925, 339, 341, 340, 326, 
41955, 338, 339, 340, 331, 
41986, 335, 334, 336, 345, 
42015, 334, 331, 334, 348, 
42045, 335, 335, 337, 339, 
42076, 340, 341, 339, 327, 
42105, 338, 340, 339, 329, 
42136, 335, 335, 337, 340, 
42166, 334, 331, 334, 349, 
42196, 335, 335, 335, 341, 
42226, 338, 340, 338, 329, 
42257, 337, 342, 340, 327, 
42287, 335, 337, 337, 338, 
42317, 333, 333, 334, 348, 
42347, 335, 334, 333, 344, 
42377, 336, 338, 339, 332, 
42407, 339, 341, 340, 326, 
42437, 337, 336, 338, 335, 
42468, 334, 332, 334, 347, 
42498, 335, 333, 334, 346, 
42528, 337, 337, 337, 335, 
42558, 339, 341, 340, 326, 
42589, 338, 339, 339, 333, 
42618, 335, 334, 336, 345, 
42649, 334, 332, 334, 349, 
42679, 335, 337, 337, 339, 
42708, 339, 341, 341, 327, 
42739, 338, 340, 339, 330, 
42769, 335, 335, 336, 342, 
42800, 333, 331, 333, 349, 
42829, 334, 334, 335, 341, 
42860, 339, 340, 339, 329, 
42890, 339, 341, 339, 327, 
42920, 336, 336, 337, 339, 
42950, 333, 331, 334, 349, 
42981, 335, 333, 336, 343, 
43011, 338, 339, 339, 331, 
43040, 339, 342, 340, 326, 
43071, 337, 337, 338, 336, 
43101, 333, 331, 334, 347, 
43131, 334, 332, 335, 346, 
43161, 338, 337, 338, 333, 
43192, 339, 341, 340, 325, 
43222, 337, 338, 340, 333, 
43252, 335, 333, 335, 345, 
43282, 333, 331, 334, 347, 
43312, 336, 336, 338, 336, 
43342, 339, 341, 340, 326, 
43372, 338, 339, 339, 330, 
43403, 335, 334, 336, 342, 
43432, 334, 331, 334, 348, 
43463, 336, 335, 336, 339, 
43493, 339, 340, 339, 327, 
43524, 339, 340, 340, 328, 
43553, 334, 335, 339, 341, 
43584, 333, 331, 334, 350, 
43614, 335, 333, 335, 342, 
43643, 338, 340, 339, 331, 
43674, 339, 341, 340, 326, 
43704, 336, 336, 338, 336, 
43735, 333, 331, 334, 347, 
43764, 335, 333, 335, 345, 
43795, 337, 338, 338, 332, 
43825, 339, 342, 341, 325, 
43855, 336, 338, 338, 334, 
43885, 333, 332, 336, 346, 
43916, 334, 332, 334, 347, 
43945, 335, 336, 337, 336, 
43975, 339, 341, 340, 326, 
44006, 338, 339, 339, 332, 
44036, 334, 334, 336, 343, 
44066, 333, 331, 334, 348, 
44096, 335, 335, 336, 338, 
44127, 339, 341, 340, 327, 
44156, 338, 340, 339, 329, 
44187, 334, 335, 336, 342, 
44217, 333, 331, 333, 350, 
44248, 335, 334, 335, 342, 
44277, 338, 341, 340, 329, 
44307, 339, 341, 340, 327, 
44338, 336, 336, 337, 338, 
44367, 333, 331, 334, 348, 
44398, 334, 333, 334, 345, 
44428, 337, 339, 338, 332, 
44459, 339, 341, 340, 326, 
44488, 337, 337, 338, 335, 
44519, 334, 332, 335, 347, 
44549, 334, 333, 334, 346, 
44579, 337, 338, 337, 335, 
44609, 339, 342, 340, 326, 
44639, 338, 339, 340, 332, 
44669, 334, 334, 336, 344, 
44699, 333, 332, 334, 348, 
44730, 336, 336, 335, 337, 
44760, 339, 341, 340, 327, 
44790, 338, 340, 339, 329, 
44820, 335, 334, 336, 342, 
44851, 333, 331, 333, 349, 
44880, 335, 336, 335, 341, 
44911, 338, 340, 339, 329, 
44941, 338, 341, 339, 328, 
44971, 335, 336, 337, 339, 
45001, 333, 331, 334, 349, 
45031, 334, 333, 334, 344, 
45062, 338, 339, 339, 331, 
45091, 339, 341, 340, 326, 
45122, 336, 337, 338, 333, 
45152, 333, 332, 335, 347, 
45182, 333, 332, 334, 345, 
45212, 338, 338, 338, 333, 
45242, 339, 342, 340, 325, 
45273, 337, 338, 340, 332, 
45302, 333, 333, 335, 345, 
45333, 333, 332, 334, 347, 
45363, 336, 336, 337, 337, 
45393, 339, 341, 340, 325, 
45423, 338, 340, 340, 330, 
45454, 335, 334, 336, 342, 
45484, 333, 331, 334, 348, 
45514, 335, 335, 336, 340, 
45544, 339, 341, 339, 329, 
45574, 339, 341, 340, 328, 
45604, 336, 336, 337, 340, 
45634, 333, 331, 334, 348, 
45665, 334, 333, 335, 343, 
45694, 338, 339, 339, 330, 
45725, 339, 341, 340, 327, 
45755, 336, 337, 337, 336, 
45786, 333, 331, 334, 347, 
45815, 335, 332, 335, 345, 
45846, 337, 338, 338, 332, 
45876, 339, 342, 340, 324, 
45905, 337, 338, 338, 332, 
45936, 334, 332, 335, 345, 
45966, 334, 332, 334, 346, 
45997, 337, 336, 337, 335, 
46026, 339, 341, 340, 326, 
46057, 337, 339, 339, 330, 
46087, 335, 333, 336, 342, 
46117, 332, 331, 334, 348, 
46147, 336, 335, 336, 336, 
46178, 339, 341, 339, 327, 
46208, 338, 340, 339, 329, 
46237, 335, 335, 336, 340, 
46268, 333, 331, 333, 348, 
46298, 335, 333, 335, 342, 
46328, 339, 340, 338, 329, 
46358, 339, 341, 339, 327, 
46389, 336, 336, 337, 338, 
46418, 333, 331, 334, 348, 
46449, 334, 332, 335, 344, 
46479, 338, 338, 338, 332, 
46510, 339, 341, 341, 326, 
46539, 338, 338, 339, 334, 
46569, 334, 332, 335, 346, 
46600, 335, 332, 334, 347, 
46629, 336, 338, 337, 335, 
46660, 340, 341, 340, 326, 
46690, 337, 339, 339, 332, 
46721, 334, 333, 335, 345, 
46750, 333, 331, 334, 349, 
46781, 337, 336, 336, 338, 
46811, 339, 341, 340, 326, 
46841, 338, 340, 339, 330, 
46871, 335, 334, 337, 342, 
46901, 333, 331, 334, 349, 
46931, 335, 335, 335, 341, 
46961, 338, 340, 339, 329, 
46992, 339, 341, 340, 329, 
47022, 336, 337, 337, 339, 
47052, 333, 331, 333, 349, 
47082, 334, 333, 334, 344, 
47113, 337, 339, 340, 332, 
47142, 340, 340, 340, 326, 
47172, 336, 337, 338, 337, 
47203, 333, 332, 334, 350, 
47233, 333, 332, 334, 348, 
47263, 336, 337, 337, 335, 
47293, 339, 341, 340, 327, 
47324, 337, 338, 338, 334, 
47353, 335, 333, 335, 347, 
47384, 333, 332, 334, 351, 
47414, 336, 336, 336, 338, 
47444, 338, 341, 340, 328, 
47474, 338, 340, 340, 332, 
47504, 335, 334, 336, 344, 
47535, 333, 331, 334, 351, 
47564, 335, 335, 336, 341, 
47595, 339, 340, 339, 330, 
47625, 338, 341, 340, 330, 
47655, 335, 336, 337, 341, 
47685, 333, 331, 334, 350, 
47716, 334, 334, 336, 344, 
47746, 338, 339, 339, 332, 
47776, 339, 342, 340, 327, 
47806, 336, 337, 337, 337, 
47836, 333, 331, 334, 348, 
47866, 334, 332, 335, 345, 
47896, 337, 338, 338, 335, 
47927, 339, 341, 340, 327, 
47956, 337, 338, 338, 335, 
47987, 334, 332, 335, 347, 
48017, 333, 331, 333, 348, 
48048, 336, 336, 337, 337, 
48077, 339, 341, 340, 327, 
48108, 338, 339, 339, 333, 
48138, 334, 333, 336, 346, 
48167, 333, 331, 334, 350, 
48198, 335, 335, 336, 340, 
48228, 339, 341, 339, 328, 
48259, 338, 340, 339, 330, 
48288, 335, 336, 337, 342, 
48319, 333, 332, 334, 350, 
48349, 335, 334, 337, 342, 
48379, 338, 340, 338, 331, 
48409, 339, 341, 339, 327, 
48440, 337, 337, 338, 339, 
48470, 333, 331, 334, 349, 
48499, 336, 333, 335, 345, 
48530, 338, 338, 338, 332, 
48560, 339, 342, 340, 327, 
48590, 337, 338, 338, 335, 
48620, 334, 332, 335, 347, 
48651, 334, 333, 334, 347, 
48680, 338, 337, 337, 335, 
48711, 340, 342, 341, 326, 
48741, 337, 339, 339, 332, 
48772, 334, 334, 335, 344, 
48801, 333, 331, 334, 348, 
48831, 336, 336, 336, 337, 
48862, 339, 342, 339, 326, 
48891, 338, 340, 339, 329, 
48922, 335, 335, 336, 342, 
48952, 334, 331, 334, 349, 
48983, 334, 334, 335, 342, 
49012, 338, 340, 339, 330, 
49043, 339, 340, 339, 329, 
49073, 336, 336, 337, 339, 
49102, 333, 331, 334, 349, 
49133, 335, 333, 335, 344, 
49163, 338, 339, 338, 331, 
49193, 338, 341, 340, 326, 
49223, 337, 337, 338, 336, 
49254, 334, 332, 334, 347, 
49284, 334, 333, 335, 346, 
49314, 337, 338, 337, 334, 
49344, 339, 342, 340, 327, 
49375, 337, 339, 339, 333, 
49404, 335, 333, 334, 346, 
49434, 333, 332, 334, 348, 
49465, 336, 336, 337, 337, 
49495, 339, 342, 340, 327, 
49525, 338, 339, 340, 331, 
49555, 336, 334, 336, 343, 
49586, 334, 332, 334, 350, 
49615, 335, 335, 336, 340, 
49646, 338, 341, 339, 328, 
49676, 339, 340, 340, 328, 
49707, 335, 335, 337, 339, 
49736, 333, 331, 334, 348, 
49766, 335, 333, 335, 342, 
49797, 338, 339, 339, 329, 
49826, 339, 341, 339, 325, 
49857, 337, 337, 337, 336, 
49887, 334, 331, 334, 347, 
49917, 334, 332, 335, 344, 
49947, 338, 338, 338, 333, 
49978, 339, 341, 340, 325, 
50008, 337, 338, 339, 334, 
50038, 334, 333, 335, 346, 
50068, 335, 331, 335, 347, 
50098, 336, 336, 337, 336, 
50128, 340, 341, 340, 325, 
50158, 338, 340, 338, 330, 
50189, 334, 334, 336, 343, 
50219, 333, 332, 334, 348, 
50249, 336, 335, 336, 339, 
50279, 339, 341, 340, 328, 
50310, 339, 340, 340, 328, 
50339, 335, 336, 336, 340, 
50370, 333, 331, 332, 349, 
50400, 335, 334, 336, 342, 
50429, 338, 340, 339, 329, 
50460, 340, 341, 340, 327, 
50490, 337, 336, 336, 338, 
50521, 333, 330, 334, 349, 
50550, 334, 333, 334, 345, 
50581, 337, 339, 338, 333, 
50611, 339, 341, 340, 327, 
50641, 337, 338, 338, 336, 
50671, 334, 332, 335, 347, 
50702, 333, 332, 334, 346, 
50732, 337, 337, 336, 335, 
50761, 339, 341, 339, 326, 
50792, 337, 339, 339, 332, 
50822, 334, 334, 335, 345, 
50852, 333, 332, 335, 348, 
50882, 337, 337, 336, 338, 
50913, 339, 341, 339, 327, 
50942, 338, 340, 339, 329, 
50973, 335, 335, 336, 342, 
51003, 333, 331, 333, 351, 
51033, 335, 334, 336, 342, 
51063, 338, 340, 339, 329, 
51093, 338, 342, 340, 328, 
51124, 336, 336, 337, 339, 
51153, 333, 332, 334, 349, 
51184, 335, 333, 335, 344, 
51214, 338, 339, 338, 331, 
51245, 339, 342, 339, 327, 
51274, 336, 337, 338, 336, 
51305, 333, 331, 334, 348, 
51335, 334, 332, 334, 346, 
51364, 337, 338, 337, 335, 
51395, 339, 341, 340, 326, 
51425, 337, 339, 339, 333, 
51456, 334, 333, 335, 345, 
51485, 334, 332, 334, 348, 
51516, 337, 336, 338, 336, 
51546, 339, 341, 340, 326, 
51576, 338, 339, 339, 330, 
51606, 335, 335, 337, 342, 
51637, 333, 331, 334, 350, 
51666, 336, 335, 336, 340, 
51696, 338, 340, 339, 328, 
51727, 338, 340, 339, 328, 
51757, 336, 336, 337, 339, 
51787, 334, 331, 335, 349, 
51817, 335, 333, 336, 343, 
51848, 338, 339, 338, 330, 
51877, 339, 341, 341, 327, 
51908, 336, 336, 337, 338, 
51938, 332, 331, 334, 349, 
51969, 333, 332, 334, 347, 
51998, 336, 338, 338, 334, 
52028, 339, 341, 340, 327, 
52059, 337, 338, 338, 335, 
52088, 334, 334, 335, 347, 
52119, 333, 331, 334, 348, 
52149, 336, 336, 336, 337, 
52179, 338, 341, 339, 328, 
52209, 337, 339, 339, 333, 
52240, 334, 334, 336, 346, 
52270, 333, 331, 334, 352, 
52300, 335, 335, 336, 341, 
52330, 339, 340, 339, 329, 
52360, 338, 340, 340, 330, 
52390, 335, 336, 337, 342, 
52420, 333, 331, 334, 350, 
52451, 335, 334, 336, 344, 
52481, 339, 340, 340, 330, 
52511, 339, 341, 340, 327, 
52541, 337, 337, 338, 337, 
52572, 333, 332, 334, 348, 
52601, 334, 333, 335, 344, 
52632, 336, 338, 339, 332, 
52662, 339, 341, 341, 325, 
52691, 337, 338, 338, 334, 
52722, 335, 332, 335, 345, 
52752, 333, 332, 334, 346, 
52783, 337, 337, 337, 335, 
52812, 339, 341, 341, 326, 
52843, 337, 339, 339, 331, 
52873, 334, 333, 335, 344, 
52903, 335, 331, 333, 349, 
52933, 336, 336, 336, 340, 
52963, 339, 341, 339, 328, 
52994, 338, 340, 340, 330, 
53023, 335, 335, 336, 341, 
53054, 333, 331, 335, 349, 
53084, 338, 334, 336, 341, 
53114, 338, 340, 340, 328, 
53144, 339, 341, 341, 326, 
53175, 336, 336, 337, 338, 
53204, 333, 331, 334, 348, 
53235, 334, 332, 335, 344, 
53265, 338, 338, 336, 331, 
53295, 339, 341, 340, 326, 
53325, 336, 337, 338, 335, 
53355, 333, 332, 334, 347, 
53386, 334, 332, 334, 347, 
53415, 337, 337, 337, 336, 
53446, 340, 343, 341, 327, 
53476, 338, 339, 337, 333, 
53507, 334, 335, 335, 346, 
53536, 333, 331, 332, 350, 
53567, 336, 336, 336, 340, 
53597, 338, 341, 339, 328, 
53626, 339, 340, 341, 330, 
53657, 335, 334, 336, 342, 
53687, 333, 331, 334, 349, 
53718, 335, 336, 337, 342, 
53747, 340, 340, 339, 329, 
53778, 339, 341, 340, 328, 
53808, 336, 337, 338, 338, 
53838, 333, 332, 334, 349, 
53868, 334, 334, 335, 344, 
53899, 337, 340, 339, 332, 
53928, 340, 342, 341, 326, 
53958, 337, 338, 339, 336, 
53989, 334, 332, 335, 347, 
54019, 334, 333, 334, 347, 
54049, 337, 337, 339, 335, 
54079, 339, 342, 341, 327, 
54110, 339, 339, 339, 332, 
54139, 334, 334, 336, 344, 
54170, 334, 331, 335, 348, 
54200, 336, 336, 336, 337, 
54231, 339, 342, 340, 326, 
54260, 339, 340, 340, 329, 
54290, 335, 335, 337, 341, 
54321, 333, 331, 334, 348, 
54350, 336, 334, 337, 341, 
54381, 339, 340, 340, 327, 
54411, 339, 341, 340, 327, 
54441, 337, 337, 338, 337, 
54471, 334, 331, 334, 347, 
54502, 335, 333, 334, 343, 
54532, 339, 339, 337, 332, 
54562, 340, 341, 339, 326, 
54592, 337, 338, 338, 334, 
54622, 334, 333, 335, 345, 
54652, 334, 332, 334, 347, 
54682, 337, 338, 338, 334, 
54713, 340, 341, 340, 324, 
54743, 339, 339, 339, 333, 
54773, 334, 333, 336, 344, 
54803, 334, 332, 335, 347, 
54834, 337, 336, 337, 338, 
54863, 341, 341, 340, 325, 
54893, 339, 340, 340, 329, 
54924, 336, 335, 336, 342, 
54953, 333, 331, 334, 347, 
54984, 336, 335, 337, 339, 
55014, 339, 340, 339, 327, 
55045, 339, 340, 340, 327, 
55074, 337, 336, 337, 338, 
55105, 333, 332, 334, 350, 
55135, 335, 333, 335, 344, 
55165, 339, 339, 339, 331, 
55195, 339, 342, 340, 326, 
55225, 337, 338, 337, 337, 
55256, 334, 332, 334, 348, 
55285, 335, 332, 334, 347, 
55316, 337, 338, 338, 333, 
55346, 340, 342, 341, 325, 
55376, 338, 338, 338, 332, 
55406, 334, 333, 336, 345, 
55437, 334, 332, 335, 348, 
55467, 337, 336, 336, 338, 
55497, 339, 342, 340, 326, 
55527, 339, 340, 340, 330, 
55557, 335, 334, 336, 341, 
55587, 333, 331, 334, 348, 
55617, 335, 334, 336, 340, 
55648, 339, 340, 339, 329, 
55677, 339, 340, 340, 327, 
55708, 335, 336, 337, 339, 
55738, 333, 331, 334, 348, 
55769, 334, 333, 335, 343, 
55798, 338, 340, 338, 331, 
55829, 339, 341, 340, 326, 
55859, 335, 337, 338, 336, 
55888, 334, 332, 336, 347, 
55919, 333, 332, 334, 346, 
55949, 337, 337, 338, 334, 
55980, 340, 341, 341, 325, 
56009, 338, 339, 339, 334, 
56040, 333, 333, 335, 345, 
56070, 333, 332, 334, 348, 
56100, 336, 335, 336, 337, 
56130, 339, 341, 340, 326, 
56161, 338, 340, 339, 331, 
56190, 334, 334, 336, 344, 
56220, 334, 331, 334, 349, 
56251, 335, 335, 336, 341, 
56281, 339, 340, 339, 329, 
56311, 339, 340, 338, 329, 
56341, 336, 336, 337, 340, 
56372, 333, 331, 334, 350, 
56401, 334, 334, 335, 343, 
56432, 338, 339, 339, 332, 
56462, 339, 341, 340, 326, 
56493, 337, 337, 338, 337, 
56522, 334, 332, 335, 348, 
56552, 334, 333, 335, 346, 
56583, 338, 338, 337, 334, 
56612, 339, 342, 341, 327, 
56643, 337, 338, 338, 335, 
56673, 333, 332, 335, 345, 
56704, 334, 332, 335, 348, 
56733, 337, 336, 337, 337, 
56764, 340, 342, 340, 326, 
56794, 338, 339, 341, 331, 
56823, 334, 334, 337, 343, 
56854, 333, 330, 334, 350, 
56884, 336, 335, 336, 340, 
56914, 339, 342, 339, 328, 
56944, 339, 341, 341, 328, 
56975, 336, 336, 338, 340, 
57005, 333, 331, 334, 349, 
57035, 335, 334, 335, 344, 
57065, 338, 339, 339, 330, 
57096, 338, 341, 340, 327, 
57125, 336, 337, 338, 337, 
57155, 332, 332, 335, 348, 
57186, 334, 333, 334, 345, 
57216, 337, 339, 339, 333, 
57246, 339, 341, 340, 326, 
57276, 337, 339, 340, 334, 
57307, 334, 333, 335, 346, 
57336, 334, 332, 335, 349, 
57367, 337, 337, 338, 337, 
57397, 340, 342, 340, 326, 
57427, 338, 339, 340, 331, 
57457, 335, 334, 336, 344, 
57487, 334, 331, 334, 349, 
57518, 336, 336, 336, 341, 
57547, 339, 341, 340, 327, 
57578, 340, 340, 340, 329, 
57608, 335, 335, 337, 341, 
57638, 333, 331, 334, 349, 
57668, 335, 332, 336, 341, 
57699, 339, 340, 339, 330, 
57729, 339, 341, 340, 327, 
57759, 336, 337, 337, 338, 
57789, 333, 332, 334, 348, 
57819, 334, 333, 335, 345, 
57849, 338, 337, 338, 332, 
57879, 338, 342, 341, 326, 
57910, 337, 338, 338, 334, 
57939, 335, 333, 335, 346, 
57970, 334, 333, 334, 347, 
58000, 337, 337, 337, 336, 
58031, 340, 341, 341, 327, 
58060, 338, 339, 340, 332, 
58091, 334, 333, 335, 344, 
58121, 333, 331, 335, 347, 
58150, 336, 335, 337, 338, 
58181, 339, 342, 340, 327, 
58211, 339, 340, 339, 329, 
58242, 335, 335, 337, 341, 
58271, 333, 331, 334, 348, 
58302, 335, 334, 336, 341, 
58332, 338, 340, 339, 329, 
58362, 340, 341, 340, 326, 
58392, 336, 336, 337, 338, 
58423, 333, 331, 335, 348, 
58452, 334, 333, 335, 343, 
58482, 336, 339, 338, 331, 
58513, 339, 341, 340, 325, 
58543, 337, 338, 338, 334, 
58573, 334, 333, 336, 347, 
58603, 334, 332, 335, 346, 
58634, 337, 337, 337, 334, 
58663, 339, 341, 340, 325, 
58694, 337, 339, 338, 331, 
58724, 335, 333, 335, 344, 
58754, 334, 331, 335, 348, 
58784, 336, 336, 336, 337, 
58814, 339, 341, 339, 327, 
58845, 338, 341, 340, 330, 
58874, 335, 337, 337, 342, 
58905, 333, 330, 333, 349, 
58935, 335, 335, 335, 341, 
58966, 339, 340, 339, 329, 
58995, 339, 341, 339, 328, 
59026, 336, 336, 337, 339, 
59056, 333, 332, 334, 349, 
59085, 335, 334, 336, 343, 
59116, 338, 339, 338, 331, 
59146, 339, 342, 340, 326, 
59176, 337, 337, 338, 335, 
59206, 333, 333, 334, 347, 
59237, 334, 331, 334, 345, 
59267, 337, 337, 337, 334, 
59297, 339, 341, 340, 325, 
59327, 337, 339, 339, 332, 
59358, 334, 333, 335, 345, 
59387, 333, 331, 334, 348, 
59417, 336, 337, 337, 337, 
59448, 340, 342, 342, 326, 
59478, 339, 340, 339, 330, 
59508, 336, 334, 336, 342, 
59538, 333, 331, 334, 349, 
59569, 335, 335, 335, 341, 
59598, 338, 340, 340, 328, 
59629, 339, 341, 340, 328, 
59659, 335, 336, 337, 339, 
59689, 333, 332, 333, 348, 
59719, 335, 334, 335, 342, 
59749, 338, 339, 340, 330, 
59780, 339, 341, 340, 326, 
59809, 337, 336, 338, 336, 
59840, 332, 333, 335, 348, 
59870, 334, 334, 334, 345, 
59900, 338, 337, 337, 334, 
59930, 339, 342, 340, 325, 
59961, 337, 338, 338, 333, 
59991, 334, 333, 335, 345, 
60021, 333, 332, 335, 347, 
60051, 336, 337, 336, 336, 
60081, 339, 341, 339, 327, 
60111, 338, 339, 339, 330, 
60141, 334, 334, 336, 343, 
60172, 334, 330, 333, 349, 
60201, 335, 335, 336, 339, 
60232, 340, 340, 339, 327, 
60262, 339, 340, 339, 328, 
60293, 335, 336, 336, 340, 
60322, 333, 331, 334, 349, 
60353, 335, 334, 335, 343, 
60383, 338, 341, 340, 331, 
60412, 341, 343, 340, 327, 
60443, 336, 337, 337, 337, 
60473, 335, 332, 334, 349, 
60504, 334, 333, 335, 345, 
60533, 337, 339, 338, 333, 
60564, 339, 343, 340, 326, 
60594, 338, 338, 338, 334, 
60624, 333, 332, 335, 346, 
60654, 333, 332, 334, 347, 
60684, 336, 336, 336, 336, 
60715, 338, 341, 340, 326, 
60744, 338, 340, 340, 331, 
60775, 335, 334, 335, 344, 
60805, 334, 331, 334, 350, 
60835, 335, 335, 336, 339, 
60865, 339, 341, 340, 328, 
60896, 338, 340, 340, 329, 
60925, 335, 335, 337, 341, 
60956, 334, 331, 333, 350, 
60986, 335, 334, 335, 342, 
61016, 339, 339, 339, 330, 
61046, 339, 341, 340, 327, 
61076, 336, 336, 338, 338, 
61107, 333, 332, 334, 348, 
61136, 335, 333, 334, 345, 
61167, 338, 338, 338, 333, 
61197, 340, 342, 340, 326, 
61228, 336, 338, 338, 334, 
61257, 334, 332, 335, 346, 
61288, 334, 331, 334, 347, 
61318, 338, 337, 337, 337, 
61347, 339, 341, 340, 327, 
61378, 337, 339, 339, 333, 
61408, 334, 333, 335, 344, 
61438, 333, 332, 334, 349, 
61468, 336, 335, 336, 339, 
61499, 340, 341, 340, 327, 
61529, 338, 340, 339, 330, 
61559, 335, 336, 336, 341, 
61589, 333, 331, 333, 349, 
61620, 335, 334, 335, 342, 
61649, 338, 340, 339, 330, 
61679, 340, 341, 339, 327, 
61710, 336, 336, 336, 338, 
61740, 333, 331, 334, 349, 
61770, 334, 333, 335, 345, 
61800, 337, 338, 338, 333, 
61831, 339, 341, 340, 326, 
61860, 337, 339, 338, 335, 
61891, 333, 332, 335, 347, 
61921, 334, 332, 335, 348, 
61952, 337, 337, 337, 335, 
61981, 341, 341, 340, 326, 
62011, 337, 340, 339, 332, 
62042, 335, 334, 336, 345, 
62071, 333, 331, 333, 349, 
62102, 336, 335, 336, 339, 
62132, 339, 341, 340, 327, 
62162, 339, 341, 339, 330, 
62192, 335, 335, 337, 343, 
62223, 333, 331, 333, 349, 
62253, 335, 334, 335, 342, 
62283, 338, 340, 339, 329, 
62313, 338, 340, 340, 327, 
62343, 336, 337, 337, 338, 
62373, 333, 331, 334, 349, 
62403, 334, 333, 334, 344, 
62434, 338, 338, 338, 332, 
62464, 339, 341, 340, 326, 
62494, 338, 337, 338, 335, 
62524, 334, 333, 335, 347, 
62555, 333, 332, 334, 347, 
62584, 337, 337, 338, 335, 
62614, 339, 341, 341, 326, 
62645, 339, 339, 338, 332, 
62674, 335, 333, 335, 345, 
