7, 338, 338, 333, 
75161, 339, 342, 341, 326, 
75191, 338, 339, 339, 334, 
75222, 334
75101, 334, 333, 334, 346, 
75131, 337, 338, 338, 333, 
75161, 339, 342, 341, 326, 
75191, 338, 339, 339, 334, 
75222, 3340, 338, 339, 339, 328, 
1, 336, 337, 337, 333, 
2, 336, 335, 335, 339, 
11, 338, 339, 340, 333, 
37, 333, 331, 335, 347, 
65, 340, 341, 340, 327, 
92, 335, 335, 337, 342, 
119, 336, 334, 336, 343, 
147, 339, 342, 341, 328, 
175, 336, 335, 337, 343, 
203, 334, 333, 335, 346, 
231, 340, 343, 340, 327, 
260, 336, 337, 338, 340, 
287, 333, 332, 334, 349, 
316, 339, 341, 339, 331, 
344, 337, 338, 339, 336, 
371, 333, 331, 334, 350, 
400, 338, 340, 338, 333, 
428, 337, 339, 340, 333, 
456, 333, 332, 334, 350, 
484, 337, 338, 337, 337, 
512, 339, 342, 341, 330, 
540, 334, 332, 335, 348, 
568, 336, 336, 336, 341, 
596, 340, 342, 341, 328, 
624, 334, 334, 336, 346, 
653, 335, 334, 335, 345, 
680, 339, 342, 341, 327, 
708, 336, 335, 337, 342, 
737, 334, 333, 334, 348, 
764, 339, 342, 341, 329, 
793, 337, 337, 340, 339, 
821, 333, 332, 334, 350, 
849, 338, 340, 339, 332, 
877, 338, 339, 339, 334, 
905, 334, 331, 333, 351, 
933, 338, 340, 338, 334, 
961, 339, 340, 341, 332, 
990, 335, 331, 334, 349, 
1017, 337, 337, 337, 338, 
1046, 339, 342, 341, 327, 
1076, 336, 336, 339, 339, 
1104, 334, 332, 335, 349, 
1134, 338, 337, 337, 336, 
1163, 341, 342, 341, 327, 
1192, 336, 336, 338, 339, 
1221, 333, 331, 334, 349, 
1251, 338, 337, 338, 335, 
1280, 340, 342, 341, 326, 
1308, 336, 336, 338, 340, 
1338, 333, 331, 334, 348, 
1367, 337, 338, 338, 336, 
1396, 339, 341, 340, 326, 
1425, 336, 336, 337, 340, 
1455, 334, 331, 333, 348, 
1483, 337, 336, 338, 335, 
1512, 339, 342, 339, 327, 
1542, 335, 335, 336, 341, 
1570, 334, 333, 333, 348, 
1600, 336, 338, 339, 333, 
1629, 339, 342, 341, 328, 
1658, 335, 335, 337, 343, 
1687, 334, 332, 334, 348, 
1717, 338, 339, 338, 334, 
1745, 341, 342, 340, 328, 
1774, 336, 335, 336, 343, 
1804, 334, 332, 334, 347, 
1832, 338, 339, 338, 332, 
1862, 340, 341, 341, 328, 
1891, 335, 335, 336, 343, 
1921, 334, 332, 334, 347, 
1949, 338, 339, 339, 331, 
1978, 339, 341, 340, 328, 
2008, 335, 334, 336, 345, 
2036, 334, 333, 334, 347, 
2066, 340, 341, 339, 332, 
2095, 340, 341, 341, 330, 
2124, 335, 334, 336, 345, 
2153, 334, 333, 335, 347, 
2183, 338, 340, 339, 331, 
2211, 339, 340, 340, 332, 
2240, 334, 333, 336, 346, 
2270, 334, 333, 335, 346, 
2298, 339, 341, 340, 330, 
2328, 338, 341, 340, 331, 
2357, 334, 334, 336, 347, 
2386, 335, 334, 334, 346, 
2415, 339, 341, 340, 329, 
2444, 339, 340, 341, 331, 
2473, 335, 333, 334, 348, 
2502, 335, 333, 334, 345, 
2532, 339, 341, 340, 329, 
2561, 338, 340, 340, 332, 
2590, 333, 332, 335, 348, 
2619, 335, 335, 335, 345, 
2649, 339, 342, 339, 329, 
2677, 338, 339, 340, 334, 
2706, 335, 332, 334, 348, 
2736, 335, 334, 335, 342, 
2764, 339, 341, 339, 328, 
2794, 338, 339, 339, 333, 
2823, 333, 330, 334, 348, 
2852, 336, 334, 336, 343, 
2881, 340, 341, 341, 327, 
2910, 338, 339, 338, 335, 
2939, 333, 332, 334, 349, 
2968, 335, 335, 335, 343, 
2998, 339, 342, 341, 328, 
3026, 338, 339, 339, 335, 
3056, 333, 332, 334, 349, 
3085, 336, 335, 336, 341, 
3115, 339, 342, 341, 327, 
3143, 338, 338, 340, 335, 
3172, 333, 332, 334, 350, 
3202, 336, 335, 336, 340, 
3230, 340, 342, 341, 326, 
3260, 337, 338, 338, 335, 
3289, 333, 332, 334, 348, 
3318, 336, 336, 336, 338, 
3347, 340, 342, 340, 326, 
3376, 338, 338, 338, 337, 
3405, 333, 332, 333, 350, 
3434, 335, 336, 336, 339, 
3464, 338, 344, 341, 326, 
3492, 337, 338, 339, 338, 
3522, 333, 331, 334, 349, 
3551, 335, 337, 336, 338, 
3580, 339, 342, 340, 325, 
3609, 336, 337, 339, 338, 
3638, 333, 331, 334, 349, 
3667, 337, 336, 336, 337, 
3696, 340, 342, 341, 326, 
3726, 336, 336, 338, 338, 
3755, 333, 332, 334, 349, 
3784, 337, 337, 337, 336, 
3813, 339, 342, 341, 326, 
3842, 336, 335, 338, 339, 
3871, 333, 331, 333, 349, 
3900, 337, 337, 337, 335, 
3930, 339, 342, 340, 326, 
3958, 336, 336, 338, 340, 
3988, 333, 331, 334, 348, 
4017, 337, 337, 337, 335, 
4046, 339, 342, 341, 326, 
4075, 337, 335, 337, 341, 
4104, 334, 331, 333, 349, 
4133, 338, 338, 338, 334, 
4162, 341, 341, 341, 327, 
4192, 335, 336, 337, 342, 
4220, 334, 332, 335, 348, 
4250, 338, 339, 338, 333, 
4279, 339, 342, 341, 329, 
4307, 335, 335, 336, 343, 
4337, 334, 332, 334, 348, 
4366, 338, 338, 338, 333, 
4396, 339, 341, 341, 329, 
4424, 337, 334, 336, 343, 
4454, 335, 332, 334, 347, 
4483, 339, 339, 338, 332, 
4512, 340, 341, 341, 328, 
4541, 336, 334, 336, 344, 
4570, 334, 333, 334, 347, 
4599, 340, 340, 339, 331, 
4628, 339, 341, 341, 330, 
4658, 335, 334, 335, 344, 
4686, 334, 333, 334, 347, 
4716, 339, 340, 339, 331, 
4745, 338, 340, 340, 330, 
4773, 335, 333, 336, 346, 
4803, 334, 333, 334, 346, 
4832, 339, 340, 339, 330, 
4861, 339, 341, 340, 331, 
4890, 335, 334, 336, 347, 
4920, 335, 334, 335, 345, 
4948, 340, 341, 339, 330, 
4978, 338, 340, 341, 331, 
5007, 334, 333, 335, 347, 
5036, 334, 333, 334, 345, 
5065, 339, 340, 339, 329, 
5094, 339, 340, 339, 331, 
5124, 333, 332, 335, 348, 
5152, 336, 334, 335, 344, 
5182, 340, 341, 340, 328, 
5211, 338, 341, 340, 333, 
5239, 334, 332, 336, 348, 
5269, 335, 334, 335, 343, 
5298, 339, 341, 340, 328, 
5327, 338, 339, 339, 333, 
5356, 333, 331, 334, 349, 
5386, 335, 334, 336, 343, 
5414, 339, 342, 340, 328, 
5444, 337, 339, 339, 335, 
5473, 333, 331, 334, 349, 
5501, 335, 335, 335, 342, 
5531, 339, 341, 340, 328, 
5560, 337, 339, 340, 336, 
5590, 333, 332, 334, 349, 
5618, 335, 335, 335, 341, 
5648, 338, 342, 341, 327, 
5677, 337, 339, 339, 335, 
5705, 333, 332, 334, 350, 
5735, 335, 335, 335, 340, 
5764, 338, 342, 341, 327, 
5793, 337, 337, 339, 336, 
5822, 333, 332, 334, 351, 
5852, 336, 336, 336, 340, 
5880, 339, 342, 340, 327, 
5910, 337, 338, 338, 337, 
5939, 333, 331, 334, 350, 
5967, 336, 336, 336, 339, 
5997, 341, 342, 341, 327, 
6026, 337, 337, 338, 339, 
6055, 333, 331, 334, 351, 
6084, 336, 337, 336, 338, 
6114, 340, 343, 341, 327, 
6142, 338, 338, 338, 340, 
6171, 333, 332, 334, 350, 
6201, 337, 338, 337, 337, 
6230, 340, 342, 341, 327, 
6259, 336, 336, 337, 340, 
6288, 333, 332, 335, 350, 
6318, 337, 338, 337, 336, 
6346, 340, 343, 341, 327, 
6376, 337, 336, 338, 341, 
6405, 334, 332, 334, 349, 
6433, 338, 338, 338, 335, 
6463, 340, 342, 341, 327, 
6492, 336, 335, 337, 342, 
6521, 334, 332, 334, 349, 
6550, 338, 339, 338, 334, 
6580, 340, 342, 341, 327, 
6608, 337, 335, 337, 343, 
6637, 334, 334, 334, 348, 
6667, 338, 338, 338, 333, 
6695, 340, 342, 341, 329, 
6725, 336, 335, 337, 343, 
6754, 334, 332, 334, 349, 
6784, 340, 339, 339, 333, 
6812, 339, 343, 341, 329, 
6842, 336, 334, 335, 344, 
6871, 334, 333, 334, 348, 
6899, 338, 341, 338, 331, 
6929, 339, 341, 340, 329, 
6958, 335, 334, 336, 345, 
6987, 335, 333, 334, 347, 
7016, 339, 341, 339, 330, 
7046, 339, 341, 340, 330, 
7074, 335, 333, 336, 346, 
7103, 334, 333, 335, 345, 
7133, 339, 342, 340, 330, 
7161, 339, 341, 340, 331, 
7191, 335, 333, 335, 346, 
7220, 334, 333, 334, 345, 
7249, 339, 341, 339, 329, 
7278, 338, 341, 340, 333, 
7308, 334, 332, 335, 347, 
7336, 334, 333, 334, 344, 
7365, 339, 341, 340, 328, 
7395, 338, 339, 339, 333, 
7424, 334, 332, 335, 349, 
7453, 336, 334, 335, 343, 
7482, 339, 341, 340, 328, 
7512, 337, 339, 339, 333, 
7540, 334, 331, 334, 348, 
7569, 335, 334, 335, 342, 
7599, 340, 342, 340, 326, 
7627, 338, 339, 339, 333, 
7657, 332, 330, 335, 348, 
7686, 336, 335, 335, 341, 
7715, 339, 342, 341, 326, 
7744, 337, 338, 339, 334, 
7774, 334, 331, 334, 349, 
7802, 335, 335, 336, 341, 
7831, 339, 342, 340, 326, 
7861, 337, 338, 338, 335, 
7889, 333, 331, 335, 348, 
7919, 336, 335, 336, 339, 
7948, 339, 342, 341, 327, 
7977, 337, 337, 338, 336, 
8006, 333, 332, 334, 350, 
8035, 336, 335, 336, 339, 
8065, 339, 342, 341, 326, 
8093, 337, 337, 339, 338, 
8123, 333, 331, 333, 350, 
8152, 336, 336, 336, 338, 
8181, 340, 342, 341, 326, 
8210, 337, 336, 338, 339, 
8240, 333, 331, 333, 350, 
8268, 337, 336, 337, 337, 
8297, 341, 342, 341, 327, 
8327, 336, 336, 338, 340, 
8355, 333, 331, 334, 350, 
8385, 337, 338, 337, 337, 
8414, 339, 342, 341, 327, 
8443, 336, 336, 338, 342, 
8472, 334, 332, 334, 350, 
8501, 337, 338, 337, 335, 
8530, 340, 342, 341, 327, 
8559, 336, 336, 337, 342, 
8589, 334, 331, 334, 349, 
8617, 338, 338, 338, 334, 
8647, 339, 342, 341, 328, 
8676, 335, 335, 337, 343, 
8706, 334, 332, 334, 348, 
8734, 338, 339, 338, 333, 
8763, 339, 342, 341, 328, 
8793, 336, 335, 336, 343, 
8821, 334, 332, 335, 348, 
8851, 338, 339, 338, 332, 
8880, 339, 341, 342, 329, 
8909, 335, 334, 336, 344, 
8938, 334, 334, 334, 348, 
8967, 338, 340, 340, 332, 
8996, 339, 341, 340, 330, 
9025, 335, 334, 337, 346, 
9055, 335, 333, 334, 347, 
9083, 339, 340, 339, 331, 
9113, 339, 342, 341, 331, 
9142, 335, 333, 336, 346, 
9171, 335, 333, 334, 346, 
9200, 339, 341, 339, 330, 
9229, 339, 340, 340, 331, 
9259, 334, 333, 335, 347, 
9287, 334, 333, 334, 347, 
9317, 339, 340, 340, 328, 
9346, 338, 340, 340, 333, 
9375, 334, 333, 335, 348, 
9404, 334, 334, 335, 345, 
9433, 339, 341, 340, 329, 
9462, 338, 340, 340, 333, 
9491, 333, 333, 335, 348, 
9521, 335, 334, 336, 344, 
9549, 339, 342, 340, 330, 
9579, 338, 339, 340, 334, 
9608, 334, 332, 335, 349, 
9637, 336, 334, 335, 343, 
9666, 340, 343, 341, 328, 
9695, 338, 340, 339, 335, 
9724, 333, 332, 334, 350, 
9753, 335, 335, 335, 342, 
9783, 339, 342, 340, 326, 
9811, 336, 338, 339, 335, 
9841, 334, 331, 334, 349, 
9870, 336, 335, 336, 341, 
9899, 340, 342, 340, 326, 
9928, 337, 338, 339, 336, 
9957, 333, 331, 334, 349, 
9987, 336, 336, 336, 339, 
10015, 340, 342, 340, 326, 
10046, 338, 340, 340, 332, 
10076, 333, 333, 337, 345, 
10106, 334, 331, 334, 350, 
10136, 336, 336, 336, 338, 
10167, 339, 342, 340, 326, 
10196, 339, 340, 340, 329, 
10226, 335, 335, 337, 343, 
10257, 332, 331, 334, 349, 
10287, 335, 335, 335, 341, 
10317, 339, 341, 339, 329, 
10347, 340, 341, 341, 328, 
10378, 337, 336, 337, 338, 
10407, 334, 332, 334, 350, 
10438, 335, 334, 337, 344, 
10468, 338, 340, 339, 331, 
10498, 340, 342, 341, 326, 
10528, 337, 338, 339, 336, 
10558, 334, 332, 334, 346, 
10589, 334, 333, 333, 345, 
10618, 337, 337, 337, 334, 
10649, 339, 342, 341, 327, 
10679, 338, 338, 339, 333, 
10710, 334, 333, 335, 346, 
10739, 334, 332, 333, 349, 
10770, 337, 336, 337, 337, 
10800, 340, 341, 340, 326, 
10829, 338, 340, 339, 331, 
10860, 335, 334, 336, 343, 
10890, 333, 332, 334, 349, 
10920, 336, 335, 335, 340, 
10950, 339, 341, 340, 328, 
10981, 339, 341, 341, 329, 
11011, 336, 336, 337, 340, 
11041, 333, 331, 334, 349, 
11071, 335, 334, 335, 343, 
11102, 339, 340, 339, 331, 
11131, 339, 341, 341, 327, 
11161, 337, 337, 338, 338, 
11192, 333, 331, 334, 349, 
11222, 334, 333, 334, 346, 
11252, 338, 339, 338, 332, 
11282, 340, 342, 341, 326, 
11313, 338, 338, 340, 333, 
11342, 334, 333, 335, 346, 
11373, 333, 332, 334, 348, 
11403, 337, 337, 337, 336, 
11433, 340, 342, 341, 326, 
11463, 339, 340, 340, 331, 
11493, 335, 334, 336, 345, 
11524, 334, 331, 334, 347, 
11553, 336, 336, 335, 339, 
11584, 339, 341, 340, 327, 
11614, 340, 341, 341, 329, 
11644, 336, 336, 336, 341, 
11674, 334, 331, 333, 350, 
11705, 336, 334, 335, 342, 
11735, 338, 340, 339, 330, 
11765, 340, 342, 340, 327, 
11795, 336, 336, 338, 338, 
11825, 333, 331, 334, 349, 
11855, 334, 333, 334, 345, 
11885, 337, 339, 338, 332, 
11916, 340, 342, 341, 327, 
11945, 337, 338, 339, 336, 
11976, 334, 333, 335, 348, 
12006, 333, 332, 334, 347, 
12037, 337, 337, 337, 336, 
12066, 340, 342, 341, 327, 
12097, 338, 339, 340, 334, 
12127, 335, 333, 335, 346, 
12156, 335, 332, 334, 350, 
12187, 336, 336, 336, 339, 
12217, 339, 341, 340, 328, 
12248, 339, 340, 341, 331, 
12277, 335, 335, 337, 343, 
12308, 333, 330, 335, 350, 
12338, 336, 335, 334, 342, 
12368, 339, 341, 340, 329, 
12398, 339, 341, 341, 329, 
12428, 336, 336, 338, 340, 
12459, 333, 331, 333, 350, 
12488, 335, 334, 335, 345, 
12519, 338, 339, 339, 333, 
12549, 340, 342, 341, 328, 
12579, 337, 337, 339, 337, 
12609, 334, 332, 335, 348, 
12640, 334, 333, 333, 347, 
12669, 337, 338, 337, 335, 
12700, 341, 342, 341, 327, 
12730, 337, 339, 340, 334, 
12760, 334, 334, 335, 347, 
12790, 334, 332, 334, 349, 
12820, 336, 335, 336, 338, 
12851, 340, 341, 340, 328, 
12880, 339, 340, 340, 332, 
12911, 335, 335, 337, 344, 
12941, 333, 332, 334, 351, 
12972, 335, 336, 336, 342, 
13001, 339, 340, 340, 328, 
13032, 339, 341, 341, 329, 
13062, 337, 336, 338, 341, 
13091, 334, 331, 335, 350, 
13122, 335, 334, 335, 345, 
13152, 338, 340, 339, 331, 
13182, 340, 342, 341, 327, 
13212, 337, 337, 339, 337, 
13243, 333, 332, 335, 349, 
13273, 334, 332, 334, 346, 
13303, 338, 339, 338, 334, 
13333, 340, 343, 341, 327, 
13364, 338, 339, 339, 335, 
13393, 334, 333, 336, 347, 
13423, 334, 332, 334, 349, 
13454, 336, 337, 337, 337, 
13484, 340, 342, 341, 327, 
13514, 338, 340, 340, 332, 
13544, 335, 334, 336, 344, 
13575, 334, 331, 333, 350, 
13604, 336, 336, 337, 342, 
13635, 340, 341, 340, 328, 
13665, 339, 341, 341, 329, 
13696, 336, 336, 338, 341, 
13725, 333, 331, 333, 350, 
13755, 335, 335, 335, 343, 
13786, 339, 340, 339, 331, 
13815, 340, 342, 341, 328, 
13846, 336, 337, 339, 337, 
13876, 334, 332, 334, 348, 
13906, 334, 333, 334, 346, 
13936, 338, 338, 338, 334, 
13967, 339, 342, 341, 326, 
13997, 338, 339, 339, 334, 
14027, 335, 333, 335, 347, 
14057, 334, 332, 334, 348, 
14087, 336, 338, 338, 338, 
14117, 340, 342, 342, 327, 
14147, 339, 340, 341, 332, 
14178, 335, 334, 336, 344, 
14208, 333, 331, 333, 350, 
14238, 336, 335, 336, 341, 
14268, 338, 340, 340, 328, 
14299, 339, 341, 341, 329, 
14328, 336, 335, 339, 341, 
14358, 333, 331, 333, 350, 
14389, 335, 334, 335, 343, 
14418, 339, 341, 339, 331, 
14449, 338, 341, 340, 327, 
14479, 336, 337, 337, 338, 
14510, 333, 332, 333, 349, 
14539, 335, 333, 335, 346, 
14570, 337, 339, 338, 333, 
14600, 340, 342, 341, 326, 
14630, 337, 338, 339, 335, 
14660, 334, 332, 335, 347, 
14690, 334, 332, 334, 348, 
14721, 337, 337, 338, 336, 
14750, 339, 343, 340, 326, 
14781, 338, 339, 340, 332, 
14811, 335, 335, 335, 343, 
14841, 334, 332, 334, 349, 
14871, 336, 336, 336, 339, 
14902, 340, 341, 339, 327, 
14931, 339, 341, 340, 329, 
14962, 336, 336, 338, 341, 
14992, 334, 332, 334, 349, 
15022, 335, 334, 335, 342, 
15052, 339, 341, 340, 330, 
15082, 340, 342, 341, 327, 
15113, 336, 337, 338, 338, 
15142, 334, 331, 334, 350, 
15173, 335, 335, 334, 345, 
15203, 338, 339, 338, 333, 
15234, 340, 342, 342, 326, 
15263, 339, 338, 338, 335, 
15294, 334, 333, 334, 347, 
15324, 334, 332, 334, 348, 
15353, 338, 337, 338, 336, 
15384, 340, 342, 340, 326, 
15414, 338, 340, 340, 332, 
15444, 335, 335, 337, 344, 
15474, 335, 331, 334, 349, 
15505, 337, 337, 336, 339, 
15535, 341, 341, 340, 327, 
15565, 339, 341, 340, 329, 
15595, 336, 335, 337, 342, 
15626, 334, 332, 332, 350, 
15655, 335, 334, 335, 342, 
15685, 340, 340, 340, 330, 
15716, 341, 342, 341, 328, 
15746, 336, 337, 339, 339, 
15776, 333, 332, 334, 349, 
15806, 334, 333, 336, 345, 
15837, 338, 339, 338, 333, 
15866, 340, 342, 341, 327, 
15897, 338, 338, 339, 336, 
15927, 333, 332, 335, 348, 
15958, 334, 332, 334, 347, 
15987, 337, 337, 337, 335, 
16017, 340, 342, 340, 326, 
16048, 339, 339, 340, 332, 
16077, 336, 333, 336, 345, 
16108, 334, 332, 334, 349, 
16138, 336, 336, 336, 339, 
16168, 340, 342, 340, 327, 
16198, 339, 340, 341, 329, 
16229, 336, 335, 338, 343, 
16259, 335, 332, 334, 350, 
16288, 335, 335, 336, 341, 
16319, 339, 340, 340, 330, 
16349, 339, 341, 341, 327, 
16379, 336, 336, 338, 338, 
16409, 334, 331, 334, 349, 
16440, 335, 333, 334, 344, 
16470, 338, 338, 338, 332, 
16500, 341, 342, 342, 327, 
16530, 338, 338, 339, 336, 
16561, 333, 332, 334, 347, 
16590, 334, 332, 334, 347, 
16620, 338, 337, 337, 335, 
16651, 340, 342, 341, 326, 
16680, 338, 339, 341, 334, 
16711, 334, 335, 336, 345, 
16741, 335, 332, 334, 348, 
16772, 336, 337, 336, 338, 
16801, 340, 341, 340, 327, 
16832, 338, 340, 339, 330, 
16862, 335, 335, 337, 342, 
16892, 333, 331, 334, 350, 
16922, 335, 335, 335, 341, 
16952, 339, 339, 339, 329, 
16983, 340, 341, 340, 328, 
17012, 336, 336, 338, 339, 
17043, 333, 331, 334, 350, 
17073, 335, 333, 335, 344, 
17103, 339, 339, 339, 332, 
17133, 340, 342, 341, 327, 
17164, 338, 338, 339, 337, 
17193, 334, 333, 336, 348, 
17224, 334, 332, 334, 348, 
17254, 337, 339, 338, 335, 
17284, 340, 342, 340, 326, 
17314, 338, 339, 340, 333, 
17344, 335, 333, 336, 345, 
17375, 335, 331, 334, 349, 
17404, 336, 336, 338, 338, 
17435, 341, 342, 340, 327, 
17465, 338, 340, 341, 330, 
17496, 335, 335, 337, 343, 
17525, 334, 331, 334, 350, 
17556, 335, 335, 336, 341, 
17586, 339, 341, 340, 329, 
17615, 340, 341, 341, 328, 
17646, 336, 336, 338, 339, 
17676, 332, 331, 334, 349, 
17707, 336, 334, 335, 344, 
17736, 338, 339, 340, 332, 
17767, 341, 342, 341, 327, 
17797, 338, 338, 339, 336, 
17827, 334, 332, 336, 348, 
17857, 335, 332, 335, 347, 
17888, 338, 338, 338, 335, 
17917, 340, 342, 341, 326, 
17947, 338, 339, 340, 333, 
17978, 335, 335, 335, 345, 
18008, 334, 332, 334, 347, 
18038, 337, 336, 337, 339, 
18068, 340, 341, 340, 327, 
18099, 339, 340, 341, 331, 
18128, 336, 336, 337, 343, 
18159, 333, 331, 333, 349, 
18189, 335, 335, 336, 341, 
18219, 339, 342, 340, 329, 
18249, 340, 341, 341, 327, 
18279, 336, 336, 338, 339, 
18310, 334, 331, 334, 349, 
18339, 335, 334, 335, 344, 
18370, 338, 339, 339, 332, 
18400, 339, 342, 341, 326, 
18430, 338, 338, 339, 337, 
18460, 334, 332, 335, 347, 
18491, 334, 334, 334, 347, 
18521, 337, 338, 337, 335, 
18550, 340, 342, 340, 326, 
18581, 338, 339, 340, 333, 
18611, 335, 333, 335, 345, 
18641, 333, 332, 334, 348, 
18671, 336, 337, 337, 338, 
18702, 339, 341, 340, 327, 
18732, 339, 340, 341, 331, 
18762, 335, 335, 337, 343, 
18792, 334, 332, 333, 350, 
18823, 335, 335, 336, 340, 
18852, 340, 341, 341, 330, 
18882, 340, 342, 341, 328, 
18913, 337, 336, 337, 340, 
18942, 333, 332, 334, 350, 
18973, 335, 335, 334, 344, 
19003, 338, 340, 340, 331, 
19034, 339, 342, 341, 329, 
19063, 338, 338, 338, 336, 
19094, 335, 332, 335, 347, 
19124, 334, 334, 334, 347, 
19154, 338, 338, 338, 335, 
19184, 340, 342, 341, 326, 
19214, 338, 339, 340, 334, 
19245, 334, 333, 336, 346, 
19274, 335, 332, 334, 349, 
19305, 338, 337, 337, 338, 
19335, 340, 342, 340, 328, 
19365, 339, 341, 340, 331, 
19395, 335, 335, 337, 343, 
19426, 334, 332, 334, 349, 
19456, 335, 335, 336, 341, 
19486, 339, 341, 340, 329, 
19516, 340, 341, 341, 329, 
19546, 336, 336, 338, 341, 
19576, 335, 332, 335, 350, 
19606, 335, 334, 335, 344, 
19637, 338, 339, 339, 333, 
19666, 339, 342, 342, 328, 
19697, 337, 337, 339, 337, 
19727, 334, 333, 335, 350, 
19758, 334, 333, 335, 347, 
19787, 337, 338, 338, 335, 
19818, 340, 343, 341, 327, 
19848, 338, 339, 340, 334, 
19877, 334, 333, 336, 346, 
19908, 334, 333, 335, 350, 
19938, 337, 337, 337, 338, 
19969, 340, 343, 341, 327, 
19998, 340, 340, 341, 331, 
20029, 335, 335, 337, 343, 
20059, 334, 332, 334, 350, 
20089, 335, 335, 336, 342, 
20119, 340, 341, 340, 329, 
20149, 340, 342, 341, 329, 
20179, 336, 336, 337, 339, 
20209, 334, 332, 334, 350, 
20240, 335, 334, 335, 344, 
20270, 338, 340, 340, 332, 
20300, 339, 342, 341, 326, 
20330, 338, 337, 338, 336, 
20361, 333, 332, 335, 347, 
20390, 334, 333, 334, 346, 
20421, 338, 339, 337, 334, 
20451, 340, 342, 341, 329, 
20481, 338, 339, 340, 334, 
20511, 334, 333, 335, 345, 
20541, 333, 331, 333, 348, 
20572, 337, 336, 337, 338, 
20601, 340, 342, 340, 327, 
20632, 340, 340, 341, 332, 
20662, 334, 334, 337, 343, 
20692, 335, 331, 334, 350, 
20722, 335, 335, 336, 341, 
20753, 338, 340, 339, 329, 
20783, 339, 341, 341, 329, 
20812, 337, 335, 337, 341, 
20843, 334, 331, 335, 350, 
20873, 336, 333, 335, 344, 
20903, 338, 339, 339, 331, 
20933, 339, 341, 341, 327, 
20964, 338, 337, 339, 338, 
20994, 334, 332, 335, 349, 
21024, 334, 333, 335, 347, 
21054, 338, 338, 338, 335, 
21085, 340, 342, 342, 327, 
21114, 339, 340, 339, 334, 
21144, 335, 333, 335, 346, 
21175, 334, 332, 334, 350, 
21204, 338, 337, 338, 338, 
21235, 340, 342, 341, 327, 
21265, 339, 340, 340, 332, 
21296, 335, 334, 336, 344, 
21325, 334, 332, 335, 350, 
21356, 336, 335, 337, 342, 
21386, 339, 341, 340, 329, 
21416, 339, 341, 341, 329, 
21446, 336, 336, 338, 340, 
21476, 333, 331, 334, 350, 
21507, 335, 334, 335, 343, 
21536, 340, 341, 339, 332, 
21567, 341, 342, 341, 326, 
21597, 339, 338, 338, 336, 
21627, 334, 332, 334, 349, 
21657, 335, 333, 335, 347, 
21688, 338, 338, 338, 334, 
21718, 340, 342, 341, 326, 
21748, 339, 339, 339, 333, 
21778, 334, 333, 335, 346, 
21808, 333, 332, 333, 348, 
21838, 336, 336, 337, 337, 
21868, 340, 341, 339, 325, 
21899, 338, 340, 340, 331, 
21928, 335, 334, 336, 342, 
21959, 333, 331, 333, 349, 
21989, 335, 335, 336, 340, 
22020, 339, 341, 340, 329, 
22049, 339, 341, 341, 328, 
22079, 336, 336, 338, 340, 
22110, 333, 332, 335, 349, 
22139, 334, 334, 335, 343, 
22170, 339, 339, 339, 331, 
22200, 339, 342, 342, 326, 
22231, 337, 337, 339, 337, 
22260, 332, 332, 335, 349, 
22291, 334, 333, 334, 345, 
22321, 337, 338, 337, 334, 
22351, 340, 342, 341, 326, 
22381, 336, 339, 339, 334, 
22411, 334, 333, 335, 346, 
22441, 333, 332, 334, 349, 
22471, 338, 337, 337, 337, 
22502, 340, 342, 341, 327, 
22532, 339, 340, 340, 331, 
22562, 334, 335, 336, 342, 
22592, 333, 331, 333, 349, 
22623, 336, 336, 335, 340, 
22652, 339, 341, 340, 328, 
22683, 339, 340, 341, 328, 
22713, 337, 336, 337, 341, 
22743, 333, 331, 334, 348, 
22773, 335, 334, 336, 344, 
22803, 339, 340, 339, 332, 
22834, 340, 342, 342, 327, 
22863, 337, 337, 338, 337, 
22894, 334, 332, 334, 349, 
22924, 334, 333, 334, 346, 
22955, 338, 339, 339, 334, 
22984, 339, 342, 341, 327, 
23015, 337, 339, 339, 334, 
23045, 334, 333, 335, 348, 
23074, 334, 332, 334, 349, 
23105, 336, 336, 338, 339, 
23135, 340, 341, 339, 328, 
23165, 339, 340, 340, 332, 
23195, 335, 335, 336, 344, 
23226, 333, 332, 333, 350, 
23256, 336, 335, 335, 341, 
23286, 339, 341, 339, 330, 
23316, 339, 341, 340, 329, 
23347, 336, 336, 338, 342, 
23376, 334, 332, 334, 348, 
23406, 335, 334, 336, 343, 
23437, 338, 339, 339, 331, 
23467, 339, 341, 342, 327, 
23497, 337, 338, 338, 337, 
23527, 334, 332, 335, 349, 
23558, 334, 333, 334, 345, 
23587, 338, 338, 337, 335, 
23618, 339, 342, 341, 326, 
23648, 338, 338, 339, 334, 
23678, 334, 333, 336, 348, 
23708, 334, 332, 334, 348, 
23738, 337, 337, 336, 337, 
23769, 340, 342, 340, 326, 
23798, 339, 340, 340, 331, 
23829, 335, 335, 336, 343, 
23859, 334, 331, 333, 351, 
23889, 336, 335, 336, 341, 
23919, 340, 341, 341, 329, 
23950, 339, 341, 341, 329, 
23980, 335, 335, 338, 340, 
24009, 334, 331, 334, 350, 
24040, 335, 335, 335, 343, 
24070, 339, 340, 339, 332, 
24100, 340, 342, 340, 327, 
24130, 337, 338, 338, 337, 
24161, 333, 332, 334, 349, 
24190, 334, 333, 334, 346, 
24221, 337, 339, 338, 333, 
24251, 339, 342, 341, 327, 
24282, 338, 339, 339, 333, 
24311, 334, 333, 335, 346, 
24341, 334, 331, 333, 348, 
24372, 337, 337, 337, 339, 
24401, 339, 341, 340, 327, 
24432, 338, 340, 340, 332, 
24462, 334, 335, 337, 344, 
24493, 333, 332, 334, 349, 
24522, 336, 335, 336, 341, 
24553, 339, 342, 340, 329, 
24583, 339, 341, 341, 329, 
24613, 336, 336, 338, 341, 
24643, 334, 333, 335, 350, 
24673, 335, 334, 335, 344, 
24704, 339, 340, 339, 331, 
24733, 339, 342, 341, 328, 
24764, 337, 337, 338, 337, 
24794, 334, 333, 334, 349, 
24824, 334, 333, 335, 347, 
24854, 338, 338, 339, 334, 
24885, 340, 342, 340, 327, 
24914, 338, 339, 340, 335, 
24945, 334, 333, 335, 348, 
24975, 334, 333, 334, 349, 
25005, 337, 337, 337, 337, 
25035, 340, 342, 340, 327, 
25065, 339, 340, 340, 330, 
25096, 335, 335, 336, 344, 
25125, 333, 331, 334, 350, 
25156, 335, 335, 336, 341, 
25186, 340, 341, 341, 329, 
25217, 339, 342, 341, 330, 
25246, 336, 336, 338, 340, 
25277, 333, 331, 334, 349, 
25307, 335, 334, 335, 345, 
25336, 338, 340, 339, 332, 
25367, 340, 342, 342, 327, 
25397, 337, 337, 339, 336, 
25427, 334, 332, 334, 348, 
25457, 334, 334, 334, 345, 
25488, 337, 338, 338, 335, 
25518, 340, 342, 341, 327, 
25548, 338, 339, 340, 334, 
25578, 334, 334, 335, 346, 
25609, 333, 332, 334, 349, 
25638, 337, 338, 337, 338, 
25668, 339, 342, 341, 328, 
25699, 338, 340, 340, 332, 
25729, 335, 334, 337, 344, 
25759, 335, 333, 334, 350, 
25789, 336, 335, 336, 341, 
25820, 339, 340, 340, 329, 
25849, 339, 341, 342, 329, 
25880, 336, 336, 338, 341, 
25910, 333, 332, 334, 350, 
25939, 335, 334, 335, 344, 
25970, 338, 339, 338, 331, 
26000, 339, 342, 340, 327, 
26031, 337, 337, 340, 337, 
26060, 334, 332, 334, 348, 
26091, 335, 333, 334, 346, 
26121, 338, 338, 338, 334, 
26151, 341, 342, 341, 326, 
26181, 338, 339, 339, 335, 
26212, 335, 333, 335, 346, 
26242, 334, 331, 334, 349, 
26271, 337, 336, 337, 338, 
26302, 341, 341, 340, 327, 
26332, 338, 340, 340, 331, 
26362, 335, 335, 337, 343, 
26392, 334, 332, 335, 350, 
26423, 336, 337, 336, 341, 
26452, 340, 341, 341, 329, 
26483, 340, 341, 340, 327, 
26513, 337, 336, 337, 339, 
26544, 334, 331, 335, 349, 
26573, 335, 334, 334, 344, 
26603, 338, 339, 339, 331, 
26634, 339, 342, 341, 326, 
26663, 337, 337, 338, 336, 
26694, 334, 332, 334, 347, 
26724, 334, 333, 335, 346, 
26755, 337, 338, 338, 336, 
26784, 340, 342, 341, 326, 
26815, 338, 339, 339, 333, 
26845, 334, 333, 335, 346, 
26875, 334, 332, 334, 348, 
26905, 335, 336, 336, 337, 
26935, 340, 342, 341, 327, 
26966, 339, 340, 340, 331, 
26995, 336, 336, 337, 343, 
27026, 333, 331, 334, 349, 
27056, 335, 335, 335, 341, 
27086, 339, 341, 340, 329, 
27116, 339, 342, 341, 329, 
27147, 336, 336, 337, 340, 
27176, 333, 331, 334, 349, 
27207, 335, 333, 335, 344, 
27237, 338, 339, 339, 331, 
27267, 340, 342, 341, 327, 
27297, 337, 338, 339, 337, 
27327, 334, 332, 335, 348, 
27358, 334, 333, 333, 346, 
27387, 337, 339, 337, 335, 
27418, 340, 342, 341, 326, 
27448, 338, 339, 339, 333, 
27479, 334, 333, 337, 345, 
27508, 333, 332, 334, 349, 
27539, 336, 336, 337, 338, 
27569, 339, 341, 340, 327, 
27598, 338, 340, 340, 330, 
27629, 335, 335, 337, 342, 
27659, 333, 331, 334, 351, 
27689, 335, 335, 335, 341, 
27719, 339, 341, 339, 329, 
27750, 339, 341, 340, 329, 
27780, 336, 336, 336, 339, 
27810, 333, 331, 334, 350, 
27840, 335, 334, 336, 344, 
27870, 338, 339, 338, 332, 
27900, 339, 342, 341, 327, 
27930, 338, 338, 340, 336, 
27961, 334, 332, 334, 348, 
27991, 334, 333, 334, 347, 
28021, 337, 338, 338, 335, 
28051, 340, 342, 341, 326, 
28082, 338, 340, 340, 333, 
28111, 335, 334, 335, 345, 
28142, 334, 332, 334, 348, 
28172, 337, 336, 337, 339, 
28201, 340, 342, 340, 327, 
28232, 339, 340, 340, 331, 
28262, 336, 336, 335, 342, 
28293, 333, 331, 334, 350, 
28322, 335, 335, 336, 341, 
28353, 340, 340, 340, 330, 
28383, 339, 341, 342, 329, 
28413, 337, 336, 338, 339, 
28443, 334, 332, 333, 349, 
28474, 335, 333, 335, 345, 
28504, 338, 339, 338, 332, 
28533, 340, 342, 342, 327, 
28564, 337, 338, 339, 336, 
28594, 334, 334, 335, 348, 
28624, 335, 334, 334, 348, 
28654, 337, 338, 337, 335, 
28685, 340, 342, 342, 326, 
28715, 339, 339, 339, 333, 
28745, 334, 335, 336, 345, 
28775, 335, 331, 334, 349, 
28806, 336, 336, 336, 338, 
28835, 339, 342, 340, 327, 
28865, 340, 340, 340, 330, 
28896, 336, 336, 335, 342, 
28925, 333, 331, 334, 349, 
28956, 336, 335, 335, 341, 
28986, 339, 340, 339, 329, 
29017, 339, 341, 341, 328, 
29046, 336, 336, 337, 339, 
29077, 331, 331, 334, 349, 
29107, 335, 334, 335, 344, 
29137, 338, 340, 338, 332, 
29167, 340, 342, 341, 326, 
29197, 338, 338, 338, 335, 
29228, 334, 332, 335, 346, 
29257, 334, 332, 334, 347, 
29288, 336, 338, 337, 335, 
29318, 339, 342, 341, 326, 
29348, 338, 340, 341, 333, 
29378, 334, 335, 335, 345, 
29409, 333, 332, 334, 349, 
29438, 336, 336, 337, 339, 
29469, 339, 341, 341, 328, 
29499, 340, 340, 340, 330, 
29529, 335, 336, 336, 342, 
29559, 334, 331, 333, 351, 
29589, 335, 334, 335, 342, 
29620, 339, 341, 339, 329, 
29649, 339, 340, 341, 327, 
29680, 336, 337, 339, 339, 
29710, 334, 332, 335, 349, 
29741, 335, 334, 334, 346, 
29770, 338, 339, 338, 332, 
29800, 341, 342, 341, 326, 
29831, 337, 338, 339, 336, 
29860, 335, 332, 335, 347, 
29891, 334, 332, 334, 348, 
29921, 338, 338, 337, 337, 
29952, 339, 342, 341, 327, 
29981, 338, 339, 340, 333, 
30012, 335, 335, 337, 345, 
30042, 334, 332, 334, 349, 
30072, 335, 337, 337, 339, 
30102, 339, 341, 340, 328, 
30132, 339, 340, 341, 329, 
30162, 336, 335, 337, 343, 
30192, 334, 332, 333, 350, 
30223, 336, 336, 334, 342, 
30253, 340, 341, 339, 329, 
30283, 339, 342, 341, 328, 
30313, 336, 336, 338, 338, 
30344, 334, 331, 334, 349, 
30373, 335, 333, 334, 344, 
30404, 339, 339, 338, 332, 
30434, 340, 342, 341, 325, 
30464, 337, 339, 339, 335, 
30494, 334, 332, 335, 347, 
30524, 334, 334, 334, 347, 
30555, 337, 338, 337, 336, 
30584, 340, 343, 341, 326, 
30615, 338, 339, 339, 332, 
30645, 335, 336, 336, 345, 
30675, 333, 332, 334, 350, 
30705, 336, 335, 336, 339, 
30736, 340, 342, 340, 328, 
30766, 338, 340, 341, 329, 
30795, 336, 335, 336, 341, 
30826, 333, 332, 334, 349, 
30856, 335, 334, 336, 343, 
30886, 339, 340, 339, 330, 
30916, 339, 342, 340, 328, 
30947, 336, 336, 338, 338, 
30977, 333, 331, 334, 349, 
31007, 335, 333, 335, 344, 
31037, 337, 339, 339, 333, 
31068, 340, 343, 340, 326, 
31097, 337, 338, 340, 334, 
31127, 334, 332, 335, 346, 
31158, 334, 333, 334, 346, 
31187, 337, 338, 337, 336, 
31218, 340, 341, 341, 326, 
31248, 338, 340, 339, 332, 
31279, 334, 335, 336, 343, 
31308, 333, 331, 334, 348, 
31339, 336, 336, 336, 338, 
31369, 339, 342, 340, 327, 
31399, 338, 340, 340, 329, 
31429, 336, 335, 337, 341, 
31459, 333, 331, 334, 349, 
31490, 335, 334, 335, 342, 
31519, 338, 340, 340, 331, 
31550, 339, 342, 341, 328, 
31580, 337, 336, 338, 338, 
31610, 333, 332, 334, 349, 
31640, 335, 334, 335, 345, 
31671, 338, 340, 338, 332, 
31700, 340, 342, 341, 326, 
31730, 337, 338, 338, 336, 
31761, 334, 332, 335, 347, 
31791, 335, 333, 333, 347, 
31821, 337, 337, 338, 336, 
31851, 341, 342, 341, 326, 
31882, 338, 340, 340, 332, 
31911, 334, 333, 336, 344, 
31942, 334, 331, 333, 349, 
31972, 336, 336, 336, 339, 
32003, 339, 341, 340, 328, 
32032, 339, 340, 340, 329, 
32062, 336, 335, 336, 341, 
32093, 334, 331, 334, 349, 
32122, 335, 334, 335, 343, 
32153, 339, 340, 340, 330, 
32183, 339, 342, 341, 328, 
32214, 336, 337, 338, 338, 
32243, 334, 331, 334, 349, 
32274, 334, 334, 334, 345, 
32304, 338, 339, 339, 333, 
32334, 339, 342, 341, 326, 
32364, 337, 338, 338, 335, 
32394, 334, 331, 335, 347, 
32424, 334, 332, 333, 347, 
32454, 337, 337, 337, 336, 
32485, 340, 342, 341, 327, 
32515, 339, 339, 339, 333, 
32545, 335, 335, 336, 345, 
32575, 335, 332, 334, 348, 
32606, 337, 336, 337, 338, 
32635, 339, 342, 340, 327, 
32666, 339, 341, 341, 330, 
32696, 336, 335, 337, 341, 
32726, 333, 332, 335, 349, 
32756, 335, 335, 335, 342, 
32786, 339, 340, 340, 333, 
32817, 339, 341, 341, 328, 
32846, 336, 337, 339, 339, 
32877, 334, 332, 334, 349, 
32907, 335, 333, 336, 344, 
32937, 340, 340, 338, 332, 
32967, 340, 342, 341, 325, 
32998, 338, 339, 339, 335, 
33028, 334, 332, 335, 348, 
33057, 334, 333, 334, 346, 
33088, 338, 338, 337, 335, 
33118, 340, 342, 340, 326, 
33148, 339, 339, 339, 333, 
33178, 335, 334, 337, 344, 
33209, 335, 332, 334, 349, 
33239, 337, 336, 337, 338, 
33269, 341, 341, 341, 327, 
33299, 341, 340, 339, 330, 
33330, 335, 335, 336, 342, 
33359, 333, 332, 334, 350, 
33389, 335, 335, 336, 342, 
33420, 339, 340, 338, 329, 
33449, 339, 341, 341, 328, 
33480, 336, 336, 338, 339, 
33510, 333, 331, 334, 349, 
33541, 335, 334, 334, 345, 
33570, 338, 339, 338, 332, 
33601, 340, 342, 340, 328, 
33631, 338, 339, 339, 337, 
33660, 334, 332, 335, 348, 
33691, 334, 332, 334, 347, 
33721, 337, 338, 338, 337, 
33752, 340, 342, 341, 327, 
33781, 338, 339, 339, 333, 
33812, 334, 334, 335, 345, 
33842, 334, 332, 334, 349, 
33872, 336, 336, 336, 338, 
33902, 340, 342, 340, 327, 
33933, 339, 341, 340, 331, 
33963, 335, 335, 336, 342, 
33992, 333, 331, 334, 350, 
34023, 335, 335, 336, 341, 
34053, 339, 341, 340, 329, 
34083, 339, 341, 341, 328, 
34113, 337, 336, 337, 339, 
34144, 334, 332, 335, 349, 
34173, 334, 334, 335, 343, 
34204, 338, 339, 338, 332, 
34234, 339, 342, 341, 326, 
34265, 337, 338, 338, 336, 
34294, 334, 332, 335, 347, 
34324, 333, 332, 334, 347, 
34355, 337, 338, 338, 335, 
34384, 341, 343, 341, 326, 
34415, 338, 339, 339, 333, 
34445, 334, 333, 336, 346, 
34476, 334, 332, 335, 347, 
34505, 336, 337, 338, 337, 
34536, 340, 342, 340, 328, 
34566, 339, 341, 340, 330, 
34596, 336, 334, 337, 342, 
34626, 333, 331, 334, 349, 
34656, 336, 335, 337, 340, 
34686, 338, 341, 340, 328, 
34716, 338, 341, 341, 328, 
34747, 336, 336, 338, 339, 
34777, 333, 331, 333, 349, 
34807, 335, 333, 335, 344, 
34837, 338, 339, 338, 331, 
34868, 339, 342, 340, 327, 
34897, 338, 337, 338, 337, 
34928, 334, 332, 334, 348, 
34958, 334, 333, 334, 346, 
34988, 338, 338, 338, 334, 
35018, 340, 342, 341, 326, 
35048, 338, 338, 340, 335, 
35079, 335, 333, 336, 347, 
35108, 334, 332, 334, 349, 
35139, 337, 336, 336, 338, 
35169, 339, 341, 341, 327, 
35200, 339, 340, 340, 331, 
35229, 335, 334, 337, 343, 
35260, 332, 331, 334, 349, 
35290, 336, 335, 335, 340, 
35319, 339, 342, 341, 329, 
35350, 338, 341, 341, 328, 
35380, 336, 336, 337, 341, 
35410, 333, 331, 334, 350, 
35440, 334, 335, 336, 343, 
35471, 338, 339, 339, 331, 
35501, 339, 343, 340, 326, 
35531, 337, 338, 338, 338, 
35561, 334, 332, 334, 348, 
35591, 334, 332, 334, 345, 
35621, 338, 339, 338, 334, 
35651, 341, 342, 341, 326, 
35682, 338, 338, 340, 334, 
35712, 334, 333, 336, 346, 
35742, 334, 332, 334, 348, 
35772, 337, 336, 337, 337, 
35803, 340, 341, 340, 327, 
35832, 339, 340, 340, 331, 
35863, 335, 334, 336, 344, 
35893, 334, 331, 334, 350, 
35922, 335, 335, 336, 340, 
35953, 339, 342, 340, 328, 
35983, 339, 341, 341, 329, 
36014, 336, 335, 337, 340, 
36043, 333, 330, 335, 349, 
36074, 335, 334, 336, 342, 
36104, 338, 340, 339, 330, 
36134, 340, 341, 342, 326, 
36164, 336, 337, 339, 337, 
36195, 333, 332, 335, 348, 
36225, 334, 333, 334, 345, 
36254, 337, 339, 338, 333, 
36285, 340, 342, 341, 326, 
36315, 337, 338, 339, 335, 
36345, 334, 333, 335, 347, 
36375, 334, 332, 334, 347, 
36406, 338, 337, 337, 336, 
36435, 339, 343, 342, 326, 
36466, 338, 340, 340, 332, 
36496, 336, 334, 336, 344, 
36527, 334, 332, 334, 350, 
36556, 336, 336, 336, 339, 
36586, 340, 341, 340, 328, 
36617, 340, 341, 340, 330, 
36646, 336, 335, 337, 341, 
36677, 335, 331, 335, 352, 
36707, 335, 334, 336, 342, 
36738, 339, 340, 339, 330, 
36767, 340, 342, 340, 328, 
36798, 338, 337, 338, 339, 
36828, 334, 332, 334, 350, 
36858, 335, 333, 335, 344, 
36888, 339, 340, 338, 333, 
36918, 340, 342, 341, 326, 
36948, 339, 339, 337, 336, 
36978, 333, 332, 335, 348, 
37009, 334, 332, 334, 347, 
37039, 337, 338, 338, 336, 
37069, 340, 342, 341, 327, 
37099, 338, 340, 340, 332, 
37130, 335, 334, 336, 346, 
37159, 334, 332, 332, 349, 
37190, 336, 337, 336, 339, 
37220, 339, 343, 340, 327, 
37250, 340, 341, 342, 330, 
37280, 335, 335, 337, 343, 
37310, 333, 330, 335, 350, 
37341, 335, 335, 335, 341, 
37370, 339, 341, 339, 329, 
37401, 339, 341, 341, 328, 
37431, 336, 337, 339, 340, 
37462, 334, 331, 335, 349, 
37491, 334, 333, 334, 345, 
37521, 338, 340, 340, 331, 
37552, 339, 342, 342, 326, 
37581, 337, 338, 340, 337, 
37612, 334, 332, 336, 348, 
37642, 334, 333, 334, 346, 
37672, 337, 339, 338, 334, 
37702, 340, 342, 341, 326, 
37733, 338, 339, 339, 334, 
37763, 335, 333, 335, 346, 
37793, 334, 332, 333, 348, 
37823, 336, 337, 338, 337, 
37853, 340, 341, 340, 326, 
37883, 339, 340, 340, 330, 
37913, 335, 334, 336, 343, 
37944, 334, 331, 334, 349, 
37974, 336, 336, 336, 340, 
38004, 339, 340, 340, 328, 
38034, 340, 341, 340, 329, 
38065, 335, 336, 337, 340, 
38094, 333, 331, 334, 349, 
38125, 335, 334, 335, 343, 
38155, 340, 340, 339, 331, 
38184, 340, 342, 341, 328, 
38215, 337, 337, 338, 337, 
38245, 334, 330, 334, 349, 
38276, 336, 333, 335, 346, 
38305, 338, 338, 338, 333, 
38336, 340, 341, 342, 326, 
38366, 337, 338, 340, 334, 
38396, 334, 332, 335, 347, 
38426, 335, 332, 335, 347, 
38457, 337, 337, 337, 336, 
38487, 340, 341, 342, 326, 
38516, 339, 340, 340, 332, 
38547, 335, 334, 337, 344, 
38577, 334, 331, 334, 349, 
38607, 337, 335, 336, 339, 
38637, 339, 341, 340, 327, 
38668, 339, 341, 341, 329, 
38697, 336, 335, 337, 341, 
38728, 333, 331, 334, 349, 
38758, 336, 334, 335, 342, 
38789, 339, 340, 339, 330, 
38818, 339, 341, 340, 328, 
38848, 336, 336, 338, 338, 
38879, 333, 331, 334, 350, 
38908, 334, 333, 335, 346, 
38939, 338, 339, 338, 332, 
38969, 339, 342, 342, 326, 
39000, 337, 338, 339, 336, 
39029, 334, 332, 335, 347, 
39060, 334, 332, 334, 347, 
39090, 337, 337, 338, 336, 
39120, 340, 342, 341, 327, 
39150, 338, 339, 341, 334, 
39180, 335, 334, 336, 345, 
39211, 335, 332, 335, 350, 
39240, 336, 336, 337, 339, 
39271, 341, 341, 341, 327, 
39301, 339, 340, 340, 331, 
39331, 334, 335, 338, 343, 
39361, 333, 331, 335, 350, 
39392, 336, 335, 335, 342, 
39421, 340, 342, 339, 330, 
39451, 339, 341, 341, 329, 
39482, 337, 337, 337, 340, 
39512, 334, 332, 335, 350, 
39542, 335, 334, 335, 344, 
39572, 338, 340, 339, 332, 
39603, 339, 342, 342, 327, 
39632, 337, 338, 339, 337, 
39663, 334, 333, 334, 348, 
39693, 335, 333, 334, 346, 
39724, 337, 338, 338, 335, 
39753, 341, 342, 341, 327, 
39783, 338, 339, 340, 334, 
39814, 334, 334, 335, 346, 
39843, 334, 332, 334, 349, 
39874, 337, 336, 338, 338, 
39904, 340, 342, 342, 327, 
39934, 339, 340, 341, 331, 
39964, 335, 334, 336, 344, 
39995, 334, 331, 334, 349, 
40025, 336, 335, 335, 342, 
40055, 340, 341, 340, 330, 
40085, 339, 341, 342, 330, 
40115, 335, 335, 337, 341, 
40145, 333, 331, 334, 350, 
40175, 334, 335, 335, 344, 
40206, 339, 339, 339, 331, 
40236, 340, 342, 341, 327, 
40266, 338, 337, 338, 337, 
40296, 334, 332, 335, 348, 
40327, 334, 333, 335, 345, 
40356, 338, 339, 338, 334, 
40387, 339, 342, 341, 327, 
40417, 338, 338, 339, 335, 
40446, 334, 332, 335, 347, 
40477, 334, 332, 334, 348, 
40507, 338, 338, 338, 338, 
40538, 340, 342, 341, 326, 
40567, 339, 340, 340, 332, 
40598, 335, 333, 337, 346, 
40628, 334, 331, 333, 349, 
40658, 336, 337, 336, 339, 
40688, 339, 341, 340, 328, 
40719, 340, 341, 341, 330, 
40749, 335, 335, 337, 343, 
40778, 333, 331, 333, 350, 
40809, 335, 334, 335, 343, 
40839, 339, 341, 339, 330, 
40869, 340, 341, 341, 327, 
40899, 337, 336, 338, 338, 
40930, 334, 332, 334, 349, 
40960, 336, 333, 335, 346, 
40990, 338, 338, 339, 334, 
41020, 339, 342, 341, 327, 
41051, 337, 338, 339, 334, 
41080, 333, 332, 335, 347, 
41110, 333, 332, 334, 347, 
41141, 337, 337, 338, 336, 
41170, 339, 342, 341, 326, 
41201, 338, 339, 339, 333, 
41231, 335, 333, 336, 345, 
41262, 334, 331, 334, 349, 
41291, 336, 336, 336, 338, 
41322, 340, 342, 341, 327, 
41352, 339, 340, 340, 331, 
41381, 336, 334, 337, 342, 
41412, 335, 331, 334, 349, 
41442, 335, 334, 335, 342, 
41473, 339, 340, 339, 328, 
41502, 339, 341, 341, 327, 
41533, 336, 336, 338, 338, 
41563, 333, 331, 335, 349, 
41593, 335, 334, 334, 344, 
41623, 338, 339, 338, 333, 
41654, 340, 341, 341, 327, 
41683, 338, 337, 338, 336, 
41713, 332, 332, 335, 347, 
41744, 335, 332, 335, 347, 
41774, 338, 339, 337, 335, 
41804, 339, 342, 341, 326, 
41834, 339, 339, 340, 333, 
41865, 334, 333, 336, 344, 
41894, 335, 332, 335, 348, 
41925, 337, 337, 336, 338, 
41955, 340, 341, 341, 328, 
41986, 339, 340, 340, 331, 
42015, 336, 335, 335, 343, 
42045, 333, 332, 333, 350, 
42076, 336, 335, 336, 341, 
42105, 339, 341, 340, 329, 
42136, 340, 341, 342, 329, 
42166, 337, 336, 338, 340, 
42196, 334, 331, 334, 350, 
42226, 336, 334, 336, 344, 
42257, 339, 339, 339, 331, 
42287, 339, 341, 341, 327, 
42317, 338, 339, 340, 338, 
42347, 333, 332, 335, 348, 
42377, 334, 333, 334, 346, 
42407, 337, 338, 339, 335, 
42437, 339, 342, 342, 326, 
42468, 338, 339, 340, 334, 
42498, 335, 334, 336, 347, 
42528, 334, 332, 334, 348, 
42558, 337, 337, 337, 337, 
42589, 340, 342, 341, 327, 
42618, 340, 340, 341, 331, 
42649, 335, 334, 336, 344, 
42679, 334, 331, 333, 349, 
42708, 335, 335, 336, 340, 
42739, 340, 341, 340, 328, 
42769, 340, 341, 341, 329, 
42800, 336, 336, 337, 341, 
42829, 333, 331, 335, 349, 
42860, 335, 334, 335, 343, 
42890, 338, 340, 339, 330, 
42920, 340, 341, 342, 327, 
42950, 337, 338, 339, 338, 
42981, 334, 331, 334, 348, 
43011, 335, 333, 334, 345, 
43040, 338, 340, 338, 333, 
43071, 341, 342, 341, 325, 
43101, 338, 339, 339, 335, 
43131, 334, 332, 335, 348, 
43161, 334, 332, 334, 347, 
43192, 337, 338, 337, 336, 
43222, 340, 342, 342, 327, 
43252, 339, 340, 340, 333, 
43282, 335, 334, 336, 345, 
43312, 334, 332, 334, 349, 
43342, 336, 336, 337, 339, 
43372, 339, 342, 340, 327, 
43403, 340, 341, 340, 329, 
43432, 336, 335, 336, 342, 
43463, 333, 331, 334, 349, 
43493, 335, 335, 335, 341, 
43524, 339, 340, 339, 330, 
43553, 339, 341, 341, 328, 
43584, 337, 336, 337, 338, 
43614, 333, 332, 334, 349, 
43643, 335, 333, 334, 345, 
43674, 338, 339, 338, 332, 
43704, 340, 342, 340, 326, 
43735, 337, 338, 339, 336, 
43764, 335, 332, 336, 348, 
43795, 335, 333, 334, 347, 
43825, 337, 337, 337, 335, 
43855, 340, 342, 341, 326, 
43885, 338, 339, 339, 333, 
43916, 334, 333, 336, 345, 
43945, 334, 332, 334, 348, 
43975, 337, 336, 336, 338, 
44006, 340, 341, 340, 327, 
44036, 339, 340, 340, 330, 
44066, 335, 334, 336, 342, 
44096, 333, 331, 333, 349, 
44127, 336, 335, 336, 341, 
44156, 339, 340, 340, 329, 
44187, 339, 341, 340, 327, 
44217, 337, 336, 338, 340, 
44248, 334, 332, 334, 349, 
44277, 335, 335, 335, 343, 
44307, 339, 340, 339, 332, 
44338, 340, 342, 341, 327, 
44367, 337, 338, 339, 338, 
44398, 334, 332, 335, 349, 
44428, 334, 333, 334, 347, 
44459, 338, 338, 338, 334, 
44488, 341, 343, 341, 326, 
44519, 338, 338, 338, 335, 
44549, 332, 333, 335, 346, 
44579, 333, 332, 333, 348, 
44609, 337, 337, 337, 337, 
44639, 340, 342, 341, 326, 
44669, 338, 340, 341, 331, 
44699, 335, 334, 335, 343, 
44730, 333, 331, 334, 349, 
44760, 337, 336, 336, 339, 
44790, 339, 341, 340, 330, 
44820, 340, 341, 341, 328, 
44851, 337, 335, 337, 340, 
44880, 333, 331, 334, 349, 
44911, 334, 334, 335, 342, 
44941, 339, 340, 339, 330, 
44971, 340, 341, 341, 328, 
45001, 337, 338, 338, 337, 
45031, 333, 332, 334, 348, 
45062, 334, 333, 335, 345, 
45091, 338, 339, 338, 334, 
45122, 340, 342, 341, 328, 
45152, 338, 337, 339, 335, 
45182, 334, 333, 335, 347, 
45212, 336, 333, 334, 347, 
45242, 337, 338, 337, 335, 
45273, 339, 342, 341, 326, 
45302, 338, 340, 340, 332, 
45333, 335, 333, 336, 344, 
45363, 334, 332, 334, 349, 
45393, 336, 336, 336, 339, 
