,0, 334, 333, 335, 342, 
1, 336, 335, 337, 336, 
2, 338, 338, 338, 331, 
11, 334, 334, 335, 343, 
37, 339, 342, 340, 326, 
65, 334, 332, 335, 347, 
92, 337, 337, 338, 335, 
119, 338, 339, 339, 332, 
147, 333, 331, 335, 350, 
175, 337, 337, 337, 336, 
203, 339, 341, 340, 329, 
231, 335, 333, 335, 348, 
260, 336, 336, 336, 339, 
287, 339, 342, 340, 328, 
316, 334, 334, 335, 346, 
344, 335, 334, 336, 343, 
371, 339, 342, 340, 327, 
400, 335, 335, 336, 343, 
428, 334, 333, 335, 345, 
456, 340, 341, 340, 327, 
484, 336, 337, 337, 339, 
512, 334, 332, 334, 347, 
540, 339, 341, 339, 329, 
568, 336, 338, 338, 335, 
596, 333, 331, 334, 348, 
624, 338, 339, 338, 332, 
653, 338, 339, 338, 332, 
680, 333, 331, 334, 350, 
708, 337, 339, 337, 336, 
737, 340, 340, 340, 330, 
764, 333, 332, 334, 348, 
793, 336, 336, 337, 339, 
821, 339, 341, 341, 327, 
849, 334, 334, 335, 346, 
877, 336, 335, 336, 342, 
905, 340, 343, 340, 326, 
933, 335, 335, 336, 343, 
961, 334, 334, 335, 345, 
990, 339, 342, 341, 327, 
1017, 336, 336, 337, 340, 
1046, 333, 332, 335, 349, 
1076, 337, 338, 337, 337, 
1104, 339, 342, 340, 327, 
1134, 336, 335, 337, 342, 
1163, 333, 331, 334, 349, 
1192, 337, 338, 337, 337, 
1221, 339, 341, 341, 327, 
1251, 335, 335, 336, 342, 
1280, 333, 332, 334, 349, 
1308, 339, 338, 338, 334, 
1338, 340, 342, 341, 328, 
1367, 336, 335, 336, 342, 
1396, 334, 332, 334, 348, 
1425, 337, 339, 338, 333, 
1455, 339, 342, 342, 328, 
1483, 335, 335, 335, 344, 
1512, 334, 332, 335, 347, 
1542, 338, 339, 338, 333, 
1570, 339, 342, 340, 327, 
1600, 334, 333, 337, 343, 
1629, 334, 331, 334, 346, 
1658, 338, 339, 339, 331, 
1687, 339, 341, 340, 329, 
1717, 335, 334, 335, 345, 
1745, 334, 333, 335, 346, 
1774, 338, 340, 340, 330, 
1804, 339, 340, 340, 330, 
1832, 334, 333, 335, 346, 
1862, 334, 333, 335, 346, 
1891, 339, 340, 340, 329, 
1921, 338, 341, 340, 332, 
1949, 334, 333, 335, 348, 
1978, 335, 333, 335, 344, 
2008, 340, 341, 338, 329, 
2036, 338, 338, 339, 332, 
2066, 334, 332, 334, 348, 
2095, 335, 335, 335, 345, 
2124, 339, 341, 340, 328, 
2153, 339, 339, 339, 333, 
2183, 334, 332, 334, 348, 
2211, 334, 335, 335, 343, 
2240, 339, 341, 340, 327, 
2270, 339, 338, 338, 334, 
2298, 333, 333, 334, 349, 
2328, 336, 335, 336, 342, 
2357, 339, 341, 340, 327, 
2386, 337, 338, 339, 336, 
2415, 334, 331, 334, 349, 
2444, 336, 335, 336, 341, 
2473, 339, 342, 340, 327, 
2502, 337, 338, 338, 336, 
2532, 334, 331, 334, 350, 
2561, 336, 335, 336, 340, 
2590, 339, 343, 340, 327, 
2619, 337, 337, 339, 338, 
2649, 333, 331, 334, 350, 
2677, 336, 336, 336, 339, 
2706, 340, 342, 340, 327, 
2736, 337, 337, 337, 338, 
2764, 333, 331, 335, 350, 
2794, 336, 336, 337, 337, 
2823, 339, 342, 340, 326, 
2852, 335, 337, 338, 338, 
2881, 333, 331, 334, 349, 
2910, 336, 336, 337, 336, 
2939, 339, 342, 339, 326, 
2968, 336, 336, 336, 339, 
2998, 333, 331, 335, 350, 
3026, 338, 337, 337, 335, 
3056, 339, 341, 340, 326, 
3085, 336, 335, 336, 340, 
3115, 333, 332, 334, 347, 
3143, 338, 338, 338, 334, 
3172, 339, 341, 341, 327, 
3202, 336, 336, 337, 341, 
3230, 335, 333, 334, 348, 
3260, 337, 338, 338, 333, 
3289, 339, 341, 340, 327, 
3318, 335, 335, 336, 342, 
3347, 334, 333, 335, 347, 
3376, 338, 339, 338, 333, 
3405, 339, 342, 340, 328, 
3434, 335, 334, 336, 343, 
3464, 334, 332, 334, 346, 
3492, 339, 340, 339, 331, 
3522, 339, 340, 339, 329, 
3551, 334, 334, 335, 345, 
3580, 333, 332, 334, 347, 
3609, 337, 340, 339, 331, 
3638, 338, 340, 340, 329, 
3667, 335, 333, 335, 346, 
3696, 335, 333, 335, 345, 
3726, 339, 340, 339, 330, 
3755, 339, 340, 339, 331, 
3784, 335, 333, 335, 346, 
3813, 335, 332, 335, 345, 
3842, 339, 340, 341, 329, 
3871, 338, 340, 340, 332, 
3900, 334, 332, 334, 347, 
3930, 335, 332, 335, 345, 
3958, 339, 342, 339, 330, 
3988, 338, 340, 339, 333, 
4017, 333, 332, 334, 349, 
4046, 335, 335, 335, 343, 
4075, 339, 341, 339, 329, 
4104, 337, 340, 339, 334, 
4133, 334, 332, 335, 349, 
4162, 336, 335, 336, 342, 
4192, 339, 342, 340, 328, 
4220, 337, 339, 339, 335, 
4250, 334, 331, 334, 349, 
4279, 335, 335, 336, 341, 
4307, 340, 342, 340, 327, 
4337, 337, 338, 338, 335, 
4366, 334, 331, 334, 349, 
4396, 336, 335, 336, 340, 
4424, 339, 341, 340, 326, 
4454, 336, 337, 338, 336, 
4483, 334, 329, 334, 349, 
4512, 336, 335, 336, 338, 
4541, 339, 342, 340, 325, 
4570, 336, 337, 338, 336, 
4599, 334, 331, 335, 348, 
4628, 337, 336, 337, 337, 
4658, 339, 341, 340, 325, 
4686, 337, 337, 337, 337, 
4716, 334, 332, 334, 349, 
4745, 336, 336, 337, 336, 
4773, 339, 342, 341, 326, 
4803, 336, 336, 337, 338, 
4832, 334, 331, 334, 348, 
4861, 336, 336, 337, 335, 
4890, 340, 341, 341, 326, 
4920, 336, 336, 336, 340, 
4948, 333, 331, 334, 349, 
4978, 337, 337, 337, 335, 
5007, 339, 341, 339, 326, 
5036, 336, 335, 336, 341, 
5065, 333, 332, 334, 348, 
5094, 337, 338, 339, 334, 
5124, 340, 342, 340, 329, 
5152, 335, 335, 336, 343, 
5182, 334, 332, 334, 348, 
5211, 338, 339, 338, 333, 
5239, 339, 341, 340, 328, 
5269, 336, 335, 336, 343, 
5298, 335, 333, 334, 347, 
5327, 338, 339, 338, 331, 
5356, 340, 341, 340, 328, 
5386, 334, 334, 335, 344, 
5414, 334, 334, 334, 346, 
5444, 338, 339, 339, 330, 
5473, 339, 341, 340, 329, 
5501, 334, 333, 336, 345, 
5531, 334, 333, 334, 346, 
5560, 338, 339, 339, 330, 
5590, 338, 340, 339, 330, 
5618, 334, 333, 335, 346, 
5648, 334, 333, 335, 345, 
5677, 338, 340, 339, 329, 
5705, 338, 340, 340, 331, 
5735, 335, 333, 335, 347, 
5764, 335, 333, 335, 344, 
5793, 339, 342, 339, 328, 
5822, 338, 340, 339, 332, 
5852, 333, 332, 335, 346, 
5880, 335, 334, 335, 343, 
5910, 339, 341, 341, 328, 
5939, 337, 339, 339, 333, 
5967, 333, 332, 334, 348, 
5997, 335, 334, 335, 342, 
6026, 339, 341, 341, 328, 
6055, 337, 338, 339, 334, 
6084, 334, 331, 334, 349, 
6114, 336, 334, 336, 341, 
6142, 339, 340, 339, 327, 
6171, 338, 338, 338, 335, 
6201, 333, 331, 334, 349, 
6230, 335, 335, 336, 340, 
6259, 340, 342, 340, 327, 
6288, 337, 338, 338, 335, 
6318, 333, 331, 334, 349, 
6346, 336, 336, 336, 339, 
6376, 339, 342, 341, 326, 
6405, 336, 337, 338, 336, 
6433, 335, 332, 334, 348, 
6463, 336, 336, 336, 338, 
6492, 339, 342, 340, 325, 
6521, 337, 337, 337, 337, 
6550, 333, 332, 335, 350, 
6580, 336, 336, 335, 336, 
6608, 339, 342, 340, 325, 
6637, 336, 336, 337, 338, 
6667, 334, 332, 334, 348, 
6695, 337, 337, 337, 335, 
6725, 339, 342, 340, 326, 
6754, 336, 336, 336, 340, 
6784, 334, 332, 334, 348, 
6812, 337, 337, 337, 334, 
6842, 339, 342, 341, 325, 
6871, 336, 335, 336, 340, 
6899, 333, 331, 334, 348, 
6929, 337, 338, 337, 334, 
6958, 340, 342, 340, 326, 
6987, 335, 335, 336, 341, 
7016, 334, 332, 334, 347, 
7046, 338, 338, 338, 332, 
7074, 340, 341, 341, 326, 
7103, 335, 334, 336, 342, 
7133, 333, 332, 334, 347, 
7161, 338, 339, 339, 332, 
7191, 339, 341, 340, 328, 
7220, 335, 334, 336, 343, 
7249, 335, 332, 334, 345, 
7278, 338, 339, 339, 332, 
7308, 338, 341, 340, 328, 
7336, 335, 334, 336, 344, 
7365, 334, 332, 335, 346, 
7395, 338, 340, 339, 329, 
7424, 338, 339, 340, 329, 
7453, 334, 333, 335, 344, 
7482, 334, 333, 335, 345, 
7512, 339, 341, 338, 329, 
7540, 338, 340, 339, 330, 
7569, 334, 333, 335, 346, 
7599, 335, 333, 334, 344, 
7627, 338, 340, 340, 328, 
7657, 338, 339, 339, 331, 
7686, 333, 332, 335, 347, 
7715, 335, 334, 335, 344, 
7744, 340, 343, 339, 327, 
7774, 337, 339, 339, 332, 
7802, 333, 332, 334, 348, 
7831, 334, 334, 335, 343, 
7861, 338, 340, 339, 328, 
7889, 337, 339, 339, 333, 
7919, 333, 332, 335, 347, 
7948, 334, 334, 335, 342, 
7977, 340, 341, 340, 327, 
8006, 338, 339, 337, 334, 
8035, 333, 331, 334, 349, 
8065, 335, 335, 336, 342, 
8093, 339, 342, 341, 327, 
8123, 339, 339, 338, 334, 
8152, 333, 331, 333, 350, 
8181, 336, 336, 336, 340, 
8210, 339, 342, 340, 325, 
8240, 337, 338, 338, 336, 
8268, 333, 332, 334, 349, 
8297, 336, 336, 336, 340, 
8327, 339, 342, 340, 326, 
8355, 337, 337, 337, 336, 
8385, 335, 332, 334, 349, 
8414, 336, 336, 336, 339, 
8443, 340, 342, 341, 326, 
8472, 337, 337, 338, 337, 
8501, 333, 331, 335, 349, 
8530, 337, 336, 337, 337, 
8559, 340, 343, 341, 325, 
8589, 336, 336, 337, 338, 
8617, 333, 331, 334, 349, 
8647, 336, 337, 337, 336, 
8676, 339, 341, 340, 326, 
8706, 336, 336, 338, 339, 
8734, 334, 331, 334, 349, 
8763, 338, 336, 337, 334, 
8793, 340, 341, 341, 326, 
8821, 336, 336, 337, 340, 
8851, 333, 331, 334, 349, 
8880, 338, 338, 337, 334, 
8909, 339, 341, 340, 326, 
8938, 335, 335, 336, 340, 
8967, 333, 331, 334, 348, 
8996, 337, 338, 338, 332, 
9025, 339, 341, 341, 326, 
9055, 335, 334, 336, 341, 
9083, 333, 331, 334, 348, 
9113, 337, 339, 338, 332, 
9142, 339, 341, 341, 327, 
9171, 335, 334, 336, 342, 
9200, 334, 332, 334, 345, 
9229, 338, 339, 338, 331, 
9259, 339, 341, 339, 327, 
9287, 334, 334, 335, 343, 
9317, 334, 332, 335, 346, 
9346, 340, 339, 339, 329, 
9375, 338, 340, 340, 328, 
9404, 334, 333, 335, 344, 
9433, 335, 333, 334, 345, 
9462, 338, 339, 338, 329, 
9491, 338, 341, 339, 329, 
9521, 334, 332, 335, 345, 
9549, 334, 333, 335, 345, 
9579, 340, 340, 340, 329, 
9608, 338, 340, 340, 331, 
9637, 334, 333, 335, 346, 
9666, 334, 333, 336, 343, 
9695, 339, 340, 339, 329, 
9724, 337, 339, 339, 331, 
9753, 333, 333, 335, 347, 
9783, 334, 333, 336, 343, 
9811, 339, 340, 339, 328, 
9841, 338, 339, 340, 333, 
9870, 333, 331, 334, 347, 
9899, 334, 333, 335, 343, 
9928, 339, 341, 339, 327, 
9957, 338, 339, 338, 333, 
9987, 333, 331, 334, 348, 
10015, 335, 335, 336, 342, 
10046, 338, 340, 339, 331, 
10076, 338, 341, 339, 328, 
10106, 335, 337, 337, 339, 
10136, 333, 332, 335, 349, 
10167, 334, 333, 334, 345, 
10196, 338, 339, 339, 332, 
10226, 339, 341, 340, 327, 
10257, 337, 338, 338, 336, 
10287, 332, 332, 335, 347, 
10317, 334, 332, 334, 346, 
10347, 337, 337, 338, 335, 
10378, 338, 340, 341, 326, 
10407, 337, 339, 339, 332, 
10438, 334, 333, 336, 345, 
10468, 334, 331, 334, 347, 
10498, 336, 336, 336, 337, 
10528, 339, 341, 340, 327, 
10558, 339, 338, 339, 329, 
10589, 335, 334, 336, 341, 
10618, 333, 331, 335, 349, 
10649, 335, 334, 335, 342, 
10679, 339, 340, 340, 329, 
10710, 339, 341, 341, 328, 
10739, 337, 336, 338, 339, 
10770, 333, 331, 334, 349, 
10800, 335, 333, 336, 345, 
10829, 338, 339, 338, 332, 
10860, 339, 341, 341, 327, 
10890, 336, 337, 339, 338, 
10920, 332, 332, 335, 347, 
10950, 335, 332, 334, 346, 
10981, 337, 337, 338, 335, 
11011, 341, 342, 340, 326, 
11041, 338, 339, 339, 334, 
11071, 334, 333, 335, 346, 
11102, 334, 332, 334, 348, 
11131, 336, 337, 336, 337, 
11161, 341, 341, 340, 327, 
11192, 339, 339, 340, 331, 
11222, 335, 335, 336, 343, 
11252, 333, 331, 334, 349, 
11282, 336, 336, 336, 340, 
11313, 339, 340, 339, 329, 
11342, 340, 341, 341, 329, 
11373, 335, 336, 336, 340, 
11403, 333, 331, 333, 349, 
11433, 334, 335, 335, 343, 
11463, 338, 339, 339, 330, 
11493, 339, 341, 340, 326, 
11524, 335, 336, 338, 336, 
11553, 333, 332, 334, 347, 
11584, 334, 333, 335, 345, 
11614, 337, 337, 338, 332, 
11644, 339, 342, 341, 325, 
11674, 337, 339, 339, 333, 
11705, 334, 332, 336, 345, 
11735, 334, 332, 334, 347, 
11765, 336, 336, 337, 335, 
11795, 339, 341, 340, 325, 
11825, 338, 339, 340, 330, 
11855, 334, 334, 337, 342, 
11885, 334, 331, 334, 348, 
11916, 336, 335, 336, 339, 
11945, 339, 341, 342, 327, 
11976, 339, 340, 341, 328, 
12006, 336, 336, 338, 340, 
12037, 333, 331, 335, 348, 
12066, 335, 334, 336, 342, 
12097, 338, 339, 339, 329, 
12127, 339, 342, 340, 327, 
12156, 336, 336, 337, 337, 
12187, 333, 332, 334, 347, 
12217, 334, 333, 335, 344, 
12248, 337, 338, 338, 332, 
12277, 339, 341, 340, 325, 
12308, 336, 338, 338, 334, 
12338, 333, 332, 335, 346, 
12368, 333, 332, 334, 347, 
12398, 337, 337, 338, 335, 
12428, 339, 341, 340, 326, 
12459, 338, 338, 339, 331, 
12488, 333, 334, 335, 343, 
12519, 333, 331, 334, 348, 
12549, 337, 335, 336, 338, 
12579, 339, 342, 341, 327, 
12609, 338, 340, 340, 329, 
12640, 335, 335, 336, 342, 
12669, 333, 331, 335, 348, 
12700, 334, 334, 335, 341, 
12730, 339, 339, 339, 329, 
12760, 340, 341, 340, 327, 
12790, 336, 336, 338, 338, 
12820, 333, 331, 334, 348, 
12851, 334, 334, 335, 343, 
12880, 338, 339, 339, 332, 
12911, 340, 343, 340, 325, 
12941, 337, 338, 338, 335, 
12972, 333, 332, 335, 347, 
13001, 334, 332, 334, 347, 
13032, 337, 337, 337, 335, 
13062, 339, 342, 340, 326, 
13091, 338, 340, 339, 332, 
13122, 334, 333, 335, 345, 
13152, 335, 331, 334, 349, 
13182, 336, 335, 336, 339, 
13212, 339, 340, 341, 327, 
13243, 338, 340, 339, 331, 
13273, 335, 335, 336, 342, 
13303, 333, 331, 334, 349, 
13333, 335, 334, 336, 341, 
13364, 338, 340, 340, 330, 
13393, 340, 340, 341, 328, 
13423, 336, 337, 337, 339, 
13454, 335, 331, 334, 348, 
13484, 334, 333, 335, 345, 
13514, 338, 338, 338, 332, 
13544, 340, 341, 340, 325, 
13575, 337, 337, 338, 335, 
13604, 333, 332, 335, 346, 
13635, 335, 333, 334, 345, 
13665, 336, 337, 337, 333, 
13696, 339, 341, 340, 325, 
13725, 338, 338, 338, 332, 
13755, 334, 333, 335, 345, 
13786, 333, 332, 334, 348, 
13815, 336, 336, 336, 337, 
13846, 340, 341, 340, 326, 
13876, 339, 340, 339, 330, 
13906, 336, 334, 336, 342, 
13936, 333, 331, 333, 349, 
13967, 335, 334, 336, 343, 
13997, 339, 340, 339, 329, 
14027, 338, 340, 339, 330, 
14057, 336, 336, 337, 340, 
14087, 333, 331, 334, 349, 
14117, 336, 334, 336, 343, 
14147, 338, 340, 338, 330, 
14178, 341, 343, 341, 325, 
14208, 337, 338, 337, 335, 
14238, 334, 332, 334, 346, 
14268, 334, 332, 335, 344, 
14299, 337, 337, 338, 333, 
14328, 339, 341, 340, 325, 
14358, 338, 339, 338, 332, 
14389, 334, 332, 336, 344, 
14418, 334, 331, 334, 346, 
14449, 336, 336, 336, 336, 
14479, 339, 341, 340, 326, 
14510, 338, 339, 339, 331, 
14539, 335, 334, 336, 342, 
14570, 334, 330, 334, 349, 
14600, 335, 334, 336, 340, 
14630, 339, 340, 339, 327, 
14660, 339, 341, 340, 328, 
14690, 336, 336, 337, 340, 
14721, 333, 332, 334, 348, 
14750, 335, 334, 336, 343, 
14781, 338, 339, 339, 330, 
14811, 339, 342, 340, 326, 
14841, 337, 337, 337, 336, 
14871, 333, 332, 334, 347, 
14902, 334, 333, 336, 344, 
14931, 337, 338, 339, 333, 
14962, 341, 342, 340, 326, 
14992, 337, 338, 339, 334, 
15022, 334, 332, 335, 346, 
15052, 334, 332, 334, 348, 
15082, 337, 337, 337, 336, 
15113, 340, 341, 340, 326, 
15142, 338, 339, 339, 331, 
15173, 335, 334, 335, 343, 
15203, 333, 331, 334, 348, 
15234, 335, 335, 335, 339, 
15263, 339, 344, 339, 326, 
15294, 338, 340, 339, 328, 
15324, 335, 335, 337, 340, 
15353, 333, 331, 334, 348, 
15384, 334, 333, 335, 342, 
15414, 338, 339, 339, 329, 
15444, 338, 341, 340, 326, 
15474, 336, 336, 337, 338, 
15505, 333, 331, 334, 348, 
15535, 334, 332, 334, 345, 
15565, 337, 339, 338, 333, 
15595, 339, 339, 340, 326, 
15626, 337, 338, 338, 335, 
15655, 333, 332, 334, 347, 
15685, 334, 332, 334, 347, 
15716, 336, 337, 337, 337, 
15746, 339, 341, 340, 327, 
15776, 337, 339, 339, 332, 
15806, 334, 334, 336, 344, 
15837, 334, 332, 334, 349, 
15866, 337, 335, 336, 339, 
15897, 339, 341, 340, 328, 
15927, 338, 340, 340, 329, 
15958, 335, 335, 337, 341, 
15987, 332, 331, 334, 349, 
16017, 335, 335, 335, 342, 
16048, 339, 339, 339, 329, 
16077, 338, 341, 340, 328, 
16108, 336, 336, 338, 337, 
16138, 333, 333, 334, 349, 
16168, 334, 333, 335, 344, 
16198, 337, 338, 338, 332, 
16229, 339, 341, 340, 325, 
16259, 337, 337, 338, 334, 
16288, 334, 332, 334, 346, 
16319, 333, 332, 334, 346, 
16349, 337, 337, 337, 334, 
16379, 339, 341, 340, 325, 
16409, 338, 339, 339, 332, 
16440, 334, 333, 336, 344, 
16470, 333, 331, 334, 347, 
16500, 336, 336, 338, 337, 
16530, 339, 341, 339, 325, 
16561, 338, 340, 339, 329, 
16590, 334, 335, 336, 341, 
16620, 333, 330, 333, 349, 
16651, 335, 335, 335, 341, 
16680, 338, 340, 339, 329, 
16711, 339, 341, 341, 327, 
16741, 336, 336, 337, 338, 
16772, 333, 331, 334, 349, 
16801, 334, 333, 334, 344, 
16832, 339, 339, 338, 332, 
16862, 339, 341, 340, 326, 
16892, 337, 338, 338, 335, 
16922, 334, 333, 335, 347, 
16952, 333, 332, 334, 346, 
16983, 338, 337, 337, 334, 
17012, 339, 341, 340, 325, 
17043, 337, 338, 338, 333, 
17073, 335, 333, 335, 345, 
17103, 333, 331, 333, 349, 
17133, 336, 335, 336, 339, 
17164, 339, 342, 340, 328, 
17193, 338, 340, 339, 331, 
17224, 334, 334, 335, 344, 
17254, 334, 331, 333, 350, 
17284, 335, 335, 335, 342, 
17314, 338, 340, 339, 330, 
17344, 338, 341, 340, 329, 
17375, 336, 335, 338, 339, 
17404, 333, 331, 334, 349, 
17435, 334, 332, 334, 344, 
17465, 337, 339, 338, 332, 
17496, 339, 342, 340, 326, 
17525, 336, 336, 338, 336, 
17556, 334, 331, 334, 348, 
17586, 333, 332, 335, 346, 
17615, 337, 337, 338, 334, 
17646, 340, 343, 340, 326, 
17676, 337, 338, 339, 332, 
17707, 334, 333, 336, 345, 
17736, 333, 331, 334, 349, 
17767, 336, 337, 337, 337, 
17797, 340, 340, 340, 326, 
17827, 338, 340, 339, 330, 
17857, 335, 335, 337, 341, 
17888, 334, 331, 335, 348, 
17917, 336, 335, 337, 340, 
17947, 339, 340, 340, 328, 
17978, 339, 342, 339, 327, 
18008, 336, 336, 336, 339, 
18038, 333, 331, 333, 348, 
18068, 334, 333, 334, 343, 
18099, 339, 339, 338, 330, 
18128, 339, 341, 340, 326, 
18159, 338, 337, 337, 336, 
18189, 334, 331, 334, 348, 
18219, 333, 333, 335, 346, 
18249, 337, 337, 337, 333, 
18279, 339, 342, 341, 325, 
18310, 337, 338, 339, 333, 
18339, 333, 333, 334, 345, 
18370, 334, 332, 335, 347, 
18400, 335, 336, 337, 336, 
18430, 339, 341, 340, 326, 
18460, 338, 340, 339, 330, 
18491, 335, 334, 336, 342, 
18521, 333, 332, 333, 349, 
18550, 335, 335, 335, 340, 
18581, 339, 341, 339, 328, 
18611, 339, 341, 340, 327, 
18641, 336, 337, 337, 338, 
18671, 333, 331, 334, 348, 
18702, 335, 334, 335, 342, 
18732, 339, 339, 339, 328, 
18762, 339, 341, 340, 325, 
18792, 337, 337, 337, 336, 
18823, 334, 334, 335, 346, 
18852, 334, 332, 334, 344, 
18882, 336, 338, 337, 332, 
18913, 340, 341, 340, 324, 
18942, 339, 338, 338, 332, 
18973, 334, 333, 335, 344, 
19003, 334, 332, 334, 346, 
19034, 337, 336, 336, 335, 
19063, 340, 342, 339, 325, 
19094, 338, 340, 339, 331, 
19124, 335, 334, 336, 341, 
19154, 333, 331, 334, 348, 
19184, 337, 335, 335, 340, 
19214, 339, 340, 339, 327, 
19245, 340, 340, 340, 327, 
19274, 336, 335, 337, 339, 
19305, 333, 331, 334, 349, 
19335, 335, 334, 335, 341, 
19365, 338, 339, 338, 329, 
19395, 339, 341, 340, 325, 
19426, 338, 337, 337, 336, 
19456, 334, 332, 334, 347, 
19486, 334, 332, 334, 344, 
19516, 338, 337, 337, 332, 
19546, 339, 342, 340, 325, 
19576, 337, 338, 338, 333, 
19606, 334, 331, 334, 345, 
19637, 333, 331, 334, 347, 
19666, 336, 336, 336, 336, 
19697, 339, 341, 339, 326, 
19727, 338, 340, 339, 331, 
19758, 334, 334, 335, 344, 
19787, 333, 332, 333, 348, 
19818, 335, 335, 336, 339, 
19848, 339, 340, 340, 327, 
19877, 339, 340, 340, 328, 
19908, 336, 335, 337, 340, 
19938, 333, 331, 334, 348, 
19969, 335, 334, 336, 341, 
19998, 339, 339, 338, 329, 
20029, 339, 341, 340, 327, 
20059, 336, 337, 335, 337, 
20089, 333, 331, 334, 348, 
20119, 334, 333, 335, 345, 
20149, 337, 338, 337, 333, 
20179, 339, 342, 340, 326, 
20209, 337, 338, 338, 334, 
20240, 334, 333, 335, 346, 
20270, 333, 332, 334, 348, 
20300, 336, 336, 337, 336, 
20330, 339, 341, 340, 327, 
20361, 337, 340, 338, 332, 
20390, 335, 334, 335, 345, 
20421, 333, 331, 333, 350, 
20451, 335, 335, 336, 341, 
20481, 338, 341, 339, 329, 
20511, 338, 341, 339, 330, 
20541, 336, 335, 337, 342, 
20572, 333, 331, 334, 350, 
20601, 335, 334, 335, 343, 
20632, 338, 340, 339, 333, 
20662, 338, 341, 340, 327, 
20692, 337, 337, 337, 338, 
20722, 333, 331, 335, 348, 
20753, 334, 332, 335, 346, 
20783, 337, 339, 339, 334, 
20812, 340, 342, 339, 327, 
20843, 337, 338, 339, 335, 
20873, 334, 332, 335, 347, 
20903, 333, 331, 334, 348, 
20933, 336, 337, 337, 336, 
20964, 339, 341, 340, 326, 
20994, 338, 340, 339, 332, 
21024, 334, 334, 335, 344, 
21054, 333, 331, 333, 349, 
21085, 336, 335, 336, 339, 
21114, 338, 340, 340, 327, 
21144, 338, 340, 340, 329, 
21175, 336, 336, 336, 341, 
21204, 332, 331, 334, 350, 
21235, 335, 334, 335, 342, 
21265, 339, 340, 340, 329, 
21296, 339, 341, 341, 327, 
21325, 336, 337, 337, 338, 
21356, 334, 332, 334, 348, 
21386, 333, 333, 335, 345, 
21416, 338, 338, 338, 331, 
21446, 339, 341, 341, 325, 
21476, 337, 336, 339, 334, 
21507, 334, 332, 335, 345, 
21536, 335, 332, 334, 346, 
21567, 336, 337, 338, 335, 
21597, 340, 342, 341, 325, 
21627, 337, 339, 340, 331, 
21657, 334, 333, 336, 345, 
21688, 333, 332, 333, 348, 
21718, 336, 337, 336, 337, 
21748, 340, 341, 340, 326, 
21778, 339, 340, 339, 329, 
21808, 335, 335, 337, 341, 
21838, 333, 330, 334, 349, 
21868, 335, 334, 335, 342, 
21899, 338, 339, 339, 329, 
21928, 340, 341, 340, 327, 
21959, 337, 336, 337, 338, 
21989, 332, 331, 334, 348, 
22020, 334, 334, 335, 344, 
22049, 338, 339, 338, 332, 
22079, 340, 342, 340, 326, 
22110, 339, 337, 338, 334, 
22139, 334, 332, 334, 346, 
22170, 334, 332, 335, 346, 
22200, 337, 338, 338, 334, 
22231, 339, 341, 341, 326, 
22260, 337, 339, 339, 332, 
22291, 336, 335, 335, 344, 
22321, 334, 331, 333, 347, 
22351, 336, 336, 337, 337, 
22381, 339, 342, 340, 326, 
22411, 338, 340, 339, 329, 
22441, 335, 335, 336, 340, 
22471, 336, 330, 333, 348, 
22502, 336, 334, 335, 340, 
22532, 338, 339, 339, 328, 
22562, 339, 341, 340, 328, 
22592, 336, 336, 337, 338, 
22623, 333, 331, 334, 349, 
22652, 335, 333, 336, 343, 
22683, 338, 340, 339, 331, 
22713, 339, 342, 341, 325, 
22743, 337, 338, 338, 335, 
22773, 333, 332, 334, 347, 
22803, 334, 333, 334, 347, 
22834, 337, 338, 338, 334, 
22863, 339, 341, 340, 325, 
22894, 337, 339, 339, 332, 
22924, 334, 334, 336, 345, 
22955, 333, 331, 334, 349, 
22984, 336, 336, 336, 337, 
23015, 340, 342, 340, 327, 
23045, 338, 342, 340, 330, 
23074, 335, 335, 336, 342, 
23105, 334, 331, 334, 350, 
23135, 335, 334, 336, 341, 
23165, 338, 340, 339, 329, 
23195, 339, 341, 340, 327, 
23226, 335, 336, 337, 339, 
23256, 332, 332, 335, 347, 
23286, 334, 334, 335, 344, 
23316, 338, 339, 338, 330, 
23347, 338, 341, 340, 325, 
23376, 338, 338, 337, 336, 
23406, 333, 332, 334, 347, 
23437, 334, 332, 335, 345, 
23467, 338, 337, 337, 335, 
23497, 340, 342, 341, 327, 
23527, 338, 339, 339, 333, 
23558, 335, 333, 335, 345, 
23587, 335, 332, 334, 348, 
23618, 336, 337, 337, 338, 
23648, 340, 341, 340, 327, 
23678, 338, 340, 340, 331, 
23708, 335, 335, 336, 343, 
23738, 334, 331, 334, 350, 
23769, 336, 335, 336, 340, 
23798, 340, 340, 340, 329, 
23829, 339, 341, 341, 328, 
23859, 337, 336, 337, 339, 
23889, 334, 331, 334, 350, 
23919, 336, 334, 335, 343, 
23950, 339, 340, 340, 330, 
23980, 339, 342, 341, 325, 
24009, 337, 337, 337, 336, 
24040, 335, 332, 335, 348, 
24070, 335, 333, 335, 346, 
24100, 338, 338, 337, 335, 
24130, 339, 342, 340, 327, 
24161, 337, 339, 340, 333, 
24190, 334, 333, 335, 346, 
24221, 333, 331, 335, 348, 
24251, 336, 336, 337, 337, 
24282, 340, 340, 340, 326, 
24311, 339, 340, 340, 332, 
24341, 335, 334, 336, 343, 
24372, 333, 331, 334, 349, 
24401, 335, 335, 336, 341, 
24432, 340, 340, 340, 329, 
24462, 339, 340, 341, 329, 
24493, 336, 336, 337, 341, 
24522, 333, 331, 334, 349, 
24553, 336, 333, 336, 344, 
24583, 339, 339, 337, 331, 
24613, 339, 341, 340, 326, 
24643, 336, 337, 338, 337, 
24673, 332, 331, 335, 349, 
24704, 334, 333, 335, 347, 
24733, 338, 338, 337, 333, 
24764, 340, 342, 340, 325, 
24794, 338, 338, 338, 333, 
24824, 334, 333, 335, 345, 
24854, 335, 333, 335, 350, 
24885, 336, 337, 337, 337, 
24914, 339, 342, 341, 326, 
24945, 338, 340, 339, 331, 
24975, 334, 334, 336, 343, 
25005, 333, 331, 334, 349, 
25035, 335, 335, 336, 341, 
25065, 339, 340, 340, 329, 
25096, 339, 341, 340, 329, 
25125, 335, 335, 337, 340, 
25156, 333, 331, 334, 349, 
25186, 335, 334, 334, 343, 
25217, 338, 339, 339, 331, 
25246, 339, 341, 341, 327, 
25277, 337, 337, 337, 338, 
25307, 333, 332, 335, 349, 
25336, 334, 333, 334, 346, 
25367, 337, 338, 338, 333, 
25397, 339, 342, 340, 327, 
25427, 337, 338, 338, 334, 
25457, 334, 333, 335, 346, 
25488, 333, 332, 335, 348, 
25518, 337, 337, 337, 336, 
25548, 339, 341, 341, 327, 
25578, 338, 339, 339, 332, 
25609, 334, 334, 336, 344, 
25638, 334, 332, 334, 349, 
25668, 336, 335, 336, 339, 
25699, 339, 341, 341, 327, 
25729, 338, 340, 340, 327, 
25759, 336, 335, 337, 341, 
25789, 333, 331, 334, 348, 
25820, 335, 334, 335, 342, 
25849, 339, 340, 339, 330, 
25880, 339, 342, 340, 327, 
25910, 336, 337, 337, 338, 
25939, 334, 331, 334, 349, 
25970, 334, 332, 334, 345, 
26000, 337, 338, 339, 332, 
26031, 341, 342, 340, 326, 
26060, 337, 338, 339, 335, 
26091, 334, 333, 335, 346, 
26121, 333, 331, 334, 347, 
26151, 337, 338, 337, 336, 
26181, 339, 341, 341, 327, 
26212, 338, 339, 339, 331, 
26242, 335, 334, 336, 344, 
26271, 333, 332, 334, 349, 
26302, 336, 335, 336, 339, 
26332, 339, 341, 341, 327, 
26362, 339, 340, 340, 329, 
26392, 335, 335, 336, 343, 
26423, 334, 332, 334, 349, 
26452, 335, 334, 336, 342, 
26483, 339, 340, 339, 330, 
26513, 340, 341, 340, 327, 
26544, 337, 337, 338, 339, 
26573, 334, 331, 334, 349, 
26603, 335, 333, 335, 344, 
26634, 338, 339, 338, 332, 
26663, 339, 341, 340, 326, 
26694, 337, 339, 338, 335, 
26724, 334, 332, 335, 347, 
26755, 335, 332, 334, 346, 
26784, 337, 337, 336, 335, 
26815, 339, 342, 341, 326, 
26845, 338, 340, 340, 332, 
26875, 335, 333, 335, 344, 
26905, 335, 332, 334, 349, 
26935, 336, 336, 336, 337, 
26966, 339, 341, 340, 327, 
26995, 338, 340, 340, 329, 
27026, 336, 335, 337, 342, 
27056, 333, 331, 334, 349, 
27086, 337, 334, 336, 340, 
27116, 339, 340, 339, 329, 
27147, 339, 341, 340, 328, 
27176, 336, 336, 337, 339, 
27207, 333, 331, 334, 349, 
27237, 335, 333, 334, 343, 
27267, 338, 339, 338, 332, 
27297, 339, 341, 339, 326, 
27327, 337, 337, 338, 336, 
27358, 333, 332, 334, 347, 
27387, 334, 331, 335, 346, 
27418, 336, 337, 337, 334, 
27448, 340, 341, 339, 326, 
27479, 337, 339, 339, 332, 
27508, 334, 333, 335, 344, 
27539, 333, 331, 334, 348, 
27569, 337, 336, 336, 337, 
27598, 339, 343, 340, 327, 
27629, 339, 339, 339, 330, 
27659, 335, 334, 336, 342, 
27689, 333, 331, 334, 350, 
27719, 335, 334, 336, 341, 
27750, 339, 340, 339, 329, 
27780, 339, 341, 340, 328, 
27810, 337, 337, 337, 339, 
27840, 333, 331, 334, 349, 
27870, 335, 334, 334, 345, 
27900, 338, 339, 339, 332, 
27930, 340, 341, 340, 326, 
27961, 337, 338, 338, 337, 
27991, 333, 332, 335, 348, 
28021, 334, 332, 334, 346, 
28051, 337, 338, 337, 335, 
28082, 339, 342, 340, 326, 
28111, 337, 338, 340, 333, 
28142, 334, 333, 335, 345, 
28172, 334, 332, 334, 349, 
28201, 337, 336, 338, 337, 
28232, 339, 341, 340, 327, 
28262, 338, 340, 339, 330, 
28293, 335, 334, 337, 343, 
28322, 333, 332, 335, 349, 
28353, 336, 335, 336, 340, 
28383, 339, 340, 339, 327, 
28413, 338, 341, 339, 327, 
28443, 336, 336, 337, 339, 
28474, 333, 331, 334, 349, 
28504, 335, 334, 335, 343, 
28533, 339, 339, 339, 331, 
28564, 340, 341, 340, 326, 
28594, 337, 337, 338, 336, 
28624, 333, 332, 335, 347, 
28654, 335, 333, 334, 345, 
28685, 337, 338, 337, 334, 
28715, 339, 343, 340, 325, 
28745, 337, 338, 339, 331, 
28775, 334, 333, 335, 345, 
28806, 334, 332, 334, 347, 
28835, 337, 336, 337, 336, 
28865, 339, 342, 340, 326, 
28896, 339, 340, 340, 330, 
28925, 335, 334, 336, 342, 
28956, 333, 332, 334, 348, 
28986, 335, 335, 336, 340, 
29017, 339, 340, 339, 328, 
29046, 339, 340, 340, 328, 
29077, 336, 336, 338, 340, 
29107, 333, 331, 334, 349, 
29137, 335, 334, 335, 343, 
29167, 338, 339, 338, 331, 
29197, 339, 343, 341, 327, 
29228, 337, 337, 338, 336, 
29257, 334, 332, 334, 347, 
29288, 334, 332, 334, 345, 
29318, 338, 339, 338, 334, 
29348, 339, 342, 341, 326, 
29378, 337, 338, 338, 334, 
29409, 334, 333, 335, 346, 
29438, 334, 331, 333, 348, 
29469, 337, 336, 336, 337, 
29499, 339, 341, 340, 326, 
29529, 338, 340, 339, 332, 
29559, 335, 334, 336, 343, 
29589, 333, 331, 334, 349, 
29620, 335, 336, 337, 340, 
29649, 339, 341, 339, 328, 
29680, 340, 341, 341, 329, 
29710, 336, 336, 337, 340, 
29741, 334, 332, 334, 350, 
29770, 334, 334, 335, 343, 
29800, 339, 339, 339, 330, 
29831, 340, 341, 340, 326, 
29860, 336, 337, 338, 336, 
29891, 333, 331, 334, 348, 
29921, 333, 332, 335, 345, 
29952, 337, 338, 338, 333, 
29981, 340, 342, 342, 325, 
30012, 338, 338, 339, 334, 
30042, 334, 333, 335, 346, 
30072, 333, 332, 334, 347, 
30102, 336, 336, 337, 336, 
30132, 339, 341, 340, 326, 
30162, 338, 340, 339, 331, 
30192, 334, 334, 336, 343, 
30223, 333, 331, 334, 349, 
30253, 336, 335, 335, 340, 
30283, 339, 340, 339, 328, 
30313, 339, 341, 339, 328, 
30344, 336, 336, 337, 340, 
30373, 333, 331, 333, 349, 
30404, 335, 334, 335, 342, 
30434, 338, 339, 338, 330, 
30464, 339, 341, 340, 327, 
30494, 336, 337, 338, 337, 
30524, 333, 331, 334, 349, 
30555, 334, 333, 334, 345, 
30584, 338, 338, 339, 333, 
30615, 339, 342, 340, 326, 
30645, 338, 339, 338, 333, 
30675, 334, 333, 335, 346, 
30705, 334, 332, 334, 347, 
30736, 337, 336, 337, 336, 
30766, 339, 341, 340, 326, 
30795, 338, 339, 339, 331, 
30826, 335, 334, 335, 343, 
30856, 333, 331, 333, 349, 
30886, 336, 335, 336, 340, 
30916, 339, 341, 340, 327, 
30947, 339, 340, 338, 329, 
30977, 337, 335, 336, 342, 
31007, 333, 331, 334, 349, 
31037, 334, 334, 336, 342, 
31068, 338, 340, 337, 330, 
31097, 339, 341, 340, 327, 
31127, 335, 338, 338, 338, 
31158, 333, 332, 334, 348, 
31187, 334, 333, 335, 345, 
31218, 337, 339, 339, 334, 
31248, 339, 342, 340, 326, 
31279, 337, 338, 338, 335, 
31308, 333, 332, 336, 346, 
31339, 333, 332, 333, 347, 
31369, 336, 336, 337, 336, 
31399, 340, 342, 340, 325, 
31429, 337, 339, 339, 331, 
31459, 334, 334, 336, 345, 
31490, 334, 332, 334, 348, 
31519, 335, 335, 336, 338, 
31550, 339, 341, 339, 327, 
31580, 339, 340, 339, 328, 
31610, 335, 335, 338, 341, 
31640, 333, 331, 333, 348, 
31671, 335, 334, 336, 341, 
31700, 337, 340, 339, 329, 
31730, 339, 341, 340, 327, 
31761, 338, 336, 337, 337, 
31791, 334, 332, 334, 348, 
31821, 334, 333, 336, 344, 
31851, 338, 338, 338, 331, 
31882, 341, 342, 340, 325, 
31911, 337, 338, 338, 334, 
31942, 334, 332, 335, 346, 
31972, 333, 332, 334, 346, 
32003, 335, 337, 337, 336, 
32032, 339, 341, 340, 326, 
32062, 338, 339, 339, 331, 
32093, 335, 334, 335, 343, 
32122, 333, 331, 334, 348, 
32153, 336, 336, 336, 338, 
32183, 340, 341, 339, 326, 
32214, 338, 340, 339, 329, 
32243, 336, 336, 337, 342, 
32274, 333, 331, 333, 349, 
32304, 335, 334, 335, 341, 
32334, 338, 340, 339, 329, 
32364, 338, 341, 340, 328, 
32394, 336, 336, 337, 338, 
32424, 333, 332, 335, 348, 
32454, 334, 333, 335, 344, 
32485, 338, 338, 338, 332, 
32515, 339, 341, 341, 325, 
32545, 337, 337, 337, 335, 
32575, 333, 332, 335, 346, 
32606, 334, 332, 334, 346, 
32635, 335, 337, 337, 335, 
32666, 339, 343, 340, 325, 
32696, 338, 339, 339, 332, 
32726, 334, 334, 336, 344, 
32756, 334, 332, 334, 348, 
32786, 336, 337, 336, 337, 
32817, 339, 341, 340, 326, 
32846, 338, 340, 340, 329, 
32877, 336, 335, 336, 341, 
32907, 333, 331, 334, 349, 
32937, 336, 334, 336, 341, 
32967, 339, 340, 339, 329, 
32998, 339, 341, 341, 327, 
33028, 337, 336, 338, 338, 
33057, 334, 331, 334, 348, 
33088, 334, 333, 335, 344, 
33118, 339, 339, 338, 331, 
33148, 338, 342, 341, 326, 
33178, 337, 337, 338, 336, 
33209, 333, 332, 334, 347, 
33239, 334, 332, 334, 346, 
33269, 337, 337, 337, 334, 
33299, 340, 341, 341, 326, 
33330, 337, 339, 339, 332, 
33359, 334, 333, 336, 344, 
33389, 334, 331, 334, 349, 
33420, 336, 336, 337, 338, 
33449, 339, 341, 340, 327, 
33480, 338, 339, 339, 330, 
33510, 336, 335, 336, 343, 
33541, 333, 331, 334, 349, 
33570, 335, 334, 336, 342, 
33601, 338, 340, 339, 329, 
33631, 339, 341, 341, 330, 
33660, 335, 336, 337, 340, 
33691, 334, 331, 334, 350, 
33721, 335, 333, 335, 344, 
33752, 338, 340, 340, 332, 
33781, 339, 342, 340, 327, 
33812, 335, 338, 339, 337, 
33842, 334, 332, 335, 349, 
33872, 335, 333, 335, 347, 
33902, 338, 337, 338, 335, 
33933, 339, 341, 340, 326, 
33963, 338, 339, 338, 334, 
33992, 334, 333, 335, 346, 
34023, 334, 332, 335, 349, 
34053, 337, 336, 337, 339, 
34083, 339, 342, 340, 327, 
34113, 338, 340, 339, 332, 
34144, 335, 334, 336, 344, 
34173, 334, 331, 334, 349, 
34204, 335, 335, 336, 339, 
34234, 338, 341, 339, 328, 
34265, 339, 341, 340, 329, 
34294, 335, 335, 337, 340, 
34324, 333, 331, 334, 349, 
34355, 335, 333, 336, 343, 
34384, 339, 339, 338, 330, 
34415, 339, 342, 341, 326, 
34445, 336, 337, 337, 337, 
34476, 334, 331, 335, 348, 
34505, 334, 332, 334, 346, 
34536, 337, 338, 339, 333, 
34566, 340, 341, 340, 327, 
34596, 337, 338, 339, 334, 
34626, 335, 333, 336, 347, 
34656, 334, 331, 334, 347, 
34686, 337, 336, 337, 336, 
34716, 339, 341, 341, 326, 
34747, 338, 339, 339, 331, 
34777, 335, 334, 336, 343, 
34807, 333, 331, 334, 348, 
34837, 337, 335, 337, 339, 
34868, 339, 340, 339, 327, 
34897, 339, 340, 340, 329, 
34928, 335, 336, 337, 340, 
34958, 333, 331, 333, 349, 
34988, 336, 334, 336, 342, 
35018, 339, 340, 339, 328, 
35048, 339, 341, 339, 327, 
35079, 336, 337, 337, 337, 
35108, 334, 331, 334, 348, 
35139, 334, 333, 334, 344, 
35169, 339, 338, 339, 332, 
35200, 339, 342, 341, 326, 
35229, 337, 338, 339, 335, 
35260, 333, 332, 335, 346, 
35290, 334, 332, 334, 347, 
35319, 337, 337, 337, 335, 
35350, 340, 341, 340, 325, 
35380, 337, 339, 339, 332, 
35410, 334, 334, 335, 344, 
35440, 333, 331, 334, 348, 
35471, 336, 335, 335, 338, 
35501, 339, 341, 340, 327, 
35531, 338, 340, 340, 329, 
35561, 335, 333, 336, 342, 
35591, 333, 331, 334, 349, 
35621, 335, 335, 336, 341, 
35651, 338, 340, 339, 329, 
35682, 339, 341, 340, 327, 
35712, 336, 336, 337, 339, 
35742, 334, 332, 334, 350, 
35772, 334, 334, 336, 343, 
35803, 340, 339, 339, 332, 
35832, 339, 341, 340, 327, 
35863, 337, 338, 338, 336, 
35893, 333, 332, 333, 347, 
35922, 334, 332, 334, 346, 
35953, 337, 339, 337, 334, 
35983, 340, 342, 340, 326, 
36014, 338, 339, 339, 333, 
36043, 334, 333, 335, 345, 
36074, 334, 332, 334, 349, 
36104, 337, 336, 337, 338, 
36134, 339, 341, 340, 327, 
36164, 339, 340, 340, 332, 
36195, 335, 335, 337, 343, 
36225, 334, 331, 333, 349, 
36254, 336, 335, 336, 341, 
36285, 339, 340, 339, 329, 
36315, 340, 341, 341, 328, 
36345, 336, 335, 338, 339, 
36375, 333, 331, 334, 350, 
36406, 335, 334, 335, 344, 
36435, 339, 339, 338, 331, 
36466, 339, 342, 340, 326, 
36496, 336, 337, 337, 336, 
36527, 333, 331, 334, 348, 
36556, 334, 333, 334, 345, 
36586, 337, 338, 337, 333, 
36617, 339, 343, 340, 326, 
36646, 337, 338, 338, 334, 
36677, 334, 332, 335, 346, 
36707, 333, 332, 334, 348, 
36738, 336, 336, 337, 336, 
36767, 339, 341, 340, 326, 
36798, 338, 341, 339, 331, 
36828, 334, 333, 336, 343, 
36858, 333, 331, 334, 350, 
36888, 336, 336, 336, 340, 
36918, 339, 340, 340, 327, 
36948, 339, 340, 340, 328, 
36978, 336, 335, 336, 340, 
37009, 333, 331, 334, 349, 
37039, 335, 334, 335, 342, 
37069, 338, 341, 338, 330, 
37099, 339, 341, 341, 326, 
37130, 336, 337, 338, 337, 
37159, 333, 331, 334, 348, 
37190, 333, 333, 334, 345, 
37220, 338, 338, 339, 333, 
37250, 339, 343, 340, 325, 
37280, 337, 338, 338, 335, 
37310, 333, 332, 335, 347, 
37341, 335, 332, 335, 346, 
37370, 336, 338, 337, 335, 
37401, 341, 341, 340, 326, 
37431, 338, 340, 339, 332, 
37462, 335, 333, 336, 345, 
37491, 333, 331, 335, 349, 
37521, 336, 337, 336, 339, 
37552, 339, 341, 340, 327, 
37581, 338, 340, 340, 330, 
37612, 335, 336, 336, 342, 
37642, 333, 331, 334, 350, 
37672, 335, 335, 337, 342, 
37702, 339, 340, 339, 330, 
37733, 339, 340, 340, 328, 
37763, 336, 336, 337, 339, 
37793, 333, 332, 334, 349, 
37823, 334, 333, 335, 344, 
37853, 337, 339, 339, 332, 
37883, 339, 341, 340, 327, 
37913, 337, 337, 338, 336, 
37944, 333, 332, 335, 348, 
37974, 334, 333, 335, 348, 
38004, 338, 337, 338, 335, 
38034, 339, 342, 341, 326, 
38065, 337, 339, 339, 334, 
38094, 334, 333, 335, 345, 
38125, 333, 332, 334, 348, 
38155, 336, 337, 337, 337, 
38184, 340, 341, 340, 326, 
38215, 338, 340, 340, 330, 
38245, 335, 334, 336, 342, 
38276, 333, 331, 334, 349, 
38305, 336, 335, 335, 340, 
38336, 339, 341, 340, 328, 
38366, 338, 340, 340, 329, 
38396, 335, 335, 337, 340, 
38426, 333, 331, 334, 348, 
38457, 335, 333, 335, 341, 
38487, 338, 340, 339, 329, 
38516, 339, 342, 339, 325, 
38547, 336, 338, 338, 337, 
38577, 334, 331, 335, 348, 
38607, 334, 332, 335, 345, 
38637, 338, 338, 338, 332, 
38668, 340, 341, 340, 325, 
38697, 337, 338, 338, 334, 
38728, 334, 332, 333, 347, 
38758, 333, 331, 334, 348, 
38789, 336, 337, 336, 336, 
38818, 338, 341, 340, 326, 
38848, 337, 340, 339, 332, 
38879, 335, 334, 337, 344, 
38908, 333, 332, 334, 349, 
38939, 336, 336, 336, 338, 
38969, 340, 341, 340, 327, 
39000, 338, 341, 339, 329, 
39029, 335, 335, 336, 342, 
39060, 334, 331, 334, 349, 
39090, 335, 334, 336, 341, 
39120, 339, 340, 339, 329, 
39150, 339, 341, 340, 328, 
39180, 336, 337, 337, 338, 
39211, 333, 332, 334, 348, 
39240, 334, 333, 334, 344, 
39271, 338, 339, 338, 332, 
39301, 338, 341, 340, 326, 
39331, 337, 337, 338, 335, 
39361, 333, 332, 334, 347, 
39392, 335, 332, 334, 346, 
39421, 336, 337, 338, 334, 
39451, 339, 341, 340, 326, 
39482, 337, 339, 339, 333, 
39512, 335, 334, 336, 345, 
39542, 333, 332, 334, 348, 
39572, 338, 337, 337, 337, 
39603, 340, 342, 341, 326, 
39632, 338, 340, 339, 330, 
39663, 335, 334, 336, 343, 
39693, 333, 331, 334, 349, 
39724, 336, 335, 336, 340, 
39753, 339, 341, 339, 330, 
39783, 338, 341, 340, 329, 
39814, 335, 335, 337, 340, 
39843, 333, 331, 333, 349, 
39874, 334, 334, 335, 344, 
39904, 339, 339, 338, 330, 
39934, 340, 341, 340, 326, 
39964, 337, 337, 337, 336, 
39995, 333, 331, 334, 347, 
40025, 334, 334, 335, 345, 
40055, 337, 338, 338, 334, 
40085, 339, 342, 340, 325, 
40115, 337, 338, 338, 333, 
40145, 333, 332, 335, 346, 
40175, 334, 331, 335, 346, 
40206, 336, 337, 337, 335, 
40236, 340, 342, 340, 326, 
40266, 338, 339, 339, 331, 
40296, 334, 335, 336, 344, 
40327, 333, 332, 333, 348, 
40356, 336, 335, 336, 338, 
40387, 340, 342, 340, 327, 
40417, 338, 341, 340, 327, 
40446, 335, 335, 336, 341, 
40477, 333, 332, 334, 349, 
40507, 335, 334, 335, 342, 
40538, 339, 340, 339, 330, 
40567, 339, 342, 340, 327, 
40598, 336, 336, 338, 338, 
40628, 333, 331, 334, 349, 
40658, 334, 333, 334, 344, 
40688, 338, 339, 338, 331, 
40719, 339, 341, 340, 326, 
40749, 337, 337, 338, 337, 
40778, 334, 332, 335, 347, 
40809, 335, 332, 334, 346, 
40839, 337, 336, 336, 334, 
40869, 339, 342, 340, 326, 
40899, 337, 340, 339, 333, 
40930, 334, 334, 335, 347, 
40960, 333, 331, 334, 349, 
40990, 336, 336, 337, 338, 
41020, 339, 342, 339, 328, 
41051, 338, 340, 339, 331, 
41080, 335, 334, 336, 343, 
41110, 333, 331, 333, 349, 
41141, 335, 335, 336, 341, 
41170, 339, 339, 339, 329, 
41201, 338, 340, 340, 328, 
41231, 335, 335, 338, 340, 
41262, 333, 332, 334, 350, 
41291, 334, 334, 335, 344, 
41322, 338, 339, 339, 332, 
41352, 339, 341, 340, 327, 
41381, 336, 337, 338, 338, 
41412, 333, 332, 334, 349, 
41442, 334, 333, 335, 346, 
41473, 338, 338, 338, 335, 
41502, 339, 342, 340, 326, 
41533, 337, 338, 338, 335, 
41563, 334, 333, 335, 347, 
41593, 332, 332, 334, 348, 
41623, 336, 337, 337, 336, 
41654, 340, 342, 340, 327, 
41683, 338, 339, 339, 332, 
41713, 335, 334, 336, 344, 
41744, 333, 332, 335, 349, 
41774, 336, 336, 337, 340, 
41804, 339, 341, 340, 328, 
41834, 339, 340, 340, 330, 
41865, 335, 335, 336, 341, 
41894, 333, 331, 334, 349, 
41925, 335, 334, 335, 343, 
41955, 339, 340, 339, 329, 
41986, 339, 341, 340, 327, 
42015, 336, 336, 337, 339, 
42045, 333, 331, 334, 348, 
42076, 336, 333, 335, 344, 
42105, 339, 339, 338, 331, 
42136, 339, 341, 340, 326, 
42166, 337, 338, 338, 337, 
42196, 334, 331, 334, 347, 
42226, 334, 332, 334, 346, 
42257, 339, 337, 337, 334, 
42287, 339, 342, 340, 325, 
42317, 339, 339, 339, 333, 
42347, 335, 333, 335, 345, 
42377, 335, 331, 335, 348, 
42407, 338, 337, 336, 337, 
42437, 339, 341, 340, 326, 
42468, 338, 340, 340, 331, 
42498, 335, 334, 336, 343, 
42528, 333, 331, 334, 350, 
42558, 336, 336, 337, 342, 
42589, 342, 340, 339, 328, 
42618, 340, 341, 340, 328, 
42649, 335, 336, 337, 340, 
42679, 333, 331, 334, 349, 
42708, 334, 333, 335, 343, 
42739, 338, 339, 338, 332, 
42769, 340, 341, 340, 327, 
42800, 336, 337, 337, 337, 
42829, 333, 333, 334, 348, 
42860, 335, 332, 335, 345, 
42890, 337, 338, 338, 334, 
42920, 339, 342, 340, 326, 
42950, 337, 338, 338, 334, 
42981, 333, 333, 335, 346, 
43011, 333, 332, 335, 347, 
43040, 336, 337, 336, 337, 
43071, 338, 342, 340, 327, 
43101, 339, 339, 339, 333, 
43131, 334, 334, 334, 344, 
43161, 333, 331, 334, 349, 
43192, 336, 335, 337, 339, 
43222, 337, 340, 339, 329, 
43252, 340, 341, 338, 330, 
43282, 334, 336, 337, 342, 
43312, 334, 331, 333, 350, 
43342, 335, 335, 335, 342, 
43372, 337, 339, 339, 329, 
43403, 339, 341, 339, 327, 
43432, 336, 336, 337, 338, 
43463, 333, 331, 334, 349, 
43493, 333, 335, 334, 343, 
43524, 338, 338, 338, 331, 
43553, 339, 341, 340, 326, 
43584, 335, 336, 338, 335, 
43614, 333, 332, 335, 347, 
43643, 334, 333, 334, 346, 
43674, 337, 337, 337, 334, 
43704, 339, 342, 340, 325, 
43735, 338, 339, 339, 332, 
43764, 334, 333, 335, 344, 
43795, 334, 332, 334, 347, 
43825, 336, 336, 337, 337, 
43855, 341, 342, 341, 326, 
43885, 338, 341, 339, 330, 
43916, 335, 334, 336, 342, 
43945, 333, 331, 334, 350, 
43975, 335, 335, 336, 339, 
44006, 339, 340, 340, 328, 
44036, 339, 340, 341, 327, 
44066, 336, 335, 336, 339, 
44096, 334, 331, 334, 348, 
44127, 334, 333, 335, 342, 
44156, 338, 340, 338, 330, 
44187, 339, 341, 340, 327, 
44217, 336, 337, 337, 336, 
44248, 333, 332, 334, 347, 
44277, 334, 333, 335, 345, 
44307, 337, 338, 338, 332, 
44338, 339, 343, 340, 325, 
44367, 338, 339, 339, 334, 
44398, 335, 333, 335, 345, 
44428, 333, 333, 333, 346, 
44459, 336, 337, 337, 334, 
44488, 340, 341, 341, 325, 
44519, 337, 339, 339, 332, 
44549, 335, 334, 336, 343, 
44579, 334, 331, 334, 348, 
44609, 336, 336, 336, 337, 
44639, 339, 341, 340, 325, 
44669, 339, 340, 339, 328, 
44699, 335, 335, 336, 340, 
44730, 333, 331, 334, 349, 
44760, 335, 335, 335, 341, 
44790, 339, 340, 339, 329, 
44820, 339, 341, 340, 327, 
44851, 336, 337, 337, 338, 
44880, 333, 331, 334, 349, 
44911, 334, 333, 335, 345, 
44941, 338, 339, 339, 332, 
44971, 340, 342, 340, 326, 
45001, 336, 337, 337, 336, 
45031, 333, 333, 334, 348, 
45062, 333, 332, 334, 347, 
45091, 337, 337, 337, 334, 
45122, 339, 342, 340, 327, 
45152, 337, 338, 338, 335, 
45182, 335, 333, 336, 346, 
45212, 333, 333, 334, 351, 
45242, 336, 336, 336, 339, 
45273, 339, 342, 340, 328, 
45302, 339, 340, 339, 333, 
45333, 335, 334, 336, 344, 
45363, 333, 331, 334, 351, 
45393, 335, 335, 336, 341, 
45423, 339, 341, 339, 329, 
45454, 339, 341, 340, 330, 
45484, 336, 335, 337, 340, 
45514, 333, 331, 334, 348, 
45544, 335, 333, 336, 342, 
45574, 338, 340, 339, 330, 
45604, 339, 341, 340, 327, 
45634, 337, 337, 338, 336, 
45665, 333, 332, 335, 346, 
45694, 335, 333, 335, 344, 
45725, 338, 338, 338, 332, 
45755, 340, 341, 340, 325, 
45786, 338, 338, 339, 334, 
45815, 334, 333, 335, 346, 
45846, 334, 334, 334, 346, 
45876, 337, 337, 337, 335, 
45905, 341, 342, 341, 325, 
45936, 338, 339, 339, 331, 
45966, 335, 334, 336, 343, 
45997, 334, 331, 334, 347, 
46026, 336, 335, 336, 337, 
46057, 339, 340, 340, 326, 
46087, 338, 340, 340, 328, 
46117, 335, 335, 337, 340, 
46147, 333, 331, 333, 348, 
46178, 335, 334, 336, 341, 
46208, 339, 339, 340, 328, 
46237, 340, 341, 340, 327, 
46268, 337, 336, 337, 338, 
46298, 333, 331, 334, 349, 
46328, 334, 333, 335, 344, 
46358, 338, 338, 338, 331, 
46389, 340, 341, 340, 326, 
46418, 337, 337, 338, 336, 
46449, 334, 332, 334, 346, 
46479, 333, 333, 335, 346, 
46510, 337, 337, 337, 334, 
46539, 339, 342, 341, 326, 
46569, 337, 338, 339, 334, 
46600, 334, 333, 335, 345, 
46629, 333, 331, 334, 348, 
46660, 336, 336, 336, 337, 
46690, 339, 341, 339, 328, 
46721, 338, 339, 340, 331, 
46750, 334, 334, 336, 344, 
46781, 333, 331, 333, 349, 
46811, 337, 336, 335, 340, 
46841, 339, 339, 339, 328, 
46871, 339, 341, 340, 328, 
46901, 336, 336, 337, 339, 
46931, 333, 331, 334, 349, 
46961, 335, 333, 335, 344, 
46992, 338, 339, 339, 331, 
47022, 339, 341, 340, 327, 
47052, 336, 338, 337, 337, 
47082, 333, 333, 335, 348, 
47113, 334, 332, 335, 345, 
47142, 338, 338, 338, 333, 
47172, 339, 342, 340, 325, 
47203, 337, 338, 338, 334, 
47233, 334, 333, 335, 346, 
47263, 334, 332, 334, 347, 
47293, 337, 337, 337, 336, 
47324, 339, 341, 340, 326, 
47353, 338, 340, 340, 332, 
47384, 335, 333, 335, 344, 
47414, 333, 332, 333, 348, 
47444, 336, 336, 336, 338, 
47474, 339, 342, 339, 327, 
47504, 338, 340, 339, 329, 
47535, 335, 335, 336, 341, 
47564, 333, 331, 334, 349, 
47595, 335, 334, 335, 341, 
47625, 338, 340, 339, 328, 
47655, 339, 341, 340, 327, 
47685, 336, 336, 337, 338, 
47716, 333, 333, 335, 348, 
47746, 335, 333, 335, 345, 
47776, 339, 339, 338, 332, 
47806, 339, 341, 340, 326, 
47836, 337, 337, 338, 336, 
47866, 334, 332, 334, 347, 
47896, 332, 332, 334, 346, 
47927, 337, 336, 337, 334, 
47956, 339, 341, 340, 325, 
47987, 337, 339, 339, 332, 
48017, 334, 334, 336, 345, 
48048, 333, 331, 334, 348, 
48077, 336, 336, 336, 337, 
48108, 340, 342, 340, 326, 
48138, 338, 339, 339, 330, 
48167, 335, 334, 336, 343, 
48198, 333, 331, 334, 349, 
48228, 335, 335, 336, 340, 
48259, 339, 341, 339, 329, 
48288, 338, 341, 340, 329, 
48319, 335, 335, 337, 340, 
48349, 333, 331, 334, 349, 
48379, 334, 334, 335, 342, 
48409, 338, 339, 338, 330, 
48440, 339, 341, 339, 326, 
48470, 337, 337, 337, 337, 
48499, 333, 331, 334, 347, 
48530, 335, 333, 335, 345, 
48560, 337, 336, 339, 333, 
48590, 339, 342, 340, 325, 
48620, 337, 338, 338, 334, 
48651, 333, 333, 335, 346, 
48680, 333, 333, 334, 346, 
48711, 336, 338, 336, 335, 
48741, 339, 342, 340, 326, 
48772, 337, 339, 339, 331, 
48801, 334, 334, 336, 344, 
48831, 333, 332, 334, 348, 
48862, 336, 335, 336, 338, 
48891, 338, 342, 340, 327, 
48922, 338, 339, 340, 329, 
48952, 335, 335, 336, 341, 
48983, 333, 332, 335, 349, 
49012, 336, 334, 336, 342, 
49043, 339, 340, 339, 329, 
49073, 339, 341, 340, 327, 
49102, 336, 337, 337, 338, 
49133, 333, 331, 334, 347, 
49163, 336, 334, 335, 344, 
49193, 338, 339, 338, 333, 
49223, 339, 342, 341, 326, 
49254, 337, 339, 337, 335, 
49284, 333, 332, 335, 347, 
49314, 333, 332, 334, 346, 
49344, 337, 337, 337, 334, 
49375, 338, 342, 340, 325, 
49404, 337, 339, 339, 332, 
49434, 334, 333, 335, 345, 
49465, 333, 331, 333, 349, 
49495, 336, 336, 336, 337, 
49525, 339, 342, 340, 326, 
49555, 338, 340, 339, 330, 
49586, 335, 334, 336, 342, 
49615, 333, 331, 335, 349, 
49646, 335, 334, 337, 341, 
49676, 338, 341, 339, 328, 
49707, 338, 341, 341, 328, 
49736, 335, 336, 337, 340, 
49766, 333, 331, 334, 349, 
49797, 334, 334, 335, 344, 
49826, 338, 339, 338, 332, 
49857, 339, 341, 340, 327, 
49887, 336, 337, 337, 337, 
49917, 333, 332, 335, 349, 
49947, 333, 332, 334, 346, 
49978, 337, 338, 338, 334, 
50008, 340, 342, 340, 326, 
50038, 337, 338, 338, 334, 
50068, 334, 332, 335, 346, 
50098, 333, 332, 334, 347, 
50128, 336, 336, 337, 336, 
50158, 339, 341, 340, 326, 
50189, 339, 340, 339, 331, 
50219, 335, 334, 336, 344, 
50249, 333, 331, 334, 349, 
50279, 335, 336, 336, 339, 
50310, 339, 339, 339, 328, 
50339, 338, 340, 341, 329, 
50370, 337, 335, 337, 340, 
50400, 332, 331, 334, 349, 
50429, 335, 334, 336, 342, 
50460, 338, 340, 339, 330, 
50490, 339, 341, 340, 327, 
50521, 336, 336, 338, 337, 
50550, 333, 331, 335, 348, 
50581, 334, 332, 334, 344, 
50611, 338, 339, 338, 332, 
50641, 340, 342, 341, 326, 
50671, 337, 338, 338, 335, 
50702, 334, 332, 335, 347, 
50732, 334, 332, 334, 347, 
50761, 337, 337, 336, 337, 
50792, 340, 342, 340, 327, 
50822, 337, 339, 340, 333, 
50852, 334, 333, 335, 345, 
50882, 333, 332, 334, 349, 
50913, 336, 336, 336, 339, 
50942, 339, 341, 341, 329, 
50973, 338, 340, 340, 330, 
51003, 335, 335, 338, 342, 
51033, 333, 332, 334, 350, 
51063, 335, 335, 336, 342, 
51093, 339, 340, 339, 330, 
51124, 339, 341, 340, 328, 
51153, 336, 336, 337, 340, 
51184, 333, 331, 334, 350, 
51214, 334, 334, 335, 345, 
51245, 338, 339, 338, 332, 
51274, 340, 341, 340, 327, 
51305, 337, 338, 338, 336, 
51335, 333, 332, 334, 347, 
51364, 334, 332, 334, 346, 
51395, 337, 337, 338, 335, 
51425, 339, 342, 340, 326, 
51456, 337, 339, 338, 331, 
51485, 334, 333, 335, 345, 
51516, 333, 331, 334, 348, 
51546, 336, 336, 337, 337, 
51576, 339, 341, 339, 327, 
51606, 338, 340, 340, 330, 
51637, 335, 335, 336, 343, 
51666, 333, 332, 333, 350, 
51696, 335, 334, 335, 340, 
51727, 339, 340, 339, 329, 
51757, 339, 341, 340, 327, 
51787, 336, 336, 337, 339, 
51817, 333, 332, 334, 350, 
51848, 334, 334, 333, 345, 
51877, 338, 339, 338, 332, 
51908, 339, 341, 340, 327, 
51938, 337, 337, 339, 336, 
51969, 333, 332, 334, 347, 
51998, 334, 332, 334, 345, 
52028, 337, 337, 337, 334, 
52059, 340, 342, 341, 326, 
52088, 338, 339, 339, 334, 
52119, 334, 333, 335, 345, 
52149, 334, 332, 334, 347, 
52179, 337, 336, 336, 337, 
52209, 339, 341, 341, 327, 
52240, 338, 339, 340, 331, 
52270, 335, 335, 336, 343, 
52300, 333, 331, 335, 349, 
52330, 336, 335, 335, 341, 
52360, 339, 340, 339, 329, 
52390, 338, 341, 341, 330, 
52420, 336, 336, 336, 339, 
52451, 333, 331, 334, 350, 
52481, 335, 335, 335, 343, 
52511, 339, 340, 339, 331, 
52541, 339, 341, 340, 328, 
52572, 336, 337, 339, 337, 
52601, 334, 333, 334, 348, 
52632, 334, 332, 334, 346, 
52662, 337, 337, 337, 335, 
52691, 341, 342, 340, 326, 
52722, 338, 338, 338, 333, 
52752, 334, 333, 336, 345, 
52783, 334, 331, 334, 347, 
52812, 337, 336, 337, 337, 
52843, 339, 341, 340, 327, 
52873, 338, 340, 340, 330, 
52903, 335, 335, 336, 342, 
52933, 333, 331, 335, 349, 
52963, 336, 335, 335, 339, 
52994, 339, 340, 339, 328, 
53023, 339, 340, 339, 328, 
53054, 336, 335, 336, 340, 
53084, 333, 331, 334, 349, 
53114, 335, 334, 336, 343, 
53144, 339, 339, 338, 330, 
53175, 340, 341, 340, 327, 
53204, 336, 337, 338, 337, 
53235, 333, 332, 334, 348, 
53265, 333, 333, 335, 346, 
53295, 337, 338, 338, 334, 
53325, 339, 341, 340, 326, 
53355, 337, 338, 339, 334, 
53386, 333, 333, 336, 346, 
53415, 333, 332, 334, 347, 
53446, 337, 336, 338, 337, 
53476, 339, 342, 341, 327, 
53507, 338, 340, 340, 332, 
53536, 335, 334, 336, 344, 
53567, 333, 331, 334, 349, 
53597, 337, 336, 336, 340, 
53626, 339, 341, 339, 328, 
53657, 339, 340, 340, 329, 
53687, 335, 335, 336, 341, 
53718, 334, 331, 334, 350, 
53747, 334, 334, 335, 343, 
53778, 338, 340, 339, 331, 
53808, 339, 341, 340, 327, 
53838, 336, 337, 338, 338, 
53868, 333, 331, 334, 348, 
53899, 334, 333, 335, 346, 
53928, 338, 338, 338, 334, 
53958, 340, 342, 340, 326, 
53989, 337, 339, 337, 334, 
54019, 334, 332, 336, 347, 
54049, 334, 332, 335, 348, 
54079, 337, 337, 337, 337, 
54110, 340, 341, 340, 326, 
54139, 338, 339, 339, 331, 
54170, 335, 334, 336, 342, 
54200, 333, 331, 334, 349, 
54231, 336, 334, 335, 340, 
54260, 339, 341, 339, 328, 
54290, 339, 342, 340, 329, 
54321, 336, 335, 336, 340, 
54350, 333, 331, 334, 349, 
54381, 335, 334, 336, 343, 
54411, 338, 339, 339, 331, 
54441, 340, 341, 340, 326, 
54471, 336, 337, 337, 337, 
54502, 334, 332, 334, 348, 
54532, 334, 333, 335, 344, 
54562, 337, 338, 338, 333, 
54592, 340, 343, 340, 326, 
54622, 338, 339, 339, 334, 
54652, 334, 333, 336, 346, 
54682, 334, 332, 334, 347, 
54713, 337, 336, 337, 336, 
54743, 340, 341, 340, 327, 
54773, 337, 341, 339, 331, 
54803, 335, 334, 336, 344, 
54834, 334, 331, 335, 348, 
54863, 336, 336, 336, 340, 
54893, 340, 341, 340, 328, 
54924, 339, 340, 340, 329, 
54953, 335, 336, 338, 340, 
54984, 333, 331, 334, 349, 
55014, 335, 334, 335, 343, 
55045, 339, 339, 339, 330, 
55074, 339, 341, 341, 327, 
55105, 336, 337, 338, 337, 
55135, 334, 331, 334, 348, 
55165, 335, 333, 336, 347, 
55195, 337, 338, 338, 333, 
55225, 340, 342, 340, 326, 
55256, 337, 338, 339, 334, 
55285, 334, 333, 335, 346, 
55316, 333, 331, 334, 347, 
55346, 338, 336, 337, 336, 
55376, 339, 342, 340, 326, 
55406, 340, 341, 339, 331, 
55437, 335, 334, 336, 344, 
55467, 333, 331, 334, 349, 
55497, 336, 335, 336, 340, 
55527, 339, 341, 340, 328, 
55557, 339, 340, 340, 330, 
55587, 337, 336, 337, 340, 
55617, 334, 331, 334, 350, 
55648, 335, 334, 336, 343, 
55677, 338, 339, 339, 330, 
55708, 339, 341, 341, 328, 
55738, 336, 337, 337, 338, 
55769, 334, 332, 334, 349, 
55798, 335, 333, 335, 347, 
55829, 337, 339, 338, 334, 
55859, 340, 342, 341, 326, 
55888, 337, 338, 339, 335, 
55919, 334, 333, 336, 346, 
55949, 334, 332, 334, 348, 
55980, 337, 337, 338, 336, 
56009, 340, 341, 340, 326, 
56040, 338, 340, 339, 331, 
56070, 335, 334, 337, 344, 
56100, 333, 332, 334, 350, 
56130, 336, 336, 336, 340, 
56161, 339, 341, 340, 328, 
56190, 339, 341, 340, 329, 
56220, 336, 336, 337, 341, 
56251, 333, 331, 334, 349, 
56281, 334, 333, 335, 342, 
56311, 338, 341, 339, 330, 
56341, 339, 341, 340, 326, 
56372, 336, 337, 337, 337, 
56401, 333, 332, 335, 347, 
56432, 334, 334, 335, 345, 
56462, 337, 338, 338, 333, 
56493, 340, 343, 340, 325, 
56522, 339, 338, 339, 334, 
56552, 333, 332, 335, 346, 
56583, 333, 332, 334, 347, 
56612, 336, 337, 337, 336, 
56643, 339, 342, 340, 326, 
56673, 339, 339, 339, 330, 
56704, 334, 334, 336, 343, 
56733, 333, 331, 334, 349, 
56764, 335, 335, 336, 339, 
56794, 339, 340, 340, 327, 
56823, 339, 339, 339, 328, 
56854, 336, 335, 337, 340, 
56884, 334, 332, 334, 349, 
56914, 335, 334, 335, 343, 
56944, 338, 339, 339, 330, 
56975, 339, 341, 341, 327, 
57005, 336, 337, 338, 337, 
57035, 334, 331, 334, 348, 
57065, 334, 333, 336, 346, 
57096, 337, 338, 338, 334, 
57125, 339, 342, 340, 326, 
57155, 338, 339, 339, 334, 
57186, 334, 332, 336, 346, 
57216, 334, 332, 334, 348, 
57246, 336, 337, 337, 336, 
57276, 339, 341, 340, 326, 
57307, 337, 339, 339, 332, 
57336, 334, 334, 336, 343, 
57367, 333, 331, 335, 349, 
57397, 336, 335, 335, 340, 
57427, 338, 341, 339, 328, 
57457, 339, 341, 340, 328, 
57487, 336, 336, 336, 341, 
57518, 333, 331, 335, 349, 
57547, 335, 335, 335, 344, 
57578, 338, 339, 338, 330, 
57608, 340, 341, 340, 326, 
57638, 336, 338, 338, 336, 
57668, 333, 332, 334, 347, 
57699, 334, 332, 334, 345, 
57729, 337, 338, 338, 333, 
57759, 341, 342, 340, 325, 
57789, 337, 338, 338, 332, 
57819, 335, 334, 335, 344, 
57849, 334, 331, 335, 347, 
57879, 337, 337, 337, 336, 
57910, 339, 341, 341, 326, 
57939, 338, 339, 339, 330, 
57970, 335, 334, 336, 344, 
58000, 333, 331, 334, 349, 
58031, 335, 335, 336, 340, 
58060, 339, 341, 339, 328, 
58091, 339, 342, 340, 328, 
58121, 336, 336, 337, 340, 
58150, 334, 331, 334, 349, 
58181, 335, 335, 335, 343, 
58211, 338, 339, 339, 331, 
58242, 340, 342, 341, 326, 
58271, 337, 338, 338, 337, 
58302, 334, 332, 334, 348, 
58332, 334, 333, 333, 345, 
58362, 337, 339, 337, 333, 
58392, 339, 342, 340, 326, 
58423, 337, 339, 340, 333, 
58452, 334, 334, 336, 345, 
58482, 334, 332, 334, 347, 
58513, 337, 336, 337, 336, 
58543, 339, 342, 340, 326, 
58573, 338, 340, 340, 330, 
58603, 335, 334, 336, 343, 
58634, 333, 331, 334, 350, 
58663, 336, 335, 336, 339, 
58694, 339, 340, 339, 328, 
58724, 339, 340, 340, 327, 
58754, 336, 335, 337, 339, 
58784, 333, 331, 334, 348, 
58814, 334, 333, 335, 343, 
58845, 339, 339, 338, 330, 
58874, 339, 341, 341, 326, 
58905, 337, 338, 338, 337, 
58935, 333, 332, 335, 348, 
58966, 334, 333, 334, 345, 
58995, 337, 338, 337, 334, 
59026, 340, 341, 340, 325, 
59056, 338, 338, 339, 333, 
59085, 334, 333, 335, 346, 
59116, 333, 332, 334, 348, 
59146, 336, 336, 336, 337, 
59176, 339, 341, 340, 326, 
59206, 338, 339, 339, 331, 
59237, 335, 335, 336, 343, 
59267, 333, 332, 334, 349, 
59297, 335, 336, 336, 341, 
59327, 339, 341, 340, 329, 
59358, 339, 341, 339, 329, 
59387, 336, 337, 337, 341, 
59417, 333, 331, 334, 350, 
59448, 334, 333, 336, 344, 
59478, 338, 339, 339, 332, 
59508, 338, 342, 340, 327, 
59538, 336, 337, 338, 337, 
59569, 334, 332, 334, 348, 
59598, 334, 332, 335, 346, 
59629, 337, 338, 338, 335, 
59659, 339, 342, 341, 328, 
59689, 337, 339, 339, 336, 
59719, 334, 334, 335, 346, 
59749, 334, 331, 334, 348, 
59780, 337, 336, 337, 337, 
59809, 339, 342, 341, 326, 
59840, 338, 340, 339, 331, 
59870, 335, 334, 336, 343, 
59900, 333, 331, 334, 349, 
59930, 337, 335, 336, 340, 
59961, 339, 340, 339, 328, 
59991, 338, 340, 341, 328, 
60021, 336, 335, 337, 341, 
60051, 335, 333, 334, 349, 
60081, 335, 334, 335, 343, 
60111, 339, 339, 339, 330, 
60141, 340, 342, 340, 326, 
60172, 337, 337, 338, 337, 
60201, 333, 331, 334, 349, 
60232, 334, 333, 334, 345, 
60262, 337, 338, 338, 334, 
60293, 340, 342, 341, 326, 
60322, 337, 339, 338, 333, 
60353, 334, 333, 336, 345, 
60383, 333, 332, 335, 348, 
60412, 336, 336, 336, 337, 
60443, 339, 341, 340, 325, 
60473, 339, 340, 339, 331, 
60504, 334, 335, 336, 343, 
60533, 333, 331, 334, 348, 
60564, 336, 335, 336, 340, 
60594, 339, 340, 339, 328, 
60624, 338, 340, 341, 328, 
60654, 336, 336, 337, 339, 
60684, 333, 330, 334, 348, 
60715, 334, 333, 335, 343, 
60744, 338, 339, 338, 331, 
60775, 339, 342, 341, 326, 
60805, 337, 337, 337, 336, 
60835, 333, 332, 335, 348, 
60865, 334, 332, 334, 346, 
60896, 338, 338, 338, 334, 
60925, 340, 341, 340, 326, 
60956, 338, 339, 340, 334, 
60986, 334, 333, 335, 346, 
61016, 334, 332, 334, 348, 
61046, 336, 337, 337, 338, 
61076, 339, 341, 340, 327, 
61107, 338, 339, 339, 332, 
61136, 335, 335, 336, 344, 
61167, 333, 331, 334, 349, 
61197, 336, 336, 337, 340, 
61228, 338, 340, 339, 328, 
61257, 339, 341, 339, 329, 
61288, 336, 336, 337, 339, 
61318, 333, 332, 333, 349, 
61347, 335, 333, 335, 344, 
61378, 338, 339, 339, 331, 
61408, 339, 341, 340, 327, 
61438, 337, 337, 339, 338, 
61468, 334, 332, 334, 348, 
61499, 334, 333, 334, 347, 
61529, 337, 338, 338, 335, 
61559, 339, 342, 340, 326, 
61589, 337, 340, 339, 333, 
61620, 334, 333, 335, 346, 
61649, 333, 332, 334, 349, 
61679, 336, 336, 336, 337, 
61710, 339, 341, 341, 326, 
61740, 338, 340, 340, 330, 
61770, 334, 334, 336, 342, 
61800, 333, 331, 334, 349, 
61831, 335, 335, 336, 340, 
61860, 339, 340, 340, 328, 
61891, 339, 341, 339, 328, 
61921, 336, 336, 337, 338, 
61952, 333, 331, 335, 348, 
61981, 334, 333, 335, 343, 
62011, 339, 339, 338, 331, 
62042, 339, 342, 342, 327, 
62071, 337, 337, 337, 336, 
62102, 333, 332, 334, 347, 
62132, 334, 334, 334, 346, 
62162, 337, 338, 336, 334, 
62192, 341, 342, 341, 325, 
62223, 338, 340, 340, 333, 
62253, 334, 333, 335, 345, 
62283, 333, 332, 334, 348, 
62313, 336, 336, 336, 337, 
62343, 339, 341, 341, 328, 
62373, 338, 339, 339, 330, 
62403, 334, 335, 336, 342, 
62434, 333, 331, 333, 349, 
62464, 335, 335, 336, 341, 
62494, 338, 340, 339, 329, 
62524, 339, 340, 340, 328, 
62555, 336, 336, 337, 339, 
62584, 333, 331, 334, 349, 
62614, 333, 333, 336, 344, 
62645, 338, 339, 339, 331, 
62674, 339, 342, 340, 327, 
62705, 337, 337, 338, 337, 
62735, 334, 331, 333, 347, 
62766, 333, 332, 335, 346, 
62795, 337, 337, 338, 335, 
62826, 339, 342, 341, 326, 
62856, 338, 339, 339, 332, 
62886, 334, 333, 335, 344, 
62916, 334, 331, 334, 347, 
62946, 336, 336, 336, 338, 
62977, 340, 341, 339, 326, 
63006, 339, 340, 339, 329, 
63037, 335, 335, 336, 341, 
63067, 333, 332, 335, 349, 
63097, 335, 334, 335, 340, 
63127, 338, 340, 339, 329, 
63158, 340, 341, 340, 328, 
63187, 336, 336, 337, 338, 
63218, 333, 331, 334, 348, 
63248, 333, 333, 335, 344, 
63278, 339, 339, 338, 331, 
63308, 339, 342, 341, 326, 
63338, 338, 337, 339, 335, 
63369, 334, 333, 335, 347, 
63398, 333, 332, 334, 346, 
63429, 336, 338, 338, 334, 
63459, 339, 342, 341, 326, 
63490, 338, 339, 339, 333, 
63519, 335, 334, 335, 345, 
63550, 333, 332, 335, 349, 
63580, 336, 336, 337, 339, 
63609, 340, 341, 340, 328, 
63640, 338, 341, 340, 330, 
63670, 335, 335, 337, 341, 
63700, 334, 331, 333, 349, 
63730, 335, 334, 336, 342, 
63761, 338, 339, 339, 329, 
63791, 340, 341, 340, 328, 
63821, 337, 337, 337, 338, 
63851, 333, 332, 334, 348, 
63882, 335, 333, 335, 345, 
63911, 338, 339, 338, 332, 
63941, 339, 342, 341, 326, 
63972, 337, 339, 339, 336, 
64002, 334, 332, 335, 347, 
64032, 334, 332, 335, 347, 
64062, 337, 338, 337, 336, 
64093, 339, 341, 340, 325, 
64122, 337, 339, 339, 331, 
64153, 335, 333, 335, 343, 
64183, 333, 331, 336, 348, 
64214, 336, 336, 336, 338, 
64243, 340, 342, 340, 327, 
64273, 338, 340, 340, 329, 
64304, 335, 335, 337, 340, 
64333, 334, 331, 334, 349, 
64364, 335, 334, 336, 342, 
64394, 338, 340, 339, 330, 
64424, 340, 342, 340, 327, 
64454, 337, 337, 338, 337, 
64485, 333, 331, 334, 348, 
64515, 334, 333, 336, 345, 
64544, 337, 338, 338, 332, 
64575, 340, 342, 340, 327, 
64605, 338, 339, 339, 334, 
64635, 334, 332, 334, 346, 
64665, 334, 332, 334, 347, 
64696, 337, 337, 338, 336, 
64726, 339, 341, 340, 325, 
64756, 338, 339, 339, 331, 
64786, 335, 334, 336, 343, 
64817, 333, 331, 333, 347, 
64846, 335, 335, 337, 340, 
64876, 339, 341, 339, 328, 
64907, 338, 341, 341, 329, 
64936, 336, 336, 337, 340, 
64967, 334, 331, 333, 348, 
64997, 336, 334, 335, 342, 
65028, 338, 340, 339, 330, 
65057, 340, 341, 340, 328, 
65088, 336, 337, 337, 338, 
65118, 333, 331, 335, 347, 
65148, 334, 333, 335, 345, 
65178, 337, 338, 338, 333, 
65208, 339, 341, 340, 326, 
65239, 337, 338, 338, 334, 
65268, 334, 333, 336, 346, 
65299, 334, 332, 335, 349, 
65329, 337, 337, 338, 336, 
65359, 339, 341, 340, 327, 
65389, 338, 340, 340, 330, 
65420, 335, 334, 336, 343, 
65449, 333, 331, 334, 349, 
65480, 336, 335, 336, 339, 
65510, 340, 341, 340, 328, 
65540, 339, 341, 340, 330, 
65570, 336, 336, 337, 340, 
65600, 333, 332, 334, 349, 
65631, 336, 334, 335, 343, 
65660, 338, 340, 339, 330, 
65691, 340, 342, 340, 326, 
65721, 337, 337, 338, 337, 
65752, 333, 332, 334, 347, 
65781, 334, 332, 334, 345, 
65812, 338, 337, 337, 333, 
65842, 339, 341, 340, 326, 
65871, 337, 339, 338, 333, 
65902, 333, 333, 335, 346, 
65932, 333, 332, 334, 347, 
65963, 336, 336, 337, 336, 
65992, 340, 341, 340, 326, 
66023, 339, 340, 339, 330, 
66053, 335, 334, 337, 342, 
66083, 334, 331, 334, 350, 
66113, 336, 335, 336, 340, 
66144, 339, 340, 339, 328, 
66173, 339, 340, 340, 328, 
66203, 336, 336, 337, 339, 
66234, 333, 332, 335, 348, 
66264, 336, 333, 335, 344, 
66294, 337, 339, 338, 330, 
66324, 339, 341, 340, 325, 
66355, 336, 337, 337, 336, 
66384, 333, 332, 334, 348, 
66415, 334, 332, 334, 347, 
66445, 337, 337, 338, 335, 
66475, 339, 342, 340, 324, 
66505, 337, 338, 339, 332, 
66535, 334, 333, 335, 345, 
66566, 333, 331, 334, 348, 
66595, 336, 336, 336, 337, 
66626, 339, 341, 339, 327, 
66656, 338, 339, 339, 330, 
66686, 335, 334, 336, 343, 
66716, 333, 330, 333, 349, 
66747, 335, 334, 336, 342, 
66777, 338, 340, 339, 329, 
66806, 339, 340, 340, 329, 
66837, 336, 336, 337, 340, 
66867, 333, 332, 335, 349, 
66897, 335, 333, 335, 345, 
66927, 338, 339, 339, 331, 
66958, 339, 342, 340, 327, 
66988, 336, 337, 337, 337, 
67018, 333, 330, 334, 348, 
67048, 333, 332, 334, 348, 
67079, 336, 337, 337, 335, 
67108, 340, 342, 341, 326, 
67138, 337, 339, 339, 333, 
67169, 334, 333, 335, 345, 
67198, 334, 331, 333, 349, 
67229, 336, 336, 336, 339, 
67259, 339, 341, 340, 328, 
67290, 340, 339, 339, 331, 
67319, 335, 334, 336, 342, 
67350, 333, 331, 334, 350, 
67380, 336, 334, 335, 342, 
67410, 338, 340, 339, 330, 
67440, 339, 340, 341, 329, 
67470, 336, 336, 337, 339, 
67501, 332, 331, 334, 350, 
67530, 333, 333, 334, 346, 
67561, 337, 340, 338, 334, 
67591, 339, 342, 340, 328, 
67621, 337, 338, 339, 338, 
67651, 334, 332, 335, 348, 
67682, 334, 332, 334, 348, 
67712, 337, 337, 337, 337, 
67742, 340, 342, 341, 327, 
67772, 337, 339, 339, 333, 
67802, 334, 333, 336, 345, 
67832, 334, 334, 334, 349, 
67862, 336, 336, 336, 340, 
67893, 340, 341, 339, 328, 
67922, 339, 341, 341, 329, 
67953, 335, 335, 336, 342, 
67983, 333, 331, 333, 349, 
68014, 335, 335, 335, 342, 
68043, 338, 339, 339, 330, 
68074, 339, 340, 341, 328, 
68104, 336, 336, 337, 339, 
68133, 334, 331, 334, 349, 
68164, 334, 333, 335, 345, 
68194, 337, 338, 338, 333, 
68225, 339, 342, 340, 327, 
68254, 337, 337, 338, 336, 
68285, 335, 331, 335, 347, 
68315, 333, 331, 334, 348, 
68345, 337, 336, 337, 336, 
68375, 340, 341, 340, 326, 
68405, 338, 340, 339, 330, 
68435, 334, 333, 336, 342, 
68465, 334, 331, 334, 347, 
68496, 337, 336, 337, 337, 
68526, 340, 341, 339, 326, 
68556, 340, 340, 341, 327, 
68586, 336, 336, 337, 338, 
68617, 334, 331, 334, 346, 
68646, 336, 334, 336, 339, 
68677, 340, 339, 339, 327, 
68707, 340, 341, 340, 324, 
68737, 337, 337, 338, 335, 
68767, 334, 331, 334, 345, 
68797, 335, 332, 335, 342, 
68828, 338, 338, 338, 331, 
68857, 340, 342, 340, 322, 
68888, 338, 338, 338, 332, 
68918, 335, 332, 335, 344, 
68948, 334, 332, 334, 347, 
68978, 337, 336, 337, 334, 
69009, 340, 342, 341, 324, 
69039, 338, 339, 339, 329, 
69068, 334, 334, 336, 342, 
69099, 333, 331, 334, 348, 
69129, 336, 335, 336, 339, 
69159, 339, 340, 340, 326, 
69189, 339, 340, 341, 326, 
69220, 336, 336, 337, 339, 
69250, 333, 331, 334, 348, 
69280, 335, 334, 335, 342, 
69310, 338, 339, 338, 332, 
69341, 339, 341, 340, 326, 
69370, 336, 336, 338, 336, 
69400, 334, 332, 334, 348, 
69431, 333, 332, 335, 346, 
69460, 337, 338, 338, 334, 
69491, 339, 342, 341, 326, 
69521, 337, 339, 339, 334, 
69552, 333, 333, 335, 347, 
69581, 334, 333, 334, 349, 
69612, 337, 337, 337, 337, 
69642, 340, 342, 340, 327, 
69672, 337, 340, 340, 332, 
69702, 335, 334, 336, 344, 
69732, 333, 331, 335, 350, 
69763, 336, 336, 335, 342, 
69792, 340, 340, 339, 329, 
69823, 338, 341, 340, 329, 
69853, 336, 336, 337, 340, 
69883, 333, 331, 334, 350, 
69913, 335, 334, 336, 344, 
69944, 338, 340, 339, 333, 
69974, 339, 342, 340, 329, 
