346, 
116767, 333, 331, 334, 349, 
116799, 334, 334, 335, 343, 
110, 337, 339, 338, 327, 
1, 336, 337, 337, 332, 
2, 336, 335, 336, 338, 
11, 337, 339, 339, 332, 
37, 334, 332, 334, 348, 
65, 339, 342, 340, 327, 
92, 336, 335, 336, 343, 
119, 336, 336, 335, 342, 
147, 340, 342, 340, 327, 
175, 336, 335, 336, 344, 
203, 334, 333, 335, 345, 
231, 339, 342, 340, 327, 
260, 335, 336, 337, 341, 
287, 334, 332, 334, 349, 
316, 339, 341, 339, 328, 
344, 337, 338, 338, 337, 
371, 334, 332, 334, 350, 
400, 338, 340, 339, 330, 
428, 338, 339, 339, 334, 
456, 334, 331, 335, 350, 
484, 337, 338, 338, 335, 
512, 339, 341, 340, 331, 
540, 332, 331, 334, 349, 
568, 336, 336, 337, 339, 
596, 339, 341, 340, 329, 
624, 334, 333, 335, 347, 
653, 335, 335, 335, 342, 
680, 339, 342, 341, 328, 
708, 335, 334, 336, 344, 
737, 334, 335, 334, 345, 
764, 339, 342, 340, 327, 
793, 336, 336, 337, 341, 
821, 334, 332, 335, 348, 
849, 339, 341, 340, 330, 
877, 337, 337, 338, 337, 
905, 335, 331, 335, 349, 
933, 338, 341, 340, 331, 
961, 338, 339, 339, 334, 
990, 334, 331, 334, 351, 
1017, 337, 338, 338, 334, 
1046, 339, 342, 340, 329, 
1076, 335, 335, 336, 343, 
1104, 334, 331, 335, 348, 
1134, 337, 338, 338, 334, 
1163, 339, 341, 340, 329, 
1192, 336, 334, 336, 344, 
1221, 332, 333, 334, 349, 
1251, 338, 339, 338, 333, 
1280, 339, 341, 340, 330, 
1308, 334, 334, 336, 346, 
1338, 333, 333, 335, 348, 
1367, 339, 340, 337, 333, 
1396, 338, 341, 339, 330, 
1425, 334, 334, 335, 346, 
1455, 334, 332, 334, 347, 
1483, 338, 340, 339, 331, 
1512, 338, 341, 340, 331, 
1542, 334, 333, 336, 347, 
1570, 333, 333, 335, 346, 
1600, 339, 340, 339, 330, 
1629, 338, 340, 340, 332, 
1658, 335, 333, 336, 346, 
1687, 335, 333, 335, 345, 
1717, 339, 341, 339, 329, 
1745, 338, 340, 339, 331, 
1774, 334, 333, 335, 347, 
1804, 335, 334, 335, 344, 
1832, 340, 341, 339, 328, 
1862, 338, 340, 339, 332, 
1891, 333, 332, 335, 349, 
1921, 335, 333, 335, 343, 
1949, 339, 341, 340, 328, 
1978, 336, 338, 339, 334, 
2008, 333, 332, 334, 348, 
2036, 335, 334, 336, 342, 
2066, 339, 342, 340, 327, 
2095, 337, 338, 338, 334, 
2124, 334, 331, 335, 349, 
2153, 335, 334, 335, 341, 
2183, 339, 341, 341, 326, 
2211, 338, 337, 338, 335, 
2240, 333, 331, 334, 349, 
2270, 336, 335, 337, 340, 
2298, 340, 342, 340, 327, 
2328, 338, 339, 338, 336, 
2357, 333, 331, 334, 349, 
2386, 336, 336, 336, 339, 
2415, 340, 342, 340, 327, 
2444, 336, 337, 338, 336, 
2473, 333, 331, 334, 349, 
2502, 336, 336, 336, 338, 
2532, 339, 342, 341, 326, 
2561, 336, 337, 339, 338, 
2590, 333, 331, 334, 348, 
2619, 336, 337, 337, 338, 
2649, 339, 342, 341, 326, 
2677, 336, 336, 337, 339, 
2706, 333, 331, 334, 349, 
2736, 336, 337, 336, 336, 
2764, 339, 341, 342, 328, 
2794, 336, 335, 337, 340, 
2823, 333, 331, 334, 349, 
2852, 338, 337, 337, 336, 
2881, 340, 342, 340, 327, 
2910, 336, 336, 337, 341, 
2939, 333, 331, 334, 349, 
2968, 337, 337, 338, 335, 
2998, 339, 341, 341, 327, 
3026, 336, 336, 336, 342, 
3056, 334, 332, 334, 347, 
3085, 338, 339, 339, 333, 
3115, 339, 341, 340, 328, 
3143, 335, 335, 336, 343, 
3172, 333, 332, 335, 349, 
3202, 338, 339, 338, 332, 
3230, 339, 341, 340, 328, 
3260, 335, 333, 337, 344, 
3289, 334, 333, 334, 347, 
3318, 337, 339, 339, 332, 
3347, 339, 341, 343, 330, 
3376, 334, 334, 336, 343, 
3405, 334, 333, 334, 347, 
3434, 339, 341, 339, 331, 
3464, 338, 340, 340, 331, 
3492, 334, 334, 335, 346, 
3522, 334, 333, 334, 346, 
3551, 339, 340, 339, 330, 
3580, 338, 340, 338, 331, 
3609, 334, 333, 335, 347, 
3638, 334, 334, 333, 345, 
3667, 339, 339, 339, 330, 
3696, 338, 340, 339, 332, 
3726, 334, 332, 335, 347, 
3755, 335, 335, 334, 344, 
3784, 340, 341, 339, 329, 
3813, 338, 339, 339, 332, 
3842, 333, 332, 334, 347, 
3871, 335, 334, 335, 343, 
3900, 339, 341, 340, 328, 
3930, 338, 339, 339, 333, 
3958, 333, 332, 335, 350, 
3988, 336, 334, 335, 343, 
4017, 339, 341, 339, 327, 
4046, 338, 338, 339, 334, 
4075, 333, 331, 334, 349, 
4104, 335, 334, 336, 341, 
4133, 339, 341, 340, 326, 
4162, 337, 338, 339, 335, 
4192, 333, 331, 335, 349, 
4220, 335, 335, 336, 340, 
4250, 339, 342, 341, 326, 
4279, 337, 337, 338, 336, 
4307, 332, 331, 334, 349, 
4337, 336, 336, 336, 338, 
4366, 339, 343, 340, 326, 
4396, 337, 337, 338, 337, 
4424, 334, 334, 335, 349, 
4454, 336, 335, 336, 339, 
4483, 341, 343, 341, 328, 
4512, 336, 337, 338, 338, 
4541, 333, 331, 333, 349, 
4570, 336, 336, 336, 337, 
4599, 340, 341, 341, 326, 
4628, 336, 336, 338, 338, 
4658, 334, 331, 333, 350, 
4686, 336, 337, 337, 337, 
4716, 340, 342, 341, 326, 
4745, 336, 336, 337, 340, 
4773, 334, 331, 334, 349, 
4803, 337, 337, 339, 335, 
4832, 339, 341, 340, 327, 
4861, 337, 336, 337, 342, 
4890, 333, 332, 334, 349, 
4920, 337, 338, 338, 335, 
4948, 339, 341, 340, 328, 
4978, 336, 335, 336, 342, 
5007, 334, 333, 334, 349, 
5036, 337, 339, 338, 333, 
5065, 339, 339, 340, 328, 
5094, 335, 334, 336, 343, 
5124, 334, 333, 334, 348, 
5152, 338, 338, 338, 333, 
5182, 338, 341, 341, 328, 
5211, 335, 334, 336, 343, 
5239, 334, 332, 334, 346, 
5269, 338, 339, 338, 332, 
5298, 339, 341, 340, 329, 
5327, 334, 334, 337, 344, 
5356, 334, 332, 334, 347, 
5386, 338, 340, 338, 331, 
5414, 339, 340, 341, 330, 
5444, 335, 334, 337, 344, 
5473, 335, 333, 336, 346, 
5501, 338, 340, 340, 330, 
5531, 338, 340, 339, 331, 
5560, 334, 333, 335, 346, 
5590, 334, 333, 335, 346, 
5618, 337, 340, 339, 329, 
5648, 338, 338, 340, 332, 
5677, 333, 333, 335, 346, 
5705, 334, 333, 334, 344, 
5735, 339, 340, 339, 329, 
5764, 338, 339, 339, 332, 
5793, 333, 332, 335, 347, 
5822, 334, 334, 335, 344, 
5852, 339, 340, 340, 328, 
5880, 337, 339, 339, 333, 
5910, 333, 331, 334, 348, 
5939, 335, 334, 335, 343, 
5967, 340, 342, 338, 327, 
5997, 338, 339, 338, 333, 
6026, 333, 332, 334, 349, 
6055, 335, 334, 336, 342, 
6084, 341, 341, 339, 327, 
6114, 337, 338, 339, 334, 
6142, 333, 331, 334, 349, 
6171, 335, 335, 336, 340, 
6201, 339, 342, 340, 326, 
6230, 337, 337, 338, 336, 
6259, 334, 331, 334, 349, 
6288, 336, 335, 336, 340, 
6318, 339, 342, 341, 326, 
6346, 337, 337, 339, 337, 
6376, 333, 332, 334, 351, 
6405, 336, 336, 336, 339, 
6433, 340, 342, 341, 326, 
6463, 336, 337, 338, 338, 
6492, 334, 332, 334, 349, 
6521, 337, 336, 337, 339, 
6550, 340, 343, 340, 328, 
6580, 336, 338, 338, 340, 
6608, 333, 332, 334, 349, 
6637, 337, 336, 336, 337, 
6667, 339, 341, 340, 326, 
6695, 336, 337, 337, 340, 
6725, 333, 332, 334, 350, 
6754, 337, 337, 337, 336, 
6784, 339, 342, 341, 327, 
6812, 336, 335, 337, 340, 
6842, 333, 331, 334, 349, 
6871, 337, 338, 338, 335, 
6899, 340, 341, 340, 326, 
6929, 335, 335, 337, 341, 
6958, 335, 332, 334, 348, 
6987, 337, 338, 338, 333, 
7016, 339, 341, 339, 327, 
7046, 335, 335, 336, 342, 
7074, 335, 332, 334, 347, 
7103, 338, 339, 338, 332, 
7133, 339, 341, 340, 328, 
7161, 335, 334, 336, 343, 
7191, 334, 332, 335, 347, 
7220, 337, 340, 338, 332, 
7249, 339, 341, 340, 329, 
7278, 335, 334, 336, 344, 
7308, 333, 332, 334, 347, 
7336, 338, 339, 339, 330, 
7365, 339, 341, 341, 329, 
7395, 334, 332, 335, 345, 
7424, 334, 332, 334, 345, 
7453, 339, 340, 338, 329, 
7482, 339, 341, 340, 329, 
7512, 334, 333, 335, 345, 
7540, 335, 333, 334, 345, 
7569, 338, 340, 339, 329, 
7599, 338, 340, 338, 330, 
7627, 334, 332, 335, 346, 
7657, 333, 333, 335, 344, 
7686, 340, 340, 339, 328, 
7715, 337, 339, 339, 331, 
7744, 332, 332, 335, 348, 
7774, 334, 332, 335, 344, 
7802, 338, 340, 341, 328, 
7831, 337, 339, 339, 332, 
7861, 333, 332, 334, 347, 
7889, 335, 334, 335, 343, 
7919, 339, 341, 340, 327, 
7948, 338, 339, 339, 333, 
7977, 334, 332, 335, 347, 
8006, 335, 334, 335, 341, 
8035, 339, 342, 340, 326, 
8065, 336, 338, 339, 334, 
8093, 333, 331, 335, 349, 
8123, 336, 335, 336, 340, 
8152, 339, 341, 340, 327, 
8181, 337, 338, 338, 334, 
8210, 334, 331, 334, 349, 
8240, 336, 335, 335, 340, 
8268, 339, 341, 340, 326, 
8297, 337, 337, 339, 336, 
8327, 333, 331, 334, 349, 
8355, 335, 335, 336, 339, 
8385, 339, 341, 339, 327, 
8414, 336, 337, 338, 336, 
8443, 333, 331, 335, 349, 
8472, 336, 336, 336, 338, 
8501, 339, 342, 342, 325, 
8530, 337, 338, 338, 337, 
8559, 333, 331, 334, 349, 
8589, 336, 336, 337, 337, 
8617, 339, 341, 340, 326, 
8647, 337, 333, 337, 338, 
8676, 333, 331, 334, 349, 
8706, 336, 337, 337, 336, 
8734, 339, 341, 340, 326, 
8763, 336, 336, 337, 340, 
8793, 333, 332, 334, 349, 
8821, 337, 337, 337, 335, 
8851, 339, 342, 340, 327, 
8880, 335, 335, 336, 340, 
8909, 334, 332, 335, 350, 
8938, 337, 339, 337, 334, 
8967, 339, 341, 340, 326, 
8996, 336, 336, 337, 342, 
9025, 334, 331, 334, 348, 
9055, 338, 338, 338, 334, 
9083, 339, 341, 340, 327, 
9113, 335, 335, 336, 342, 
9142, 333, 332, 334, 348, 
9171, 338, 338, 338, 333, 
9200, 339, 341, 340, 328, 
9229, 335, 334, 336, 344, 
9259, 333, 332, 334, 348, 
9287, 338, 339, 338, 332, 
9317, 338, 341, 340, 330, 
9346, 334, 334, 336, 344, 
9375, 334, 332, 334, 347, 
9404, 338, 339, 340, 331, 
9433, 338, 341, 340, 329, 
9462, 334, 334, 335, 345, 
9491, 335, 331, 334, 346, 
9521, 338, 340, 338, 331, 
9549, 338, 340, 341, 330, 
9579, 334, 333, 336, 346, 
9608, 334, 333, 334, 346, 
9637, 339, 341, 339, 331, 
9666, 338, 341, 339, 331, 
9695, 334, 332, 335, 347, 
9724, 336, 333, 335, 345, 
9753, 337, 340, 339, 330, 
9783, 338, 339, 340, 332, 
9811, 333, 332, 335, 347, 
9841, 335, 333, 335, 343, 
9870, 339, 341, 340, 328, 
9899, 336, 339, 339, 333, 
9928, 333, 332, 334, 348, 
9957, 335, 333, 335, 343, 
9987, 339, 341, 340, 327, 
10015, 338, 339, 339, 333, 
10046, 334, 334, 336, 345, 
10076, 334, 332, 334, 349, 
10106, 336, 336, 336, 339, 
10136, 339, 342, 341, 328, 
10167, 339, 340, 339, 330, 
10196, 335, 335, 336, 342, 
10226, 334, 331, 333, 349, 
10257, 335, 335, 335, 341, 
10287, 339, 340, 339, 330, 
10317, 339, 341, 340, 328, 
10347, 336, 336, 336, 339, 
10378, 332, 331, 334, 349, 
10407, 335, 333, 335, 344, 
10438, 337, 340, 338, 331, 
10468, 339, 341, 340, 327, 
10498, 336, 337, 338, 337, 
10528, 333, 332, 333, 347, 
10558, 334, 333, 335, 346, 
10589, 337, 338, 338, 336, 
10618, 340, 342, 340, 326, 
10649, 336, 339, 339, 334, 
10679, 334, 333, 335, 345, 
10710, 333, 332, 334, 348, 
10739, 335, 336, 336, 338, 
10770, 339, 341, 340, 327, 
10800, 338, 340, 339, 331, 
10829, 335, 334, 336, 343, 
10860, 333, 331, 333, 349, 
10890, 335, 335, 336, 340, 
10920, 339, 341, 339, 328, 
10950, 339, 340, 340, 329, 
10981, 335, 335, 337, 340, 
11011, 333, 331, 335, 350, 
11041, 335, 335, 336, 343, 
11071, 338, 339, 340, 330, 
11102, 338, 341, 340, 326, 
11131, 336, 337, 338, 337, 
11161, 333, 332, 335, 348, 
11192, 334, 333, 335, 345, 
11222, 337, 338, 338, 333, 
11252, 339, 342, 341, 326, 
11282, 337, 338, 339, 334, 
11313, 333, 332, 335, 346, 
11342, 334, 331, 334, 347, 
11373, 338, 337, 337, 336, 
11403, 339, 341, 341, 326, 
11433, 339, 339, 340, 332, 
11463, 334, 333, 336, 343, 
11493, 334, 331, 334, 349, 
11524, 336, 335, 336, 339, 
11553, 339, 341, 340, 328, 
11584, 339, 340, 340, 328, 
11614, 336, 335, 337, 341, 
11644, 333, 332, 334, 349, 
11674, 335, 334, 336, 342, 
11705, 338, 340, 338, 329, 
11735, 339, 341, 340, 327, 
11765, 336, 337, 337, 337, 
11795, 334, 331, 335, 349, 
11825, 334, 333, 335, 344, 
11855, 338, 338, 338, 333, 
11885, 339, 341, 340, 326, 
11916, 338, 338, 338, 335, 
11945, 334, 332, 335, 346, 
11976, 334, 332, 335, 346, 
12006, 337, 337, 337, 335, 
12037, 340, 341, 340, 326, 
12066, 338, 339, 340, 332, 
12097, 334, 333, 335, 345, 
12127, 333, 331, 334, 348, 
12156, 336, 336, 337, 338, 
12187, 339, 342, 340, 327, 
12217, 338, 341, 339, 330, 
12248, 335, 335, 337, 342, 
12277, 333, 331, 334, 350, 
12308, 335, 335, 335, 342, 
12338, 338, 340, 339, 329, 
12368, 339, 341, 339, 328, 
12398, 337, 336, 337, 339, 
12428, 333, 331, 334, 350, 
12459, 335, 333, 336, 344, 
12488, 337, 339, 339, 331, 
12519, 340, 341, 341, 327, 
12549, 337, 337, 339, 337, 
12579, 333, 331, 334, 348, 
12609, 333, 332, 335, 347, 
12640, 337, 337, 337, 335, 
12669, 339, 341, 339, 326, 
12700, 337, 339, 339, 333, 
12730, 335, 335, 335, 345, 
12760, 333, 332, 334, 348, 
12790, 336, 336, 336, 337, 
12820, 341, 342, 341, 327, 
12851, 338, 340, 339, 331, 
12880, 336, 334, 337, 343, 
12911, 333, 331, 333, 349, 
12941, 336, 335, 334, 340, 
12972, 338, 341, 339, 328, 
13001, 339, 341, 340, 328, 
13032, 335, 336, 337, 340, 
13062, 333, 331, 334, 349, 
13091, 335, 334, 336, 343, 
13122, 338, 339, 340, 331, 
13152, 339, 342, 341, 327, 
13182, 338, 337, 339, 337, 
13212, 333, 332, 334, 348, 
13243, 334, 333, 335, 345, 
13273, 338, 338, 338, 334, 
13303, 339, 342, 341, 327, 
13333, 337, 339, 338, 335, 
13364, 333, 333, 335, 347, 
13393, 334, 332, 334, 348, 
13423, 338, 338, 337, 336, 
13454, 340, 342, 340, 326, 
13484, 337, 340, 339, 332, 
13514, 335, 333, 336, 344, 
13544, 333, 331, 333, 348, 
13575, 335, 337, 337, 339, 
13604, 339, 342, 340, 328, 
13635, 338, 341, 339, 330, 
13665, 335, 335, 337, 341, 
13696, 333, 331, 334, 350, 
13725, 335, 335, 336, 342, 
13755, 338, 340, 339, 330, 
13786, 340, 341, 341, 328, 
13815, 337, 337, 339, 338, 
13846, 333, 331, 334, 349, 
13876, 334, 333, 335, 343, 
13906, 338, 338, 338, 332, 
13936, 340, 341, 341, 325, 
13967, 336, 337, 339, 335, 
13997, 332, 332, 335, 347, 
14027, 334, 332, 336, 347, 
14057, 337, 337, 338, 336, 
14087, 339, 340, 339, 326, 
14117, 338, 339, 339, 332, 
14147, 334, 334, 336, 344, 
14178, 334, 332, 334, 348, 
14208, 336, 336, 337, 337, 
14238, 339, 341, 341, 326, 
14268, 338, 340, 339, 330, 
14299, 335, 335, 337, 342, 
14328, 333, 331, 334, 349, 
14358, 335, 335, 336, 341, 
14389, 340, 341, 338, 330, 
14418, 339, 341, 340, 327, 
14449, 336, 336, 337, 340, 
14479, 334, 332, 334, 350, 
14510, 336, 334, 335, 344, 
14539, 338, 340, 339, 333, 
14570, 340, 342, 341, 328, 
14600, 336, 337, 339, 337, 
14630, 334, 332, 335, 349, 
14660, 335, 333, 334, 348, 
14690, 338, 338, 338, 334, 
14721, 339, 342, 340, 327, 
14750, 337, 338, 339, 335, 
14781, 334, 334, 336, 346, 
14811, 334, 332, 335, 349, 
14841, 336, 336, 338, 337, 
14871, 339, 341, 340, 327, 
14902, 338, 341, 340, 331, 
14931, 335, 334, 336, 343, 
14962, 333, 331, 334, 349, 
14992, 336, 335, 336, 340, 
15022, 339, 341, 340, 328, 
15052, 338, 341, 340, 328, 
15082, 336, 336, 337, 340, 
15113, 333, 331, 334, 349, 
15142, 335, 334, 335, 342, 
15173, 339, 341, 339, 331, 
15203, 339, 341, 340, 327, 
15234, 336, 337, 338, 338, 
15263, 334, 332, 334, 348, 
15294, 334, 333, 335, 345, 
15324, 337, 338, 338, 334, 
15353, 340, 342, 341, 327, 
15384, 336, 338, 339, 335, 
15414, 334, 333, 335, 347, 
15444, 333, 332, 334, 347, 
15474, 337, 337, 337, 335, 
15505, 339, 342, 340, 327, 
15535, 339, 340, 340, 332, 
15565, 334, 334, 336, 344, 
15595, 334, 331, 334, 348, 
15626, 336, 336, 336, 339, 
15655, 340, 342, 340, 328, 
15685, 338, 340, 340, 329, 
15716, 336, 335, 337, 341, 
15746, 333, 331, 333, 349, 
15776, 335, 335, 336, 343, 
15806, 339, 340, 339, 329, 
15837, 339, 341, 340, 329, 
15866, 336, 336, 337, 340, 
15897, 333, 332, 335, 349, 
15927, 334, 333, 335, 344, 
15958, 339, 339, 338, 331, 
15987, 339, 342, 340, 326, 
16017, 337, 337, 338, 336, 
16048, 333, 332, 335, 347, 
16077, 334, 332, 335, 347, 
16108, 338, 337, 337, 334, 
16138, 340, 342, 340, 325, 
16168, 337, 339, 339, 333, 
16198, 335, 333, 335, 345, 
16229, 333, 332, 334, 348, 
16259, 336, 335, 337, 338, 
16288, 339, 341, 340, 326, 
16319, 339, 340, 340, 330, 
16349, 335, 335, 336, 342, 
16379, 333, 331, 334, 348, 
16409, 335, 335, 336, 340, 
16440, 339, 340, 339, 328, 
16470, 339, 340, 340, 327, 
16500, 336, 336, 337, 339, 
16530, 333, 331, 335, 349, 
16561, 335, 334, 335, 344, 
16590, 338, 339, 337, 332, 
16620, 339, 341, 341, 327, 
16651, 336, 337, 338, 337, 
16680, 334, 332, 334, 347, 
16711, 334, 332, 334, 346, 
16741, 337, 338, 338, 334, 
16772, 339, 342, 340, 326, 
16801, 337, 339, 339, 333, 
16832, 334, 334, 336, 345, 
16862, 333, 331, 333, 348, 
16892, 336, 336, 338, 339, 
16922, 339, 341, 340, 327, 
16952, 338, 340, 339, 332, 
16983, 335, 334, 337, 344, 
17012, 333, 331, 333, 349, 
17043, 336, 335, 336, 341, 
17073, 339, 340, 340, 329, 
17103, 339, 341, 340, 329, 
17133, 336, 335, 337, 341, 
17164, 333, 331, 335, 350, 
17193, 335, 335, 336, 343, 
17224, 339, 340, 338, 331, 
17254, 339, 341, 340, 327, 
17284, 336, 337, 338, 338, 
17314, 333, 332, 334, 348, 
17344, 333, 332, 335, 346, 
17375, 339, 338, 338, 334, 
17404, 340, 341, 340, 326, 
17435, 337, 338, 338, 334, 
17465, 334, 333, 335, 347, 
17496, 334, 333, 333, 348, 
17525, 336, 337, 337, 337, 
17556, 340, 341, 340, 326, 
17586, 339, 339, 339, 332, 
17615, 335, 335, 336, 345, 
17646, 334, 331, 334, 350, 
17676, 336, 336, 335, 340, 
17707, 339, 341, 340, 328, 
17736, 339, 340, 340, 330, 
17767, 335, 335, 337, 341, 
17797, 333, 331, 335, 350, 
17827, 335, 334, 335, 343, 
17857, 338, 340, 341, 332, 
17888, 339, 342, 340, 328, 
17917, 336, 337, 338, 338, 
17947, 333, 333, 334, 350, 
17978, 334, 333, 335, 345, 
18008, 337, 338, 337, 333, 
18038, 339, 341, 340, 326, 
18068, 337, 337, 339, 335, 
18099, 334, 332, 335, 346, 
18128, 334, 332, 334, 346, 
18159, 337, 337, 338, 335, 
18189, 340, 341, 340, 327, 
18219, 338, 339, 339, 333, 
18249, 335, 333, 336, 344, 
18279, 334, 332, 333, 348, 
18310, 337, 336, 336, 338, 
18339, 339, 341, 340, 327, 
18370, 338, 340, 339, 329, 
18400, 335, 335, 336, 342, 
18430, 333, 331, 334, 349, 
18460, 336, 335, 336, 341, 
18491, 339, 340, 339, 330, 
18521, 340, 341, 340, 328, 
18550, 336, 336, 337, 339, 
18581, 333, 331, 335, 350, 
18611, 334, 333, 334, 344, 
18641, 338, 339, 339, 331, 
18671, 339, 342, 340, 326, 
18702, 337, 338, 338, 336, 
18732, 333, 332, 335, 347, 
18762, 334, 332, 334, 346, 
18792, 337, 337, 337, 335, 
18823, 340, 342, 340, 326, 
18852, 337, 340, 338, 333, 
18882, 334, 332, 335, 345, 
18913, 333, 332, 334, 349, 
18942, 336, 336, 336, 338, 
18973, 340, 341, 340, 327, 
19003, 338, 340, 341, 331, 
19034, 335, 334, 336, 342, 
19063, 333, 332, 334, 349, 
19094, 335, 334, 336, 341, 
19124, 339, 340, 340, 329, 
19154, 339, 340, 341, 329, 
19184, 335, 337, 337, 340, 
19214, 331, 331, 334, 349, 
19245, 334, 333, 335, 343, 
19274, 338, 340, 338, 331, 
19305, 339, 342, 340, 325, 
19335, 337, 337, 338, 337, 
19365, 334, 333, 335, 347, 
19395, 334, 332, 334, 345, 
19426, 337, 338, 337, 336, 
19456, 339, 343, 340, 325, 
19486, 337, 338, 339, 334, 
19516, 334, 334, 336, 346, 
19546, 334, 331, 334, 347, 
19576, 336, 336, 336, 336, 
19606, 337, 341, 340, 327, 
19637, 338, 339, 340, 331, 
19666, 334, 334, 335, 343, 
19697, 333, 331, 334, 349, 
19727, 337, 335, 336, 340, 
19758, 339, 341, 339, 326, 
19787, 338, 340, 340, 329, 
19818, 336, 335, 338, 340, 
19848, 333, 332, 334, 349, 
19877, 335, 334, 335, 343, 
19908, 338, 338, 339, 330, 
19938, 339, 341, 340, 326, 
19969, 336, 336, 337, 337, 
19998, 333, 333, 334, 348, 
20029, 334, 333, 334, 345, 
20059, 338, 338, 338, 333, 
20089, 339, 342, 341, 326, 
20119, 337, 338, 338, 334, 
20149, 334, 332, 335, 347, 
20179, 334, 332, 334, 347, 
20209, 337, 337, 337, 336, 
20240, 339, 341, 340, 326, 
20270, 338, 339, 340, 330, 
20300, 335, 334, 336, 344, 
20330, 335, 332, 334, 349, 
20361, 336, 336, 336, 339, 
20390, 339, 341, 340, 328, 
20421, 338, 341, 340, 329, 
20451, 337, 336, 337, 341, 
20481, 334, 331, 334, 349, 
20511, 335, 334, 335, 342, 
20541, 338, 341, 339, 329, 
20572, 339, 341, 340, 328, 
20601, 337, 337, 338, 338, 
20632, 334, 332, 335, 348, 
20662, 334, 334, 334, 344, 
20692, 338, 339, 337, 332, 
20722, 339, 342, 340, 326, 
20753, 337, 338, 338, 336, 
20783, 334, 332, 335, 347, 
20812, 334, 332, 334, 347, 
20843, 337, 337, 337, 335, 
20873, 340, 343, 340, 326, 
20903, 338, 339, 339, 334, 
20933, 334, 333, 336, 345, 
20964, 333, 331, 334, 348, 
20994, 337, 336, 337, 338, 
21024, 340, 341, 339, 327, 
21054, 338, 341, 339, 329, 
21085, 335, 336, 336, 342, 
21114, 333, 331, 334, 349, 
21144, 335, 335, 336, 341, 
21175, 338, 342, 340, 329, 
21204, 339, 340, 340, 328, 
21235, 336, 337, 337, 340, 
21265, 333, 331, 334, 350, 
21296, 334, 333, 335, 344, 
21325, 337, 340, 339, 331, 
21356, 339, 341, 340, 326, 
21386, 336, 337, 338, 337, 
21416, 333, 332, 334, 347, 
21446, 334, 332, 334, 346, 
21476, 337, 338, 339, 335, 
21507, 341, 343, 342, 326, 
21536, 338, 340, 340, 333, 
21567, 334, 333, 335, 345, 
21597, 335, 332, 335, 349, 
21627, 336, 337, 337, 337, 
21657, 339, 342, 341, 326, 
21688, 338, 340, 340, 330, 
21718, 335, 335, 336, 343, 
21748, 333, 333, 333, 349, 
21778, 336, 335, 336, 340, 
21808, 340, 342, 340, 328, 
21838, 339, 341, 340, 328, 
21868, 336, 336, 338, 339, 
21899, 333, 331, 335, 349, 
21928, 335, 334, 335, 343, 
21959, 338, 339, 338, 329, 
21989, 339, 341, 341, 326, 
22020, 336, 337, 337, 336, 
22049, 333, 332, 335, 348, 
22079, 333, 332, 336, 346, 
22110, 337, 337, 337, 334, 
22139, 339, 342, 340, 325, 
22170, 337, 339, 338, 335, 
22200, 334, 333, 335, 347, 
22231, 333, 332, 334, 348, 
22260, 336, 336, 337, 336, 
22291, 340, 341, 340, 326, 
22321, 338, 340, 339, 332, 
22351, 335, 334, 336, 344, 
22381, 333, 331, 334, 349, 
22411, 336, 336, 336, 339, 
22441, 339, 341, 339, 328, 
22471, 338, 340, 339, 329, 
22502, 336, 336, 337, 341, 
22532, 333, 331, 333, 350, 
22562, 335, 334, 335, 342, 
22592, 338, 340, 339, 330, 
22623, 338, 341, 340, 327, 
22652, 336, 336, 337, 337, 
22683, 333, 331, 334, 349, 
22713, 335, 333, 335, 345, 
22743, 338, 338, 339, 333, 
22773, 339, 342, 340, 326, 
22803, 338, 338, 338, 335, 
22834, 334, 332, 334, 347, 
22863, 334, 332, 334, 348, 
22894, 338, 337, 337, 336, 
22924, 339, 341, 340, 327, 
22955, 338, 340, 340, 332, 
22984, 334, 333, 336, 344, 
23015, 333, 331, 333, 349, 
23045, 336, 337, 337, 339, 
23074, 339, 341, 340, 327, 
23105, 338, 340, 340, 330, 
23135, 335, 335, 336, 342, 
23165, 333, 331, 334, 349, 
23195, 335, 334, 335, 341, 
23226, 339, 341, 339, 330, 
23256, 339, 341, 340, 328, 
23286, 336, 336, 337, 339, 
23316, 333, 332, 334, 349, 
23347, 335, 334, 335, 343, 
23376, 338, 339, 338, 333, 
23406, 339, 341, 341, 327, 
23437, 337, 338, 338, 337, 
23467, 334, 332, 335, 348, 
23497, 334, 333, 335, 346, 
23527, 337, 337, 337, 334, 
23558, 340, 342, 339, 326, 
23587, 337, 338, 339, 335, 
23618, 334, 333, 336, 346, 
23648, 333, 331, 334, 349, 
23678, 336, 336, 336, 337, 
23708, 339, 341, 340, 328, 
23738, 337, 339, 339, 331, 
23769, 335, 334, 336, 343, 
23798, 333, 331, 335, 350, 
23829, 335, 335, 335, 341, 
23859, 339, 341, 340, 329, 
23889, 338, 341, 340, 329, 
23919, 335, 336, 337, 341, 
23950, 333, 331, 334, 349, 
23980, 335, 334, 335, 344, 
24009, 338, 339, 338, 331, 
24040, 339, 341, 341, 327, 
24070, 337, 337, 339, 337, 
24100, 333, 331, 334, 348, 
24130, 334, 333, 334, 346, 
24161, 337, 339, 339, 334, 
24190, 339, 341, 340, 325, 
24221, 337, 338, 339, 334, 
24251, 334, 333, 335, 346, 
24282, 333, 332, 334, 348, 
24311, 336, 337, 337, 336, 
24341, 338, 343, 341, 326, 
24372, 337, 339, 339, 331, 
24401, 334, 334, 335, 343, 
24432, 333, 331, 334, 349, 
24462, 335, 335, 337, 339, 
24493, 340, 340, 340, 327, 
24522, 338, 340, 341, 330, 
24553, 334, 335, 336, 340, 
24583, 333, 331, 334, 348, 
24613, 336, 334, 335, 343, 
24643, 339, 340, 340, 330, 
24673, 339, 341, 340, 326, 
24704, 336, 337, 337, 338, 
24733, 333, 331, 334, 348, 
24764, 334, 333, 335, 344, 
24794, 338, 339, 338, 333, 
24824, 339, 341, 340, 325, 
24854, 337, 337, 339, 335, 
24885, 333, 333, 335, 347, 
24914, 334, 332, 334, 346, 
24945, 336, 337, 339, 335, 
24975, 339, 341, 340, 326, 
25005, 339, 339, 338, 332, 
25035, 335, 333, 335, 344, 
25065, 334, 331, 334, 348, 
25096, 337, 336, 337, 339, 
25125, 340, 342, 340, 326, 
25156, 338, 340, 339, 329, 
25186, 336, 334, 337, 340, 
25217, 333, 331, 333, 348, 
25246, 335, 334, 335, 341, 
25277, 340, 341, 339, 330, 
25307, 339, 341, 341, 327, 
25336, 335, 336, 337, 338, 
25367, 333, 331, 334, 348, 
25397, 334, 333, 335, 343, 
25427, 338, 339, 339, 330, 
25457, 340, 341, 340, 325, 
25488, 336, 338, 339, 335, 
25518, 333, 332, 335, 347, 
25548, 333, 332, 335, 347, 
25578, 337, 337, 337, 334, 
25609, 339, 342, 341, 326, 
25638, 339, 338, 341, 333, 
25668, 332, 333, 335, 345, 
25699, 333, 331, 334, 348, 
25729, 336, 336, 338, 338, 
25759, 339, 341, 340, 326, 
25789, 338, 340, 339, 330, 
25820, 336, 334, 336, 342, 
25849, 333, 331, 334, 348, 
25880, 335, 335, 336, 340, 
25910, 339, 341, 339, 328, 
25939, 339, 340, 340, 328, 
25970, 336, 336, 337, 339, 
26000, 334, 331, 333, 350, 
26031, 335, 335, 335, 342, 
26060, 338, 340, 338, 331, 
26091, 339, 341, 341, 326, 
26121, 336, 337, 338, 336, 
26151, 333, 332, 334, 348, 
26181, 335, 332, 335, 345, 
26212, 337, 339, 337, 333, 
26242, 339, 342, 340, 326, 
26271, 336, 338, 337, 334, 
26302, 334, 333, 337, 346, 
26332, 333, 333, 335, 348, 
26362, 337, 336, 337, 336, 
26392, 338, 342, 340, 326, 
26423, 338, 339, 339, 331, 
26452, 334, 333, 336, 344, 
26483, 333, 331, 333, 349, 
26513, 335, 335, 336, 339, 
26544, 340, 341, 339, 327, 
26573, 340, 340, 340, 329, 
26603, 334, 335, 336, 340, 
26634, 333, 330, 331, 349, 
26663, 336, 334, 335, 342, 
26694, 338, 341, 339, 330, 
26724, 340, 342, 340, 327, 
26755, 337, 338, 337, 338, 
26784, 332, 332, 334, 347, 
26815, 335, 333, 335, 345, 
26845, 339, 339, 339, 332, 
26875, 340, 341, 340, 324, 
26905, 338, 338, 338, 335, 
26935, 335, 333, 334, 346, 
26966, 335, 332, 335, 347, 
26995, 337, 337, 337, 336, 
27026, 339, 342, 340, 325, 
27056, 338, 339, 339, 331, 
27086, 334, 334, 336, 345, 
27116, 334, 331, 333, 348, 
27147, 335, 336, 336, 339, 
27176, 339, 342, 340, 327, 
27207, 339, 340, 339, 329, 
27237, 335, 335, 336, 341, 
27267, 333, 331, 334, 349, 
27297, 336, 334, 335, 340, 
27327, 339, 339, 339, 329, 
27358, 339, 340, 341, 328, 
27387, 336, 336, 337, 339, 
27418, 333, 330, 334, 349, 
27448, 335, 333, 336, 344, 
27479, 338, 339, 338, 330, 
27508, 338, 342, 340, 325, 
27539, 337, 337, 337, 336, 
27569, 335, 332, 334, 347, 
27598, 334, 332, 335, 346, 
27629, 338, 338, 336, 335, 
27659, 341, 342, 340, 325, 
27689, 338, 340, 338, 332, 
27719, 336, 334, 335, 345, 
27750, 335, 332, 334, 349, 
27780, 337, 336, 336, 337, 
27810, 340, 342, 340, 327, 
27840, 339, 340, 339, 331, 
27870, 335, 335, 336, 343, 
27900, 333, 331, 333, 349, 
27930, 336, 335, 336, 341, 
27961, 339, 340, 339, 328, 
27991, 339, 342, 340, 327, 
28021, 337, 337, 337, 340, 
28051, 335, 331, 334, 349, 
28082, 335, 333, 335, 343, 
28111, 338, 339, 339, 331, 
28142, 340, 342, 340, 326, 
28172, 337, 337, 337, 337, 
28201, 333, 332, 334, 350, 
28232, 335, 333, 334, 347, 
28262, 337, 339, 338, 335, 
28293, 339, 342, 340, 327, 
28322, 337, 338, 340, 335, 
28353, 334, 333, 335, 346, 
28383, 334, 332, 334, 350, 
28413, 336, 337, 337, 337, 
28443, 339, 342, 341, 327, 
28474, 338, 340, 339, 332, 
28504, 335, 334, 336, 344, 
28533, 334, 331, 334, 349, 
28564, 336, 336, 336, 341, 
28594, 339, 342, 339, 328, 
28624, 338, 343, 340, 329, 
28654, 336, 335, 336, 341, 
28685, 334, 331, 334, 350, 
28715, 336, 334, 335, 343, 
28745, 339, 338, 338, 332, 
28775, 339, 341, 340, 327, 
28806, 336, 337, 337, 338, 
28835, 333, 331, 334, 349, 
28865, 336, 333, 335, 346, 
28896, 338, 338, 338, 334, 
28925, 340, 342, 341, 327, 
28956, 337, 338, 339, 335, 
28986, 334, 332, 335, 348, 
29017, 333, 332, 335, 348, 
29046, 337, 337, 337, 336, 
29077, 340, 342, 341, 327, 
29107, 339, 340, 340, 333, 
29137, 335, 334, 336, 345, 
29167, 335, 331, 334, 350, 
29197, 337, 335, 336, 339, 
29228, 339, 341, 340, 329, 
29257, 339, 341, 340, 330, 
29288, 337, 335, 337, 342, 
29318, 332, 331, 333, 350, 
29348, 336, 334, 335, 342, 
29378, 338, 340, 340, 329, 
29409, 339, 341, 340, 327, 
29438, 337, 336, 337, 340, 
29469, 334, 332, 334, 349, 
29499, 335, 333, 335, 344, 
29529, 338, 339, 337, 333, 
29559, 340, 342, 340, 326, 
29589, 338, 338, 338, 335, 
29620, 334, 334, 335, 347, 
29649, 334, 332, 335, 347, 
29680, 337, 337, 337, 336, 
29710, 339, 342, 340, 325, 
29741, 338, 339, 339, 332, 
29770, 335, 334, 335, 345, 
29800, 334, 330, 334, 349, 
29831, 337, 337, 336, 339, 
29860, 339, 341, 340, 327, 
29891, 339, 340, 339, 330, 
29921, 335, 335, 337, 341, 
29952, 334, 331, 334, 350, 
29981, 336, 335, 336, 342, 
30012, 339, 341, 339, 330, 
30042, 339, 341, 340, 328, 
30072, 336, 336, 337, 339, 
30102, 333, 331, 333, 347, 
30132, 335, 334, 334, 344, 
30162, 338, 339, 338, 331, 
30192, 340, 342, 340, 327, 
30223, 337, 337, 338, 335, 
30253, 333, 332, 334, 346, 
30283, 334, 332, 334, 346, 
30313, 337, 336, 338, 334, 
30344, 339, 342, 340, 325, 
30373, 338, 339, 339, 332, 
30404, 334, 333, 335, 344, 
30434, 334, 332, 334, 347, 
30464, 336, 336, 336, 337, 
30494, 340, 341, 340, 326, 
30524, 339, 340, 339, 329, 
30555, 336, 336, 336, 342, 
30584, 332, 331, 334, 349, 
30615, 335, 335, 336, 340, 
30645, 339, 340, 340, 328, 
30675, 339, 341, 340, 328, 
30705, 336, 337, 337, 339, 
30736, 334, 331, 334, 349, 
30766, 335, 334, 335, 344, 
30795, 339, 339, 340, 331, 
30826, 340, 341, 340, 326, 
30856, 337, 337, 338, 336, 
30886, 333, 332, 335, 347, 
30916, 334, 333, 335, 346, 
30947, 337, 338, 337, 334, 
30977, 339, 342, 341, 326, 
31007, 338, 338, 339, 333, 
31037, 334, 333, 335, 345, 
31068, 333, 332, 333, 347, 
31097, 337, 337, 337, 338, 
31127, 339, 341, 340, 326, 
31158, 338, 339, 339, 330, 
31187, 335, 334, 336, 342, 
31218, 333, 332, 334, 350, 
31248, 335, 335, 335, 341, 
31279, 339, 341, 339, 328, 
31308, 339, 341, 340, 328, 
31339, 336, 336, 337, 339, 
31369, 333, 331, 334, 349, 
31399, 334, 334, 335, 343, 
31429, 338, 339, 338, 328, 
31459, 339, 342, 340, 327, 
31490, 337, 337, 338, 336, 
31519, 333, 331, 335, 348, 
31550, 334, 332, 334, 346, 
31580, 338, 339, 338, 334, 
31610, 339, 342, 340, 326, 
31640, 337, 339, 339, 334, 
31671, 333, 333, 335, 346, 
31700, 334, 332, 334, 348, 
31730, 336, 336, 336, 337, 
31761, 339, 341, 340, 327, 
31791, 338, 339, 340, 331, 
31821, 335, 334, 336, 343, 
31851, 333, 331, 334, 350, 
31882, 336, 335, 335, 340, 
31911, 339, 340, 339, 329, 
31942, 339, 342, 340, 329, 
31972, 336, 336, 337, 340, 
32003, 334, 332, 335, 350, 
32032, 335, 334, 335, 345, 
32062, 338, 339, 338, 332, 
32093, 339, 341, 340, 327, 
32122, 337, 337, 339, 337, 
32153, 333, 332, 334, 348, 
32183, 335, 333, 335, 346, 
32214, 337, 338, 338, 335, 
32243, 339, 342, 340, 326, 
32274, 339, 338, 337, 334, 
32304, 334, 333, 336, 346, 
32334, 333, 332, 335, 349, 
32364, 336, 337, 337, 338, 
32394, 339, 342, 340, 327, 
32424, 338, 341, 339, 333, 
32454, 336, 334, 337, 343, 
32485, 333, 331, 334, 350, 
32515, 335, 335, 337, 341, 
32545, 339, 340, 339, 329, 
32575, 338, 340, 341, 329, 
32606, 336, 336, 336, 341, 
32635, 333, 331, 334, 349, 
32666, 335, 334, 335, 344, 
32696, 338, 339, 338, 331, 
32726, 339, 342, 340, 327, 
32756, 336, 337, 338, 336, 
32786, 334, 331, 334, 348, 
32817, 334, 333, 335, 346, 
32846, 338, 338, 338, 334, 
32877, 339, 342, 341, 328, 
32907, 338, 338, 338, 335, 
32937, 334, 333, 335, 348, 
32967, 333, 331, 334, 348, 
32998, 337, 336, 337, 337, 
33028, 340, 341, 340, 327, 
33057, 338, 340, 339, 332, 
33088, 335, 334, 337, 344, 
33118, 333, 331, 334, 349, 
33148, 336, 335, 336, 340, 
33178, 339, 341, 339, 329, 
33209, 338, 341, 340, 329, 
33239, 336, 336, 337, 340, 
33269, 334, 332, 334, 349, 
33299, 335, 334, 335, 343, 
33330, 338, 340, 338, 331, 
33359, 339, 341, 341, 327, 
33389, 338, 337, 338, 337, 
33420, 333, 331, 334, 349, 
33449, 334, 333, 334, 345, 
33480, 336, 338, 338, 333, 
33510, 340, 342, 340, 325, 
33541, 337, 338, 338, 334, 
33570, 334, 332, 335, 345, 
33601, 333, 333, 334, 347, 
33631, 336, 336, 336, 336, 
33660, 338, 341, 340, 327, 
33691, 339, 339, 339, 331, 
33721, 334, 333, 336, 343, 
33752, 333, 331, 333, 349, 
33781, 336, 335, 336, 340, 
33812, 339, 341, 339, 328, 
33842, 338, 338, 339, 330, 
33872, 335, 336, 336, 341, 
33902, 333, 331, 334, 349, 
33933, 335, 334, 336, 343, 
33963, 338, 338, 339, 330, 
33992, 340, 341, 340, 327, 
34023, 337, 336, 337, 337, 
34053, 333, 333, 334, 348, 
34083, 335, 333, 336, 345, 
34113, 338, 339, 338, 333, 
34144, 339, 341, 340, 325, 
34173, 338, 338, 339, 334, 
34204, 334, 333, 335, 346, 
34234, 334, 332, 333, 347, 
34265, 335, 336, 337, 337, 
34294, 339, 342, 341, 326, 
34324, 338, 339, 339, 331, 
34355, 335, 334, 336, 343, 
34384, 333, 331, 334, 348, 
34415, 335, 335, 339, 338, 
34445, 339, 341, 339, 326, 
34476, 339, 340, 340, 328, 
34505, 335, 335, 338, 340, 
34536, 333, 331, 334, 349, 
34566, 335, 334, 335, 341, 
34596, 339, 339, 339, 329, 
34626, 339, 341, 340, 327, 
34656, 337, 336, 337, 337, 
34686, 333, 331, 334, 348, 
34716, 335, 333, 334, 344, 
34747, 338, 339, 338, 332, 
34777, 339, 342, 340, 326, 
34807, 338, 338, 338, 335, 
34837, 334, 333, 334, 346, 
34868, 335, 332, 335, 348, 
34897, 337, 337, 337, 336, 
34928, 340, 341, 340, 326, 
34958, 338, 339, 339, 331, 
34988, 334, 334, 335, 344, 
35018, 334, 332, 334, 349, 
35048, 336, 336, 337, 339, 
35079, 340, 341, 340, 327, 
35108, 340, 340, 340, 330, 
35139, 335, 335, 336, 341, 
35169, 333, 331, 334, 350, 
35200, 335, 335, 336, 341, 
35229, 339, 340, 339, 329, 
35260, 340, 342, 340, 327, 
35290, 337, 336, 338, 338, 
35319, 333, 331, 335, 350, 
35350, 334, 333, 334, 344, 
35380, 338, 339, 338, 333, 
35410, 340, 341, 340, 326, 
35440, 337, 338, 338, 335, 
35471, 333, 332, 335, 347, 
35501, 334, 332, 334, 346, 
35531, 336, 337, 337, 335, 
35561, 339, 342, 340, 326, 
35591, 337, 339, 338, 332, 
35621, 333, 333, 335, 345, 
35651, 333, 331, 334, 349, 
35682, 336, 336, 337, 338, 
35712, 339, 341, 340, 327, 
35742, 338, 340, 340, 330, 
35772, 335, 335, 336, 342, 
35803, 333, 330, 334, 350, 
35832, 335, 335, 335, 341, 
35863, 339, 340, 339, 329, 
35893, 339, 340, 340, 329, 
35922, 336, 336, 337, 339, 
35953, 333, 331, 335, 348, 
35983, 335, 333, 335, 344, 
36014, 338, 339, 338, 331, 
36043, 339, 341, 340, 326, 
36074, 336, 337, 338, 336, 
36104, 333, 332, 335, 349, 
36134, 334, 332, 334, 345, 
36164, 337, 338, 337, 334, 
36195, 339, 342, 340, 326, 
36225, 338, 339, 339, 333, 
36254, 334, 333, 335, 345, 
36285, 334, 332, 334, 348, 
36315, 336, 336, 336, 337, 
36345, 339, 341, 340, 326, 
36375, 338, 339, 340, 331, 
36406, 335, 333, 336, 342, 
36435, 333, 330, 333, 350, 
36466, 335, 336, 336, 340, 
36496, 339, 340, 339, 327, 
36527, 338, 340, 339, 328, 
36556, 336, 335, 337, 339, 
36586, 333, 332, 334, 349, 
36617, 335, 333, 334, 343, 
36646, 338, 339, 339, 331, 
36677, 339, 342, 340, 328, 
36707, 336, 337, 337, 337, 
36738, 333, 331, 334, 348, 
36767, 334, 333, 334, 347, 
36798, 337, 338, 337, 333, 
36828, 339, 341, 340, 326, 
36858, 337, 338, 339, 334, 
36888, 334, 332, 335, 346, 
36918, 334, 331, 334, 347, 
36948, 337, 337, 337, 337, 
36978, 339, 341, 339, 327, 
37009, 337, 339, 339, 332, 
37039, 334, 334, 336, 344, 
37069, 334, 333, 334, 349, 
37099, 336, 335, 336, 340, 
37130, 339, 341, 339, 329, 
37159, 337, 340, 339, 330, 
37190, 336, 336, 336, 341, 
37220, 333, 331, 334, 349, 
37250, 335, 335, 335, 342, 
37280, 338, 339, 339, 329, 
37310, 339, 341, 339, 327, 
37341, 336, 336, 337, 338, 
37370, 333, 332, 334, 348, 
37401, 334, 333, 335, 345, 
37431, 337, 340, 337, 332, 
37462, 339, 343, 340, 326, 
37491, 337, 338, 339, 335, 
37521, 334, 332, 334, 346, 
37552, 333, 332, 334, 345, 
37581, 337, 336, 337, 335, 
37612, 340, 341, 340, 326, 
37642, 337, 339, 339, 332, 
37672, 334, 334, 335, 344, 
37702, 333, 331, 333, 349, 
37733, 336, 336, 337, 338, 
37763, 339, 341, 340, 327, 
37793, 338, 340, 340, 330, 
37823, 336, 336, 337, 341, 
37853, 333, 331, 334, 349, 
37883, 335, 334, 335, 340, 
37913, 339, 340, 340, 329, 
37944, 339, 341, 341, 327, 
37974, 336, 336, 336, 338, 
38004, 333, 332, 334, 348, 
38034, 336, 333, 335, 344, 
38065, 338, 339, 339, 332, 
38094, 339, 342, 342, 326, 
38125, 337, 338, 339, 336, 
38155, 334, 332, 334, 347, 
38184, 334, 333, 335, 346, 
38215, 338, 338, 338, 336, 
38245, 339, 342, 340, 326, 
38276, 338, 339, 339, 333, 
38305, 335, 333, 336, 345, 
38336, 333, 331, 334, 347, 
38366, 336, 337, 336, 337, 
38396, 340, 341, 339, 327, 
38426, 337, 340, 340, 330, 
38457, 335, 335, 336, 343, 
38487, 335, 330, 334, 350, 
38516, 335, 335, 336, 341, 
38547, 339, 340, 340, 329, 
38577, 339, 340, 340, 328, 
38607, 336, 336, 338, 340, 
38637, 333, 331, 334, 349, 
38668, 335, 334, 336, 343, 
38697, 338, 340, 339, 331, 
38728, 340, 341, 340, 327, 
38758, 337, 337, 339, 337, 
38789, 333, 331, 334, 348, 
38818, 334, 333, 334, 346, 
38848, 338, 338, 337, 335, 
38879, 339, 342, 340, 329, 
38908, 337, 338, 338, 334, 
38939, 334, 332, 335, 347, 
38969, 334, 331, 334, 347, 
39000, 338, 337, 337, 336, 
39029, 339, 341, 341, 326, 
39060, 337, 339, 340, 331, 
39090, 335, 335, 337, 343, 
39120, 333, 331, 334, 349, 
39150, 336, 335, 334, 339, 
39180, 340, 341, 340, 327, 
39211, 340, 340, 338, 329, 
39240, 336, 335, 336, 340, 
39271, 334, 330, 334, 349, 
39301, 335, 335, 334, 342, 
39331, 340, 339, 338, 330, 
39361, 339, 341, 340, 328, 
39392, 336, 338, 338, 338, 
39421, 333, 331, 335, 350, 
39451, 334, 333, 334, 345, 
39482, 337, 338, 338, 332, 
39512, 340, 341, 340, 327, 
39542, 337, 338, 337, 337, 
39572, 334, 332, 335, 347, 
39603, 333, 332, 334, 347, 
39632, 336, 338, 337, 336, 
39663, 340, 342, 341, 326, 
39693, 337, 339, 338, 331, 
39724, 335, 335, 335, 344, 
39753, 333, 331, 333, 349, 
39783, 335, 337, 336, 339, 
39814, 340, 341, 340, 328, 
39843, 339, 340, 340, 331, 
39874, 335, 334, 336, 343, 
39904, 334, 331, 334, 350, 
39934, 336, 335, 336, 342, 
39964, 339, 340, 339, 329, 
39995, 339, 341, 341, 328, 
40025, 336, 336, 338, 339, 
40055, 333, 331, 334, 350, 
40085, 335, 334, 335, 345, 
40115, 336, 339, 340, 330, 
40145, 339, 341, 341, 325, 
40175, 337, 337, 338, 336, 
40206, 334, 332, 334, 347, 
40236, 334, 332, 334, 346, 
40266, 336, 339, 338, 335, 
40296, 340, 342, 340, 326, 
40327, 336, 339, 339, 333, 
40356, 335, 333, 336, 345, 
40387, 335, 332, 334, 348, 
40417, 336, 336, 337, 337, 
40446, 340, 341, 340, 326, 
40477, 338, 340, 340, 330, 
40507, 336, 335, 337, 343, 
40538, 334, 331, 334, 350, 
40567, 336, 335, 337, 340, 
40598, 339, 340, 340, 328, 
40628, 340, 341, 340, 328, 
40658, 336, 335, 337, 340, 
40688, 333, 331, 334, 349, 
40719, 335, 334, 335, 342, 
40749, 338, 339, 338, 330, 
40778, 339, 341, 340, 327, 
40809, 337, 338, 337, 335, 
40839, 334, 332, 334, 348, 
40869, 333, 333, 335, 345, 
40899, 337, 337, 337, 333, 
40930, 339, 343, 341, 327, 
40960, 337, 338, 339, 333, 
40990, 334, 333, 335, 345, 
41020, 335, 332, 334, 347, 
41051, 337, 337, 337, 336, 
41080, 339, 343, 340, 326, 
41110, 338, 340, 339, 331, 
41141, 334, 334, 336, 344, 
41170, 334, 331, 334, 348, 
41201, 336, 335, 336, 340, 
41231, 339, 341, 339, 328, 
41262, 339, 341, 341, 329, 
41291, 336, 333, 337, 342, 
41322, 333, 331, 334, 350, 
41352, 335, 335, 335, 342, 
41381, 338, 340, 339, 330, 
41412, 339, 341, 341, 327, 
41442, 336, 337, 338, 338, 
41473, 334, 331, 335, 348, 
41502, 335, 333, 335, 345, 
41533, 339, 338, 339, 333, 
41563, 339, 342, 342, 326, 
41593, 337, 338, 339, 335, 
41623, 333, 333, 335, 347, 
41654, 334, 332, 334, 347, 
41683, 337, 337, 337, 336, 
41713, 340, 342, 340, 326, 
41744, 338, 339, 339, 333, 
41774, 334, 333, 336, 343, 
41804, 334, 332, 333, 349, 
41834, 337, 334, 336, 339, 
41865, 339, 341, 340, 327, 
41894, 339, 340, 340, 329, 
41925, 335, 335, 337, 341, 
41955, 333, 331, 334, 350, 
41986, 336, 334, 336, 341, 
42015, 338, 340, 339, 329, 
42045, 339, 341, 340, 327, 
42076, 336, 337, 337, 338, 
42105, 334, 331, 334, 349, 
42136, 334, 333, 334, 345, 
42166, 338, 339, 338, 331, 
42196, 339, 342, 341, 326, 
42226, 337, 338, 338, 336, 
42257, 334, 332, 335, 348, 
42287, 334, 332, 334, 347, 
42317, 337, 337, 337, 335, 
42347, 339, 342, 341, 326, 
42377, 338, 340, 340, 333, 
42407, 334, 333, 335, 345, 
42437, 335, 332, 334, 350, 
42468, 337, 336, 336, 338, 
42498, 339, 341, 340, 327, 
42528, 338, 340, 338, 331, 
42558, 335, 334, 337, 343, 
42589, 335, 331, 333, 350, 
42618, 336, 335, 336, 342, 
42649, 339, 341, 339, 329, 
42679, 338, 340, 340, 329, 
42708, 335, 336, 337, 340, 
42739, 333, 332, 334, 349, 
42769, 335, 334, 335, 343, 
42800, 338, 340, 338, 331, 
42829, 339, 341, 340, 327, 
42860, 336, 337, 338, 336, 
42890, 334, 332, 334, 347, 
42920, 334, 333, 334, 346, 
42950, 337, 338, 337, 333, 
42981, 339, 342, 340, 326, 
43011, 337, 338, 339, 333, 
43040, 333, 333, 335, 346, 
43071, 333, 331, 334, 348, 
43101, 336, 336, 337, 337, 
43131, 339, 341, 340, 326, 
43161, 338, 340, 339, 331, 
43192, 334, 334, 336, 343, 
43222, 334, 329, 332, 349, 
43252, 335, 335, 336, 341, 
43282, 339, 341, 339, 329, 
43312, 337, 340, 340, 328, 
43342, 335, 337, 337, 341, 
43372, 333, 332, 334, 349, 
43403, 335, 332, 335, 343, 
43432, 338, 339, 339, 330, 
43463, 339, 342, 340, 326, 
43493, 336, 337, 339, 337, 
43524, 334, 332, 335, 348, 
43553, 335, 333, 335, 345, 
43584, 337, 338, 338, 333, 
43614, 339, 342, 341, 326, 
43643, 337, 338, 339, 335, 
43674, 334, 332, 335, 347, 
43704, 334, 332, 335, 347, 
43735, 337, 337, 337, 337, 
43764, 339, 343, 340, 326, 
43795, 338, 340, 339, 332, 
43825, 335, 334, 336, 344, 
43855, 335, 330, 334, 348, 
43885, 335, 336, 336, 339, 
43916, 339, 341, 340, 328, 
43945, 341, 341, 340, 329, 
43975, 336, 335, 337, 342, 
44006, 333, 331, 334, 350, 
44036, 336, 334, 335, 342, 
44066, 338, 340, 338, 329, 
44096, 339, 341, 340, 327, 
44127, 337, 336, 338, 338, 
44156, 332, 331, 334, 348, 
44187, 334, 334, 334, 344, 
44217, 337, 338, 339, 332, 
44248, 339, 342, 340, 326, 
44277, 338, 337, 338, 335, 
44307, 334, 333, 336, 347, 
44338, 334, 331, 334, 347, 
44367, 337, 337, 337, 336, 
44398, 339, 342, 341, 326, 
44428, 338, 339, 339, 332, 
44459, 335, 333, 336, 345, 
44488, 334, 331, 334, 349, 
44519, 337, 336, 337, 340, 
44549, 339, 341, 339, 328, 
44579, 339, 340, 339, 330, 
44609, 338, 336, 336, 343, 
44639, 333, 331, 334, 349, 
44669, 335, 334, 336, 343, 
44699, 338, 340, 339, 330, 
44730, 339, 341, 340, 328, 
44760, 336, 337, 338, 339, 
44790, 333, 332, 334, 348, 
44820, 334, 332, 336, 344, 
44851, 338, 339, 338, 332, 
44880, 339, 341, 341, 326, 
44911, 337, 337, 338, 336, 
44941, 333, 333, 335, 348, 
44971, 335, 332, 334, 347, 
45001, 337, 337, 337, 336, 
45031, 339, 342, 341, 326, 
45062, 338, 339, 339, 333, 
45091, 334, 334, 335, 345, 
45122, 334, 333, 335, 349, 
45152, 336, 336, 337, 338, 
45182, 339, 341, 340, 327, 
45212, 338, 340, 340, 331, 
45242, 335, 334, 337, 343, 
45273, 334, 332, 334, 349, 
45302, 336, 336, 336, 340, 
45333, 339, 341, 339, 328, 
45363, 339, 341, 339, 328, 
45393, 336, 335, 338, 340, 
45423, 333, 330, 333, 349, 
45454, 334, 334, 335, 343, 
45484, 339, 340, 338, 331, 
45514, 339, 342, 340, 326, 
45544, 336, 337, 339, 337, 
45574, 332, 331, 334, 349, 
45604, 336, 332, 335, 346, 
45634, 337, 338, 339, 333, 
45665, 340, 342, 341, 325, 
45694, 338, 338, 339, 334, 
45725, 334, 332, 335, 345, 
45755, 333, 331, 334, 348, 
45786, 336, 337, 336, 337, 
45815, 339, 342, 340, 326, 
45846, 338, 341, 340, 331, 
45876, 336, 334, 335, 343, 
45905, 333, 331, 333, 348, 
45936, 335, 335, 336, 339, 
45966, 339, 341, 339, 328, 
45997, 339, 340, 340, 329, 
46026, 335, 336, 337, 340, 
46057, 334, 331, 335, 348, 
46087, 335, 335, 335, 342, 
46117, 338, 339, 339, 330, 
46147, 337, 341, 340, 327, 
46178, 336, 337, 338, 337, 
46208, 335, 332, 334, 347, 
46237, 334, 333, 335, 344, 
46268, 338, 338, 338, 332, 
46298, 339, 342, 340, 326, 
46328, 337, 339, 338, 335, 
46358, 335, 332, 335, 346, 
46389, 334, 332, 333, 348, 
46418, 337, 338, 336, 335, 
46449, 339, 342, 340, 326, 
46479, 338, 339, 339, 333, 
46510, 334, 334, 335, 345, 
46539, 334, 331, 334, 349, 
46569, 335, 336, 336, 339, 
46600, 339, 341, 340, 328, 
46629, 338, 341, 341, 331, 
46660, 335, 335, 336, 343, 
46690, 333, 332, 334, 349, 
46721, 335, 336, 335, 342, 
46750, 340, 341, 339, 330, 
46781, 339, 342, 340, 328, 
46811, 336, 336, 337, 339, 
46841, 334, 331, 334, 349, 
46871, 334, 334, 335, 344, 
46901, 338, 340, 338, 332, 
46931, 339, 342, 341, 327, 
46961, 337, 337, 339, 336, 
46992, 334, 332, 335, 348, 
47022, 334, 333, 334, 346, 
47052, 337, 339, 337, 335, 
47082, 339, 342, 340, 326, 
47113, 338, 339, 340, 335, 
47142, 336, 333, 335, 345, 
47172, 334, 331, 334, 348, 
47203, 337, 336, 337, 335, 
47233, 339, 342, 340, 326, 
47263, 338, 340, 339, 331, 
47293, 335, 334, 337, 343, 
47324, 333, 331, 334, 349, 
47353, 335, 335, 336, 340, 
47384, 339, 341, 339, 328, 
47414, 338, 341, 339, 330, 
47444, 336, 336, 337, 340, 
47474, 333, 331, 334, 350, 
47504, 335, 334, 335, 343, 
47535, 338, 340, 339, 330, 
47564, 340, 342, 340, 328, 
47595, 337, 338, 338, 339, 
47625, 333, 332, 335, 349, 
47655, 335, 333, 335, 346, 
47685, 338, 338, 338, 333, 
47716, 339, 342, 340, 326, 
47746, 337, 338, 339, 335, 
47776, 334, 332, 335, 346, 
47806, 334, 333, 334, 347, 
47836, 336, 337, 337, 336, 
47866, 340, 342, 340, 327, 
47896, 338, 339, 339, 332, 
47927, 334, 334, 336, 344, 
47956, 333, 331, 333, 348, 
47987, 336, 336, 336, 338, 
