36290, 338, 340, 339, 331, 
86321, 6, 
86200, 333, 332, 334, 348, 
86230, 336, 336, 337, 337, 
86260, 339, 341, 340, 327, 
86290, 338, 340, 339, 331, 
86321, 33 
86200, 333, 332, 334, 348, 
86230, 336, 336, 337, 337, 
86260, 339, 341, 340, 327, 
86290, 338, 340, 339, 331, 
86321, 330, 338, 341, 341, 324, 
1, 338, 340, 338, 326, 
2, 338, 338, 338, 330, 
11, 335, 335, 336, 340, 
37, 335, 334, 335, 342, 
65, 339, 340, 340, 327, 
92, 334, 332, 334, 349, 
119, 336, 338, 338, 334, 
147, 338, 340, 339, 331, 
175, 333, 331, 334, 349, 
203, 336, 336, 337, 338, 
231, 338, 341, 339, 328, 
260, 333, 333, 335, 348, 
287, 335, 335, 336, 341, 
316, 339, 342, 341, 327, 
344, 334, 334, 336, 344, 
371, 334, 333, 335, 345, 
400, 339, 341, 341, 327, 
428, 335, 336, 336, 342, 
456, 334, 332, 334, 346, 
484, 339, 341, 340, 327, 
512, 337, 337, 337, 338, 
540, 335, 332, 334, 348, 
568, 338, 340, 338, 330, 
596, 337, 338, 339, 334, 
624, 333, 331, 334, 350, 
653, 337, 338, 339, 333, 
680, 338, 340, 339, 331, 
708, 334, 331, 334, 350, 
737, 337, 337, 337, 336, 
764, 339, 341, 340, 327, 
793, 333, 332, 334, 348, 
821, 336, 335, 335, 340, 
849, 339, 341, 340, 327, 
877, 335, 333, 336, 345, 
905, 335, 333, 335, 344, 
933, 339, 342, 340, 326, 
961, 335, 335, 336, 341, 
990, 334, 332, 334, 346, 
1017, 339, 341, 340, 328, 
1046, 338, 338, 339, 334, 
1076, 333, 331, 334, 349, 
1104, 335, 333, 336, 342, 
1134, 339, 341, 340, 327, 
1163, 338, 338, 338, 335, 
1192, 333, 332, 334, 349, 
1221, 335, 334, 336, 341, 
1251, 339, 341, 340, 326, 
1280, 337, 338, 338, 336, 
1308, 332, 331, 334, 349, 
1338, 335, 335, 336, 340, 
1367, 340, 342, 340, 326, 
1396, 337, 337, 338, 338, 
1425, 333, 331, 334, 350, 
1455, 336, 336, 336, 338, 
1483, 340, 343, 340, 326, 
1512, 336, 337, 337, 337, 
1542, 335, 331, 334, 349, 
1570, 337, 337, 337, 337, 
1600, 340, 342, 340, 325, 
1629, 336, 336, 337, 338, 
1658, 335, 331, 334, 349, 
1687, 337, 337, 336, 337, 
1717, 339, 341, 340, 327, 
1745, 335, 336, 337, 339, 
1774, 333, 331, 333, 350, 
1804, 336, 338, 337, 336, 
1832, 339, 342, 341, 327, 
1862, 336, 336, 337, 341, 
1891, 333, 332, 334, 349, 
1921, 337, 338, 338, 334, 
1949, 340, 341, 340, 327, 
1978, 335, 335, 336, 342, 
2008, 334, 332, 334, 348, 
2036, 337, 338, 338, 333, 
2066, 339, 341, 341, 328, 
2095, 335, 335, 336, 342, 
2124, 333, 333, 334, 347, 
2153, 337, 340, 338, 332, 
2183, 339, 341, 340, 328, 
2211, 335, 334, 337, 343, 
2240, 334, 332, 335, 347, 
2270, 340, 339, 339, 331, 
2298, 339, 340, 340, 329, 
2328, 334, 334, 336, 345, 
2357, 334, 332, 335, 346, 
2386, 338, 339, 339, 331, 
2415, 338, 340, 339, 329, 
2444, 334, 333, 335, 345, 
2473, 334, 333, 335, 346, 
2502, 339, 340, 340, 330, 
2532, 338, 340, 339, 330, 
2561, 335, 333, 335, 346, 
2590, 335, 333, 335, 345, 
2619, 339, 340, 340, 329, 
2649, 338, 339, 340, 331, 
2677, 335, 332, 335, 347, 
2706, 335, 333, 335, 345, 
2736, 340, 341, 340, 329, 
2764, 339, 339, 339, 332, 
2794, 334, 332, 335, 348, 
2823, 335, 334, 335, 343, 
2852, 340, 341, 340, 328, 
2881, 336, 339, 339, 334, 
2910, 333, 332, 334, 349, 
2939, 336, 334, 336, 343, 
2968, 340, 341, 340, 327, 
2998, 337, 338, 339, 334, 
3026, 334, 332, 335, 349, 
3056, 335, 334, 336, 342, 
3085, 339, 342, 341, 326, 
3115, 337, 338, 339, 335, 
3143, 334, 331, 335, 349, 
3172, 336, 336, 336, 340, 
3202, 340, 341, 340, 326, 
3230, 338, 338, 339, 336, 
3260, 333, 331, 334, 349, 
3289, 336, 335, 337, 339, 
3318, 339, 343, 341, 326, 
3347, 336, 338, 337, 336, 
3376, 334, 331, 334, 349, 
3405, 336, 336, 336, 338, 
3434, 339, 342, 340, 326, 
3464, 336, 336, 337, 339, 
3492, 332, 331, 335, 349, 
3522, 336, 337, 337, 337, 
3551, 339, 341, 340, 325, 
3580, 336, 336, 338, 339, 
3609, 333, 332, 333, 349, 
3638, 336, 337, 337, 337, 
3667, 340, 341, 340, 326, 
3696, 336, 335, 336, 340, 
3726, 332, 331, 334, 349, 
3755, 338, 337, 337, 335, 
3784, 340, 341, 340, 326, 
3813, 336, 335, 336, 341, 
3842, 333, 331, 334, 349, 
3871, 338, 338, 338, 334, 
3900, 339, 342, 341, 327, 
3930, 336, 335, 337, 341, 
3958, 334, 333, 334, 348, 
3988, 337, 338, 338, 332, 
4017, 339, 341, 340, 327, 
4046, 335, 335, 337, 342, 
4075, 333, 333, 334, 348, 
4104, 337, 339, 339, 330, 
4133, 339, 341, 340, 327, 
4162, 333, 334, 336, 343, 
4192, 333, 332, 334, 347, 
4220, 339, 340, 339, 331, 
4250, 338, 341, 341, 329, 
4279, 335, 333, 336, 344, 
4307, 334, 333, 335, 346, 
4337, 338, 340, 340, 330, 
4366, 339, 338, 340, 330, 
4396, 335, 334, 335, 345, 
4424, 335, 333, 335, 346, 
4454, 339, 340, 339, 329, 
4483, 339, 340, 339, 330, 
4512, 335, 333, 335, 346, 
4541, 334, 333, 335, 345, 
4570, 339, 340, 340, 330, 
4599, 338, 340, 339, 331, 
4628, 334, 333, 335, 346, 
4658, 334, 332, 335, 344, 
4686, 339, 341, 339, 329, 
4716, 338, 339, 340, 332, 
4745, 334, 332, 335, 349, 
4773, 335, 334, 337, 344, 
4803, 339, 341, 340, 328, 
4832, 338, 339, 338, 333, 
4861, 333, 333, 334, 348, 
4890, 335, 334, 336, 342, 
4920, 339, 341, 340, 327, 
4948, 338, 339, 339, 335, 
4978, 334, 332, 334, 348, 
5007, 335, 334, 336, 341, 
5036, 340, 341, 340, 326, 
5065, 338, 337, 338, 336, 
5094, 333, 331, 335, 349, 
5124, 336, 335, 336, 340, 
5152, 339, 343, 340, 326, 
5182, 337, 339, 338, 335, 
5211, 334, 331, 334, 349, 
5239, 336, 336, 336, 339, 
5269, 339, 342, 340, 326, 
5298, 337, 338, 338, 335, 
5327, 333, 331, 335, 349, 
5356, 337, 336, 337, 338, 
5386, 339, 342, 340, 325, 
5414, 336, 336, 337, 337, 
5444, 333, 331, 334, 350, 
5473, 336, 336, 338, 339, 
5501, 339, 340, 340, 326, 
5531, 336, 337, 337, 338, 
5560, 333, 331, 334, 350, 
5590, 336, 336, 337, 337, 
5618, 339, 342, 340, 326, 
5648, 336, 336, 337, 338, 
5677, 333, 332, 334, 349, 
5705, 337, 337, 337, 335, 
5735, 340, 341, 340, 326, 
5764, 336, 336, 336, 339, 
5793, 334, 331, 334, 349, 
5822, 337, 337, 338, 335, 
5852, 339, 342, 340, 325, 
5880, 336, 335, 338, 340, 
5910, 334, 331, 334, 348, 
5939, 337, 338, 338, 334, 
5967, 337, 341, 340, 327, 
5997, 335, 335, 337, 342, 
6026, 333, 332, 334, 349, 
6055, 338, 338, 337, 333, 
6084, 339, 341, 340, 328, 
6114, 334, 334, 336, 343, 
6142, 333, 332, 334, 347, 
6171, 337, 339, 338, 334, 
6201, 338, 341, 340, 328, 
6230, 334, 335, 336, 344, 
6259, 334, 332, 334, 347, 
6288, 338, 339, 338, 330, 
6318, 339, 340, 339, 329, 
6346, 334, 334, 335, 344, 
6376, 334, 332, 334, 346, 
6405, 338, 339, 339, 330, 
6433, 338, 340, 340, 328, 
6463, 334, 333, 335, 345, 
6492, 334, 332, 334, 345, 
6521, 338, 340, 339, 330, 
6550, 337, 339, 339, 330, 
6580, 334, 333, 335, 346, 
6608, 334, 333, 335, 345, 
6637, 339, 341, 339, 330, 
6667, 338, 340, 339, 332, 
6695, 333, 332, 334, 346, 
6725, 334, 333, 335, 345, 
6754, 340, 341, 340, 329, 
6784, 337, 339, 339, 332, 
6812, 334, 331, 333, 347, 
6842, 334, 334, 335, 342, 
6871, 339, 340, 339, 328, 
6899, 339, 340, 339, 332, 
6929, 333, 332, 334, 348, 
6958, 336, 334, 335, 343, 
6987, 339, 341, 340, 328, 
7016, 336, 338, 338, 333, 
7046, 333, 332, 335, 348, 
7074, 335, 334, 336, 343, 
7103, 339, 340, 340, 327, 
7133, 338, 338, 338, 333, 
7161, 333, 331, 334, 349, 
7191, 335, 334, 336, 342, 
7220, 339, 341, 340, 327, 
7249, 335, 336, 339, 335, 
7278, 332, 332, 333, 350, 
7308, 335, 334, 336, 341, 
7336, 339, 342, 340, 327, 
7365, 336, 337, 338, 336, 
7395, 333, 331, 334, 351, 
7424, 336, 336, 336, 340, 
7453, 340, 341, 340, 328, 
7482, 336, 337, 337, 337, 
7512, 333, 331, 335, 350, 
7540, 337, 336, 337, 339, 
7569, 340, 342, 340, 327, 
7599, 337, 337, 338, 338, 
7627, 333, 332, 334, 351, 
7657, 336, 336, 335, 338, 
7686, 341, 342, 340, 326, 
7715, 336, 336, 337, 340, 
7744, 333, 332, 332, 350, 
7774, 337, 336, 336, 337, 
7802, 339, 341, 340, 326, 
7831, 336, 336, 337, 339, 
7861, 333, 332, 334, 351, 
7889, 336, 337, 338, 336, 
7919, 339, 341, 341, 328, 
7948, 335, 336, 337, 340, 
7977, 333, 331, 335, 349, 
8006, 337, 337, 337, 335, 
8035, 339, 343, 340, 326, 
8065, 336, 336, 336, 340, 
8093, 333, 332, 334, 348, 
8123, 337, 338, 338, 334, 
8152, 339, 341, 340, 327, 
8181, 335, 336, 336, 342, 
8210, 333, 331, 335, 350, 
8240, 337, 338, 338, 333, 
8268, 339, 341, 340, 327, 
8297, 335, 335, 336, 342, 
8327, 333, 332, 334, 348, 
8355, 338, 338, 338, 332, 
8385, 340, 342, 340, 328, 
8414, 335, 334, 335, 343, 
8443, 334, 333, 334, 347, 
8472, 338, 338, 338, 331, 
8501, 340, 340, 339, 328, 
8530, 334, 334, 337, 344, 
8559, 334, 333, 334, 346, 
8589, 339, 339, 339, 331, 
8617, 338, 340, 339, 328, 
8647, 334, 333, 336, 344, 
8676, 334, 331, 335, 345, 
8706, 338, 340, 339, 329, 
8734, 338, 340, 341, 329, 
8763, 334, 333, 335, 345, 
8793, 334, 333, 334, 345, 
8821, 340, 340, 338, 328, 
8851, 338, 340, 339, 330, 
8880, 334, 333, 335, 345, 
8909, 334, 334, 334, 343, 
8938, 338, 340, 339, 329, 
8967, 338, 339, 339, 331, 
8996, 335, 332, 334, 346, 
9025, 335, 334, 335, 342, 
9055, 339, 340, 339, 327, 
9083, 338, 339, 338, 331, 
9113, 334, 332, 336, 346, 
9142, 335, 335, 335, 341, 
9171, 340, 341, 340, 326, 
9200, 339, 339, 339, 331, 
9229, 334, 332, 335, 347, 
9259, 335, 334, 336, 341, 
9287, 340, 341, 340, 325, 
9317, 338, 338, 339, 332, 
9346, 332, 332, 335, 346, 
9375, 335, 335, 335, 340, 
9404, 340, 342, 339, 325, 
9433, 337, 339, 338, 333, 
9462, 334, 331, 334, 347, 
9491, 335, 335, 336, 340, 
9521, 339, 341, 340, 325, 
9549, 337, 337, 338, 334, 
9579, 333, 331, 334, 349, 
9608, 336, 335, 336, 339, 
9637, 339, 345, 340, 324, 
9666, 336, 338, 337, 335, 
9695, 333, 331, 334, 348, 
9724, 336, 336, 336, 338, 
9753, 340, 342, 340, 324, 
9783, 335, 337, 338, 336, 
9811, 333, 331, 334, 349, 
9841, 337, 336, 337, 337, 
9870, 339, 341, 340, 325, 
9899, 336, 337, 337, 338, 
9928, 334, 331, 334, 348, 
9957, 336, 336, 337, 336, 
9987, 339, 342, 341, 324, 
10015, 336, 336, 336, 338, 
10046, 333, 332, 334, 347, 
10076, 336, 333, 334, 343, 
10106, 339, 339, 338, 331, 
10136, 339, 341, 341, 326, 
10167, 336, 337, 338, 335, 
10196, 333, 332, 334, 347, 
10226, 333, 333, 335, 347, 
10257, 338, 338, 337, 336, 
10287, 339, 341, 340, 326, 
10317, 337, 339, 339, 333, 
10347, 333, 333, 335, 345, 
10378, 334, 331, 334, 349, 
10407, 335, 336, 338, 338, 
10438, 340, 342, 342, 327, 
10468, 338, 340, 339, 330, 
10498, 335, 334, 337, 343, 
10528, 334, 331, 334, 350, 
10558, 336, 335, 336, 341, 
10589, 338, 340, 340, 329, 
10618, 339, 340, 339, 328, 
10649, 336, 336, 337, 339, 
10679, 333, 332, 335, 351, 
10710, 335, 334, 335, 345, 
10739, 338, 339, 338, 333, 
10770, 339, 341, 340, 327, 
10800, 336, 338, 338, 337, 
10829, 333, 332, 334, 348, 
10860, 333, 332, 335, 348, 
10890, 337, 338, 337, 335, 
10920, 339, 342, 340, 327, 
10950, 337, 339, 338, 335, 
10981, 333, 333, 335, 346, 
11011, 333, 331, 334, 350, 
11041, 336, 337, 337, 339, 
11071, 339, 342, 340, 328, 
11102, 339, 340, 340, 331, 
11131, 334, 335, 337, 345, 
11161, 333, 329, 334, 350, 
11192, 335, 334, 337, 341, 
11222, 338, 341, 340, 329, 
11252, 339, 341, 341, 329, 
11282, 335, 336, 338, 340, 
11313, 333, 331, 334, 349, 
11342, 335, 333, 335, 344, 
11373, 338, 339, 338, 331, 
11403, 340, 341, 340, 327, 
11433, 336, 337, 338, 337, 
11463, 333, 332, 334, 347, 
11493, 334, 332, 334, 347, 
11524, 337, 337, 337, 334, 
11553, 339, 342, 339, 326, 
11584, 338, 339, 339, 333, 
11614, 334, 333, 335, 346, 
11644, 334, 332, 334, 348, 
11674, 337, 336, 337, 337, 
11705, 340, 341, 340, 326, 
11735, 338, 340, 340, 331, 
11765, 335, 334, 336, 342, 
11795, 333, 332, 335, 349, 
11825, 335, 335, 336, 340, 
11855, 339, 340, 339, 328, 
11885, 339, 341, 340, 328, 
11916, 335, 336, 338, 340, 
11945, 333, 331, 334, 349, 
11976, 335, 334, 336, 343, 
12006, 339, 340, 339, 332, 
12037, 339, 341, 340, 327, 
12066, 336, 337, 338, 337, 
12097, 333, 331, 335, 349, 
12127, 334, 333, 335, 346, 
12156, 338, 338, 338, 333, 
12187, 339, 342, 340, 326, 
12217, 337, 338, 338, 333, 
12248, 334, 332, 335, 345, 
12277, 334, 331, 334, 348, 
12308, 336, 336, 337, 338, 
12338, 340, 341, 340, 326, 
12368, 338, 339, 339, 332, 
12398, 334, 335, 336, 343, 
12428, 333, 331, 334, 349, 
12459, 335, 335, 336, 339, 
12488, 339, 341, 340, 328, 
12519, 339, 341, 339, 328, 
12549, 336, 335, 336, 340, 
12579, 333, 331, 335, 349, 
12609, 335, 334, 335, 342, 
12640, 338, 340, 339, 330, 
12669, 338, 341, 340, 326, 
12700, 336, 337, 337, 337, 
12730, 334, 332, 335, 349, 
12760, 334, 333, 335, 345, 
12790, 338, 338, 338, 332, 
12820, 339, 341, 340, 326, 
12851, 337, 338, 339, 335, 
12880, 334, 333, 335, 346, 
12911, 334, 332, 334, 348, 
12941, 337, 337, 337, 336, 
12972, 340, 342, 340, 326, 
13001, 338, 339, 338, 332, 
13032, 335, 334, 336, 344, 
13062, 333, 331, 334, 349, 
13091, 336, 336, 336, 339, 
13122, 339, 341, 340, 328, 
13152, 338, 341, 340, 329, 
13182, 335, 335, 337, 342, 
13212, 333, 331, 334, 349, 
13243, 336, 335, 335, 342, 
13273, 339, 340, 340, 329, 
13303, 339, 341, 340, 328, 
13333, 336, 336, 337, 337, 
13364, 333, 330, 334, 349, 
13393, 334, 333, 335, 344, 
13423, 338, 339, 338, 330, 
13454, 340, 341, 341, 325, 
13484, 337, 338, 339, 333, 
13514, 334, 332, 335, 346, 
13544, 334, 332, 335, 346, 
13575, 337, 337, 338, 335, 
13604, 340, 342, 341, 327, 
13635, 337, 339, 339, 331, 
13665, 334, 334, 336, 344, 
13696, 333, 331, 335, 349, 
13725, 336, 335, 336, 338, 
13755, 339, 341, 340, 327, 
13786, 338, 340, 339, 329, 
13815, 336, 335, 336, 341, 
13846, 333, 331, 333, 349, 
13876, 335, 335, 336, 341, 
13906, 338, 340, 339, 329, 
13936, 340, 341, 339, 328, 
13967, 336, 337, 337, 338, 
13997, 333, 331, 334, 348, 
14027, 334, 333, 335, 344, 
14057, 338, 339, 340, 332, 
14087, 339, 342, 340, 327, 
14117, 337, 338, 338, 335, 
14147, 334, 332, 334, 346, 
14178, 334, 332, 335, 346, 
14208, 337, 337, 337, 336, 
14238, 339, 342, 341, 325, 
14268, 337, 340, 339, 332, 
14299, 335, 334, 336, 344, 
14328, 334, 331, 334, 349, 
14358, 337, 336, 336, 338, 
14389, 339, 341, 341, 327, 
14418, 338, 340, 339, 330, 
14449, 336, 335, 335, 341, 
14479, 334, 330, 334, 349, 
14510, 336, 334, 336, 341, 
14539, 339, 340, 339, 329, 
14570, 339, 341, 339, 327, 
14600, 336, 336, 337, 338, 
14630, 333, 331, 334, 349, 
14660, 336, 333, 335, 344, 
14690, 338, 339, 338, 332, 
14721, 339, 341, 340, 326, 
14750, 337, 338, 338, 335, 
14781, 333, 332, 335, 347, 
14811, 335, 332, 334, 346, 
14841, 337, 337, 338, 335, 
14871, 340, 342, 340, 326, 
14902, 337, 339, 338, 332, 
14931, 334, 333, 335, 345, 
14962, 334, 331, 334, 349, 
14992, 336, 336, 336, 337, 
15022, 339, 341, 340, 327, 
15052, 338, 340, 339, 330, 
15082, 335, 335, 336, 342, 
15113, 333, 331, 333, 349, 
15142, 336, 335, 336, 340, 
15173, 340, 340, 339, 328, 
15203, 339, 341, 340, 327, 
15234, 336, 336, 337, 339, 
15263, 334, 331, 334, 349, 
15294, 335, 334, 335, 343, 
15324, 338, 339, 340, 331, 
15353, 340, 343, 340, 326, 
15384, 336, 338, 338, 337, 
15414, 333, 332, 334, 348, 
15444, 333, 333, 334, 347, 
15474, 337, 338, 337, 334, 
15505, 338, 342, 340, 326, 
15535, 337, 338, 338, 333, 
15565, 334, 334, 335, 346, 
15595, 334, 332, 335, 349, 
15626, 336, 336, 337, 337, 
15655, 339, 341, 340, 327, 
15685, 338, 340, 338, 331, 
15716, 336, 334, 336, 343, 
15746, 333, 331, 334, 351, 
15776, 335, 335, 336, 341, 
15806, 338, 340, 340, 329, 
15837, 338, 340, 339, 329, 
15866, 336, 336, 337, 341, 
15897, 333, 332, 334, 349, 
15927, 335, 334, 335, 343, 
15958, 339, 340, 338, 331, 
15987, 339, 342, 341, 327, 
16017, 336, 338, 337, 337, 
16048, 333, 332, 334, 348, 
16077, 334, 333, 334, 345, 
16108, 337, 338, 338, 333, 
16138, 339, 341, 340, 326, 
16168, 337, 338, 339, 335, 
16198, 333, 333, 335, 347, 
16229, 334, 332, 335, 347, 
16259, 336, 337, 337, 336, 
16288, 339, 342, 341, 326, 
16319, 338, 339, 339, 332, 
16349, 334, 334, 336, 344, 
16379, 333, 331, 334, 349, 
16409, 336, 336, 337, 339, 
16440, 340, 341, 340, 327, 
16470, 338, 340, 340, 329, 
16500, 335, 335, 336, 341, 
16530, 333, 331, 334, 349, 
16561, 335, 335, 335, 342, 
16590, 339, 340, 340, 330, 
16620, 339, 341, 340, 328, 
16651, 336, 337, 337, 338, 
16680, 333, 331, 335, 348, 
16711, 335, 334, 335, 345, 
16741, 337, 339, 338, 333, 
16772, 339, 342, 341, 327, 
16801, 336, 338, 338, 336, 
16832, 334, 332, 335, 347, 
16862, 334, 333, 334, 347, 
16892, 336, 337, 337, 335, 
16922, 339, 342, 340, 327, 
16952, 337, 339, 339, 333, 
16983, 334, 333, 335, 345, 
17012, 333, 331, 334, 349, 
17043, 336, 336, 336, 338, 
17073, 339, 341, 340, 327, 
17103, 338, 340, 339, 330, 
17133, 335, 336, 336, 342, 
17164, 334, 332, 333, 350, 
17193, 335, 334, 335, 342, 
17224, 339, 340, 339, 330, 
17254, 339, 340, 339, 328, 
17284, 336, 336, 337, 339, 
17314, 333, 331, 334, 349, 
17344, 334, 334, 334, 344, 
17375, 339, 338, 338, 333, 
17404, 339, 341, 340, 326, 
17435, 335, 338, 337, 336, 
17465, 333, 332, 335, 348, 
17496, 334, 333, 335, 347, 
17525, 338, 338, 337, 336, 
17556, 339, 341, 340, 326, 
17586, 338, 339, 339, 333, 
17615, 334, 333, 335, 345, 
17646, 333, 331, 334, 348, 
17676, 336, 336, 337, 338, 
17707, 340, 341, 340, 327, 
17736, 338, 339, 339, 330, 
17767, 332, 335, 336, 342, 
17797, 333, 331, 335, 349, 
17827, 335, 335, 337, 340, 
17857, 339, 341, 340, 327, 
17888, 339, 341, 340, 327, 
17917, 336, 336, 337, 340, 
17947, 333, 331, 334, 349, 
17978, 335, 334, 335, 343, 
18008, 337, 339, 338, 330, 
18038, 339, 341, 341, 326, 
18068, 336, 337, 337, 336, 
18099, 334, 332, 335, 347, 
18128, 335, 333, 335, 345, 
18159, 339, 338, 338, 333, 
18189, 338, 342, 340, 324, 
18219, 338, 339, 339, 333, 
18249, 334, 333, 335, 345, 
18279, 335, 331, 335, 347, 
18310, 336, 336, 337, 336, 
18339, 339, 341, 341, 326, 
18370, 337, 339, 339, 331, 
18400, 335, 334, 336, 343, 
18430, 334, 331, 334, 349, 
18460, 336, 335, 335, 340, 
18491, 339, 341, 340, 327, 
18521, 339, 340, 339, 328, 
18550, 336, 335, 336, 340, 
18581, 334, 331, 334, 349, 
18611, 335, 334, 336, 342, 
18641, 340, 339, 338, 329, 
18671, 339, 341, 340, 326, 
18702, 336, 337, 337, 336, 
18732, 334, 333, 335, 347, 
18762, 334, 332, 335, 344, 
18792, 337, 339, 338, 331, 
18823, 341, 341, 342, 325, 
18852, 337, 338, 338, 333, 
18882, 334, 332, 335, 346, 
18913, 335, 332, 333, 347, 
18942, 336, 336, 337, 335, 
18973, 340, 342, 339, 326, 
19003, 338, 339, 339, 332, 
19034, 335, 334, 335, 343, 
19063, 334, 331, 334, 350, 
19094, 337, 336, 336, 339, 
19124, 339, 341, 340, 327, 
19154, 338, 340, 339, 330, 
19184, 336, 335, 337, 342, 
19214, 333, 331, 334, 349, 
19245, 335, 334, 336, 342, 
19274, 339, 339, 339, 329, 
19305, 339, 342, 340, 327, 
19335, 336, 336, 337, 338, 
19365, 333, 331, 335, 349, 
19395, 335, 333, 335, 343, 
19426, 338, 339, 338, 331, 
19456, 340, 342, 340, 325, 
19486, 337, 338, 338, 335, 
19516, 334, 332, 334, 346, 
19546, 334, 332, 335, 346, 
19576, 338, 337, 337, 334, 
19606, 339, 342, 340, 326, 
19637, 338, 339, 339, 333, 
19666, 334, 333, 335, 345, 
19697, 333, 332, 335, 348, 
19727, 336, 336, 337, 338, 
19758, 339, 341, 341, 327, 
19787, 339, 340, 339, 331, 
19818, 335, 334, 336, 343, 
19848, 333, 331, 334, 350, 
19877, 335, 335, 336, 341, 
19908, 338, 340, 341, 329, 
19938, 338, 340, 340, 328, 
19969, 335, 336, 337, 339, 
19998, 333, 331, 335, 350, 
20029, 335, 334, 335, 343, 
20059, 339, 341, 339, 332, 
20089, 339, 341, 340, 327, 
20119, 336, 337, 337, 338, 
20149, 333, 332, 334, 349, 
20179, 334, 333, 335, 346, 
20209, 337, 339, 337, 333, 
20240, 340, 342, 341, 325, 
20270, 337, 338, 338, 332, 
20300, 334, 333, 336, 346, 
20330, 333, 332, 334, 348, 
20361, 337, 337, 337, 337, 
20390, 339, 341, 340, 327, 
20421, 339, 339, 339, 331, 
20451, 335, 334, 336, 343, 
20481, 334, 331, 335, 351, 
20511, 337, 335, 336, 339, 
20541, 339, 340, 339, 326, 
20572, 338, 341, 340, 330, 
20601, 335, 335, 336, 340, 
20632, 333, 331, 334, 349, 
20662, 335, 334, 335, 342, 
20692, 338, 339, 339, 329, 
20722, 340, 341, 341, 327, 
20753, 336, 337, 338, 338, 
20783, 332, 332, 335, 348, 
20812, 335, 334, 335, 344, 
20843, 338, 338, 338, 332, 
20873, 340, 341, 340, 324, 
20903, 337, 338, 338, 334, 
20933, 333, 333, 335, 347, 
20964, 333, 332, 334, 348, 
20994, 337, 337, 337, 335, 
21024, 340, 342, 341, 326, 
21054, 338, 339, 340, 332, 
21085, 335, 335, 336, 344, 
21114, 333, 332, 335, 350, 
21144, 336, 336, 336, 338, 
21175, 339, 341, 341, 327, 
21204, 339, 340, 339, 329, 
21235, 335, 335, 336, 342, 
21265, 333, 331, 335, 349, 
21296, 335, 335, 336, 341, 
21325, 339, 340, 339, 328, 
21356, 339, 342, 341, 327, 
21386, 336, 336, 337, 338, 
21416, 333, 331, 334, 350, 
21446, 334, 333, 335, 344, 
21476, 338, 340, 339, 329, 
21507, 339, 341, 340, 326, 
21536, 337, 338, 338, 335, 
21567, 333, 332, 334, 347, 
21597, 333, 333, 334, 347, 
21627, 337, 337, 337, 334, 
21657, 340, 342, 341, 327, 
21688, 338, 338, 339, 333, 
21718, 334, 333, 335, 345, 
21748, 334, 331, 334, 350, 
21778, 336, 336, 337, 339, 
21808, 339, 341, 340, 327, 
21838, 339, 340, 340, 330, 
21868, 335, 335, 336, 342, 
21899, 333, 331, 334, 349, 
21928, 336, 335, 337, 339, 
21959, 339, 340, 339, 328, 
21989, 340, 341, 340, 329, 
22020, 336, 336, 337, 340, 
22049, 334, 331, 334, 349, 
22079, 336, 334, 336, 343, 
22110, 338, 339, 339, 330, 
22139, 339, 341, 340, 327, 
22170, 337, 338, 337, 337, 
22200, 334, 331, 334, 348, 
22231, 334, 332, 335, 345, 
22260, 337, 338, 338, 333, 
22291, 339, 341, 341, 326, 
22321, 337, 339, 339, 333, 
22351, 334, 333, 333, 346, 
22381, 334, 332, 335, 348, 
22411, 335, 338, 338, 336, 
22441, 340, 342, 340, 326, 
22471, 339, 339, 339, 331, 
22502, 335, 334, 336, 343, 
22532, 333, 332, 334, 349, 
22562, 336, 335, 336, 340, 
22592, 339, 341, 340, 328, 
22623, 338, 341, 340, 329, 
22652, 336, 335, 337, 340, 
22683, 333, 331, 334, 349, 
22713, 335, 334, 336, 343, 
22743, 339, 340, 339, 330, 
22773, 340, 343, 340, 327, 
22803, 336, 338, 338, 337, 
22834, 334, 332, 334, 348, 
22863, 335, 333, 335, 345, 
22894, 338, 338, 338, 332, 
22924, 339, 341, 340, 326, 
22955, 337, 338, 338, 335, 
22984, 334, 332, 335, 346, 
23015, 334, 332, 335, 347, 
23045, 337, 338, 337, 335, 
23074, 340, 343, 340, 325, 
23105, 337, 339, 339, 332, 
23135, 335, 334, 336, 344, 
23165, 333, 331, 334, 348, 
23195, 337, 336, 336, 338, 
23226, 339, 341, 340, 328, 
23256, 338, 341, 339, 329, 
23286, 335, 336, 336, 341, 
23316, 333, 331, 334, 349, 
23347, 335, 334, 336, 342, 
23376, 339, 340, 339, 330, 
23406, 339, 341, 339, 328, 
23437, 336, 337, 337, 338, 
23467, 335, 331, 334, 349, 
23497, 335, 333, 335, 345, 
23527, 338, 339, 339, 332, 
23558, 341, 342, 341, 326, 
23587, 337, 338, 339, 336, 
23618, 334, 332, 335, 348, 
23648, 334, 333, 334, 347, 
23678, 337, 338, 337, 336, 
23708, 341, 342, 341, 327, 
23738, 337, 339, 338, 333, 
23769, 334, 333, 336, 345, 
23798, 333, 332, 334, 348, 
23829, 336, 337, 336, 337, 
23859, 339, 341, 340, 326, 
23889, 338, 341, 339, 331, 
23919, 336, 334, 335, 342, 
23950, 333, 331, 334, 350, 
23980, 335, 335, 335, 341, 
24009, 339, 340, 339, 329, 
24040, 338, 342, 340, 329, 
24070, 336, 336, 337, 339, 
24100, 333, 332, 334, 350, 
24130, 334, 334, 335, 345, 
24161, 338, 340, 339, 332, 
24190, 340, 343, 340, 327, 
24221, 336, 337, 338, 337, 
24251, 333, 333, 335, 348, 
24282, 334, 332, 335, 347, 
24311, 337, 339, 338, 336, 
24341, 339, 342, 341, 327, 
24372, 337, 340, 339, 334, 
24401, 334, 333, 336, 347, 
24432, 333, 332, 334, 349, 
24462, 336, 336, 337, 338, 
24493, 339, 342, 340, 328, 
24522, 338, 339, 339, 331, 
24553, 335, 334, 336, 344, 
24583, 333, 331, 334, 350, 
24613, 336, 334, 336, 341, 
24643, 339, 340, 340, 328, 
24673, 338, 341, 339, 329, 
24704, 336, 336, 337, 339, 
24733, 333, 331, 334, 349, 
24764, 335, 333, 336, 342, 
24794, 340, 339, 338, 332, 
24824, 339, 341, 340, 326, 
24854, 337, 336, 337, 336, 
24885, 333, 332, 335, 348, 
24914, 334, 332, 336, 346, 
24945, 337, 338, 339, 333, 
24975, 339, 342, 340, 325, 
25005, 337, 338, 338, 333, 
25035, 334, 333, 335, 345, 
25065, 334, 332, 334, 347, 
25096, 337, 337, 337, 336, 
25125, 339, 341, 340, 325, 
25156, 338, 340, 339, 331, 
25186, 335, 334, 336, 343, 
25217, 333, 331, 334, 348, 
25246, 336, 335, 336, 340, 
25277, 341, 341, 340, 327, 
25307, 339, 340, 340, 328, 
25336, 336, 336, 336, 340, 
25367, 333, 331, 334, 350, 
25397, 335, 334, 335, 343, 
25427, 339, 340, 339, 330, 
25457, 340, 342, 340, 327, 
25488, 336, 337, 337, 337, 
25518, 335, 332, 334, 348, 
25548, 334, 333, 335, 346, 
25578, 337, 338, 338, 333, 
25609, 339, 341, 340, 326, 
25638, 337, 338, 339, 334, 
25668, 333, 332, 335, 346, 
25699, 334, 332, 334, 348, 
25729, 337, 336, 337, 336, 
25759, 339, 341, 340, 326, 
25789, 338, 339, 339, 332, 
25820, 335, 333, 336, 342, 
25849, 333, 331, 333, 349, 
25880, 337, 335, 336, 339, 
25910, 339, 340, 339, 328, 
25939, 339, 340, 339, 329, 
25970, 335, 335, 336, 342, 
26000, 333, 331, 334, 349, 
26031, 335, 334, 336, 342, 
26060, 340, 340, 338, 329, 
26091, 339, 341, 340, 326, 
26121, 336, 335, 338, 337, 
26151, 333, 331, 334, 347, 
26181, 335, 333, 334, 344, 
26212, 338, 338, 338, 331, 
26242, 340, 341, 339, 324, 
26271, 337, 338, 338, 334, 
26302, 333, 333, 335, 345, 
26332, 334, 331, 334, 347, 
26362, 337, 337, 338, 335, 
26392, 340, 341, 340, 325, 
26423, 338, 339, 338, 331, 
26452, 334, 333, 336, 343, 
26483, 333, 331, 334, 348, 
26513, 336, 335, 336, 339, 
26544, 339, 342, 339, 327, 
26573, 338, 340, 339, 329, 
26603, 336, 335, 337, 340, 
26634, 333, 330, 333, 349, 
26663, 334, 334, 335, 342, 
26694, 338, 340, 338, 329, 
26724, 339, 341, 340, 326, 
26755, 336, 337, 337, 338, 
26784, 333, 331, 334, 349, 
26815, 334, 332, 335, 345, 
26845, 337, 338, 338, 333, 
26875, 339, 341, 340, 326, 
26905, 337, 338, 337, 334, 
26935, 334, 332, 334, 346, 
26966, 334, 332, 334, 347, 
26995, 337, 337, 337, 336, 
27026, 339, 341, 339, 326, 
27056, 338, 339, 339, 332, 
27086, 334, 334, 336, 344, 
27116, 333, 334, 334, 349, 
27147, 336, 335, 336, 340, 
27176, 338, 341, 339, 327, 
27207, 338, 341, 340, 329, 
27237, 335, 335, 336, 342, 
27267, 333, 331, 334, 350, 
27297, 335, 334, 336, 343, 
27327, 338, 340, 340, 330, 
27358, 339, 341, 340, 327, 
27387, 337, 338, 338, 339, 
27418, 333, 331, 333, 348, 
27448, 334, 335, 336, 345, 
27479, 337, 338, 338, 332, 
27508, 340, 342, 341, 325, 
27539, 337, 338, 339, 335, 
27569, 334, 332, 335, 346, 
27598, 334, 331, 334, 347, 
27629, 337, 336, 337, 335, 
27659, 339, 341, 340, 326, 
27689, 338, 338, 340, 332, 
27719, 334, 333, 336, 344, 
27750, 334, 331, 334, 349, 
27780, 336, 335, 336, 339, 
27810, 339, 340, 339, 327, 
27840, 339, 340, 339, 328, 
27870, 335, 337, 335, 340, 
27900, 331, 331, 334, 349, 
27930, 335, 335, 335, 342, 
27961, 337, 340, 340, 330, 
27991, 339, 341, 340, 327, 
28021, 336, 337, 337, 338, 
28051, 333, 331, 335, 349, 
28082, 334, 333, 334, 345, 
28111, 337, 338, 338, 333, 
28142, 339, 341, 340, 326, 
28172, 337, 338, 338, 334, 
28201, 333, 332, 335, 347, 
28232, 334, 332, 334, 347, 
28262, 336, 336, 338, 336, 
28293, 341, 341, 340, 326, 
28322, 337, 339, 340, 332, 
28353, 335, 333, 336, 343, 
28383, 333, 331, 333, 349, 
28413, 336, 335, 336, 339, 
28443, 339, 340, 339, 328, 
28474, 338, 341, 339, 330, 
28504, 335, 335, 337, 341, 
28533, 333, 331, 334, 350, 
28564, 336, 334, 335, 343, 
28594, 338, 339, 340, 331, 
28624, 339, 341, 340, 327, 
28654, 336, 338, 337, 337, 
28685, 334, 332, 335, 348, 
28715, 334, 333, 334, 345, 
28745, 337, 338, 337, 333, 
28775, 340, 342, 340, 326, 
28806, 336, 338, 338, 334, 
28835, 334, 333, 335, 346, 
28865, 334, 332, 334, 348, 
28896, 337, 337, 337, 337, 
28925, 339, 341, 340, 326, 
28956, 338, 341, 339, 332, 
28986, 334, 334, 336, 344, 
29017, 334, 331, 334, 348, 
29046, 337, 335, 336, 339, 
29077, 340, 341, 341, 328, 
29107, 340, 340, 340, 329, 
29137, 336, 337, 337, 340, 
29167, 333, 331, 334, 349, 
29197, 335, 334, 335, 343, 
29228, 339, 340, 339, 332, 
29257, 339, 341, 340, 327, 
29288, 336, 337, 338, 337, 
29318, 335, 332, 335, 350, 
29348, 334, 333, 335, 346, 
29378, 338, 338, 338, 334, 
29409, 340, 342, 341, 326, 
29438, 337, 338, 338, 334, 
29469, 334, 333, 335, 346, 
29499, 334, 332, 335, 348, 
29529, 337, 336, 337, 336, 
29559, 339, 341, 341, 327, 
29589, 339, 340, 339, 332, 
29620, 335, 334, 336, 344, 
29649, 334, 332, 334, 349, 
29680, 336, 336, 336, 340, 
29710, 340, 341, 339, 328, 
29741, 339, 341, 339, 329, 
29770, 336, 336, 336, 340, 
29800, 333, 332, 334, 351, 
29831, 336, 334, 335, 343, 
29860, 339, 339, 338, 331, 
29891, 340, 341, 340, 327, 
29921, 337, 337, 338, 337, 
29952, 334, 332, 334, 347, 
29981, 335, 332, 335, 346, 
30012, 338, 339, 338, 333, 
30042, 340, 342, 341, 326, 
30072, 337, 338, 338, 333, 
30102, 334, 332, 335, 345, 
30132, 334, 332, 334, 347, 
30162, 337, 336, 337, 336, 
30192, 339, 342, 340, 325, 
30223, 339, 340, 340, 329, 
30253, 335, 334, 336, 342, 
30283, 333, 332, 335, 349, 
30313, 336, 335, 336, 339, 
30344, 339, 340, 340, 328, 
30373, 339, 341, 339, 328, 
30404, 337, 336, 336, 338, 
30434, 334, 331, 334, 348, 
30464, 335, 333, 335, 343, 
30494, 339, 339, 338, 330, 
30524, 340, 342, 340, 326, 
30555, 336, 337, 337, 337, 
30584, 335, 332, 335, 348, 
30615, 335, 331, 335, 345, 
30645, 337, 338, 338, 333, 
30675, 339, 343, 340, 326, 
30705, 338, 339, 339, 333, 
30736, 334, 333, 335, 346, 
30766, 334, 332, 334, 348, 
30795, 336, 336, 336, 337, 
30826, 339, 341, 341, 327, 
30856, 338, 341, 339, 331, 
30886, 335, 336, 337, 342, 
30916, 333, 331, 334, 349, 
30947, 337, 335, 336, 342, 
30977, 338, 341, 340, 328, 
31007, 338, 341, 339, 328, 
31037, 335, 336, 337, 340, 
31068, 332, 331, 334, 349, 
31097, 334, 333, 335, 344, 
31127, 338, 339, 338, 331, 
31158, 339, 343, 340, 326, 
31187, 337, 338, 338, 336, 
31218, 333, 332, 335, 347, 
31248, 334, 334, 335, 347, 
31279, 337, 338, 337, 335, 
31308, 340, 342, 340, 326, 
31339, 337, 341, 339, 333, 
31369, 334, 333, 335, 345, 
31399, 333, 330, 334, 349, 
31429, 336, 337, 337, 338, 
31459, 339, 341, 340, 326, 
31490, 338, 339, 339, 330, 
31519, 334, 335, 336, 342, 
31550, 334, 332, 334, 349, 
31580, 335, 334, 335, 341, 
31610, 339, 341, 339, 329, 
31640, 339, 341, 340, 328, 
31671, 335, 336, 337, 339, 
31700, 333, 332, 334, 349, 
31730, 334, 334, 335, 346, 
31761, 338, 339, 338, 332, 
31791, 340, 342, 339, 326, 
31821, 337, 338, 338, 336, 
31851, 334, 332, 335, 348, 
31882, 334, 333, 334, 348, 
31911, 337, 337, 337, 336, 
31942, 339, 342, 340, 326, 
31972, 337, 340, 339, 333, 
32003, 335, 334, 335, 346, 
32032, 333, 331, 334, 349, 
32062, 336, 336, 336, 339, 
32093, 339, 341, 340, 327, 
32122, 338, 340, 340, 330, 
32153, 334, 335, 336, 342, 
32183, 334, 331, 334, 351, 
32214, 335, 335, 335, 343, 
32243, 338, 340, 340, 330, 
32274, 339, 341, 340, 328, 
32304, 336, 336, 337, 338, 
32334, 334, 331, 335, 349, 
32364, 334, 333, 335, 345, 
32394, 337, 338, 338, 333, 
32424, 339, 342, 340, 327, 
32454, 337, 338, 338, 336, 
32485, 334, 332, 334, 347, 
32515, 335, 332, 334, 347, 
32545, 335, 337, 337, 337, 
32575, 339, 342, 341, 327, 
32606, 338, 340, 339, 333, 
32635, 334, 335, 336, 344, 
32666, 333, 331, 334, 350, 
32696, 336, 336, 336, 340, 
32726, 339, 341, 339, 328, 
32756, 339, 340, 339, 329, 
32786, 335, 335, 336, 341, 
32817, 333, 331, 333, 349, 
32846, 334, 333, 335, 343, 
32877, 338, 339, 338, 330, 
32907, 340, 341, 340, 327, 
32937, 336, 336, 337, 338, 
32967, 333, 332, 334, 348, 
32998, 335, 333, 334, 346, 
33028, 339, 338, 338, 333, 
33057, 339, 343, 341, 326, 
33088, 337, 338, 338, 335, 
33118, 334, 333, 335, 347, 
33148, 334, 332, 334, 350, 
33178, 337, 337, 337, 337, 
33209, 339, 343, 340, 328, 
33239, 338, 340, 340, 331, 
33269, 336, 334, 335, 342, 
33299, 333, 332, 333, 349, 
33330, 338, 335, 336, 339, 
33359, 339, 340, 340, 328, 
33389, 339, 341, 340, 328, 
33420, 336, 336, 336, 339, 
33449, 333, 332, 334, 349, 
33480, 334, 333, 335, 344, 
33510, 338, 339, 339, 330, 
33541, 340, 341, 340, 325, 
33570, 337, 337, 337, 335, 
33601, 333, 332, 334, 346, 
33631, 335, 332, 334, 345, 
33660, 339, 337, 337, 333, 
33691, 339, 341, 341, 325, 
33721, 337, 338, 338, 332, 
33752, 334, 333, 335, 345, 
33781, 333, 331, 333, 347, 
33812, 336, 336, 336, 337, 
33842, 340, 342, 340, 326, 
33872, 338, 340, 339, 330, 
33902, 335, 334, 336, 342, 
33933, 333, 331, 334, 349, 
33963, 335, 334, 335, 340, 
33992, 339, 340, 338, 328, 
34023, 339, 341, 340, 327, 
34053, 336, 336, 337, 338, 
34083, 333, 331, 334, 347, 
34113, 334, 332, 335, 344, 
34144, 338, 339, 339, 331, 
34173, 340, 341, 340, 326, 
34204, 337, 338, 338, 335, 
34234, 334, 332, 334, 345, 
34265, 334, 332, 335, 347, 
34294, 335, 338, 337, 335, 
34324, 340, 341, 340, 325, 
34355, 338, 339, 339, 333, 
34384, 335, 333, 335, 345, 
34415, 333, 332, 334, 350, 
34445, 336, 336, 336, 338, 
34476, 339, 341, 340, 329, 
34505, 338, 340, 339, 330, 
34536, 335, 335, 336, 342, 
34566, 334, 332, 334, 350, 
34596, 335, 334, 335, 342, 
34626, 339, 340, 339, 331, 
34656, 339, 341, 340, 326, 
34686, 336, 337, 337, 338, 
34716, 333, 331, 334, 349, 
34747, 334, 333, 335, 345, 
34777, 338, 338, 338, 333, 
34807, 340, 341, 340, 326, 
34837, 337, 338, 339, 335, 
34868, 334, 333, 335, 345, 
34897, 334, 332, 334, 348, 
34928, 337, 337, 337, 337, 
34958, 340, 342, 340, 327, 
34988, 338, 339, 339, 332, 
35018, 334, 335, 336, 344, 
35048, 333, 331, 334, 350, 
35079, 334, 335, 336, 340, 
35108, 339, 341, 339, 328, 
35139, 338, 341, 339, 328, 
35169, 336, 336, 337, 340, 
35200, 332, 331, 334, 350, 
35229, 333, 334, 335, 342, 
35260, 338, 339, 339, 330, 
35290, 339, 341, 339, 326, 
35319, 337, 337, 337, 336, 
35350, 333, 332, 335, 347, 
35380, 334, 332, 334, 346, 
35410, 337, 339, 339, 333, 
35440, 339, 341, 340, 326, 
35471, 337, 338, 338, 333, 
35501, 334, 333, 335, 345, 
35531, 333, 332, 335, 348, 
35561, 337, 337, 337, 337, 
35591, 340, 341, 340, 326, 
35621, 339, 339, 339, 330, 
35651, 336, 334, 336, 343, 
35682, 333, 331, 334, 349, 
35712, 336, 333, 336, 341, 
35742, 338, 340, 339, 329, 
35772, 339, 341, 339, 327, 
35803, 336, 336, 337, 339, 
35832, 333, 331, 335, 349, 
35863, 335, 333, 335, 344, 
35893, 338, 339, 338, 332, 
35922, 339, 342, 340, 326, 
35953, 337, 338, 339, 335, 
35983, 333, 332, 335, 347, 
36014, 334, 332, 335, 347, 
36043, 337, 337, 338, 336, 
36074, 340, 342, 341, 326, 
36104, 338, 339, 338, 332, 
36134, 334, 333, 338, 345, 
36164, 334, 332, 334, 349, 
36195, 336, 337, 335, 340, 
36225, 339, 341, 340, 328, 
36254, 338, 342, 340, 330, 
36285, 336, 335, 336, 342, 
36315, 333, 331, 334, 350, 
36345, 336, 334, 335, 343, 
36375, 338, 339, 338, 331, 
36406, 339, 340, 340, 328, 
36435, 336, 336, 337, 338, 
36466, 333, 332, 334, 349, 
36496, 334, 334, 335, 346, 
36527, 337, 338, 338, 333, 
36556, 340, 342, 341, 325, 
36586, 338, 338, 339, 334, 
36617, 334, 333, 335, 346, 
36646, 333, 332, 334, 348, 
36677, 338, 337, 337, 337, 
36707, 339, 341, 340, 325, 
36738, 338, 341, 339, 331, 
36767, 334, 334, 336, 343, 
36798, 333, 331, 335, 351, 
36828, 335, 335, 336, 340, 
36858, 339, 341, 340, 328, 
36888, 339, 341, 339, 329, 
36918, 336, 336, 336, 340, 
36948, 333, 331, 333, 349, 
36978, 336, 334, 335, 345, 
37009, 338, 339, 338, 331, 
37039, 340, 342, 341, 326, 
37069, 337, 337, 338, 336, 
37099, 334, 332, 335, 348, 
37130, 334, 332, 335, 346, 
37159, 337, 338, 337, 334, 
37190, 339, 341, 340, 326, 
37220, 337, 339, 339, 333, 
37250, 333, 333, 335, 346, 
37280, 333, 331, 334, 350, 
37310, 336, 336, 337, 337, 
37341, 339, 341, 340, 327, 
37370, 339, 340, 339, 330, 
37401, 335, 334, 336, 342, 
37431, 333, 331, 333, 349, 
37462, 334, 334, 336, 341, 
37491, 339, 340, 339, 328, 
37521, 339, 341, 340, 327, 
37552, 336, 336, 337, 338, 
37581, 334, 331, 335, 349, 
37612, 334, 333, 335, 344, 
37642, 337, 339, 339, 332, 
37672, 340, 342, 340, 326, 
37702, 337, 338, 338, 336, 
37733, 334, 332, 334, 347, 
37763, 335, 332, 335, 346, 
37793, 336, 338, 337, 335, 
37823, 340, 342, 340, 326, 
37853, 338, 339, 337, 332, 
37883, 335, 333, 335, 345, 
37913, 334, 332, 334, 348, 
37944, 336, 336, 337, 339, 
37974, 340, 341, 340, 327, 
38004, 339, 340, 340, 329, 
38034, 336, 335, 337, 341, 
38065, 334, 331, 334, 350, 
38094, 335, 334, 335, 342, 
38125, 339, 340, 339, 329, 
38155, 339, 341, 340, 327, 
38184, 336, 336, 337, 337, 
38215, 334, 332, 334, 350, 
38245, 334, 333, 335, 345, 
38276, 338, 338, 337, 332, 
38305, 340, 342, 341, 326, 
38336, 337, 339, 338, 333, 
38366, 334, 333, 335, 346, 
38396, 334, 332, 334, 349, 
38426, 337, 336, 337, 336, 
38457, 340, 341, 339, 324, 
38487, 338, 339, 339, 330, 
38516, 335, 334, 336, 342, 
38547, 333, 331, 334, 348, 
38577, 336, 335, 336, 339, 
38607, 339, 341, 340, 327, 
38637, 340, 340, 340, 328, 
38668, 336, 335, 336, 340, 
38697, 334, 331, 333, 349, 
38728, 335, 334, 335, 343, 
38758, 338, 339, 338, 331, 
38789, 339, 342, 339, 327, 
38818, 337, 337, 337, 336, 
38848, 334, 331, 334, 347, 
38879, 335, 333, 334, 346, 
38908, 338, 337, 337, 334, 
38939, 339, 341, 340, 325, 
38969, 338, 338, 338, 333, 
39000, 334, 333, 335, 345, 
39029, 334, 331, 334, 348, 
39060, 336, 337, 337, 337, 
39090, 339, 341, 340, 326, 
39120, 337, 340, 339, 330, 
39150, 335, 334, 336, 342, 
39180, 334, 331, 334, 349, 
39211, 336, 335, 336, 341, 
39240, 339, 340, 339, 329, 
39271, 339, 341, 341, 328, 
39301, 336, 337, 338, 339, 
39331, 333, 331, 335, 349, 
39361, 334, 333, 335, 345, 
39392, 338, 338, 338, 333, 
39421, 339, 341, 340, 327, 
39451, 338, 338, 338, 336, 
39482, 334, 332, 335, 347, 
39512, 334, 332, 335, 347, 
39542, 337, 338, 338, 335, 
39572, 339, 341, 340, 326, 
39603, 338, 339, 339, 332, 
39632, 334, 334, 337, 344, 
39663, 333, 331, 334, 349, 
39693, 336, 336, 337, 339, 
39724, 340, 341, 340, 327, 
39753, 338, 340, 340, 329, 
39783, 335, 335, 336, 342, 
39814, 333, 331, 334, 351, 
39843, 335, 334, 335, 341, 
39874, 339, 339, 339, 331, 
39904, 339, 341, 339, 327, 
39934, 336, 336, 337, 338, 
39964, 332, 331, 333, 349, 
39995, 335, 333, 334, 345, 
40025, 337, 338, 338, 332, 
40055, 339, 342, 340, 326, 
40085, 337, 338, 339, 334, 
40115, 333, 333, 335, 347, 
40145, 333, 331, 334, 347, 
40175, 336, 337, 337, 336, 
40206, 339, 342, 340, 326, 
40236, 338, 339, 339, 330, 
40266, 335, 333, 336, 343, 
40296, 334, 331, 333, 349, 
40327, 336, 335, 336, 339, 
40356, 339, 340, 342, 327, 
40387, 338, 341, 339, 328, 
40417, 335, 335, 336, 340, 
40446, 332, 331, 332, 348, 
40477, 335, 335, 335, 342, 
40507, 338, 339, 338, 330, 
40538, 338, 341, 340, 327, 
40567, 335, 337, 337, 339, 
40598, 333, 330, 334, 349, 
40628, 335, 333, 334, 346, 
40658, 338, 338, 337, 335, 
40688, 339, 342, 341, 326, 
40719, 338, 339, 338, 334, 
40749, 333, 333, 335, 347, 
40778, 333, 332, 335, 349, 
40809, 336, 337, 338, 338, 
40839, 339, 342, 339, 327, 
40869, 338, 340, 339, 331, 
40899, 336, 333, 336, 343, 
40930, 334, 332, 333, 350, 
40960, 335, 335, 336, 341, 
40990, 339, 340, 340, 330, 
41020, 340, 341, 340, 329, 
41051, 335, 336, 337, 340, 
41080, 333, 332, 335, 350, 
41110, 335, 334, 335, 344, 
41141, 338, 339, 338, 332, 
41170, 340, 342, 340, 327, 
41201, 337, 338, 338, 336, 
41231, 333, 332, 335, 348, 
41262, 334, 332, 335, 347, 
41291, 339, 336, 338, 336, 
41322, 339, 343, 340, 325, 
41352, 338, 339, 338, 333, 
41381, 334, 334, 335, 345, 
41412, 334, 332, 334, 349, 
41442, 336, 336, 337, 338, 
41473, 340, 342, 340, 327, 
41502, 338, 340, 339, 330, 
41533, 335, 335, 337, 342, 
41563, 334, 331, 333, 350, 
41593, 335, 334, 335, 342, 
41623, 340, 341, 339, 329, 
41654, 340, 341, 340, 327, 
41683, 336, 336, 337, 338, 
41713, 333, 331, 334, 348, 
41744, 334, 333, 335, 345, 
41774, 338, 338, 338, 332, 
41804, 339, 342, 340, 326, 
41834, 337, 339, 339, 335, 
41865, 334, 332, 335, 347, 
41894, 334, 332, 335, 347, 
41925, 337, 337, 337, 336, 
41955, 340, 341, 340, 326, 
41986, 338, 339, 339, 330, 
42015, 334, 335, 335, 344, 
42045, 333, 331, 333, 349, 
42076, 336, 335, 336, 339, 
42105, 339, 341, 339, 327, 
42136, 338, 339, 339, 328, 
42166, 335, 335, 336, 341, 
42196, 333, 332, 334, 349, 
42226, 335, 334, 335, 342, 
42257, 339, 340, 339, 329, 
42287, 340, 341, 340, 326, 
42317, 336, 337, 337, 336, 
42347, 333, 332, 334, 348, 
42377, 335, 332, 333, 345, 
42407, 337, 338, 338, 333, 
42437, 340, 342, 340, 325, 
42468, 338, 338, 338, 333, 
42498, 334, 332, 335, 345, 
42528, 334, 332, 334, 348, 
42558, 337, 337, 337, 336, 
42589, 340, 341, 339, 326, 
42618, 339, 340, 339, 330, 
42649, 335, 335, 336, 342, 
42679, 333, 331, 333, 349, 
42708, 336, 335, 336, 341, 
42739, 339, 340, 340, 328, 
42769, 339, 341, 340, 328, 
42800, 336, 336, 336, 339, 
42829, 334, 331, 334, 348, 
42860, 334, 334, 334, 343, 
42890, 337, 339, 339, 331, 
42920, 339, 342, 340, 326, 
42950, 337, 338, 337, 335, 
42981, 334, 331, 335, 347, 
43011, 334, 334, 334, 346, 
43040, 337, 338, 338, 334, 
43071, 339, 343, 340, 326, 
43101, 338, 339, 339, 332, 
43131, 334, 334, 336, 344, 
43161, 334, 332, 334, 348, 
43192, 337, 336, 338, 337, 
43222, 339, 341, 341, 327, 
43252, 339, 340, 339, 329, 
43282, 335, 335, 336, 341, 
43312, 333, 332, 335, 349, 
43342, 336, 334, 336, 341, 
43372, 338, 339, 339, 329, 
43403, 339, 341, 341, 327, 
43432, 336, 337, 337, 338, 
43463, 333, 331, 334, 348, 
43493, 334, 333, 335, 344, 
43524, 338, 338, 338, 332, 
43553, 340, 342, 340, 325, 
43584, 336, 338, 339, 334, 
43614, 335, 333, 335, 346, 
43643, 335, 332, 335, 348, 
43674, 337, 337, 337, 336, 
43704, 340, 343, 340, 325, 
43735, 338, 339, 339, 331, 
43764, 335, 334, 336, 344, 
43795, 333, 331, 334, 349, 
43825, 336, 335, 336, 339, 
43855, 339, 341, 340, 327, 
43885, 339, 340, 340, 329, 
43916, 335, 335, 337, 340, 
43945, 333, 331, 335, 349, 
43975, 335, 334, 335, 342, 
44006, 338, 340, 339, 330, 
44036, 339, 341, 340, 326, 
44066, 336, 338, 337, 337, 
44096, 334, 332, 334, 348, 
44127, 333, 333, 335, 346, 
44156, 337, 338, 337, 334, 
44187, 340, 342, 340, 326, 
44217, 337, 338, 338, 334, 
44248, 333, 332, 335, 346, 
44277, 333, 331, 334, 347, 
44307, 336, 336, 337, 337, 
44338, 339, 342, 340, 325, 
44367, 338, 340, 339, 330, 
44398, 335, 334, 336, 342, 
44428, 333, 331, 334, 349, 
44459, 335, 336, 336, 340, 
44488, 339, 340, 340, 330, 
44519, 338, 341, 340, 328, 
44549, 335, 336, 337, 340, 
44579, 333, 331, 334, 350, 
44609, 334, 333, 335, 344, 
44639, 339, 339, 338, 331, 
44669, 340, 342, 340, 326, 
44699, 336, 337, 337, 335, 
44730, 333, 332, 334, 347, 
44760, 334, 333, 335, 346, 
44790, 337, 338, 338, 335, 
44820, 339, 342, 341, 326, 
44851, 337, 339, 339, 333, 
44880, 334, 334, 335, 345, 
44911, 333, 331, 334, 348, 
44941, 336, 336, 336, 339, 
44971, 340, 341, 340, 327, 
45001, 338, 340, 339, 329, 
45031, 336, 335, 336, 342, 
45062, 333, 331, 333, 350, 
45091, 336, 334, 335, 342, 
45122, 338, 339, 340, 330, 
45152, 339, 341, 340, 327, 
45182, 336, 336, 337, 340, 
45212, 333, 331, 334, 350, 
45242, 334, 333, 335, 345, 
45273, 337, 338, 338, 333, 
45302, 339, 341, 340, 326, 
45333, 336, 338, 338, 335, 
45363, 333, 333, 335, 347, 
45393, 334, 332, 334, 348, 
45423, 336, 337, 338, 336, 
45454, 340, 342, 340, 327, 
45484, 337, 339, 339, 332, 
45514, 334, 335, 336, 343, 
45544, 333, 332, 334, 349, 
45574, 335, 335, 336, 340, 
45604, 339, 341, 340, 327, 
45634, 338, 340, 339, 328, 
45665, 335, 335, 337, 340, 
45694, 333, 331, 334, 349, 
45725, 334, 333, 335, 344, 
45755, 337, 340, 338, 331, 
45786, 339, 342, 340, 328, 
45815, 336, 337, 338, 338, 
45846, 333, 331, 335, 348, 
45876, 333, 332, 334, 346, 
45905, 337, 338, 337, 335, 
45936, 338, 341, 340, 326, 
45966, 337, 339, 339, 334, 
45997, 334, 333, 335, 345, 
46026, 333, 332, 334, 349, 
46057, 337, 336, 336, 337, 
46087, 339, 340, 339, 328, 
46117, 337, 340, 339, 330, 
46147, 335, 334, 336, 342, 
46178, 333, 331, 333, 349, 
46208, 335, 334, 335, 341, 
46237, 339, 340, 339, 328, 
46268, 339, 341, 340, 328, 
46298, 336, 336, 337, 338, 
46328, 333, 331, 334, 347, 
46358, 334, 333, 335, 344, 
46389, 338, 339, 339, 331, 
46418, 340, 341, 340, 325, 
46449, 337, 337, 338, 335, 
46479, 334, 332, 335, 346, 
46510, 335, 332, 334, 346, 
46539, 337, 337, 337, 334, 
46569, 340, 342, 340, 326, 
46600, 338, 339, 338, 332, 
46629, 334, 333, 335, 345, 
46660, 333, 331, 334, 348, 
46690, 336, 336, 336, 338, 
46721, 340, 340, 339, 327, 
46750, 338, 340, 339, 329, 
46781, 335, 335, 336, 341, 
46811, 333, 331, 333, 349, 
46841, 335, 334, 335, 342, 
46871, 338, 340, 339, 329, 
46901, 339, 341, 341, 327, 
46931, 336, 337, 337, 338, 
46961, 333, 331, 334, 348, 
46992, 334, 333, 334, 345, 
47022, 337, 338, 338, 333, 
47052, 339, 341, 341, 326, 
47082, 337, 338, 339, 334, 
47113, 334, 332, 334, 347, 
47142, 333, 331, 334, 348, 
47172, 337, 336, 336, 337, 
47203, 339, 341, 339, 326, 
47233, 338, 340, 340, 332, 
47263, 335, 334, 335, 344, 
47293, 333, 331, 333, 350, 
47324, 336, 335, 335, 340, 
47353, 339, 342, 339, 328, 
47384, 340, 340, 339, 328, 
47414, 336, 336, 338, 340, 
47444, 333, 331, 334, 350, 
47474, 334, 333, 335, 344, 
47504, 338, 339, 338, 332, 
47535, 338, 341, 340, 327, 
47564, 336, 339, 338, 338, 
47595, 333, 332, 334, 348, 
47625, 334, 332, 334, 347, 
47655, 337, 337, 338, 335, 
47685, 340, 341, 340, 326, 
47716, 337, 338, 338, 334, 
47746, 334, 333, 335, 346, 
47776, 333, 331, 334, 350, 
47806, 336, 336, 338, 339, 
47836, 339, 342, 339, 328, 
47866, 338, 340, 339, 331, 
47896, 335, 335, 335, 343, 
47927, 333, 331, 334, 351, 
47956, 335, 334, 335, 342, 
47987, 337, 340, 339, 330, 
48017, 338, 341, 340, 328, 
48048, 336, 337, 338, 339, 
48077, 333, 331, 335, 350, 
48108, 334, 333, 335, 345, 
48138, 339, 340, 339, 333, 
48167, 339, 342, 340, 326, 
48198, 337, 338, 338, 335, 
48228, 333, 332, 335, 347, 
48259, 334, 333, 335, 347, 
48288, 338, 337, 337, 336, 
48319, 341, 342, 340, 325, 
48349, 338, 339, 339, 331, 
48379, 334, 334, 336, 343, 
48409, 334, 332, 334, 348, 
48440, 336, 335, 336, 339, 
48470, 339, 341, 340, 327, 
48499, 339, 342, 340, 327, 
48530, 336, 335, 336, 339, 
48560, 333, 331, 334, 348, 
48590, 336, 333, 335, 341, 
48620, 339, 340, 340, 329, 
48651, 340, 342, 340, 325, 
48680, 337, 336, 337, 336, 
48711, 334, 331, 334, 346, 
48741, 334, 333, 335, 345, 
48772, 337, 338, 338, 333, 
48801, 340, 342, 340, 324, 
48831, 338, 339, 339, 333, 
48862, 334, 332, 335, 345, 
48891, 333, 332, 335, 347, 
48922, 336, 336, 336, 337, 
48952, 339, 341, 339, 326, 
48983, 338, 340, 339, 329, 
49012, 335, 334, 336, 341, 
49043, 334, 332, 333, 349, 
49073, 336, 334, 335, 340, 
49102, 338, 340, 339, 328, 
49133, 339, 340, 340, 327, 
49163, 336, 336, 337, 338, 
49193, 333, 331, 333, 348, 
49223, 334, 333, 334, 345, 
49254, 338, 338, 338, 331, 
49284, 339, 341, 341, 326, 
49314, 337, 337, 338, 335, 
49344, 334, 333, 334, 347, 
49375, 335, 332, 334, 347, 
49404, 337, 337, 337, 336, 
49434, 339, 342, 341, 326, 
49465, 337, 339, 339, 333, 
49495, 334, 334, 335, 344, 
49525, 333, 331, 333, 349, 
49555, 335, 336, 336, 339, 
49586, 339, 341, 340, 328, 
49615, 338, 340, 340, 329, 
49646, 335, 335, 337, 341, 
49676, 333, 331, 334, 349, 
49707, 335, 334, 335, 343, 
49736, 338, 340, 339, 330, 
49766, 339, 341, 340, 327, 
