6, 338, 339, 339, 332, 
794836
794713, 333, 331, 334, 349, 
794743, 334, 332, 334, 347, 
794774, 335, 335, 336, 340, 
794806, 338, 339, 339, 332, 
7948360, 335, 336, 337, 333, 
1, 335, 334, 336, 339, 
2, 334, 333, 334, 343, 
11, 339, 341, 340, 327, 
37, 333, 331, 334, 349, 
65, 339, 340, 338, 332, 
92, 337, 338, 338, 336, 
119, 334, 332, 334, 348, 
147, 339, 341, 339, 329, 
175, 337, 337, 338, 337, 
203, 333, 332, 334, 349, 
231, 338, 339, 337, 331, 
260, 337, 340, 340, 334, 
287, 333, 331, 334, 350, 
316, 337, 338, 338, 335, 
344, 338, 341, 340, 331, 
371, 333, 331, 334, 349, 
400, 336, 337, 337, 337, 
428, 340, 341, 340, 328, 
456, 334, 334, 335, 347, 
484, 336, 335, 336, 341, 
512, 340, 342, 340, 328, 
540, 335, 335, 336, 344, 
568, 334, 335, 335, 344, 
596, 340, 342, 340, 328, 
624, 335, 336, 337, 341, 
653, 333, 332, 334, 349, 
680, 339, 342, 341, 328, 
708, 338, 338, 337, 337, 
737, 334, 332, 334, 350, 
764, 338, 340, 339, 331, 
793, 338, 339, 339, 334, 
821, 334, 331, 334, 350, 
849, 337, 338, 338, 334, 
877, 339, 340, 340, 329, 
905, 333, 332, 335, 350, 
933, 336, 336, 337, 337, 
961, 339, 341, 340, 328, 
990, 335, 333, 335, 347, 
1017, 336, 335, 336, 341, 
1046, 339, 342, 340, 327, 
1076, 337, 338, 339, 335, 
1104, 333, 332, 334, 349, 
1134, 336, 335, 336, 340, 
1163, 339, 342, 340, 326, 
1192, 337, 337, 338, 336, 
1221, 333, 330, 334, 349, 
1251, 336, 335, 336, 339, 
1280, 339, 342, 340, 326, 
1308, 337, 338, 338, 337, 
1338, 334, 332, 333, 350, 
1367, 337, 337, 338, 339, 
1396, 340, 342, 340, 326, 
1425, 336, 338, 339, 337, 
1455, 334, 331, 334, 349, 
1483, 336, 336, 337, 337, 
1512, 339, 341, 340, 325, 
1542, 336, 335, 338, 338, 
1570, 333, 331, 334, 349, 
1600, 336, 336, 336, 336, 
1629, 338, 341, 340, 326, 
1658, 335, 335, 337, 339, 
1687, 333, 331, 333, 349, 
1717, 336, 337, 337, 335, 
1745, 339, 342, 340, 326, 
1774, 335, 336, 337, 340, 
1804, 333, 332, 333, 348, 
1832, 337, 338, 338, 334, 
1862, 339, 342, 341, 327, 
1891, 335, 335, 336, 341, 
1921, 333, 332, 336, 348, 
1949, 337, 338, 338, 333, 
1978, 339, 341, 340, 328, 
2008, 335, 333, 336, 342, 
2036, 334, 331, 334, 348, 
2066, 338, 339, 338, 332, 
2095, 339, 341, 340, 327, 
2124, 334, 334, 336, 343, 
2153, 335, 332, 334, 347, 
2183, 337, 339, 339, 331, 
2211, 339, 341, 340, 328, 
2240, 335, 334, 336, 344, 
2270, 334, 332, 334, 346, 
2298, 338, 339, 338, 331, 
2328, 339, 341, 340, 329, 
2357, 335, 333, 337, 345, 
2386, 335, 332, 334, 346, 
2415, 339, 340, 339, 330, 
2444, 338, 340, 340, 330, 
2473, 333, 333, 335, 345, 
2502, 335, 333, 335, 344, 
2532, 338, 340, 340, 329, 
2561, 338, 340, 340, 330, 
2590, 334, 333, 336, 347, 
2619, 334, 333, 335, 344, 
2649, 339, 340, 339, 329, 
2677, 339, 341, 340, 331, 
2706, 333, 332, 335, 347, 
2736, 334, 334, 335, 343, 
2764, 339, 340, 339, 329, 
2794, 337, 339, 339, 333, 
2823, 333, 332, 335, 347, 
2852, 334, 334, 335, 343, 
2881, 339, 341, 340, 328, 
2910, 337, 339, 339, 333, 
2939, 333, 332, 334, 349, 
2968, 334, 334, 335, 342, 
2998, 338, 341, 340, 329, 
3026, 337, 338, 339, 334, 
3056, 333, 331, 335, 349, 
3085, 335, 335, 336, 341, 
3115, 338, 341, 340, 327, 
3143, 337, 338, 340, 335, 
3172, 333, 331, 335, 350, 
3202, 335, 335, 336, 340, 
3230, 339, 342, 340, 326, 
3260, 336, 338, 338, 335, 
3289, 333, 332, 334, 348, 
3318, 336, 335, 336, 340, 
3347, 340, 342, 340, 326, 
3376, 336, 338, 339, 336, 
3405, 333, 331, 333, 350, 
3434, 336, 336, 336, 338, 
3464, 340, 342, 341, 326, 
3492, 336, 337, 338, 337, 
3522, 333, 331, 334, 350, 
3551, 336, 336, 336, 337, 
3580, 340, 341, 340, 326, 
3609, 336, 337, 338, 338, 
3638, 333, 330, 334, 350, 
3667, 336, 336, 337, 337, 
3696, 341, 342, 340, 326, 
3726, 337, 336, 337, 339, 
3755, 334, 331, 334, 349, 
3784, 337, 337, 337, 336, 
3813, 339, 342, 340, 327, 
3842, 336, 337, 337, 341, 
3871, 333, 332, 334, 349, 
3900, 337, 338, 337, 335, 
3930, 340, 342, 340, 327, 
3958, 335, 336, 338, 341, 
3988, 333, 332, 334, 349, 
4017, 337, 338, 337, 334, 
4046, 339, 342, 340, 327, 
4075, 335, 335, 336, 343, 
4104, 334, 332, 335, 348, 
4133, 337, 339, 338, 333, 
4162, 340, 339, 339, 327, 
4192, 335, 334, 336, 342, 
4220, 333, 332, 334, 348, 
4250, 338, 338, 338, 332, 
4279, 340, 341, 341, 328, 
4307, 335, 334, 336, 344, 
4337, 334, 332, 334, 347, 
4366, 337, 339, 340, 331, 
4396, 339, 341, 340, 329, 
4424, 335, 334, 334, 344, 
4454, 334, 332, 334, 346, 
4483, 338, 339, 338, 330, 
4512, 339, 340, 341, 329, 
4541, 334, 333, 335, 344, 
4570, 334, 332, 335, 345, 
4599, 339, 340, 339, 330, 
4628, 337, 340, 340, 329, 
4658, 334, 333, 335, 345, 
4686, 334, 333, 334, 345, 
4716, 338, 340, 339, 329, 
4745, 338, 341, 340, 330, 
4773, 334, 333, 335, 347, 
4803, 334, 334, 335, 344, 
4832, 339, 340, 340, 328, 
4861, 338, 339, 339, 331, 
4890, 334, 332, 336, 348, 
4920, 335, 334, 336, 344, 
4948, 339, 341, 339, 329, 
4978, 339, 339, 340, 333, 
5007, 334, 332, 334, 347, 
5036, 335, 334, 335, 343, 
5065, 340, 341, 340, 327, 
5094, 338, 339, 339, 334, 
5124, 334, 333, 334, 348, 
5152, 335, 335, 336, 341, 
5182, 340, 341, 341, 327, 
5211, 338, 340, 340, 334, 
5239, 334, 332, 335, 349, 
5269, 335, 335, 336, 342, 
5298, 339, 341, 340, 327, 
5327, 336, 338, 339, 335, 
5356, 333, 332, 335, 349, 
5386, 336, 335, 336, 340, 
5414, 341, 342, 341, 326, 
5444, 337, 338, 338, 335, 
5473, 333, 331, 334, 349, 
5501, 336, 335, 336, 339, 
5531, 339, 342, 342, 326, 
5560, 337, 339, 339, 336, 
5590, 333, 331, 334, 349, 
5618, 336, 336, 336, 338, 
5648, 340, 342, 341, 326, 
5677, 337, 338, 338, 337, 
5705, 333, 331, 334, 349, 
5735, 336, 336, 337, 337, 
5764, 339, 343, 341, 325, 
5793, 335, 336, 338, 338, 
5822, 333, 331, 334, 350, 
5852, 337, 337, 337, 336, 
5880, 340, 341, 340, 326, 
5910, 336, 336, 337, 339, 
5939, 333, 331, 333, 349, 
5967, 337, 337, 337, 336, 
5997, 338, 342, 340, 326, 
6026, 336, 336, 337, 340, 
6055, 335, 331, 335, 350, 
6084, 338, 337, 338, 335, 
6114, 339, 341, 340, 326, 
6142, 336, 336, 337, 341, 
6171, 334, 331, 334, 348, 
6201, 337, 338, 336, 334, 
6230, 339, 341, 340, 327, 
6259, 335, 335, 337, 342, 
6288, 333, 331, 334, 348, 
6318, 337, 339, 338, 333, 
6346, 339, 341, 340, 327, 
6376, 335, 335, 335, 342, 
6405, 334, 332, 334, 348, 
6433, 338, 339, 338, 332, 
6463, 339, 340, 340, 328, 
6492, 335, 334, 337, 343, 
6521, 333, 332, 334, 347, 
6550, 338, 339, 338, 331, 
6580, 338, 341, 340, 328, 
6608, 334, 334, 336, 344, 
6637, 334, 332, 334, 346, 
6667, 339, 340, 340, 331, 
6695, 339, 341, 340, 329, 
6725, 335, 334, 335, 346, 
6754, 334, 333, 334, 346, 
6784, 339, 340, 339, 330, 
6812, 338, 341, 341, 330, 
6842, 335, 333, 335, 346, 
6871, 334, 333, 335, 345, 
6899, 339, 340, 339, 329, 
6929, 338, 340, 341, 331, 
6958, 334, 332, 335, 347, 
6987, 335, 334, 335, 345, 
7016, 339, 339, 339, 329, 
7046, 337, 341, 339, 331, 
7074, 333, 332, 335, 347, 
7103, 334, 334, 335, 345, 
7133, 339, 341, 339, 329, 
7161, 339, 341, 340, 332, 
7191, 333, 332, 336, 347, 
7220, 334, 333, 336, 343, 
7249, 339, 341, 339, 327, 
7278, 336, 338, 339, 333, 
7308, 333, 332, 334, 348, 
7336, 335, 334, 336, 342, 
7365, 340, 342, 340, 327, 
7395, 337, 339, 339, 333, 
7424, 333, 332, 334, 348, 
7453, 336, 335, 337, 340, 
7482, 339, 342, 340, 326, 
7512, 337, 338, 339, 333, 
7540, 333, 332, 335, 347, 
7569, 336, 336, 337, 339, 
7599, 340, 342, 340, 324, 
7627, 337, 338, 338, 333, 
7657, 333, 331, 335, 347, 
7686, 336, 335, 336, 337, 
7715, 339, 342, 341, 324, 
7744, 338, 337, 338, 334, 
7774, 333, 331, 333, 347, 
7802, 336, 336, 336, 337, 
7831, 340, 342, 340, 324, 
7861, 337, 337, 336, 335, 
7889, 333, 331, 333, 347, 
7919, 336, 336, 335, 337, 
7948, 340, 340, 340, 326, 
7977, 336, 337, 337, 337, 
8006, 333, 330, 333, 350, 
8035, 336, 336, 336, 336, 
8065, 339, 341, 340, 325, 
8093, 336, 337, 336, 338, 
8123, 333, 330, 333, 349, 
8152, 336, 335, 337, 337, 
8181, 339, 341, 340, 326, 
8210, 336, 335, 338, 340, 
8240, 333, 331, 334, 349, 
8268, 336, 338, 336, 335, 
8297, 339, 342, 340, 325, 
8327, 335, 336, 337, 340, 
8355, 333, 331, 333, 349, 
8385, 336, 337, 337, 336, 
8414, 338, 342, 339, 329, 
8443, 335, 335, 336, 344, 
8472, 332, 331, 333, 351, 
8501, 337, 337, 336, 338, 
8530, 339, 341, 340, 330, 
8559, 334, 335, 336, 345, 
8589, 333, 331, 333, 351, 
8617, 337, 339, 338, 336, 
8647, 338, 341, 340, 330, 
8676, 334, 334, 336, 345, 
8706, 333, 333, 335, 349, 
8734, 337, 338, 339, 334, 
8763, 338, 340, 340, 330, 
8793, 334, 334, 336, 345, 
8821, 333, 332, 335, 348, 
8851, 337, 339, 338, 332, 
8880, 338, 341, 340, 329, 
8909, 335, 333, 336, 345, 
8938, 334, 332, 334, 347, 
8967, 338, 337, 338, 331, 
8996, 338, 341, 340, 330, 
9025, 335, 335, 336, 345, 
9055, 334, 332, 334, 347, 
9083, 339, 341, 339, 330, 
9113, 338, 340, 340, 330, 
9142, 334, 333, 335, 346, 
9171, 334, 333, 334, 344, 
9200, 338, 341, 339, 328, 
9229, 339, 340, 340, 330, 
9259, 334, 332, 335, 346, 
9287, 334, 334, 334, 344, 
9317, 339, 340, 339, 328, 
9346, 338, 339, 339, 331, 
9375, 335, 332, 334, 346, 
9404, 334, 333, 334, 343, 
9433, 339, 341, 339, 327, 
9462, 337, 339, 339, 331, 
9491, 333, 332, 334, 347, 
9521, 335, 334, 335, 342, 
9549, 339, 341, 341, 326, 
9579, 339, 339, 339, 332, 
9608, 334, 332, 334, 348, 
9637, 336, 334, 336, 341, 
9666, 339, 341, 340, 326, 
9695, 338, 338, 339, 333, 
9724, 334, 332, 336, 348, 
9753, 336, 335, 336, 341, 
9783, 341, 341, 341, 326, 
9811, 339, 339, 339, 335, 
9841, 334, 332, 335, 349, 
9870, 336, 334, 336, 340, 
9899, 340, 342, 340, 326, 
9928, 337, 338, 339, 336, 
9957, 333, 331, 334, 350, 
9987, 336, 336, 335, 340, 
10015, 340, 342, 341, 326, 
10046, 338, 339, 339, 332, 
10076, 335, 335, 336, 344, 
10106, 333, 332, 335, 349, 
10136, 336, 336, 337, 338, 
10167, 339, 341, 340, 327, 
10196, 339, 341, 341, 329, 
10226, 335, 335, 336, 341, 
10257, 333, 331, 333, 349, 
10287, 335, 334, 336, 342, 
10317, 338, 339, 339, 329, 
10347, 339, 341, 341, 328, 
10378, 336, 336, 338, 339, 
10407, 333, 331, 334, 349, 
10438, 334, 333, 335, 345, 
10468, 338, 339, 338, 332, 
10498, 340, 343, 341, 327, 
10528, 337, 337, 338, 335, 
10558, 334, 332, 336, 347, 
10589, 334, 332, 334, 347, 
10618, 337, 336, 337, 335, 
10649, 340, 342, 341, 327, 
10679, 338, 340, 340, 332, 
10710, 335, 333, 335, 345, 
10739, 334, 332, 334, 349, 
10770, 336, 336, 336, 338, 
10800, 340, 341, 340, 327, 
10829, 338, 340, 340, 330, 
10860, 335, 335, 336, 341, 
10890, 333, 331, 334, 349, 
10920, 335, 334, 336, 341, 
10950, 339, 340, 339, 329, 
10981, 339, 341, 340, 327, 
11011, 336, 336, 338, 340, 
11041, 333, 331, 334, 349, 
11071, 334, 334, 335, 344, 
11102, 338, 339, 338, 332, 
11131, 341, 342, 340, 326, 
11161, 337, 337, 338, 336, 
11192, 334, 332, 335, 347, 
11222, 334, 332, 334, 346, 
11252, 337, 337, 337, 334, 
11282, 339, 341, 340, 325, 
11313, 338, 339, 339, 333, 
11342, 334, 333, 335, 344, 
11373, 334, 331, 333, 348, 
11403, 336, 336, 336, 338, 
11433, 339, 342, 340, 326, 
11463, 338, 341, 339, 329, 
11493, 335, 335, 336, 341, 
11524, 333, 332, 334, 350, 
11553, 335, 334, 336, 339, 
11584, 338, 340, 339, 328, 
11614, 339, 341, 340, 327, 
11644, 336, 336, 337, 338, 
11674, 333, 330, 334, 349, 
11705, 335, 333, 334, 343, 
11735, 338, 339, 338, 331, 
11765, 339, 342, 340, 326, 
11795, 337, 336, 338, 336, 
11825, 333, 333, 334, 347, 
11855, 333, 332, 334, 347, 
11885, 337, 338, 336, 334, 
11916, 339, 342, 341, 326, 
11945, 337, 339, 338, 333, 
11976, 334, 333, 336, 345, 
12006, 333, 332, 334, 348, 
12037, 335, 337, 336, 337, 
12066, 340, 342, 339, 326, 
12097, 338, 340, 339, 330, 
12127, 335, 334, 335, 343, 
12156, 333, 331, 333, 349, 
12187, 335, 335, 336, 340, 
12217, 338, 341, 339, 329, 
12248, 339, 341, 340, 328, 
12277, 336, 336, 337, 340, 
12308, 333, 331, 333, 349, 
12338, 334, 334, 335, 344, 
12368, 337, 339, 339, 331, 
12398, 338, 342, 340, 326, 
12428, 337, 337, 338, 336, 
12459, 333, 332, 335, 348, 
12488, 334, 332, 334, 346, 
12519, 337, 338, 338, 335, 
12549, 339, 342, 339, 327, 
12579, 337, 340, 339, 333, 
12609, 335, 333, 336, 345, 
12640, 332, 332, 333, 348, 
12669, 337, 336, 336, 337, 
12700, 339, 341, 341, 327, 
12730, 338, 340, 340, 330, 
12760, 335, 334, 336, 342, 
12790, 334, 331, 335, 349, 
12820, 335, 334, 335, 340, 
12851, 338, 340, 339, 328, 
12880, 339, 341, 341, 328, 
12911, 336, 336, 338, 339, 
12941, 334, 331, 334, 348, 
12972, 334, 333, 335, 344, 
13001, 338, 339, 339, 332, 
13032, 339, 342, 341, 327, 
13062, 337, 337, 337, 337, 
13091, 333, 332, 335, 347, 
13122, 333, 332, 334, 346, 
13152, 337, 337, 337, 335, 
13182, 340, 341, 340, 326, 
13212, 337, 338, 339, 333, 
13243, 334, 333, 335, 346, 
13273, 334, 331, 333, 348, 
13303, 336, 336, 336, 337, 
13333, 339, 341, 340, 326, 
13364, 338, 340, 339, 331, 
13393, 335, 334, 336, 342, 
13423, 333, 331, 334, 349, 
13454, 336, 334, 335, 340, 
13484, 339, 340, 339, 328, 
13514, 339, 341, 340, 327, 
13544, 336, 336, 337, 339, 
13575, 333, 331, 334, 349, 
13604, 334, 334, 335, 343, 
13635, 338, 339, 338, 331, 
13665, 339, 342, 340, 326, 
13696, 336, 337, 339, 337, 
13725, 333, 331, 335, 347, 
13755, 334, 331, 334, 346, 
13786, 337, 337, 336, 336, 
13815, 339, 341, 340, 326, 
13846, 337, 339, 339, 333, 
13876, 335, 333, 335, 345, 
13906, 333, 331, 334, 348, 
13936, 336, 336, 336, 338, 
13967, 339, 341, 340, 327, 
13997, 338, 339, 340, 330, 
14027, 335, 334, 336, 342, 
14057, 333, 331, 333, 350, 
14087, 335, 334, 336, 341, 
14117, 338, 340, 339, 329, 
14147, 339, 341, 341, 329, 
14178, 336, 336, 337, 338, 
14208, 333, 331, 334, 348, 
14238, 333, 333, 335, 343, 
14268, 337, 339, 338, 332, 
14299, 339, 342, 340, 326, 
14328, 337, 337, 338, 336, 
14358, 334, 332, 334, 348, 
14389, 334, 332, 334, 347, 
14418, 337, 337, 337, 335, 
14449, 341, 341, 340, 326, 
14479, 338, 339, 339, 333, 
14510, 334, 333, 335, 345, 
14539, 333, 331, 333, 348, 
14570, 336, 336, 336, 338, 
14600, 339, 341, 340, 328, 
14630, 339, 340, 341, 330, 
14660, 335, 335, 336, 342, 
14690, 334, 331, 333, 350, 
14721, 336, 334, 336, 341, 
14750, 338, 340, 339, 329, 
14781, 340, 341, 340, 328, 
14811, 337, 336, 337, 338, 
14841, 334, 331, 334, 350, 
14871, 334, 334, 334, 345, 
14902, 338, 340, 338, 333, 
14931, 339, 342, 340, 326, 
14962, 337, 338, 338, 335, 
14992, 334, 332, 334, 347, 
15022, 334, 333, 334, 347, 
15052, 336, 337, 337, 336, 
15082, 340, 342, 341, 326, 
15113, 339, 339, 339, 333, 
15142, 334, 333, 336, 345, 
15173, 333, 331, 334, 350, 
15203, 335, 335, 336, 339, 
15234, 337, 340, 340, 328, 
15263, 338, 340, 340, 329, 
15294, 335, 335, 336, 341, 
15324, 333, 331, 334, 348, 
15353, 335, 334, 335, 342, 
15384, 338, 339, 339, 329, 
15414, 339, 340, 340, 328, 
15444, 337, 336, 337, 337, 
15474, 334, 331, 334, 348, 
15505, 335, 333, 334, 344, 
15535, 337, 338, 338, 332, 
15565, 339, 341, 340, 326, 
15595, 337, 338, 339, 335, 
15626, 333, 332, 336, 348, 
15655, 334, 331, 334, 348, 
15685, 336, 336, 337, 336, 
15716, 339, 341, 340, 326, 
15746, 338, 339, 340, 331, 
15776, 335, 334, 336, 343, 
15806, 334, 331, 334, 349, 
15837, 335, 335, 336, 339, 
15866, 340, 341, 339, 327, 
15897, 339, 340, 340, 328, 
15927, 335, 335, 337, 340, 
15958, 334, 331, 334, 348, 
15987, 335, 334, 335, 341, 
16017, 339, 339, 338, 330, 
16048, 339, 342, 340, 327, 
16077, 337, 337, 337, 337, 
16108, 333, 331, 334, 347, 
16138, 333, 332, 334, 345, 
16168, 337, 338, 337, 333, 
16198, 340, 341, 340, 325, 
16229, 338, 338, 339, 333, 
16259, 334, 332, 335, 345, 
16288, 334, 331, 334, 347, 
16319, 336, 336, 338, 337, 
16349, 339, 341, 340, 326, 
16379, 339, 340, 339, 331, 
16409, 335, 334, 336, 344, 
16440, 333, 331, 334, 348, 
16470, 336, 336, 336, 340, 
16500, 339, 340, 340, 328, 
16530, 339, 340, 340, 328, 
16561, 336, 335, 337, 339, 
16590, 333, 331, 334, 348, 
16620, 335, 334, 335, 342, 
16651, 339, 340, 339, 331, 
16680, 340, 341, 340, 326, 
16711, 338, 338, 338, 335, 
16741, 334, 332, 335, 348, 
16772, 334, 332, 335, 346, 
16801, 337, 339, 338, 334, 
16832, 339, 340, 340, 326, 
16862, 339, 340, 339, 333, 
16892, 334, 333, 335, 345, 
16922, 333, 331, 334, 347, 
16952, 336, 336, 336, 337, 
16983, 340, 341, 341, 327, 
17012, 338, 339, 339, 330, 
17043, 335, 334, 336, 343, 
17073, 334, 331, 333, 349, 
17103, 336, 334, 335, 340, 
17133, 339, 340, 340, 329, 
17164, 339, 340, 340, 328, 
17193, 336, 336, 337, 338, 
17224, 333, 331, 334, 349, 
17254, 335, 333, 335, 343, 
17284, 339, 339, 338, 331, 
17314, 339, 342, 341, 326, 
17344, 336, 337, 337, 335, 
17375, 333, 332, 334, 348, 
17404, 334, 332, 334, 347, 
17435, 337, 337, 336, 334, 
17465, 340, 341, 340, 325, 
17496, 339, 339, 339, 333, 
17525, 334, 333, 336, 344, 
17556, 333, 330, 334, 348, 
17586, 336, 336, 336, 338, 
17615, 340, 342, 340, 326, 
17646, 339, 340, 340, 330, 
17676, 336, 335, 336, 342, 
17707, 333, 331, 334, 349, 
17736, 336, 334, 336, 341, 
17767, 338, 340, 339, 330, 
17797, 339, 341, 340, 327, 
17827, 336, 337, 337, 338, 
17857, 334, 331, 334, 348, 
17888, 334, 333, 334, 345, 
17917, 337, 339, 339, 333, 
17947, 338, 342, 340, 326, 
17978, 337, 338, 339, 334, 
18008, 334, 332, 335, 346, 
18038, 334, 332, 334, 347, 
18068, 337, 337, 337, 336, 
18099, 339, 341, 340, 326, 
18128, 339, 339, 339, 332, 
18159, 335, 334, 336, 344, 
18189, 333, 331, 333, 349, 
18219, 336, 335, 336, 339, 
18249, 339, 341, 339, 328, 
18279, 338, 341, 340, 329, 
18310, 337, 336, 338, 342, 
18339, 333, 331, 334, 349, 
18370, 335, 334, 335, 343, 
18400, 338, 340, 339, 330, 
18430, 339, 341, 341, 327, 
18460, 337, 337, 338, 337, 
18491, 333, 331, 334, 348, 
18521, 334, 333, 334, 345, 
18550, 338, 339, 337, 333, 
18581, 339, 342, 340, 326, 
18611, 337, 338, 338, 333, 
18641, 333, 333, 335, 346, 
18671, 334, 332, 335, 349, 
18702, 337, 336, 336, 336, 
18732, 340, 342, 340, 326, 
18762, 338, 339, 339, 330, 
18792, 335, 335, 336, 342, 
18823, 333, 331, 333, 349, 
18852, 335, 335, 336, 340, 
18882, 340, 340, 339, 328, 
18913, 339, 341, 340, 328, 
18942, 336, 336, 337, 340, 
18973, 333, 331, 333, 349, 
19003, 335, 333, 335, 345, 
19034, 337, 339, 338, 332, 
19063, 340, 341, 340, 326, 
19094, 337, 337, 338, 335, 
19124, 332, 332, 334, 346, 
19154, 334, 332, 334, 346, 
19184, 337, 337, 337, 336, 
19214, 340, 341, 340, 326, 
19245, 337, 339, 339, 333, 
19274, 333, 333, 335, 345, 
19305, 335, 332, 333, 348, 
19335, 336, 336, 336, 338, 
19365, 340, 341, 340, 327, 
19395, 339, 339, 341, 330, 
19426, 335, 335, 337, 341, 
19456, 333, 331, 334, 349, 
19486, 336, 334, 335, 342, 
19516, 339, 340, 339, 329, 
19546, 339, 341, 340, 327, 
19576, 336, 336, 337, 338, 
19606, 333, 331, 334, 348, 
19637, 334, 333, 334, 345, 
19666, 337, 337, 338, 332, 
19697, 340, 340, 339, 325, 
19727, 337, 338, 339, 335, 
19758, 334, 332, 335, 347, 
19787, 334, 333, 335, 347, 
19818, 337, 337, 337, 337, 
19848, 340, 342, 341, 326, 
19877, 338, 339, 341, 332, 
19908, 335, 334, 336, 344, 
19938, 333, 331, 334, 350, 
19969, 336, 335, 336, 340, 
19998, 339, 340, 339, 328, 
20029, 339, 341, 340, 329, 
20059, 336, 336, 337, 341, 
20089, 333, 332, 334, 350, 
20119, 334, 334, 336, 343, 
20149, 339, 339, 339, 331, 
20179, 339, 341, 340, 326, 
20209, 337, 337, 337, 337, 
20240, 333, 331, 334, 348, 
20270, 334, 332, 335, 346, 
20300, 337, 338, 339, 334, 
20330, 339, 341, 341, 325, 
20361, 337, 339, 339, 334, 
20390, 334, 332, 335, 345, 
20421, 333, 332, 334, 349, 
20451, 337, 336, 337, 338, 
20481, 341, 342, 340, 327, 
20511, 339, 340, 340, 331, 
20541, 335, 334, 336, 343, 
20572, 333, 332, 333, 349, 
20601, 335, 334, 336, 340, 
20632, 339, 340, 340, 329, 
20662, 339, 341, 340, 329, 
20692, 336, 336, 337, 340, 
20722, 333, 331, 334, 349, 
20753, 334, 333, 335, 344, 
20783, 338, 339, 338, 333, 
20812, 341, 342, 341, 326, 
20843, 338, 337, 338, 337, 
20873, 335, 332, 334, 348, 
20903, 334, 332, 334, 346, 
20933, 337, 339, 338, 336, 
20964, 339, 342, 341, 326, 
20994, 337, 339, 340, 333, 
21024, 334, 333, 336, 345, 
21054, 333, 331, 334, 349, 
21085, 336, 336, 336, 337, 
21114, 339, 341, 339, 327, 
21144, 339, 340, 339, 331, 
21175, 335, 335, 336, 342, 
21204, 333, 331, 334, 349, 
21235, 335, 334, 336, 341, 
21265, 339, 340, 339, 330, 
21296, 339, 341, 340, 328, 
21325, 336, 336, 338, 338, 
21356, 333, 331, 334, 348, 
21386, 334, 335, 336, 345, 
21416, 338, 338, 338, 332, 
21446, 340, 342, 340, 326, 
21476, 337, 338, 338, 335, 
21507, 334, 332, 335, 346, 
21536, 334, 332, 334, 348, 
21567, 337, 337, 337, 336, 
21597, 340, 342, 341, 327, 
21627, 338, 339, 339, 331, 
21657, 335, 334, 337, 343, 
21688, 333, 331, 334, 349, 
21718, 336, 336, 336, 339, 
21748, 340, 341, 339, 328, 
21778, 339, 340, 340, 329, 
21808, 336, 335, 337, 340, 
21838, 333, 331, 334, 349, 
21868, 335, 334, 334, 342, 
21899, 338, 339, 339, 330, 
21928, 340, 341, 340, 327, 
21959, 338, 337, 338, 337, 
21989, 333, 332, 334, 347, 
22020, 334, 333, 334, 345, 
22049, 337, 338, 338, 334, 
22079, 339, 342, 340, 326, 
22110, 337, 338, 339, 335, 
22139, 334, 333, 335, 347, 
22170, 334, 331, 334, 348, 
22200, 337, 336, 337, 338, 
22231, 340, 342, 340, 327, 
22260, 338, 339, 340, 331, 
22291, 335, 334, 336, 344, 
22321, 334, 332, 334, 350, 
22351, 335, 335, 336, 341, 
22381, 339, 340, 340, 329, 
22411, 339, 341, 340, 329, 
22441, 336, 336, 338, 340, 
22471, 334, 332, 334, 350, 
22502, 336, 333, 335, 344, 
22532, 338, 339, 338, 332, 
22562, 339, 342, 341, 327, 
22592, 337, 338, 338, 336, 
22623, 334, 332, 334, 347, 
22652, 334, 332, 335, 347, 
22683, 337, 338, 337, 334, 
22713, 340, 342, 340, 325, 
22743, 338, 339, 339, 332, 
22773, 336, 333, 337, 345, 
22803, 334, 331, 335, 347, 
22834, 337, 336, 336, 338, 
22863, 340, 341, 340, 327, 
22894, 339, 340, 340, 329, 
22924, 335, 335, 338, 341, 
22955, 333, 331, 334, 349, 
22984, 335, 335, 334, 340, 
23015, 338, 339, 339, 329, 
23045, 340, 342, 340, 326, 
23074, 336, 336, 337, 337, 
23105, 333, 331, 335, 349, 
23135, 334, 333, 335, 344, 
23165, 338, 339, 338, 332, 
23195, 340, 342, 342, 325, 
23226, 336, 338, 339, 336, 
23256, 334, 332, 335, 346, 
23286, 333, 332, 334, 346, 
23316, 337, 338, 337, 335, 
23347, 339, 341, 340, 325, 
23376, 338, 340, 340, 330, 
23406, 334, 334, 336, 343, 
23437, 333, 332, 334, 348, 
23467, 336, 336, 337, 340, 
23497, 340, 341, 340, 327, 
23527, 339, 341, 340, 328, 
23558, 336, 335, 337, 340, 
23587, 333, 331, 333, 349, 
23618, 335, 334, 335, 342, 
23648, 338, 340, 338, 331, 
23678, 338, 342, 341, 327, 
23708, 337, 337, 338, 337, 
23738, 334, 332, 335, 347, 
23769, 334, 334, 334, 345, 
23798, 338, 338, 338, 334, 
23829, 340, 342, 341, 325, 
23859, 338, 339, 339, 334, 
23889, 334, 333, 336, 346, 
23919, 332, 332, 334, 347, 
23950, 337, 337, 338, 337, 
23980, 339, 342, 340, 328, 
24009, 338, 340, 341, 330, 
24040, 335, 335, 336, 343, 
24070, 333, 331, 334, 349, 
24100, 335, 335, 336, 340, 
24130, 339, 341, 339, 329, 
24161, 339, 341, 340, 328, 
24190, 336, 336, 337, 340, 
24221, 334, 332, 334, 349, 
24251, 335, 334, 334, 345, 
24282, 338, 340, 339, 331, 
24311, 339, 342, 340, 326, 
24341, 337, 337, 338, 336, 
24372, 333, 333, 335, 348, 
24401, 334, 332, 334, 347, 
24432, 337, 338, 337, 335, 
24462, 340, 342, 341, 325, 
24493, 338, 339, 339, 333, 
24522, 335, 333, 335, 345, 
24553, 333, 331, 335, 348, 
24583, 336, 336, 336, 338, 
24613, 339, 341, 340, 325, 
24643, 339, 340, 341, 329, 
24673, 335, 335, 337, 342, 
24704, 335, 332, 334, 349, 
24733, 335, 334, 336, 341, 
24764, 339, 341, 340, 329, 
24794, 339, 341, 340, 327, 
24824, 336, 337, 338, 338, 
24854, 334, 331, 334, 348, 
24885, 334, 333, 334, 344, 
24914, 338, 338, 338, 332, 
24945, 339, 341, 341, 326, 
24975, 336, 338, 338, 335, 
25005, 334, 332, 335, 347, 
25035, 333, 332, 334, 348, 
25065, 337, 337, 337, 335, 
25096, 339, 342, 340, 326, 
25125, 338, 340, 339, 331, 
25156, 335, 334, 336, 344, 
25186, 333, 332, 334, 349, 
25217, 336, 336, 336, 339, 
25246, 339, 341, 340, 329, 
25277, 338, 341, 339, 329, 
25307, 336, 335, 337, 340, 
25336, 333, 332, 334, 349, 
25367, 336, 334, 335, 343, 
25397, 339, 340, 339, 330, 
25427, 339, 342, 340, 327, 
25457, 337, 337, 338, 337, 
25488, 333, 332, 334, 350, 
25518, 335, 333, 334, 345, 
25548, 338, 338, 337, 333, 
25578, 339, 342, 340, 326, 
25609, 338, 340, 339, 335, 
25638, 334, 333, 336, 346, 
25668, 334, 332, 334, 348, 
25699, 337, 337, 336, 337, 
25729, 340, 342, 340, 326, 
25759, 338, 340, 339, 331, 
25789, 335, 334, 336, 342, 
25820, 333, 331, 334, 348, 
25849, 335, 335, 336, 340, 
25880, 339, 341, 340, 328, 
25910, 339, 341, 340, 328, 
25939, 336, 338, 337, 340, 
25970, 333, 331, 334, 349, 
26000, 334, 334, 335, 343, 
26031, 338, 340, 339, 330, 
26060, 339, 342, 341, 327, 
26091, 337, 339, 338, 336, 
26121, 333, 332, 335, 347, 
26151, 334, 333, 334, 346, 
26181, 337, 338, 339, 334, 
26212, 339, 342, 340, 326, 
26242, 338, 339, 339, 332, 
26271, 334, 333, 336, 345, 
26302, 333, 331, 334, 348, 
26332, 336, 336, 336, 338, 
26362, 339, 341, 340, 326, 
26392, 338, 340, 340, 330, 
26423, 335, 334, 336, 342, 
26452, 333, 331, 334, 349, 
26483, 335, 335, 335, 341, 
26513, 338, 340, 338, 329, 
26544, 338, 341, 339, 327, 
26573, 337, 336, 337, 339, 
26603, 333, 333, 335, 349, 
26634, 334, 334, 333, 344, 
26663, 338, 339, 338, 331, 
26694, 339, 342, 340, 326, 
26724, 337, 337, 338, 335, 
26755, 334, 332, 335, 347, 
26784, 334, 332, 334, 347, 
26815, 336, 338, 337, 335, 
26845, 339, 342, 340, 326, 
26875, 339, 339, 339, 332, 
26905, 335, 334, 335, 344, 
26935, 333, 331, 333, 349, 
26966, 336, 336, 336, 339, 
26995, 339, 341, 340, 327, 
27026, 337, 341, 340, 329, 
27056, 336, 336, 338, 342, 
27086, 334, 331, 334, 349, 
27116, 335, 334, 336, 342, 
27147, 339, 340, 339, 330, 
27176, 339, 342, 340, 327, 
27207, 336, 337, 338, 337, 
27237, 333, 332, 335, 348, 
27267, 334, 334, 335, 344, 
27297, 338, 339, 338, 333, 
27327, 340, 343, 341, 325, 
27358, 338, 338, 339, 334, 
27387, 335, 332, 335, 346, 
27418, 333, 331, 335, 347, 
27448, 337, 337, 338, 336, 
27479, 339, 342, 340, 327, 
27508, 338, 340, 339, 332, 
27539, 336, 334, 336, 344, 
27569, 333, 330, 334, 350, 
27598, 336, 335, 337, 341, 
27629, 339, 341, 340, 329, 
27659, 339, 341, 340, 329, 
27689, 335, 336, 337, 341, 
27719, 333, 332, 335, 349, 
27750, 334, 334, 335, 343, 
27780, 338, 340, 340, 330, 
27810, 340, 342, 340, 326, 
27840, 336, 337, 339, 336, 
27870, 333, 332, 334, 348, 
27900, 334, 333, 334, 345, 
27930, 337, 339, 337, 333, 
27961, 339, 342, 341, 325, 
27991, 337, 339, 339, 333, 
28021, 334, 333, 335, 345, 
28051, 334, 332, 334, 347, 
28082, 337, 337, 336, 336, 
28111, 339, 342, 341, 326, 
28142, 339, 340, 340, 331, 
28172, 335, 335, 336, 344, 
28201, 333, 331, 334, 349, 
28232, 335, 335, 336, 341, 
28262, 339, 340, 339, 329, 
28293, 339, 340, 340, 328, 
28322, 336, 335, 338, 340, 
28353, 333, 331, 335, 349, 
28383, 336, 334, 335, 343, 
28413, 338, 339, 338, 331, 
28443, 340, 342, 341, 326, 
28474, 337, 338, 337, 336, 
28504, 334, 332, 336, 347, 
28533, 334, 333, 335, 345, 
28564, 337, 338, 338, 334, 
28594, 339, 342, 340, 326, 
28624, 338, 340, 338, 333, 
28654, 334, 333, 335, 345, 
28685, 333, 332, 335, 349, 
28715, 336, 336, 336, 339, 
28745, 339, 342, 340, 327, 
28775, 338, 340, 340, 330, 
28806, 335, 335, 337, 342, 
28835, 333, 330, 334, 349, 
28865, 335, 334, 336, 341, 
28896, 339, 340, 339, 330, 
28925, 339, 341, 340, 330, 
28956, 335, 336, 337, 341, 
28986, 333, 331, 334, 350, 
29017, 335, 334, 334, 345, 
29046, 337, 339, 340, 333, 
29077, 339, 342, 340, 327, 
29107, 337, 338, 339, 335, 
29137, 334, 333, 335, 346, 
29167, 335, 333, 334, 346, 
29197, 337, 338, 336, 333, 
29228, 340, 342, 341, 326, 
29257, 340, 339, 339, 332, 
29288, 334, 333, 334, 343, 
29318, 334, 331, 334, 348, 
29348, 337, 336, 336, 337, 
29378, 338, 341, 340, 326, 
29409, 338, 340, 340, 329, 
29438, 335, 334, 336, 342, 
29469, 333, 331, 334, 349, 
29499, 335, 334, 335, 341, 
29529, 341, 340, 339, 329, 
29559, 340, 341, 340, 327, 
29589, 336, 336, 338, 339, 
29620, 334, 331, 334, 348, 
29649, 335, 333, 335, 343, 
29680, 338, 339, 338, 331, 
29710, 341, 341, 340, 325, 
29741, 338, 338, 338, 334, 
29770, 332, 332, 335, 346, 
29800, 335, 332, 335, 347, 
29831, 337, 337, 337, 335, 
29860, 339, 342, 341, 326, 
29891, 339, 339, 339, 332, 
29921, 334, 333, 336, 343, 
29952, 334, 331, 335, 348, 
29981, 337, 336, 336, 338, 
30012, 338, 341, 340, 327, 
30042, 339, 341, 340, 329, 
30072, 336, 335, 336, 341, 
30102, 333, 331, 334, 349, 
30132, 335, 335, 336, 343, 
30162, 338, 340, 339, 329, 
30192, 339, 341, 340, 327, 
30223, 336, 336, 338, 338, 
30253, 333, 332, 335, 348, 
30283, 335, 333, 334, 345, 
30313, 337, 339, 338, 333, 
30344, 341, 342, 341, 326, 
30373, 337, 338, 339, 335, 
30404, 334, 332, 335, 347, 
30434, 334, 332, 334, 347, 
30464, 337, 337, 337, 335, 
30494, 339, 342, 340, 326, 
30524, 338, 339, 339, 331, 
30555, 336, 334, 335, 345, 
30584, 334, 331, 333, 348, 
30615, 336, 336, 336, 338, 
30645, 339, 341, 339, 327, 
30675, 339, 340, 340, 330, 
30705, 335, 335, 336, 340, 
30736, 334, 331, 334, 349, 
30766, 335, 334, 335, 342, 
30795, 338, 340, 339, 330, 
30826, 339, 342, 340, 327, 
30856, 336, 337, 337, 338, 
30886, 333, 332, 334, 349, 
30916, 334, 333, 334, 344, 
30947, 337, 338, 338, 334, 
30977, 339, 341, 340, 326, 
31007, 337, 338, 338, 335, 
31037, 333, 333, 335, 346, 
31068, 334, 332, 335, 347, 
31097, 337, 337, 337, 336, 
31127, 339, 342, 340, 326, 
31158, 338, 339, 340, 332, 
31187, 334, 334, 336, 344, 
31218, 334, 330, 334, 349, 
31248, 336, 336, 336, 339, 
31279, 339, 341, 340, 328, 
31308, 338, 340, 340, 328, 
31339, 335, 335, 337, 341, 
31369, 332, 331, 334, 349, 
31399, 334, 333, 336, 344, 
31429, 338, 339, 339, 330, 
31459, 339, 341, 340, 327, 
31490, 336, 336, 337, 337, 
31519, 334, 331, 334, 348, 
31550, 334, 333, 335, 347, 
31580, 337, 338, 338, 333, 
31610, 339, 342, 340, 326, 
31640, 337, 338, 339, 334, 
31671, 334, 332, 333, 346, 
31700, 334, 331, 333, 347, 
31730, 336, 336, 337, 336, 
31761, 339, 341, 340, 326, 
31791, 338, 339, 340, 331, 
31821, 335, 334, 337, 344, 
31851, 333, 331, 334, 349, 
31882, 336, 335, 336, 339, 
31911, 339, 340, 340, 328, 
31942, 339, 340, 340, 328, 
31972, 335, 335, 337, 340, 
32003, 333, 331, 332, 349, 
32032, 335, 334, 335, 342, 
32062, 338, 339, 339, 330, 
32093, 339, 341, 341, 326, 
32122, 336, 337, 338, 338, 
32153, 333, 332, 334, 347, 
32183, 335, 333, 335, 346, 
32214, 337, 338, 338, 333, 
32243, 339, 341, 340, 326, 
32274, 337, 338, 339, 334, 
32304, 334, 332, 335, 346, 
32334, 333, 332, 334, 347, 
32364, 336, 337, 338, 336, 
32394, 339, 342, 340, 326, 
32424, 338, 339, 339, 330, 
32454, 335, 334, 336, 344, 
32485, 333, 331, 334, 348, 
32515, 336, 335, 336, 339, 
32545, 339, 341, 340, 328, 
32575, 339, 340, 340, 329, 
32606, 336, 335, 336, 340, 
32635, 333, 331, 334, 350, 
32666, 335, 334, 335, 342, 
32696, 338, 339, 339, 331, 
32726, 339, 341, 341, 326, 
32756, 336, 337, 337, 336, 
32786, 333, 331, 335, 348, 
32817, 334, 332, 334, 346, 
32846, 337, 337, 338, 333, 
32877, 339, 342, 340, 326, 
32907, 337, 338, 338, 335, 
32937, 334, 332, 335, 347, 
32967, 334, 332, 333, 347, 
32998, 336, 337, 336, 336, 
33028, 339, 342, 340, 326, 
33057, 338, 339, 339, 331, 
33088, 335, 335, 337, 344, 
33118, 333, 331, 334, 349, 
33148, 336, 335, 336, 339, 
33178, 339, 340, 339, 327, 
33209, 339, 340, 340, 328, 
33239, 335, 335, 337, 341, 
33269, 333, 331, 333, 349, 
33299, 334, 334, 335, 343, 
33330, 338, 340, 338, 330, 
33359, 339, 341, 341, 328, 
33389, 336, 335, 338, 337, 
33420, 333, 333, 335, 347, 
33449, 334, 333, 334, 346, 
33480, 337, 338, 338, 334, 
33510, 340, 342, 340, 326, 
33541, 337, 339, 339, 334, 
33570, 334, 333, 335, 345, 
33601, 333, 332, 334, 347, 
33631, 337, 337, 337, 336, 
33660, 339, 342, 341, 327, 
33691, 338, 340, 340, 330, 
33721, 335, 334, 337, 343, 
33752, 333, 331, 334, 350, 
33781, 335, 335, 336, 340, 
33812, 339, 341, 340, 328, 
33842, 339, 341, 339, 328, 
33872, 336, 336, 337, 340, 
33902, 334, 331, 334, 349, 
33933, 334, 333, 335, 343, 
33963, 338, 340, 338, 331, 
33992, 339, 341, 340, 327, 
34023, 336, 337, 337, 338, 
34053, 333, 333, 334, 348, 
34083, 335, 333, 334, 346, 
34113, 337, 338, 337, 335, 
34144, 339, 342, 341, 325, 
34173, 337, 338, 338, 334, 
34204, 334, 333, 335, 347, 
34234, 333, 333, 333, 348, 
34265, 336, 336, 336, 337, 
34294, 340, 341, 340, 327, 
34324, 338, 339, 339, 331, 
34355, 335, 334, 336, 343, 
34384, 333, 333, 333, 349, 
34415, 336, 335, 335, 340, 
34445, 339, 340, 340, 328, 
34476, 337, 341, 340, 329, 
34505, 336, 335, 337, 340, 
34536, 332, 331, 334, 349, 
34566, 335, 333, 336, 343, 
34596, 338, 339, 338, 330, 
34626, 340, 341, 340, 326, 
34656, 336, 336, 338, 336, 
34686, 333, 332, 334, 347, 
34716, 334, 333, 334, 346, 
34747, 337, 338, 337, 334, 
34777, 340, 342, 340, 325, 
34807, 337, 338, 339, 334, 
34837, 334, 333, 335, 345, 
34868, 334, 331, 334, 348, 
34897, 336, 336, 335, 336, 
34928, 339, 341, 339, 326, 
34958, 338, 340, 339, 331, 
34988, 335, 334, 336, 343, 
35018, 333, 332, 333, 349, 
35048, 337, 335, 335, 341, 
35079, 339, 341, 340, 329, 
35108, 339, 342, 341, 329, 
35139, 336, 336, 336, 340, 
35169, 333, 331, 335, 350, 
35200, 335, 334, 335, 343, 
35229, 338, 340, 339, 331, 
35260, 339, 343, 341, 327, 
35290, 337, 337, 338, 337, 
35319, 333, 332, 334, 348, 
35350, 334, 332, 334, 346, 
35380, 337, 338, 338, 334, 
35410, 339, 342, 340, 326, 
35440, 337, 339, 339, 334, 
35471, 334, 334, 335, 347, 
35501, 333, 331, 334, 348, 
35531, 336, 336, 336, 338, 
35561, 340, 341, 340, 326, 
35591, 338, 340, 339, 330, 
35621, 335, 335, 336, 343, 
35651, 333, 331, 334, 349, 
35682, 336, 335, 335, 340, 
35712, 339, 340, 339, 328, 
35742, 339, 341, 340, 329, 
35772, 335, 336, 337, 340, 
35803, 333, 331, 335, 349, 
35832, 334, 333, 335, 343, 
35863, 338, 339, 339, 330, 
35893, 340, 342, 340, 327, 
35922, 337, 337, 338, 337, 
35953, 334, 332, 334, 347, 
35983, 334, 332, 335, 346, 
36014, 337, 338, 337, 334, 
36043, 340, 342, 340, 326, 
36074, 338, 339, 338, 334, 
36104, 334, 333, 335, 346, 
36134, 334, 332, 333, 348, 
36164, 337, 335, 337, 338, 
36195, 339, 342, 339, 328, 
36225, 338, 339, 339, 331, 
36254, 334, 334, 338, 343, 
36285, 334, 331, 334, 350, 
36315, 335, 335, 336, 340, 
36345, 339, 341, 340, 329, 
36375, 339, 342, 340, 328, 
36406, 336, 336, 337, 339, 
36435, 333, 332, 335, 349, 
36466, 335, 334, 335, 344, 
36496, 338, 340, 338, 332, 
36527, 338, 342, 340, 326, 
36556, 337, 337, 338, 336, 
36586, 334, 332, 335, 347, 
36617, 334, 332, 334, 346, 
36646, 337, 338, 337, 334, 
36677, 339, 342, 341, 326, 
36707, 337, 339, 339, 333, 
36738, 334, 333, 336, 345, 
36767, 334, 331, 334, 348, 
36798, 336, 336, 336, 336, 
36828, 339, 341, 339, 327, 
36858, 338, 341, 340, 330, 
36888, 335, 334, 336, 342, 
36918, 333, 331, 334, 349, 
36948, 335, 334, 336, 340, 
36978, 339, 340, 339, 329, 
37009, 339, 341, 341, 328, 
37039, 335, 336, 337, 339, 
37069, 333, 331, 334, 350, 
37099, 334, 334, 335, 344, 
37130, 338, 339, 338, 332, 
37159, 339, 342, 341, 326, 
37190, 337, 338, 338, 337, 
37220, 333, 332, 334, 348, 
37250, 334, 333, 335, 347, 
37280, 337, 338, 338, 334, 
37310, 340, 342, 341, 326, 
37341, 338, 339, 340, 333, 
37370, 335, 333, 335, 346, 
37401, 334, 331, 333, 348, 
37431, 337, 337, 337, 338, 
37462, 339, 342, 340, 326, 
37491, 339, 339, 340, 330, 
37521, 334, 334, 336, 342, 
37552, 333, 331, 335, 349, 
37581, 335, 335, 335, 340, 
37612, 339, 343, 340, 329, 
37642, 339, 341, 340, 328, 
37672, 336, 336, 337, 339, 
37702, 334, 331, 334, 348, 
37733, 335, 333, 336, 343, 
37763, 337, 340, 339, 331, 
37793, 339, 342, 340, 326, 
37823, 337, 337, 339, 335, 
37853, 335, 332, 335, 347, 
37883, 334, 332, 335, 345, 
37913, 337, 338, 338, 334, 
37944, 340, 342, 340, 326, 
37974, 339, 339, 339, 333, 
38004, 334, 333, 336, 344, 
38034, 335, 332, 333, 348, 
38065, 336, 336, 336, 337, 
38094, 339, 341, 340, 326, 
38125, 339, 340, 340, 329, 
38155, 335, 335, 336, 341, 
38184, 333, 331, 334, 348, 
38215, 337, 335, 335, 340, 
38245, 339, 341, 339, 328, 
38276, 339, 341, 340, 327, 
38305, 336, 337, 336, 338, 
38336, 332, 332, 334, 349, 
38366, 334, 334, 335, 343, 
38396, 338, 339, 338, 330, 
38426, 339, 342, 340, 325, 
38457, 336, 338, 339, 336, 
38487, 334, 332, 334, 347, 
38516, 334, 332, 334, 346, 
38547, 337, 337, 337, 334, 
38577, 339, 342, 340, 325, 
38607, 337, 339, 339, 332, 
38637, 335, 333, 335, 344, 
38668, 334, 331, 334, 348, 
38697, 336, 336, 336, 338, 
38728, 339, 341, 341, 326, 
38758, 338, 340, 341, 330, 
38789, 335, 334, 336, 342, 
38818, 333, 331, 334, 350, 
38848, 336, 335, 335, 341, 
38879, 338, 340, 339, 328, 
38908, 338, 341, 340, 328, 
38939, 336, 336, 337, 338, 
38969, 333, 332, 334, 348, 
39000, 335, 334, 335, 345, 
39029, 338, 339, 337, 332, 
39060, 340, 343, 340, 326, 
39090, 337, 338, 338, 336, 
39120, 334, 332, 335, 347, 
39150, 334, 332, 334, 347, 
39180, 337, 337, 337, 335, 
39211, 339, 342, 340, 325, 
39240, 338, 339, 339, 334, 
39271, 334, 333, 335, 345, 
39301, 333, 332, 334, 349, 
39331, 336, 336, 336, 339, 
39361, 339, 341, 340, 327, 
39392, 339, 341, 340, 331, 
39421, 335, 335, 337, 343, 
39451, 333, 332, 334, 350, 
39482, 335, 334, 336, 342, 
39512, 338, 341, 339, 329, 
39542, 339, 341, 340, 328, 
39572, 337, 336, 338, 339, 
39603, 333, 332, 334, 349, 
39632, 334, 333, 335, 346, 
39663, 338, 339, 338, 332, 
39693, 339, 341, 340, 327, 
39724, 337, 338, 339, 336, 
39753, 333, 333, 335, 346, 
39783, 334, 333, 334, 348, 
39814, 337, 337, 337, 336, 
39843, 339, 341, 340, 326, 
39874, 338, 339, 339, 331, 
39904, 334, 333, 335, 345, 
39934, 332, 332, 334, 349, 
39964, 336, 336, 336, 338, 
39995, 339, 341, 340, 327, 
40025, 338, 340, 339, 330, 
40055, 336, 336, 336, 342, 
40085, 334, 331, 332, 349, 
40115, 335, 335, 335, 342, 
40145, 338, 340, 339, 329, 
40175, 339, 341, 340, 327, 
40206, 336, 336, 337, 339, 
40236, 333, 331, 334, 349, 
40266, 334, 332, 334, 344, 
40296, 338, 339, 338, 332, 
40327, 340, 343, 341, 326, 
40356, 337, 337, 339, 335, 
40387, 334, 332, 335, 347, 
40417, 333, 333, 334, 347, 
40446, 337, 337, 337, 335, 
40477, 339, 342, 340, 325, 
40507, 339, 340, 339, 332, 
40538, 334, 333, 336, 345, 
40567, 333, 332, 333, 349, 
40598, 336, 336, 337, 338, 
40628, 339, 341, 340, 327, 
40658, 338, 341, 340, 329, 
40688, 335, 335, 336, 342, 
40719, 333, 331, 334, 348, 
40749, 335, 335, 335, 342, 
40778, 339, 340, 340, 329, 
40809, 339, 340, 342, 327, 
40839, 336, 337, 338, 338, 
40869, 333, 332, 335, 349, 
40899, 334, 333, 335, 344, 
40930, 339, 339, 337, 331, 
40960, 339, 342, 342, 325, 
40990, 337, 338, 340, 335, 
41020, 334, 332, 335, 346, 
41051, 332, 332, 335, 346, 
41080, 335, 338, 338, 335, 
41110, 339, 341, 341, 326, 
41141, 338, 339, 339, 333, 
41170, 334, 333, 337, 343, 
41201, 333, 332, 333, 348, 
41231, 336, 336, 337, 338, 
41262, 337, 341, 340, 327, 
41291, 338, 340, 339, 329, 
41322, 335, 335, 337, 342, 
41352, 333, 332, 335, 349, 
41381, 335, 334, 336, 343, 
41412, 339, 340, 339, 330, 
41442, 339, 341, 340, 327, 
41473, 336, 337, 337, 338, 
41502, 333, 332, 334, 349, 
41533, 334, 333, 335, 345, 
41563, 338, 338, 338, 333, 
41593, 340, 342, 340, 326, 
41623, 338, 339, 338, 336, 
41654, 334, 332, 335, 347, 
41683, 334, 332, 334, 348, 
41713, 338, 338, 338, 336, 
41744, 339, 341, 339, 326, 
41774, 339, 340, 339, 332, 
41804, 335, 334, 336, 344, 
41834, 333, 331, 334, 349, 
41865, 335, 335, 336, 339, 
41894, 340, 341, 340, 328, 
41925, 339, 340, 339, 329, 
41955, 335, 335, 336, 340, 
41986, 334, 331, 333, 349, 
42015, 335, 334, 335, 342, 
42045, 338, 340, 339, 329, 
42076, 339, 342, 341, 327, 
42105, 337, 337, 338, 338, 
42136, 333, 331, 334, 347, 
42166, 335, 329, 334, 346, 
42196, 338, 339, 339, 333, 
42226, 339, 342, 340, 325, 
42257, 337, 339, 338, 334, 
42287, 334, 332, 335, 346, 
42317, 334, 332, 334, 347, 
42347, 338, 337, 337, 336, 
42377, 339, 341, 340, 326, 
42407, 338, 339, 339, 331, 
42437, 335, 334, 336, 343, 
42468, 333, 331, 334, 349, 
42498, 336, 336, 336, 340, 
42528, 340, 341, 339, 328, 
42558, 338, 341, 340, 329, 
42589, 335, 335, 338, 341, 
42618, 334, 331, 334, 350, 
42649, 335, 333, 335, 343, 
42679, 338, 340, 339, 330, 
42708, 340, 341, 340, 327, 
42739, 336, 337, 338, 337, 
42769, 333, 332, 334, 348, 
42800, 335, 333, 335, 346, 
42829, 339, 338, 338, 333, 
42860, 340, 342, 341, 326, 
42890, 338, 338, 338, 334, 
42920, 332, 332, 335, 346, 
42950, 334, 332, 334, 347, 
42981, 336, 337, 337, 337, 
43011, 339, 341, 340, 326, 
43040, 338, 339, 339, 331, 
43071, 335, 334, 336, 343, 
43101, 333, 332, 334, 349, 
43131, 334, 335, 336, 339, 
43161, 340, 340, 340, 328, 
43192, 339, 340, 340, 328, 
43222, 336, 335, 337, 339, 
43252, 333, 330, 333, 349, 
43282, 334, 333, 336, 343, 
43312, 338, 339, 338, 331, 
43342, 340, 341, 341, 326, 
43372, 337, 337, 339, 336, 
43403, 333, 332, 335, 347, 
43432, 335, 332, 334, 346, 
43463, 337, 338, 337, 333, 
43493, 339, 342, 341, 324, 
43524, 337, 339, 339, 334, 
43553, 334, 333, 336, 346, 
43584, 333, 331, 334, 348, 
43614, 337, 336, 337, 337, 
43643, 339, 341, 340, 327, 
43674, 338, 339, 339, 331, 
43704, 334, 334, 336, 343, 
43735, 333, 331, 333, 348, 
43764, 335, 335, 336, 340, 
43795, 339, 341, 340, 329, 
43825, 338, 341, 341, 329, 
43855, 336, 336, 337, 338, 
43885, 333, 331, 334, 349, 
43916, 335, 333, 334, 343, 
43945, 338, 339, 338, 331, 
43975, 340, 342, 341, 327, 
44006, 337, 337, 338, 335, 
44036, 333, 332, 335, 347, 
44066, 334, 332, 332, 346, 
44096, 337, 337, 337, 332, 
44127, 340, 342, 341, 325, 
44156, 338, 340, 340, 332, 
44187, 334, 333, 334, 343, 
44217, 333, 331, 334, 348, 
44248, 337, 336, 337, 337, 
44277, 340, 341, 340, 326, 
44307, 339, 340, 339, 330, 
44338, 335, 334, 336, 342, 
44367, 333, 331, 334, 348, 
44398, 335, 335, 336, 340, 
44428, 339, 340, 339, 328, 
44459, 339, 341, 341, 327, 
44488, 336, 336, 338, 339, 
44519, 334, 331, 334, 349, 
44549, 335, 333, 334, 343, 
44579, 339, 339, 339, 331, 
44609, 339, 342, 341, 325, 
44639, 337, 338, 338, 336, 
44669, 334, 332, 335, 347, 
44699, 334, 332, 334, 346, 
44730, 337, 337, 337, 335, 
44760, 340, 342, 340, 326, 
44790, 337, 339, 340, 332, 
44820, 334, 333, 335, 344, 
44851, 334, 331, 334, 348, 
44880, 336, 336, 336, 338, 
44911, 339, 341, 340, 328, 
44941, 338, 340, 340, 330, 
44971, 335, 335, 337, 342, 
45001, 334, 331, 333, 349, 
45031, 335, 334, 335, 343, 
45062, 339, 340, 339, 330, 
45091, 338, 342, 340, 329, 
45122, 336, 336, 338, 338, 
45152, 334, 331, 335, 349, 
45182, 334, 333, 334, 344, 
45212, 339, 339, 338, 332, 
45242, 340, 341, 340, 326, 
45273, 338, 338, 338, 337, 
45302, 334, 332, 334, 347, 
45333, 334, 332, 334, 347, 
45363, 337, 337, 338, 336, 
45393, 340, 342, 341, 326, 
45423, 338, 339, 339, 332, 
45454, 334, 334, 336, 345, 
45484, 334, 332, 334, 349, 
45514, 336, 335, 337, 339, 
45544, 339, 341, 340, 328, 
45574, 339, 341, 339, 331, 
45604, 336, 336, 337, 341, 
45634, 333, 331, 334, 351, 
45665, 335, 334, 336, 342, 
45694, 338, 339, 339, 330, 
45725, 339, 341, 340, 327, 
45755, 337, 337, 338, 338, 
45786, 333, 331, 334, 348, 
45815, 334, 333, 334, 346, 
45846, 337, 339, 338, 333, 
45876, 339, 341, 340, 326, 
45905, 337, 338, 338, 334, 
45936, 334, 332, 335, 346, 
45966, 333, 331, 334, 347, 
45997, 337, 337, 337, 337, 
46026, 340, 341, 340, 325, 
46057, 338, 342, 339, 331, 
46087, 335, 334, 336, 344, 
46117, 334, 331, 333, 347, 
46147, 336, 335, 336, 339, 
46178, 339, 340, 340, 328, 
46208, 338, 340, 340, 328, 
46237, 336, 335, 337, 340, 
46268, 333, 331, 333, 348, 
46298, 336, 334, 335, 342, 
46328, 338, 339, 340, 330, 
46358, 339, 341, 341, 327, 
46389, 337, 337, 338, 336, 
46418, 333, 331, 334, 348, 
46449, 334, 333, 334, 345, 
46479, 337, 339, 338, 333, 
46510, 339, 342, 340, 325, 
46539, 338, 339, 339, 335, 
46569, 334, 333, 335, 346, 
46600, 334, 332, 334, 347, 
46629, 336, 336, 337, 337, 
46660, 339, 341, 340, 326, 
46690, 338, 339, 339, 331, 
46721, 334, 334, 336, 343, 
46750, 333, 331, 333, 350, 
46781, 335, 335, 336, 340, 
46811, 340, 340, 339, 328, 
46841, 338, 340, 340, 328, 
46871, 336, 336, 337, 340, 
46901, 333, 331, 334, 350, 
46931, 336, 333, 335, 343, 
46961, 338, 339, 340, 331, 
46992, 339, 341, 340, 326, 
47022, 336, 337, 338, 336, 
47052, 333, 332, 334, 348, 
47082, 334, 332, 335, 346, 
47113, 337, 338, 337, 335, 
47142, 340, 342, 340, 326, 
47172, 337, 338, 339, 334, 
47203, 334, 333, 335, 346, 
47233, 333, 331, 333, 349, 
47263, 337, 337, 336, 338, 
47293, 338, 341, 340, 327, 
47324, 338, 340, 339, 331, 
47353, 335, 334, 336, 343, 
47384, 333, 331, 333, 349, 
47414, 335, 334, 335, 341, 
47444, 339, 340, 339, 329, 
47474, 339, 339, 340, 328, 
47504, 336, 336, 337, 339, 
47535, 334, 331, 334, 349, 
47564, 335, 333, 335, 343, 
47595, 338, 339, 338, 331, 
47625, 339, 343, 343, 327, 
47655, 336, 338, 338, 336, 
47685, 333, 332, 334, 347, 
47716, 333, 332, 334, 347, 
47746, 337, 337, 338, 335, 
47776, 339, 341, 340, 326, 
47806, 337, 339, 339, 333, 
47836, 334, 333, 336, 345, 
47866, 333, 331, 334, 349, 
47896, 336, 335, 336, 338, 
47927, 338, 341, 340, 327, 
47956, 338, 339, 339, 331, 
47987, 335, 335, 336, 342, 
48017, 333, 331, 334, 351, 
48048, 334, 334, 336, 342, 
48077, 339, 340, 339, 329, 
48108, 339, 341, 339, 327, 
48138, 336, 336, 338, 339, 
48167, 333, 332, 334, 349, 
48198, 334, 333, 336, 344, 
48228, 336, 338, 338, 332, 
48259, 339, 341, 341, 326, 
48288, 338, 337, 338, 336, 
48319, 333, 332, 335, 348, 
48349, 334, 332, 334, 347, 
48379, 336, 335, 337, 335, 
48409, 339, 341, 341, 326, 
48440, 337, 338, 339, 332, 
48470, 334, 333, 335, 345, 
48499, 333, 331, 335, 349, 
48530, 336, 336, 336, 341, 
48560, 339, 341, 340, 327, 
48590, 339, 340, 340, 330, 
48620, 335, 335, 337, 342, 
48651, 333, 330, 333, 350, 
48680, 335, 334, 335, 342, 
48711, 338, 340, 339, 330, 
48741, 339, 341, 340, 327, 
48772, 336, 337, 337, 338, 
48801, 333, 331, 334, 349, 
48831, 334, 333, 334, 344, 
48862, 337, 338, 339, 334, 
48891, 339, 342, 341, 326, 
48922, 337, 338, 339, 334, 
48952, 334, 333, 335, 346, 
48983, 334, 332, 334, 347, 
49012, 337, 337, 336, 336, 
49043, 340, 342, 340, 327, 
49073, 338, 339, 339, 331, 
49102, 334, 333, 336, 344, 
49133, 334, 330, 333, 349, 
49163, 336, 335, 336, 340, 
49193, 339, 340, 339, 328, 
49223, 338, 340, 340, 329, 
49254, 336, 336, 337, 341, 
49284, 333, 330, 334, 349, 
49314, 335, 335, 335, 342, 
49344, 339, 339, 339, 330, 
49375, 341, 342, 340, 326, 
49404, 336, 337, 339, 337, 
49434, 333, 331, 334, 348, 
49465, 334, 333, 334, 345, 
49495, 337, 337, 338, 333, 
49525, 340, 342, 340, 326, 
49555, 337, 338, 339, 334, 
49586, 334, 332, 335, 345, 
49615, 335, 332, 334, 347, 
49646, 336, 337, 336, 336, 
49676, 339, 341, 340, 325, 
49707, 338, 340, 339, 330, 
49736, 335, 334, 335, 342, 
49766, 333, 331, 334, 349, 
49797, 335, 336, 335, 340, 
49826, 339, 341, 339, 328, 
49857, 338, 341, 340, 328, 
49887, 336, 335, 337, 341, 
49917, 333, 331, 335, 349, 
49947, 334, 333, 336, 343, 
49978, 338, 339, 338, 330, 
50008, 339, 342, 340, 326, 
50038, 336, 338, 336, 336, 
50068, 333, 331, 334, 348, 
50098, 333, 332, 334, 345, 
50128, 337, 337, 337, 334, 
50158, 340, 342, 340, 326, 
50189, 337, 338, 338, 333, 
50219, 334, 332, 335, 345, 
50249, 333, 331, 334, 349, 
50279, 335, 336, 336, 336, 
50310, 339, 341, 340, 326, 
50339, 338, 340, 339, 330, 
50370, 335, 335, 336, 342, 
50400, 333, 331, 334, 349, 
50429, 335, 334, 335, 340, 
50460, 339, 340, 340, 328, 
50490, 339, 341, 340, 328, 
50521, 336, 336, 337, 339, 
50550, 334, 331, 334, 349, 
50581, 334, 333, 335, 344, 
50611, 338, 338, 338, 331, 
50641, 339, 341, 340, 326, 
50671, 336, 338, 338, 336, 
50702, 333, 332, 335, 347, 
50732, 334, 333, 335, 346, 
50761, 338, 338, 337, 334, 
50792, 340, 342, 340, 325, 
50822, 337, 339, 338, 332, 
50852, 334, 333, 335, 345, 
50882, 333, 332, 335, 348, 
50913, 336, 337, 336, 338, 
50942, 339, 342, 340, 327, 
50973, 339, 340, 339, 330, 
51003, 335, 335, 336, 342, 
51033, 333, 330, 335, 350, 
51063, 335, 335, 335, 341, 
51093, 339, 341, 339, 329, 
51124, 340, 341, 340, 328, 
51153, 337, 336, 337, 339, 
51184, 334, 331, 334, 349, 
51214, 333, 334, 336, 345, 
51245, 338, 339, 339, 331, 
51274, 339, 342, 341, 326, 
51305, 337, 338, 339, 336, 
51335, 334, 331, 334, 347, 
51364, 334, 333, 334, 346, 
51395, 337, 337, 337, 334, 
51425, 339, 342, 340, 325, 
51456, 338, 339, 339, 332, 
51485, 334, 333, 335, 344, 
51516, 333, 331, 334, 348, 
51546, 336, 336, 336, 337, 
51576, 339, 341, 340, 327, 
51606, 339, 341, 340, 329, 
51637, 336, 335, 336, 342, 
51666, 333, 332, 334, 348, 
51696, 335, 334, 335, 341, 
51727, 338, 340, 339, 328, 
51757, 339, 341, 341, 327, 
51787, 337, 336, 337, 338, 
51817, 333, 331, 335, 348, 
51848, 335, 333, 335, 344, 
51877, 338, 338, 338, 331, 
51908, 339, 341, 340, 325, 
51938, 337, 338, 338, 335, 
51969, 333, 332, 334, 346, 
51998, 333, 332, 334, 346, 
52028, 337, 338, 336, 334, 
52059, 339, 341, 340, 325, 
52088, 337, 339, 339, 332, 
52119, 334, 333, 335, 344, 
52149, 334, 332, 334, 348, 
52179, 336, 336, 336, 338, 
52209, 339, 341, 339, 327, 
52240, 338, 340, 340, 329, 
52270, 336, 335, 336, 342, 
52300, 332, 331, 333, 348, 
52330, 334, 335, 335, 341, 
52360, 339, 340, 339, 329, 
52390, 338, 342, 340, 327, 
52420, 336, 336, 337, 337, 
52451, 333, 331, 334, 349, 
52481, 334, 333, 335, 343, 
52511, 337, 338, 338, 331, 
52541, 339, 341, 340, 325, 
52572, 337, 338, 338, 335, 
52601, 333, 331, 334, 346, 
52632, 334, 332, 334, 346, 
52662, 337, 337, 337, 335, 
52691, 339, 342, 341, 325, 
52722, 338, 339, 339, 332, 
52752, 334, 333, 335, 344, 
52783, 333, 331, 334, 348, 
52812, 337, 336, 336, 337, 
52843, 340, 341, 340, 326, 
52873, 340, 340, 339, 329, 
52903, 335, 334, 336, 341, 
52933, 333, 331, 334, 349, 
52963, 335, 334, 335, 341, 
52994, 338, 340, 340, 329, 
53023, 339, 342, 340, 327, 
53054, 336, 336, 337, 339, 
53084, 333, 332, 334, 349, 
53114, 334, 332, 335, 345, 
53144, 338, 339, 338, 331, 
53175, 340, 342, 341, 326, 
53204, 337, 338, 338, 336, 
53235, 334, 333, 335, 347, 
53265, 334, 332, 334, 346, 
53295, 338, 337, 337, 334, 
53325, 340, 341, 341, 326, 
53355, 338, 339, 340, 332, 
53386, 334, 334, 336, 345, 
53415, 334, 332, 334, 348, 
53446, 337, 336, 336, 338, 
53476, 340, 341, 340, 327, 
53507, 338, 340, 340, 330, 
53536, 334, 334, 336, 342, 
53567, 333, 331, 333, 349, 
53597, 333, 335, 335, 340, 
53626, 339, 341, 338, 328, 
53657, 339, 341, 340, 326, 
53687, 336, 336, 337, 338, 
53718, 333, 331, 334, 348, 
53747, 333, 334, 335, 343, 
53778, 339, 340, 338, 330, 
53808, 339, 341, 340, 326, 
53838, 337, 337, 338, 335, 
53868, 334, 332, 334, 348, 
53899, 334, 332, 334, 346, 
53928, 337, 337, 337, 335, 
53958, 339, 342, 340, 325, 
53989, 338, 339, 338, 334, 
54019, 334, 331, 335, 346, 
54049, 334, 331, 333, 348, 
54079, 336, 336, 337, 337, 
54110, 339, 341, 340, 327, 
54139, 339, 340, 339, 330, 
54170, 335, 334, 335, 344, 
54200, 333, 331, 333, 350, 
54231, 335, 335, 336, 342, 
54260, 339, 340, 339, 328, 
54290, 338, 341, 340, 328, 
54321, 335, 336, 337, 340, 
54350, 333, 331, 334, 349, 
54381, 334, 334, 335, 343, 
54411, 338, 339, 338, 331, 
54441, 339, 342, 340, 327, 
54471, 337, 338, 338, 337, 
54502, 333, 333, 334, 347, 
54532, 334, 331, 334, 345, 
54562, 337, 338, 337, 333, 
54592, 340, 341, 340, 326, 
54622, 337, 338, 338, 333, 
54652, 334, 333, 336, 345, 
54682, 333, 332, 334, 347, 
54713, 336, 335, 338, 336, 
54743, 339, 341, 339, 326, 
54773, 338, 339, 340, 331, 
54803, 335, 334, 335, 343, 
54834, 333, 331, 334, 351, 
54863, 336, 335, 336, 340, 
54893, 340, 341, 340, 328, 
54924, 339, 340, 340, 330, 
54953, 336, 335, 337, 342, 
54984, 334, 331, 334, 350, 
55014, 335, 334, 335, 343, 
55045, 338, 340, 339, 330, 
55074, 338, 340, 340, 327, 
55105, 336, 337, 338, 337, 
55135, 333, 331, 334, 348, 
55165, 334, 332, 334, 346, 
55195, 337, 338, 339, 333, 
55225, 339, 342, 340, 324, 
55256, 336, 337, 339, 334, 
55285, 335, 332, 335, 346, 
55316, 334, 331, 334, 347, 
55346, 336, 337, 337, 336, 
55376, 339, 341, 338, 326, 
55406, 338, 340, 339, 332, 
55437, 335, 333, 336, 343, 
55467, 333, 331, 333, 349, 
55497, 337, 335, 336, 340, 
55527, 339, 341, 339, 327, 
55557, 337, 341, 340, 329, 
55587, 335, 335, 336, 341, 
55617, 333, 331, 335, 349, 
55648, 335, 334, 335, 341, 
55677, 338, 340, 339, 330, 
55708, 339, 341, 340, 327, 
55738, 336, 336, 337, 337, 
55769, 333, 330, 334, 348, 
55798, 335, 333, 335, 344, 
55829, 337, 339, 338, 332, 
55859, 339, 341, 341, 326, 
55888, 337, 338, 337, 335, 
55919, 334, 332, 335, 347, 
55949, 333, 332, 335, 346, 
55980, 338, 337, 337, 335, 
56009, 338, 342, 340, 325, 
56040, 338, 339, 339, 332, 
56070, 335, 334, 335, 344, 
56100, 333, 331, 333, 348, 
56130, 336, 335, 336, 338, 
56161, 339, 341, 340, 328, 
56190, 339, 340, 339, 329, 
56220, 335, 334, 337, 342, 
56251, 333, 330, 334, 349, 
56281, 336, 334, 335, 342, 
56311, 339, 340, 339, 329, 
56341, 340, 341, 340, 328, 
56372, 336, 336, 338, 339, 
56401, 334, 331, 336, 349, 
56432, 335, 333, 335, 346, 
56462, 339, 339, 339, 332, 
56493, 339, 342, 340, 328, 
56522, 338, 337, 338, 336, 
56552, 335, 333, 335, 347, 
56583, 334, 332, 335, 347, 
56612, 337, 337, 337, 334, 
56643, 339, 342, 340, 326, 
56673, 338, 338, 340, 333, 
56704, 334, 333, 336, 346, 
56733, 334, 331, 334, 349, 
56764, 337, 336, 337, 337, 
56794, 340, 342, 341, 327, 
56823, 339, 341, 340, 330, 
56854, 336, 335, 337, 342, 
56884, 333, 331, 334, 349, 
56914, 336, 335, 336, 341, 
56944, 339, 340, 340, 329, 
56975, 338, 341, 340, 331, 
57005, 336, 337, 337, 339, 
57035, 333, 331, 334, 349, 
57065, 335, 334, 336, 344, 
57096, 338, 339, 339, 331, 
57125, 339, 342, 341, 327, 
57155, 337, 339, 339, 336, 
57186, 333, 332, 334, 348, 
57216, 335, 333, 334, 347, 
57246, 337, 338, 338, 334, 
57276, 338, 342, 339, 327, 
57307, 337, 338, 339, 335, 
57336, 335, 332, 335, 346, 
57367, 335, 331, 334, 349, 
57397, 336, 337, 338, 338, 
57427, 339, 341, 340, 328, 
57457, 338, 339, 339, 332, 
57487, 335, 334, 336, 344, 
57518, 333, 331, 333, 349, 
57547, 336, 335, 335, 341, 
57578, 339, 340, 339, 328, 
57608, 339, 339, 340, 329, 
57638, 336, 336, 336, 341, 
57668, 333, 331, 333, 350, 
57699, 334, 334, 335, 343, 
57729, 339, 339, 338, 331, 
57759, 339, 342, 340, 327, 
57789, 337, 337, 337, 337, 
57819, 334, 332, 335, 347, 
57849, 335, 333, 334, 345, 
57879, 339, 338, 338, 333, 
57910, 341, 342, 340, 325, 
57939, 338, 338, 339, 333, 
57970, 335, 332, 335, 345, 
58000, 335, 332, 335, 346, 
58031, 336, 336, 338, 336, 
58060, 339, 341, 340, 325, 
58091, 339, 339, 339, 330, 
58121, 336, 334, 336, 343, 
58150, 334, 331, 334, 348, 
58181, 336, 335, 337, 338, 
58211, 338, 340, 340, 327, 
58242, 339, 339, 340, 329, 
58271, 336, 335, 337, 339, 
58302, 332, 331, 335, 349, 
58332, 335, 334, 336, 342, 
58362, 339, 340, 338, 329, 
58392, 339, 341, 340, 326, 
58423, 337, 336, 337, 337, 
58452, 333, 331, 334, 348, 
58482, 334, 332, 334, 345, 
58513, 337, 338, 338, 332, 
58543, 339, 342, 340, 326, 
58573, 337, 338, 338, 334, 
58603, 334, 332, 335, 346, 
58634, 335, 332, 334, 347, 
58663, 338, 338, 337, 335, 
58694, 340, 341, 340, 326, 
58724, 337, 339, 339, 332, 
58754, 335, 333, 336, 344, 
58784, 333, 331, 334, 349, 
58814, 336, 336, 336, 339, 
58845, 339, 341, 341, 326, 
58874, 339, 340, 340, 329, 
58905, 336, 335, 337, 340, 
58935, 333, 331, 334, 349, 
58966, 335, 334, 334, 341, 
58995, 338, 340, 339, 329, 
59026, 338, 341, 340, 327, 
59056, 336, 337, 337, 338, 
59085, 333, 331, 334, 348, 
59116, 334, 333, 335, 344, 
59146, 338, 338, 337, 332, 
59176, 339, 342, 339, 327, 
59206, 337, 338, 337, 336, 
59237, 333, 332, 335, 346, 
59267, 333, 332, 334, 346, 
59297, 336, 337, 337, 335, 
59327, 340, 343, 340, 326, 
59358, 338, 339, 338, 334, 
59387, 334, 333, 335, 344, 
59417, 333, 331, 333, 347, 
59448, 337, 336, 336, 338, 
59478, 339, 341, 340, 328, 
59508, 339, 340, 340, 330, 
59538, 336, 336, 337, 342, 
59569, 334, 331, 333, 350, 
59598, 335, 336, 335, 342, 
59629, 339, 340, 339, 329, 
59659, 339, 341, 339, 327, 
59689, 336, 336, 337, 339, 
59719, 334, 331, 334, 349, 
59749, 335, 333, 335, 344, 
59780, 338, 340, 338, 331, 
59809, 341, 342, 340, 327, 
59840, 337, 338, 338, 335, 
59870, 334, 332, 335, 347, 
59900, 335, 332, 334, 347, 
59930, 338, 337, 337, 335, 
59961, 339, 342, 341, 325, 
59991, 338, 339, 339, 333, 
60021, 335, 333, 336, 345, 
60051, 333, 331, 334, 349, 
60081, 336, 336, 337, 339, 
60111, 339, 341, 340, 327, 
60141, 339, 340, 339, 330, 
60172, 335, 334, 335, 342, 
60201, 333, 331, 335, 348, 
60232, 335, 334, 336, 341, 
60262, 339, 340, 340, 328, 
60293, 337, 341, 340, 328, 
60322, 335, 335, 337, 339, 
60353, 333, 331, 334, 349, 
60383, 333, 333, 335, 344, 
60412, 338, 339, 338, 331, 
60443, 339, 340, 341, 327, 
60473, 337, 337, 337, 335, 
60504, 333, 333, 334, 348, 
60533, 334, 332, 334, 346, 
60564, 337, 337, 337, 334, 
60594, 339, 342, 340, 326, 
60624, 337, 338, 339, 333, 
60654, 334, 333, 335, 346, 
60684, 333, 331, 334, 348, 
60715, 336, 336, 337, 337, 
60744, 339, 341, 340, 327, 
60775, 338, 340, 339, 330, 
60805, 335, 335, 337, 343, 
60835, 334, 331, 333, 349, 
60865, 335, 335, 336, 340, 
60896, 339, 340, 339, 328, 
60925, 339, 341, 340, 329, 
60956, 336, 336, 337, 339, 
60986, 334, 331, 334, 349, 
61016, 335, 333, 334, 343, 
61046, 339, 339, 338, 331, 
61076, 339, 341, 340, 326, 
61107, 337, 337, 338, 337, 
61136, 333, 332, 334, 348, 
61167, 334, 333, 335, 347, 
61197, 338, 338, 337, 334, 
61228, 339, 342, 340, 326, 
61257, 337, 339, 338, 334, 
61288, 334, 333, 335, 346, 
61318, 334, 331, 334, 348, 
61347, 336, 336, 337, 336, 
61378, 340, 341, 340, 327, 
61408, 338, 339, 339, 331, 
61438, 335, 335, 337, 343, 
61468, 333, 331, 334, 350, 
61499, 335, 335, 336, 340, 
61529, 339, 341, 340, 329, 
61559, 340, 341, 340, 329, 
61589, 336, 336, 337, 340, 
61620, 333, 331, 334, 349, 
61649, 335, 333, 335, 343, 
61679, 338, 339, 339, 331, 
61710, 341, 341, 341, 326, 
61740, 336, 337, 338, 336, 
61770, 333, 332, 334, 347, 
61800, 334, 332, 335, 346, 
61831, 337, 338, 338, 334, 
61860, 339, 342, 340, 326, 
61891, 337, 339, 339, 334, 
61921, 334, 333, 335, 347, 
61952, 333, 332, 334, 349, 
61981, 338, 336, 336, 337, 
62011, 340, 341, 341, 327, 
62042, 339, 341, 340, 331, 
62071, 334, 335, 336, 343, 
62102, 334, 331, 334, 349, 
62132, 336, 335, 336, 340, 
62162, 339, 341, 340, 329, 
62192, 339, 341, 340, 328, 
62223, 336, 336, 337, 339, 
62253, 333, 332, 334, 349, 
62283, 336, 333, 335, 343, 
62313, 338, 339, 338, 331, 
62343, 340, 343, 340, 327, 
62373, 337, 336, 338, 336, 
62403, 334, 333, 335, 348, 
62434, 334, 332, 335, 346, 
62464, 337, 337, 337, 334, 
62494, 340, 342, 341, 326, 
62524, 338, 339, 338, 333, 
62555, 334, 332, 335, 346, 
62584, 334, 331, 334, 349, 
62614, 336, 336, 337, 338, 
62645, 339, 342, 340, 327, 
62674, 338, 339, 339, 331, 
62705, 335, 334, 336, 344, 
62735, 334, 331, 334, 349, 
62766, 336, 335, 336, 341, 
62795, 339, 340, 339, 329, 
62826, 339, 341, 340, 329, 
62856, 335, 336, 337, 340, 
62886, 333, 331, 334, 349, 
62916, 335, 335, 335, 343, 
62946, 337, 339, 338, 331, 
62977, 340, 342, 341, 327, 
63006, 337, 337, 338, 336, 
63037, 335, 332, 334, 347, 
63067, 334, 332, 334, 346, 
63097, 337, 339, 338, 335, 
63127, 339, 342, 340, 326, 
63158, 337, 339, 339, 334, 
63187, 334, 333, 335, 346, 
63218, 334, 331, 334, 348, 
63248, 336, 336, 337, 338, 
63278, 341, 341, 340, 327, 
63308, 338, 340, 341, 331, 
63338, 335, 335, 337, 343, 
63369, 333, 331, 334, 350, 
63398, 335, 335, 335, 342, 
63429, 339, 340, 340, 329, 
63459, 339, 342, 341, 327, 
63490, 336, 337, 337, 340, 
63519, 333, 331, 334, 349, 
63550, 335, 334, 335, 343, 
63580, 338, 339, 339, 331, 
63609, 339, 341, 341, 326, 
63640, 337, 338, 338, 336, 
63670, 334, 332, 334, 347, 
63700, 334, 332, 334, 346, 
63730, 338, 338, 338, 334, 
63761, 339, 342, 340, 324, 
63791, 337, 339, 339, 332, 
63821, 334, 334, 336, 344, 
63851, 334, 331, 334, 350, 
63882, 336, 336, 336, 339, 
63911, 339, 342, 340, 327, 
63941, 339, 340, 340, 331, 
63972, 334, 334, 337, 342, 
64002, 333, 332, 334, 351, 
64032, 335, 335, 336, 341, 
64062, 338, 340, 339, 329, 
64093, 339, 341, 340, 328, 
64122, 336, 336, 337, 339, 
64153, 333, 331, 335, 349, 
64183, 333, 334, 336, 345, 
64214, 338, 339, 338, 332, 
64243, 339, 342, 341, 327, 
64273, 337, 338, 338, 336, 
64304, 333, 332, 334, 348, 
64333, 334, 332, 334, 346, 
64364, 337, 338, 337, 335, 
64394, 339, 342, 340, 326, 
64424, 337, 339, 339, 332, 
64454, 334, 334, 335, 345, 
64485, 333, 332, 333, 348, 
64515, 336, 334, 337, 338, 
64544, 339, 342, 341, 327, 
64575, 338, 340, 340, 329, 
64605, 335, 334, 337, 341, 
64635, 333, 331, 334, 349, 
64665, 335, 334, 335, 341, 
64696, 339, 340, 339, 329, 
64726, 339, 341, 340, 328, 
64756, 336, 336, 337, 339, 
64786, 333, 330, 334, 349, 
64817, 335, 333, 334, 344, 
64846, 338, 338, 338, 332, 
64876, 339, 342, 340, 326, 
64907, 337, 338, 338, 334, 
64936, 334, 332, 335, 346, 
64967, 333, 331, 335, 347, 
64997, 336, 337, 337, 336, 
65028, 340, 342, 341, 324, 
65057, 338, 339, 340, 332, 
65088, 335, 334, 336, 344, 
65118, 333, 331, 334, 350, 
65148, 336, 336, 337, 339, 
65178, 340, 341, 340, 328, 
65208, 338, 340, 339, 329, 
65239, 336, 335, 336, 342, 
65268, 333, 332, 334, 349, 
65299, 335, 336, 335, 342, 
65329, 339, 340, 339, 330, 
65359, 339, 342, 339, 326, 
65389, 336, 337, 337, 337, 
65420, 332, 331, 335, 348, 
65449, 334, 333, 334, 344, 
65480, 338, 338, 337, 332, 
65510, 339, 343, 341, 326, 
65540, 337, 338, 338, 335, 
65570, 334, 332, 335, 345, 
65600, 334, 332, 334, 347, 
65631, 336, 337, 337, 337, 
65660, 339, 341, 340, 326, 
65691, 338, 339, 339, 331, 
65721, 336, 334, 337, 343, 
65752, 333, 331, 334, 349, 
65781, 336, 335, 336, 340, 
65812, 339, 341, 340, 328, 
65842, 339, 340, 340, 329, 
65871, 336, 336, 337, 340, 
65902, 333, 332, 334, 350, 
65932, 334, 335, 335, 343, 
65963, 338, 339, 338, 331, 
65992, 339, 342, 340, 327, 
66023, 337, 337, 338, 337, 
66053, 333, 332, 335, 348, 
66083, 334, 333, 335, 346, 
66113, 337, 338, 338, 333, 
66144, 340, 341, 341, 326, 
66173, 338, 339, 339, 334, 
66203, 334, 333, 335, 346, 
66234, 334, 331, 335, 348, 
66264, 337, 336, 337, 337, 
66294, 339, 341, 340, 326, 
66324, 338, 340, 339, 331, 
66355, 335, 334, 337, 342, 
66384, 333, 332, 334, 348, 
66415, 336, 335, 337, 341, 
66445, 339, 340, 339, 327, 
66475, 338, 341, 340, 327, 
66505, 336, 336, 337, 339, 
66535, 333, 331, 334, 348, 
66566, 335, 333, 336, 343, 
66595, 338, 339, 339, 330, 
66626, 339, 342, 340, 327, 
66656, 336, 339, 338, 336, 
66686, 333, 332, 334, 349, 
66716, 334, 332, 334, 346, 
66747, 337, 337, 338, 334, 
66777, 340, 342, 340, 326, 
66806, 338, 339, 339, 333, 
66837, 334, 335, 335, 345, 
66867, 334, 331, 334, 348, 
66897, 336, 336, 337, 337, 
66927, 339, 341, 340, 326, 
66958, 338, 340, 340, 330, 
66988, 335, 335, 336, 342, 
67018, 334, 331, 334, 349, 
67048, 335, 335, 335, 341, 
67079, 339, 340, 338, 330, 
67108, 339, 341, 340, 328, 
67138, 336, 337, 338, 339, 
67169, 333, 331, 334, 349, 
67198, 335, 333, 335, 344, 
67229, 338, 339, 338, 332, 
67259, 340, 342, 341, 326, 
67290, 338, 338, 338, 336, 
67319, 334, 333, 336, 348, 
67350, 334, 332, 335, 347, 
67380, 337, 338, 337, 336, 
67410, 339, 342, 340, 327, 
67440, 338, 340, 339, 333, 
67470, 335, 334, 336, 345, 
67501, 334, 331, 334, 350, 
67530, 336, 336, 336, 340, 
67561, 340, 342, 339, 328, 
67591, 338, 340, 340, 330, 
67621, 335, 335, 337, 342, 
67651, 333, 331, 334, 349, 
67682, 335, 334, 335, 344, 
67712, 339, 340, 339, 330, 
67742, 339, 342, 340, 327, 
67772, 336, 337, 337, 338, 
67802, 333, 332, 334, 349, 
67832, 334, 334, 334, 346, 
67862, 337, 338, 338, 334, 
67893, 339, 342, 341, 327, 
67922, 337, 339, 339, 335, 
67953, 334, 333, 335, 346, 
67983, 333, 332, 334, 347, 
68014, 337, 337, 337, 336, 
68043, 339, 342, 340, 327, 
68074, 338, 339, 341, 332, 
68104, 335, 334, 336, 344, 
68133, 333, 332, 334, 348, 
68164, 336, 335, 336, 341, 
68194, 339, 341, 339, 328, 
68225, 338, 341, 340, 329, 
68254, 336, 336, 337, 340, 
68285, 334, 331, 334, 349, 
68315, 335, 334, 335, 343, 
68345, 338, 339, 339, 331, 
68375, 340, 342, 340, 327, 
68405, 337, 337, 338, 336, 
68435, 334, 332, 334, 348, 
68465, 334, 332, 334, 346, 
68496, 337, 337, 337, 334, 
68526, 339, 342, 340, 325, 
68556, 337, 339, 339, 333, 
68586, 334, 333, 335, 346, 
68617, 332, 331, 333, 348, 
68646, 336, 336, 336, 337, 
68677, 338, 341, 340, 326, 
68707, 338, 340, 339, 330, 
68737, 335, 335, 336, 342, 
68767, 333, 331, 334, 349, 
68797, 334, 334, 335, 340, 
68828, 339, 342, 339, 329, 
68857, 339, 341, 341, 327, 
68888, 336, 336, 338, 340, 
68918, 333, 331, 334, 349, 
68948, 334, 335, 335, 345, 
68978, 338, 339, 339, 331, 
69009, 340, 341, 340, 327, 
69039, 337, 338, 338, 335, 
69068, 334, 332, 335, 347, 
69099, 335, 333, 334, 347, 
69129, 337, 337, 338, 335, 
69159, 340, 342, 340, 325, 
69189, 338, 339, 339, 331, 
69220, 335, 335, 335, 344, 
69250, 333, 331, 334, 348, 
69280, 335, 336, 336, 338, 
69310, 339, 341, 340, 327, 
69341, 339, 341, 339, 329, 
69370, 335, 335, 336, 342, 
69400, 333, 330, 334, 349, 
69431, 335, 333, 336, 342, 
69460, 339, 340, 339, 330, 
69491, 339, 341, 342, 327, 
69521, 336, 336, 338, 338, 
69552, 334, 331, 334, 349, 
69581, 334, 331, 334, 345, 
69612, 337, 338, 339, 333, 
69642, 339, 342, 341, 325, 
69672, 337, 338, 339, 334, 
69702, 335, 332, 335, 345, 
69732, 333, 332, 334, 347, 
69763, 336, 336, 338, 336, 
69792, 339, 341, 340, 325, 
69823, 338, 339, 339, 331, 
69853, 335, 334, 336, 343, 
69883, 333, 331, 335, 349, 
69913, 335, 335, 335, 340, 
69944, 339, 341, 339, 328, 
69974, 339, 341, 340, 329, 
70004, 336, 336, 337, 340, 
70034, 333, 331, 334, 349, 
70064, 335, 335, 336, 343, 
70094, 338, 339, 338, 331, 
70124, 339, 341, 341, 326, 
70155, 337, 337, 338, 336, 
70184, 333, 332, 335, 347, 
70215, 333, 332, 334, 346, 
70245, 337, 337, 337, 334, 
70276, 339, 342, 340, 325, 
70305, 337, 338, 340, 333, 
70335, 334, 333, 335, 344, 
70366, 333, 331, 334, 347, 
70395, 336, 335, 337, 338, 
70426, 339, 341, 339, 326, 
70456, 337, 340, 339, 329, 
70487, 335, 335, 336, 341, 
70516, 333, 331, 334, 348, 
70547, 334, 335, 335, 341, 
70577, 339, 340, 340, 329, 
70607, 339, 341, 340, 327, 
70637, 336, 336, 337, 338, 
70667, 333, 331, 334, 348, 
70697, 335, 333, 335, 344, 
70727, 338, 337, 338, 331, 
70758, 339, 341, 341, 326, 
70788, 337, 338, 338, 335, 
70818, 334, 332, 335, 346, 
70848, 334, 332, 334, 347, 
70879, 338, 337, 337, 335, 
70908, 339, 343, 340, 326, 
70939, 338, 339, 339, 332, 
70969, 335, 334, 336, 344, 
70999, 334, 331, 333, 349, 
71029, 336, 335, 336, 339, 
71059, 339, 341, 340, 328, 
71090, 338, 340, 340, 329, 
71119, 335, 335, 337, 342, 
71150, 333, 331, 334, 349, 
71180, 334, 334, 335, 343, 
71211, 338, 339, 338, 330, 
71240, 339, 341, 340, 326, 
71271, 336, 337, 338, 337, 
71301, 333, 333, 335, 347, 
71330, 334, 333, 334, 345, 
71361, 337, 338, 337, 333, 
71391, 339, 341, 340, 325, 
71421, 337, 338, 339, 334, 
71451, 334, 333, 335, 346, 
71482, 333, 331, 334, 348, 
71512, 335, 336, 336, 337, 
71542, 340, 341, 340, 327, 
71572, 338, 340, 340, 330, 
71603, 336, 334, 336, 342, 
71632, 332, 331, 333, 349, 
71662, 335, 335, 336, 340, 
71693, 338, 340, 340, 328, 
71723, 338, 341, 340, 328, 
71753, 336, 336, 337, 339, 
71783, 334, 331, 334, 349, 
71814, 334, 334, 335, 344, 
71843, 338, 339, 339, 332, 
71874, 339, 341, 341, 326, 
71904, 338, 338, 338, 335, 
71934, 333, 332, 333, 348, 
71964, 335, 332, 334, 348, 
71994, 337, 338, 338, 334, 
72025, 340, 342, 341, 325, 
72054, 337, 339, 339, 332, 
72085, 334, 333, 335, 344, 
72115, 333, 331, 334, 348, 
72145, 337, 336, 336, 338, 
72175, 340, 341, 339, 327, 
72206, 339, 340, 340, 329, 
72236, 335, 335, 335, 341, 
72265, 333, 331, 334, 349, 
72296, 334, 334, 334, 343, 
72326, 338, 339, 339, 329, 
72356, 340, 341, 340, 326, 
72386, 336, 337, 338, 337, 
72417, 333, 331, 335, 348, 
72446, 334, 333, 334, 345, 
72477, 338, 338, 338, 334, 
72507, 340, 342, 341, 325, 
72538, 338, 338, 338, 332, 
72567, 335, 332, 335, 345, 
72597, 334, 331, 334, 347, 
72628, 336, 337, 337, 336, 
72657, 339, 341, 339, 327, 
72688, 338, 340, 339, 330, 
72718, 334, 334, 336, 342, 
72749, 334, 332, 333, 349, 
72778, 336, 335, 335, 340, 
72809, 339, 341, 339, 328, 
72839, 340, 342, 340, 328, 
72869, 336, 336, 338, 339, 
72899, 334, 332, 335, 350, 
72929, 335, 334, 336, 342, 
72960, 338, 339, 338, 331, 
72989, 340, 342, 340, 327, 
73020, 337, 338, 339, 335, 
73050, 334, 332, 334, 347, 
73080, 334, 332, 335, 346, 
73110, 337, 338, 337, 334, 
73141, 340, 343, 340, 325, 
73170, 339, 338, 339, 332, 
73201, 334, 333, 335, 345, 
73231, 333, 331, 334, 348, 
73261, 336, 336, 336, 338, 
73291, 339, 341, 340, 327, 
73321, 338, 340, 339, 330, 
73352, 336, 335, 336, 342, 
73381, 333, 331, 334, 350, 
73412, 335, 334, 336, 342, 
73442, 339, 340, 339, 329, 
73473, 340, 342, 340, 327, 
73502, 336, 336, 337, 338, 
73533, 333, 331, 334, 348, 
73563, 334, 333, 334, 346, 
73592, 338, 339, 338, 332, 
73623, 340, 342, 340, 327, 
73653, 338, 338, 339, 334, 
73683, 334, 332, 335, 346, 
73713, 334, 332, 333, 347, 
73744, 337, 337, 337, 335, 
73774, 339, 342, 340, 326, 
73804, 338, 339, 339, 331, 
73834, 334, 334, 336, 343, 
73865, 334, 332, 334, 349, 
73894, 335, 335, 336, 340, 
73924, 340, 341, 339, 328, 
73955, 339, 341, 341, 329, 
73985, 334, 336, 337, 339, 
74015, 334, 332, 334, 349, 
74045, 335, 334, 335, 343, 
74076, 339, 339, 338, 330, 
74105, 340, 341, 340, 326, 
74136, 337, 338, 338, 336, 
74166, 333, 332, 335, 347, 
74195, 335, 333, 335, 345, 
74226, 336, 337, 337, 333, 
74256, 339, 342, 340, 325, 
74287, 337, 339, 339, 334, 
74316, 334, 333, 336, 345, 
74347, 333, 332, 334, 348, 
74377, 336, 336, 337, 337, 
74407, 339, 341, 339, 326, 
74437, 337, 340, 339, 330, 
74468, 335, 334, 336, 343, 
74498, 334, 332, 334, 349, 
74527, 335, 334, 335, 341, 
74558, 338, 340, 339, 328, 
74588, 339, 341, 340, 327, 
74618, 336, 336, 337, 338, 
74648, 333, 331, 334, 350, 
74679, 335, 333, 334, 345, 
74708, 337, 338, 338, 332, 
74739, 340, 342, 340, 326, 
74769, 337, 338, 339, 334, 
74800, 334, 332, 335, 347, 
74829, 333, 332, 334, 347, 
74859, 337, 337, 338, 335, 
74890, 339, 342, 340, 326, 
74919, 337, 340, 339, 331, 
74950, 334, 334, 336, 344, 
74980, 333, 331, 334, 349, 
75011, 336, 336, 336, 340, 
75040, 340, 342, 340, 327, 
75071, 338, 340, 340, 329, 
75101, 336, 336, 336, 341, 
75131, 333, 331, 334, 349, 
75161, 334, 334, 335, 342, 
75191, 338, 340, 338, 330, 
75222, 339, 341, 340, 327, 
75251, 336, 337, 338, 336, 
75282, 334, 332, 333, 347, 
75312, 334, 333, 334, 345, 
75342, 337, 338, 338, 333, 
75372, 339, 342, 341, 326, 
75403, 338, 338, 339, 334, 
75432, 334, 333, 335, 347, 
75463, 334, 331, 334, 348, 
75493, 336, 337, 337, 337, 
75523, 340, 342, 340, 327, 
75553, 338, 340, 340, 332, 
75583, 335, 335, 336, 344, 
75614, 333, 332, 334, 349, 
75643, 335, 335, 335, 342, 
75674, 339, 341, 340, 329, 
75704, 339, 341, 340, 328, 
75735, 336, 336, 337, 339, 
75764, 333, 331, 334, 348, 
75795, 335, 333, 335, 344, 
75825, 338, 339, 339, 332, 
75854, 339, 342, 341, 327, 
75885, 337, 337, 338, 336, 
75915, 334, 332, 335, 348, 
75945, 333, 332, 334, 347, 
75975, 337, 337, 337, 334, 
76006, 340, 342, 340, 325, 
76036, 337, 338, 339, 332, 
76066, 334, 333, 336, 344, 
76096, 333, 331, 334, 348, 
76126, 336, 337, 336, 337, 
76156, 340, 341, 340, 327, 
76186, 339, 340, 339, 331, 
76217, 335, 334, 336, 342, 
76247, 334, 331, 333, 349, 
76277, 335, 336, 336, 343, 
76307, 339, 341, 339, 330, 
76338, 339, 341, 340, 327, 
76367, 337, 337, 337, 337, 
76398, 333, 332, 334, 349, 
76428, 335, 334, 334, 345, 
76457, 338, 339, 338, 333, 
76488, 339, 342, 341, 326, 
76518, 337, 338, 340, 335, 
76549, 335, 333, 336, 346, 
76578, 333, 333, 334, 348, 
76609, 337, 336, 337, 336, 
76639, 340, 342, 340, 326, 
76669, 337, 340, 339, 332, 
76699, 335, 334, 336, 344, 
76730, 334, 332, 335, 349, 
76760, 336, 335, 336, 340, 
76789, 340, 341, 340, 328, 
76820, 339, 341, 341, 329, 
76850, 335, 335, 337, 341, 
76880, 333, 331, 334, 349, 
76910, 335, 334, 335, 343, 
76941, 337, 340, 339, 330, 
76971, 340, 342, 340, 327, 
77001, 336, 337, 337, 337, 
77031, 334, 331, 334, 348, 
77062, 334, 333, 334, 345, 
77091, 339, 338, 337, 335, 
77121, 341, 341, 340, 326, 
77152, 338, 338, 339, 334, 
77181, 335, 333, 335, 346, 
77212, 334, 332, 335, 348, 
77242, 337, 337, 337, 337, 
77273, 341, 343, 340, 328, 
77302, 338, 341, 339, 332, 
77333, 335, 335, 336, 344, 
77363, 333, 331, 334, 350, 
77393, 336, 334, 335, 341, 
77423, 339, 341, 340, 329, 
77453, 340, 341, 341, 329, 
77484, 336, 336, 337, 340, 
77513, 333, 331, 334, 349, 
77544, 335, 334, 335, 343, 
77574, 338, 340, 339, 331, 
77604, 339, 342, 340, 327, 
77634, 337, 338, 338, 336, 
77665, 333, 332, 335, 349, 
77694, 334, 333, 335, 345, 
77725, 337, 338, 339, 334, 
77755, 340, 342, 341, 326, 
77785, 338, 339, 338, 333, 
77815, 336, 333, 335, 345, 
77845, 334, 332, 334, 348, 
77876, 336, 337, 337, 336, 
77905, 339, 342, 340, 326, 
77936, 339, 340, 339, 329, 
77966, 335, 334, 336, 342, 
77997, 334, 331, 333, 349, 
78026, 335, 335, 336, 341, 
78056, 340, 340, 339, 329, 
78087, 339, 342, 340, 329, 
78116, 337, 336, 337, 339, 
78147, 333, 332, 334, 350, 
78177, 334, 333, 336, 345, 
78208, 338, 340, 338, 333, 
78237, 340, 342, 341, 326, 
78268, 338, 338, 338, 336, 
78298, 334, 333, 335, 348, 
78328, 334, 332, 333, 347, 
78358, 337, 337, 338, 336, 
78388, 339, 343, 340, 327, 
78418, 337, 339, 339, 334, 
78448, 334, 333, 336, 346, 
78479, 334, 332, 335, 349, 
78509, 336, 336, 338, 339, 
78539, 340, 342, 340, 328, 
78569, 338, 341, 340, 330, 
78600, 335, 335, 336, 342, 
78629, 333, 331, 334, 350, 
78660, 335, 335, 335, 342, 
78690, 339, 341, 339, 329, 
78720, 339, 341, 339, 328, 
78750, 336, 336, 337, 339, 
78780, 333, 331, 334, 349, 
78811, 334, 334, 335, 345, 
78840, 338, 340, 338, 333, 
78871, 339, 343, 341, 327, 
78901, 337, 338, 338, 336, 
78931, 335, 332, 334, 347, 
78961, 334, 332, 334, 347, 
78992, 337, 338, 338, 336, 
79022, 339, 342, 340, 326, 
79051, 337, 338, 339, 332, 
79082, 335, 333, 335, 344, 
79112, 333, 332, 333, 349, 
79142, 336, 337, 336, 338, 
79172, 339, 341, 340, 327, 
79203, 338, 341, 340, 330, 
79233, 335, 335, 337, 342, 
79263, 334, 331, 333, 350, 
79293, 335, 335, 336, 342, 
79324, 338, 340, 339, 330, 
79353, 339, 341, 339, 327, 
79383, 335, 336, 335, 337, 
79414, 333, 331, 334, 349, 
79443, 335, 334, 335, 345, 
79474, 337, 338, 338, 332, 
79504, 339, 342, 340, 326, 
79535, 337, 339, 339, 336, 
79564, 333, 332, 335, 347, 
79595, 334, 332, 334, 347, 
79625, 337, 337, 337, 336, 
79655, 339, 342, 340, 327, 
79685, 337, 340, 339, 332, 
79715, 334, 334, 335, 345, 
79746, 335, 332, 333, 349, 
79775, 336, 337, 336, 338, 
79806, 339, 342, 340, 328, 
79836, 338, 340, 340, 330, 
79866, 335, 335, 336, 342, 
79896, 333, 331, 334, 350, 
79927, 336, 335, 335, 342, 
79956, 338, 340, 339, 330, 
79986, 340, 341, 340, 328, 
80017, 336, 338, 337, 339, 
80047, 333, 332, 334, 351, 
80077, 335, 333, 334, 345, 
80107, 338, 340, 338, 333, 
80138, 339, 342, 340, 327, 
80167, 338, 338, 338, 335, 
80198, 334, 332, 335, 347, 
80228, 334, 333, 334, 347, 
80259, 338, 337, 338, 336, 
80288, 340, 342, 339, 326, 
80318, 338, 339, 339, 333, 
80349, 335, 334, 336, 344, 
80378, 333, 331, 334, 349, 
80409, 336, 336, 336, 339, 
80439, 339, 341, 340, 327, 
80470, 338, 340, 340, 329, 
80499, 335, 335, 336, 341, 
80530, 334, 331, 334, 349, 
80560, 335, 334, 335, 342, 
80590, 339, 340, 339, 329, 
80620, 339, 341, 340, 327, 
80650, 337, 336, 338, 338, 
80680, 333, 332, 335, 348, 
80710, 335, 333, 334, 344, 
80741, 338, 340, 339, 333, 
80771, 340, 342, 340, 326, 
80801, 337, 339, 339, 335, 
80831, 334, 331, 335, 346, 
80862, 334, 332, 335, 348, 
80891, 337, 337, 338, 335, 
80922, 339, 342, 340, 326, 
80952, 338, 340, 339, 331, 
80982, 334, 334, 336, 344, 
81012, 334, 332, 334, 348, 
81042, 336, 337, 337, 337, 
81073, 339, 341, 340, 327, 
81102, 338, 340, 341, 329, 
81133, 335, 335, 336, 342, 
81163, 333, 331, 332, 347, 
81193, 336, 335, 335, 340, 
81223, 339, 340, 339, 329, 
81254, 339, 341, 340, 327, 
81284, 336, 336, 338, 338, 
81313, 333, 331, 334, 349, 
81344, 335, 333, 335, 344, 
81374, 338, 339, 338, 332, 
81404, 339, 343, 340, 326, 
81434, 337, 338, 338, 336, 
81465, 333, 333, 335, 347, 
81495, 334, 333, 334, 346, 
81525, 337, 337, 337, 335, 
81555, 339, 341, 340, 326, 
81586, 338, 340, 339, 332, 
81615, 334, 333, 335, 344, 
81645, 333, 332, 334, 349, 
81676, 336, 336, 336, 338, 
81705, 339, 342, 340, 327, 
81736, 339, 339, 339, 330, 
81766, 335, 335, 336, 342, 
81797, 333, 331, 334, 350, 
81826, 335, 334, 336, 342, 
81857, 338, 340, 339, 330, 
81887, 339, 340, 340, 327, 
81916, 336, 336, 338, 339, 
81947, 333, 331, 334, 348, 
81977, 334, 333, 334, 345, 
82008, 338, 339, 338, 333, 
82037, 339, 342, 340, 326, 
