30, 332, 330, 334, 347, 
1, 334, 332, 334, 346, 
2, 334, 333, 335, 342, 
11, 339, 339, 339, 332, 
37, 337, 339, 339, 333, 
65, 334, 332, 333, 348, 
92, 339, 342, 340, 327, 
119, 335, 335, 336, 342, 
147, 335, 333, 334, 345, 
175, 339, 341, 340, 327, 
203, 336, 336, 337, 338, 
231, 333, 332, 335, 349, 
260, 338, 339, 339, 329, 
287, 337, 338, 338, 334, 
316, 333, 331, 335, 350, 
344, 338, 338, 338, 334, 
371, 338, 341, 339, 331, 
400, 333, 332, 334, 349, 
428, 336, 337, 336, 338, 
456, 339, 342, 340, 328, 
484, 334, 333, 335, 346, 
512, 335, 333, 337, 343, 
540, 339, 343, 340, 326, 
568, 335, 335, 336, 343, 
596, 335, 334, 336, 346, 
624, 339, 342, 340, 328, 
653, 337, 337, 337, 339, 
680, 334, 332, 334, 348, 
708, 339, 340, 339, 329, 
737, 338, 338, 338, 336, 
764, 334, 331, 334, 349, 
793, 338, 339, 338, 332, 
821, 338, 339, 339, 331, 
849, 333, 331, 335, 349, 
877, 338, 337, 337, 336, 
905, 339, 341, 339, 328, 
933, 334, 333, 336, 347, 
961, 336, 335, 336, 340, 
990, 339, 342, 340, 326, 
1017, 336, 335, 335, 344, 
1046, 334, 332, 334, 347, 
1076, 338, 339, 340, 332, 
1104, 339, 341, 340, 328, 
1134, 334, 334, 336, 344, 
1163, 334, 332, 334, 348, 
1192, 338, 339, 338, 331, 
1221, 338, 341, 341, 328, 
1251, 334, 334, 337, 344, 
1280, 334, 332, 335, 346, 
1308, 338, 338, 340, 331, 
1338, 339, 340, 340, 328, 
1367, 334, 334, 336, 342, 
1396, 333, 332, 335, 347, 
1425, 339, 339, 339, 331, 
1455, 340, 341, 340, 329, 
1483, 335, 333, 336, 344, 
1512, 334, 332, 335, 347, 
1542, 338, 340, 339, 330, 
1570, 339, 341, 340, 329, 
1600, 335, 334, 336, 345, 
1629, 334, 333, 334, 345, 
1658, 338, 340, 339, 332, 
1687, 339, 341, 339, 330, 
1717, 334, 334, 335, 345, 
1745, 334, 333, 335, 348, 
1774, 339, 340, 339, 331, 
1804, 340, 341, 340, 330, 
1832, 335, 333, 336, 345, 
1862, 334, 333, 335, 346, 
1891, 339, 340, 339, 330, 
1921, 338, 340, 339, 329, 
1949, 334, 334, 336, 345, 
1978, 334, 333, 334, 346, 
2008, 338, 339, 340, 330, 
2036, 338, 340, 339, 330, 
2066, 334, 333, 336, 346, 
2095, 334, 333, 335, 346, 
2124, 338, 340, 339, 329, 
2153, 338, 340, 339, 330, 
2183, 335, 333, 335, 345, 
2211, 335, 333, 335, 345, 
2240, 339, 340, 340, 330, 
2270, 338, 341, 339, 332, 
2298, 334, 332, 335, 346, 
2328, 335, 334, 335, 346, 
2357, 340, 340, 339, 329, 
2386, 338, 340, 339, 331, 
2415, 334, 333, 335, 346, 
2444, 334, 333, 336, 346, 
2473, 339, 340, 339, 329, 
2502, 338, 340, 339, 330, 
2532, 334, 334, 335, 346, 
2561, 335, 333, 335, 345, 
2590, 339, 340, 340, 329, 
2619, 337, 339, 339, 331, 
2649, 334, 333, 335, 346, 
2677, 335, 333, 335, 344, 
2706, 339, 340, 339, 329, 
2736, 338, 339, 338, 332, 
2764, 334, 333, 335, 348, 
2794, 335, 333, 335, 345, 
2823, 340, 341, 340, 329, 
2852, 339, 339, 339, 331, 
2881, 334, 333, 336, 347, 
2910, 335, 333, 335, 345, 
2939, 339, 341, 340, 329, 
2968, 338, 339, 339, 332, 
2998, 333, 332, 335, 348, 
3026, 334, 333, 335, 344, 
3056, 339, 340, 340, 329, 
3085, 338, 339, 339, 332, 
3115, 334, 333, 334, 348, 
3143, 335, 334, 335, 346, 
3172, 339, 342, 339, 329, 
3202, 338, 339, 339, 334, 
3230, 333, 332, 334, 350, 
3260, 334, 333, 335, 345, 
3289, 339, 340, 339, 329, 
3318, 338, 339, 338, 333, 
3347, 333, 332, 335, 348, 
3376, 335, 333, 335, 345, 
3405, 337, 341, 340, 328, 
3434, 337, 340, 339, 334, 
3464, 334, 332, 335, 348, 
3492, 334, 333, 335, 344, 
3522, 339, 339, 339, 328, 
3551, 337, 339, 339, 333, 
3580, 334, 332, 334, 348, 
3609, 336, 334, 335, 343, 
3638, 339, 341, 340, 327, 
3667, 337, 339, 339, 333, 
3696, 333, 333, 334, 348, 
3726, 335, 334, 336, 343, 
3755, 340, 341, 340, 328, 
3784, 339, 338, 339, 334, 
3813, 334, 332, 335, 349, 
3842, 335, 334, 336, 344, 
3871, 339, 341, 340, 329, 
3900, 336, 339, 339, 334, 
3930, 333, 332, 334, 348, 
3958, 335, 335, 336, 341, 
3988, 339, 341, 340, 328, 
4017, 338, 339, 340, 334, 
4046, 333, 331, 334, 349, 
4075, 335, 335, 336, 342, 
4104, 340, 341, 341, 327, 
4133, 338, 339, 339, 335, 
4162, 334, 332, 334, 348, 
4192, 335, 336, 336, 341, 
4220, 340, 341, 340, 326, 
4250, 337, 339, 339, 334, 
4279, 334, 331, 334, 348, 
4307, 336, 335, 336, 341, 
4337, 339, 342, 340, 326, 
4366, 337, 338, 338, 334, 
4396, 334, 331, 334, 348, 
4424, 337, 335, 336, 340, 
4454, 339, 342, 340, 325, 
4483, 337, 338, 338, 335, 
4512, 333, 332, 334, 348, 
4541, 336, 335, 336, 340, 
4570, 340, 342, 341, 325, 
4599, 337, 337, 338, 334, 
4628, 333, 331, 334, 348, 
4658, 336, 333, 336, 339, 
4686, 339, 342, 340, 325, 
4716, 337, 337, 338, 334, 
4745, 333, 331, 334, 349, 
4773, 336, 335, 336, 340, 
4803, 340, 341, 340, 325, 
4832, 337, 338, 337, 335, 
4861, 333, 331, 333, 349, 
4890, 336, 335, 336, 339, 
4920, 340, 342, 340, 326, 
4948, 337, 338, 338, 336, 
4978, 333, 331, 334, 349, 
5007, 336, 335, 336, 339, 
5036, 339, 342, 341, 326, 
5065, 338, 337, 338, 336, 
5094, 333, 331, 334, 349, 
5124, 336, 336, 336, 339, 
5152, 339, 342, 340, 326, 
5182, 336, 337, 338, 336, 
5211, 333, 331, 334, 349, 
5239, 336, 335, 336, 339, 
5269, 339, 342, 340, 327, 
5298, 336, 337, 337, 337, 
5327, 333, 331, 334, 350, 
5356, 335, 336, 336, 339, 
5386, 340, 342, 339, 327, 
5414, 336, 337, 338, 337, 
5444, 334, 331, 334, 351, 
5473, 336, 336, 337, 338, 
5501, 339, 342, 341, 326, 
5531, 337, 337, 337, 338, 
5560, 333, 331, 334, 350, 
5590, 335, 336, 336, 337, 
5618, 340, 341, 340, 326, 
5648, 336, 337, 337, 337, 
5677, 333, 331, 334, 348, 
5705, 336, 336, 337, 337, 
5735, 339, 342, 341, 326, 
5764, 334, 336, 337, 338, 
5793, 333, 331, 335, 349, 
5822, 337, 336, 337, 337, 
5852, 339, 342, 341, 326, 
5880, 336, 336, 337, 339, 
5910, 333, 330, 334, 349, 
5939, 336, 336, 337, 336, 
5967, 339, 341, 340, 326, 
5997, 336, 336, 337, 339, 
6026, 334, 331, 334, 349, 
6055, 337, 337, 338, 336, 
6084, 339, 342, 340, 326, 
6114, 336, 336, 337, 339, 
6142, 333, 331, 334, 349, 
6171, 337, 337, 337, 335, 
6201, 339, 341, 340, 327, 
6230, 336, 336, 337, 339, 
6259, 333, 332, 334, 348, 
6288, 336, 338, 338, 335, 
6318, 340, 342, 340, 326, 
6346, 335, 336, 337, 340, 
6376, 334, 331, 334, 348, 
6405, 338, 337, 339, 335, 
6433, 340, 340, 340, 326, 
6463, 335, 335, 337, 341, 
6492, 333, 331, 334, 349, 
6521, 337, 338, 338, 335, 
6550, 339, 342, 340, 326, 
6580, 335, 335, 336, 342, 
6608, 333, 331, 333, 349, 
6637, 337, 338, 339, 334, 
6667, 339, 341, 340, 327, 
6695, 335, 335, 336, 341, 
6725, 333, 331, 333, 348, 
6754, 337, 337, 337, 335, 
6784, 339, 341, 340, 328, 
6812, 334, 334, 336, 342, 
6842, 333, 332, 334, 349, 
6871, 337, 338, 338, 334, 
6899, 339, 340, 340, 328, 
6929, 335, 334, 336, 342, 
6958, 333, 332, 334, 348, 
6987, 338, 338, 338, 333, 
7016, 338, 341, 339, 328, 
7046, 334, 334, 335, 343, 
7074, 333, 333, 334, 348, 
7103, 337, 338, 337, 333, 
7133, 338, 341, 339, 329, 
7161, 335, 334, 336, 343, 
7191, 334, 331, 333, 348, 
7220, 337, 338, 338, 333, 
7249, 338, 341, 339, 328, 
7278, 335, 334, 335, 344, 
7308, 334, 332, 335, 347, 
7336, 338, 339, 339, 332, 
7365, 340, 341, 340, 328, 
7395, 335, 334, 336, 344, 
7424, 334, 332, 334, 347, 
7453, 336, 339, 338, 332, 
7482, 338, 339, 339, 328, 
7512, 334, 333, 335, 344, 
7540, 335, 333, 334, 347, 
7569, 338, 340, 338, 331, 
7599, 338, 341, 339, 329, 
7627, 334, 333, 336, 346, 
7657, 334, 332, 335, 348, 
7686, 337, 339, 338, 331, 
7715, 338, 340, 339, 329, 
7744, 334, 333, 335, 345, 
7774, 334, 333, 335, 346, 
7802, 338, 341, 339, 331, 
7831, 339, 341, 339, 330, 
7861, 334, 333, 335, 346, 
7889, 333, 332, 334, 347, 
7919, 338, 340, 339, 330, 
7948, 338, 341, 340, 330, 
7977, 334, 333, 336, 347, 
8006, 334, 334, 334, 345, 
8035, 338, 340, 340, 329, 
8065, 339, 340, 339, 330, 
8093, 334, 333, 336, 347, 
8123, 334, 333, 335, 345, 
8152, 339, 340, 341, 329, 
8181, 338, 341, 339, 330, 
8210, 334, 332, 335, 346, 
8240, 334, 334, 335, 344, 
8268, 339, 340, 339, 328, 
8297, 338, 339, 339, 330, 
8327, 334, 332, 335, 347, 
8355, 333, 333, 335, 344, 
8385, 339, 340, 340, 328, 
8414, 338, 339, 340, 331, 
8443, 334, 333, 335, 346, 
8472, 335, 334, 335, 344, 
8501, 340, 340, 339, 328, 
8530, 339, 339, 339, 332, 
8559, 334, 333, 335, 347, 
8589, 333, 334, 335, 343, 
8617, 340, 341, 339, 328, 
8647, 339, 339, 338, 332, 
8676, 333, 332, 334, 347, 
8706, 335, 334, 335, 343, 
8734, 340, 340, 339, 328, 
8763, 338, 339, 339, 332, 
8793, 333, 332, 334, 347, 
8821, 335, 334, 336, 343, 
8851, 340, 342, 340, 326, 
8880, 338, 339, 339, 333, 
8909, 334, 332, 334, 348, 
8938, 335, 334, 336, 344, 
8967, 339, 342, 340, 327, 
8996, 337, 339, 338, 334, 
9025, 333, 331, 334, 348, 
9055, 335, 335, 336, 342, 
9083, 340, 342, 340, 327, 
9113, 336, 339, 340, 335, 
9142, 333, 332, 334, 349, 
9171, 336, 335, 336, 342, 
9200, 339, 342, 341, 327, 
9229, 338, 338, 338, 335, 
9259, 334, 332, 334, 351, 
9287, 336, 335, 336, 342, 
9317, 339, 342, 340, 327, 
9346, 337, 339, 339, 336, 
9375, 333, 332, 334, 349, 
9404, 335, 335, 336, 340, 
9433, 340, 342, 341, 326, 
9462, 337, 338, 338, 335, 
9491, 333, 332, 335, 350, 
9521, 336, 335, 336, 340, 
9549, 341, 341, 341, 326, 
9579, 336, 338, 337, 335, 
9608, 334, 331, 334, 349, 
9637, 337, 336, 336, 339, 
9666, 338, 340, 341, 326, 
9695, 336, 338, 338, 336, 
9724, 333, 329, 334, 349, 
9753, 336, 336, 336, 340, 
9783, 339, 342, 339, 327, 
9811, 338, 338, 337, 336, 
9841, 333, 331, 335, 349, 
9870, 336, 336, 336, 338, 
9899, 339, 343, 340, 326, 
9928, 337, 337, 337, 338, 
9957, 333, 331, 334, 350, 
9987, 337, 336, 336, 338, 
10015, 339, 343, 340, 326, 
10046, 337, 339, 338, 334, 
10076, 334, 333, 335, 346, 
10106, 333, 332, 334, 349, 
10136, 336, 336, 336, 337, 
10167, 340, 342, 340, 327, 
10196, 338, 340, 339, 331, 
10226, 335, 335, 337, 341, 
10257, 333, 331, 334, 349, 
10287, 335, 335, 336, 341, 
10317, 338, 340, 339, 328, 
10347, 339, 341, 340, 328, 
10378, 336, 336, 337, 339, 
10407, 333, 332, 333, 350, 
10438, 334, 334, 336, 343, 
10468, 338, 339, 338, 332, 
10498, 339, 342, 340, 326, 
10528, 337, 337, 338, 335, 
10558, 334, 333, 335, 347, 
10589, 333, 332, 334, 347, 
10618, 337, 339, 337, 335, 
10649, 340, 342, 340, 326, 
10679, 338, 340, 340, 332, 
10710, 334, 334, 335, 344, 
10739, 333, 332, 334, 349, 
10770, 336, 336, 336, 340, 
10800, 339, 341, 341, 328, 
10829, 339, 340, 340, 329, 
10860, 335, 335, 338, 341, 
10890, 333, 331, 334, 350, 
10920, 335, 334, 335, 343, 
10950, 339, 340, 338, 330, 
10981, 339, 342, 340, 327, 
11011, 336, 337, 338, 337, 
11041, 333, 333, 335, 349, 
11071, 333, 333, 335, 346, 
11102, 337, 338, 338, 334, 
11131, 339, 342, 342, 327, 
11161, 337, 339, 338, 334, 
11192, 334, 333, 335, 346, 
11222, 334, 332, 334, 349, 
11252, 337, 336, 337, 338, 
11282, 339, 342, 341, 327, 
11313, 338, 340, 340, 332, 
11342, 335, 336, 336, 343, 
11373, 333, 331, 334, 350, 
11403, 335, 335, 336, 341, 
11433, 339, 340, 339, 329, 
11463, 339, 341, 340, 329, 
11493, 336, 336, 336, 339, 
11524, 333, 332, 334, 349, 
11553, 335, 334, 335, 345, 
11584, 338, 339, 340, 332, 
11614, 340, 342, 340, 327, 
11644, 337, 338, 339, 336, 
11674, 334, 333, 336, 348, 
11705, 334, 333, 334, 348, 
11735, 337, 337, 338, 335, 
11765, 341, 342, 341, 326, 
11795, 338, 339, 339, 332, 
11825, 334, 334, 336, 344, 
11855, 334, 332, 333, 349, 
11885, 336, 336, 336, 339, 
11916, 339, 341, 339, 327, 
11945, 338, 340, 339, 329, 
11976, 336, 336, 336, 341, 
12006, 334, 331, 334, 349, 
12037, 336, 335, 336, 342, 
12066, 339, 340, 339, 330, 
12097, 339, 341, 340, 326, 
12127, 336, 337, 338, 337, 
12156, 333, 332, 335, 348, 
12187, 334, 333, 335, 345, 
12217, 337, 338, 338, 333, 
12248, 340, 341, 340, 326, 
12277, 337, 338, 338, 333, 
12308, 334, 333, 335, 346, 
12338, 334, 332, 334, 348, 
12368, 336, 337, 337, 337, 
12398, 340, 341, 340, 326, 
12428, 338, 341, 338, 330, 
12459, 335, 334, 335, 342, 
12488, 333, 331, 334, 349, 
12519, 336, 335, 335, 340, 
12549, 339, 341, 340, 328, 
12579, 340, 341, 341, 328, 
12609, 336, 337, 337, 339, 
12640, 333, 331, 334, 349, 
12669, 335, 333, 336, 344, 
12700, 338, 339, 337, 331, 
12730, 339, 342, 340, 326, 
12760, 337, 337, 338, 336, 
12790, 334, 333, 335, 347, 
12820, 334, 332, 335, 346, 
12851, 337, 337, 337, 334, 
12880, 340, 342, 341, 325, 
12911, 338, 339, 340, 332, 
12941, 335, 334, 336, 345, 
12972, 334, 332, 334, 348, 
13001, 336, 336, 337, 338, 
13032, 339, 342, 340, 327, 
13062, 338, 341, 341, 331, 
13091, 334, 335, 336, 342, 
13122, 333, 331, 333, 349, 
13152, 335, 336, 335, 342, 
13182, 339, 340, 340, 329, 
13212, 339, 341, 340, 327, 
13243, 336, 337, 339, 339, 
13273, 334, 331, 334, 348, 
13303, 334, 334, 335, 345, 
13333, 338, 340, 337, 332, 
13364, 338, 343, 340, 326, 
13393, 337, 338, 338, 335, 
13423, 334, 333, 336, 346, 
13454, 334, 332, 334, 347, 
13484, 335, 337, 337, 336, 
13514, 340, 342, 341, 327, 
13544, 338, 339, 339, 331, 
13575, 335, 334, 335, 344, 
13604, 333, 331, 335, 349, 
13635, 337, 336, 336, 340, 
13665, 339, 341, 339, 328, 
13696, 339, 341, 339, 328, 
13725, 335, 336, 337, 339, 
13755, 333, 332, 334, 348, 
13786, 335, 334, 336, 342, 
13815, 339, 339, 339, 331, 
13846, 339, 341, 340, 326, 
13876, 337, 338, 338, 336, 
13906, 333, 332, 334, 347, 
13936, 335, 332, 335, 345, 
13967, 337, 337, 339, 334, 
13997, 339, 342, 340, 325, 
14027, 339, 339, 338, 332, 
14057, 334, 334, 335, 344, 
14087, 334, 331, 334, 347, 
14117, 337, 336, 337, 337, 
14147, 339, 341, 340, 326, 
14178, 340, 340, 339, 329, 
14208, 336, 335, 336, 341, 
14238, 334, 331, 334, 349, 
14268, 336, 334, 336, 340, 
14299, 340, 341, 339, 328, 
14328, 338, 341, 341, 327, 
14358, 337, 336, 338, 337, 
14389, 334, 331, 333, 348, 
14418, 335, 334, 335, 343, 
14449, 337, 338, 339, 332, 
14479, 340, 341, 340, 325, 
14510, 337, 338, 339, 334, 
14539, 335, 332, 335, 347, 
14570, 334, 332, 333, 347, 
14600, 337, 337, 336, 336, 
14630, 339, 341, 341, 326, 
14660, 339, 339, 339, 331, 
14690, 333, 334, 336, 343, 
14721, 333, 331, 334, 349, 
14750, 336, 335, 336, 339, 
14781, 339, 341, 339, 327, 
14811, 338, 340, 341, 328, 
14841, 334, 335, 337, 340, 
14871, 332, 331, 334, 349, 
14902, 335, 334, 336, 343, 
14931, 339, 339, 339, 330, 
14962, 339, 341, 340, 326, 
14992, 338, 337, 337, 336, 
15022, 333, 332, 334, 349, 
15052, 335, 333, 335, 346, 
15082, 337, 338, 338, 335, 
15113, 340, 342, 340, 326, 
15142, 337, 340, 338, 333, 
15173, 334, 333, 336, 346, 
15203, 333, 332, 334, 349, 
15234, 336, 336, 337, 338, 
15263, 339, 341, 340, 327, 
15294, 338, 341, 340, 330, 
15324, 335, 335, 336, 342, 
15353, 333, 332, 334, 350, 
15384, 335, 334, 336, 343, 
15414, 338, 340, 339, 329, 
15444, 338, 341, 340, 327, 
15474, 335, 336, 336, 339, 
15505, 333, 332, 335, 348, 
15535, 334, 333, 335, 344, 
15565, 338, 338, 339, 332, 
15595, 339, 342, 340, 326, 
15626, 336, 338, 338, 335, 
15655, 333, 332, 335, 347, 
15685, 334, 332, 335, 347, 
15716, 338, 337, 337, 335, 
15746, 339, 341, 340, 325, 
15776, 338, 339, 339, 330, 
15806, 335, 334, 336, 342, 
15837, 334, 331, 334, 349, 
15866, 336, 335, 336, 338, 
15897, 339, 340, 339, 326, 
15927, 339, 340, 340, 328, 
15958, 336, 335, 336, 339, 
15987, 333, 331, 334, 350, 
16017, 336, 334, 335, 342, 
16048, 338, 340, 339, 330, 
16077, 341, 341, 340, 326, 
16108, 337, 337, 337, 336, 
16138, 334, 332, 334, 348, 
16168, 334, 333, 334, 345, 
16198, 337, 338, 338, 334, 
16229, 340, 342, 340, 325, 
16259, 338, 339, 339, 332, 
16288, 334, 334, 335, 345, 
16319, 334, 332, 334, 348, 
16349, 336, 336, 337, 337, 
16379, 339, 341, 340, 326, 
16409, 339, 340, 338, 329, 
16440, 335, 335, 336, 341, 
16470, 333, 332, 334, 349, 
16500, 336, 334, 336, 341, 
16530, 339, 340, 339, 329, 
16561, 339, 341, 340, 328, 
16590, 336, 335, 336, 338, 
16620, 333, 331, 334, 348, 
16651, 335, 333, 335, 344, 
16680, 339, 338, 338, 331, 
16711, 339, 342, 341, 326, 
16741, 337, 338, 338, 335, 
16772, 334, 333, 335, 347, 
16801, 332, 332, 334, 347, 
16832, 337, 337, 337, 336, 
16862, 340, 341, 340, 326, 
16892, 338, 339, 339, 333, 
16922, 335, 333, 335, 344, 
16952, 334, 331, 334, 349, 
16983, 335, 335, 336, 339, 
17012, 339, 340, 340, 328, 
17043, 339, 340, 339, 330, 
17073, 335, 335, 337, 340, 
17103, 333, 332, 334, 349, 
17133, 335, 334, 335, 343, 
17164, 338, 339, 339, 331, 
17193, 339, 341, 340, 327, 
17224, 338, 338, 337, 337, 
17254, 333, 333, 334, 348, 
17284, 334, 333, 334, 346, 
17314, 337, 338, 338, 334, 
17344, 339, 341, 340, 325, 
17375, 337, 339, 338, 333, 
17404, 334, 333, 335, 345, 
17435, 333, 332, 334, 349, 
17465, 337, 336, 338, 338, 
17496, 339, 341, 340, 328, 
17525, 338, 340, 339, 330, 
17556, 335, 335, 336, 342, 
17586, 333, 332, 334, 349, 
17615, 335, 336, 336, 343, 
17646, 338, 340, 340, 329, 
17676, 339, 341, 341, 328, 
17707, 336, 336, 337, 338, 
17736, 333, 331, 335, 349, 
17767, 335, 333, 335, 345, 
17797, 339, 338, 338, 333, 
17827, 340, 342, 340, 326, 
17857, 337, 339, 338, 334, 
17888, 333, 333, 335, 346, 
17917, 334, 332, 335, 347, 
17947, 338, 337, 337, 336, 
17978, 339, 342, 341, 326, 
18008, 337, 339, 338, 331, 
18038, 335, 335, 335, 343, 
18068, 333, 332, 334, 349, 
18099, 335, 335, 336, 339, 
18128, 339, 340, 340, 327, 
18159, 338, 340, 340, 328, 
18189, 335, 336, 336, 340, 
18219, 333, 331, 333, 350, 
18249, 335, 333, 335, 343, 
18279, 338, 339, 339, 331, 
18310, 339, 343, 340, 326, 
18339, 336, 337, 338, 337, 
18370, 333, 332, 334, 348, 
18400, 334, 333, 334, 346, 
18430, 337, 338, 337, 334, 
18460, 339, 342, 340, 326, 
18491, 337, 339, 338, 333, 
18521, 334, 333, 336, 345, 
18550, 332, 331, 335, 348, 
18581, 336, 337, 336, 337, 
18611, 339, 341, 340, 326, 
18641, 338, 340, 339, 328, 
18671, 335, 335, 336, 341, 
18702, 334, 331, 334, 349, 
18732, 335, 334, 335, 341, 
18762, 339, 341, 339, 330, 
18792, 338, 342, 340, 327, 
18823, 336, 336, 337, 338, 
18852, 333, 331, 334, 349, 
18882, 334, 333, 334, 345, 
18913, 338, 339, 338, 331, 
18942, 339, 341, 339, 326, 
18973, 338, 338, 338, 335, 
19003, 333, 333, 335, 347, 
19034, 333, 332, 334, 347, 
19063, 337, 336, 337, 336, 
19094, 339, 342, 340, 326, 
19124, 338, 339, 338, 331, 
19154, 334, 335, 335, 344, 
19184, 333, 331, 334, 349, 
19214, 333, 335, 336, 340, 
19245, 338, 340, 339, 328, 
19274, 338, 341, 340, 330, 
19305, 336, 336, 336, 340, 
19335, 333, 331, 334, 349, 
19365, 335, 334, 335, 342, 
19395, 338, 340, 338, 332, 
19426, 339, 341, 340, 326, 
19456, 337, 337, 338, 336, 
19486, 333, 333, 335, 347, 
19516, 335, 333, 334, 347, 
19546, 337, 339, 338, 335, 
19576, 339, 343, 340, 326, 
19606, 338, 339, 338, 333, 
19637, 334, 334, 335, 345, 
19666, 333, 331, 334, 350, 
19697, 336, 336, 337, 338, 
19727, 339, 341, 340, 327, 
19758, 339, 340, 340, 330, 
19787, 335, 335, 337, 341, 
19818, 334, 331, 334, 351, 
19848, 335, 335, 336, 342, 
19877, 339, 340, 339, 329, 
19908, 339, 341, 340, 328, 
19938, 336, 337, 337, 339, 
19969, 333, 331, 334, 349, 
19998, 335, 332, 335, 345, 
20029, 338, 338, 339, 333, 
20059, 339, 342, 340, 326, 
20089, 337, 338, 339, 336, 
20119, 334, 333, 335, 346, 
20149, 334, 332, 335, 348, 
20179, 337, 337, 337, 335, 
20209, 339, 341, 340, 326, 
20240, 338, 339, 339, 331, 
20270, 334, 333, 336, 343, 
20300, 333, 332, 334, 349, 
20330, 336, 335, 336, 340, 
20361, 340, 341, 339, 326, 
20390, 339, 340, 340, 328, 
20421, 336, 336, 336, 340, 
20451, 333, 332, 334, 349, 
20481, 335, 333, 335, 343, 
20511, 338, 339, 338, 330, 
20541, 340, 341, 340, 325, 
20572, 336, 337, 338, 336, 
20601, 334, 332, 334, 347, 
20632, 335, 332, 334, 344, 
20662, 337, 337, 338, 334, 
20692, 339, 342, 340, 326, 
20722, 337, 339, 339, 332, 
20753, 334, 333, 334, 345, 
20783, 333, 332, 334, 348, 
20812, 336, 336, 336, 338, 
20843, 339, 341, 339, 326, 
20873, 338, 340, 339, 329, 
20903, 335, 335, 336, 341, 
20933, 333, 331, 333, 348, 
20964, 334, 334, 336, 341, 
20994, 338, 340, 339, 329, 
21024, 340, 341, 340, 327, 
21054, 336, 337, 337, 338, 
21085, 333, 332, 334, 349, 
21114, 333, 333, 334, 347, 
21144, 337, 339, 338, 333, 
21175, 339, 341, 341, 327, 
21204, 337, 338, 339, 335, 
21235, 333, 332, 335, 347, 
21265, 334, 332, 335, 349, 
21296, 335, 338, 337, 337, 
21325, 339, 341, 340, 327, 
21356, 337, 339, 341, 333, 
21386, 334, 334, 336, 344, 
21416, 333, 331, 335, 349, 
21446, 335, 335, 337, 340, 
21476, 338, 340, 340, 328, 
21507, 339, 340, 340, 328, 
21536, 336, 336, 336, 339, 
21567, 334, 331, 334, 349, 
21597, 335, 334, 336, 345, 
21627, 338, 339, 338, 330, 
21657, 340, 341, 340, 326, 
21688, 336, 337, 337, 336, 
21718, 334, 332, 334, 348, 
21748, 334, 332, 334, 346, 
21778, 337, 337, 339, 335, 
21808, 339, 341, 340, 325, 
21838, 339, 339, 339, 332, 
21868, 334, 333, 334, 344, 
21899, 334, 331, 334, 347, 
21928, 336, 336, 336, 338, 
21959, 340, 341, 340, 326, 
21989, 339, 340, 339, 329, 
22020, 337, 335, 336, 341, 
22049, 333, 331, 333, 349, 
22079, 335, 334, 335, 342, 
22110, 339, 340, 339, 328, 
22139, 339, 341, 340, 326, 
22170, 336, 336, 337, 338, 
22200, 334, 331, 334, 348, 
22231, 335, 333, 335, 344, 
22260, 337, 338, 339, 332, 
22291, 340, 341, 340, 325, 
22321, 337, 338, 338, 334, 
22351, 332, 332, 335, 346, 
22381, 335, 331, 334, 347, 
22411, 336, 336, 337, 336, 
22441, 339, 341, 340, 326, 
22471, 338, 339, 339, 331, 
22502, 334, 334, 336, 344, 
22532, 333, 331, 334, 349, 
22562, 336, 335, 336, 340, 
22592, 339, 341, 339, 328, 
22623, 338, 341, 339, 329, 
22652, 336, 335, 337, 340, 
22683, 332, 331, 334, 349, 
22713, 334, 333, 335, 343, 
22743, 339, 339, 340, 331, 
22773, 337, 342, 340, 326, 
22803, 336, 337, 337, 336, 
22834, 333, 332, 334, 347, 
22863, 333, 332, 335, 347, 
22894, 337, 338, 338, 334, 
22924, 341, 341, 341, 327, 
22955, 337, 338, 339, 332, 
22984, 334, 333, 335, 345, 
23015, 333, 330, 335, 348, 
23045, 336, 336, 337, 337, 
23074, 340, 341, 341, 327, 
23105, 340, 339, 339, 329, 
23135, 335, 335, 337, 340, 
23165, 332, 330, 334, 349, 
23195, 335, 334, 335, 342, 
23226, 338, 340, 340, 329, 
23256, 339, 341, 340, 327, 
23286, 336, 336, 338, 338, 
23316, 334, 333, 334, 348, 
23347, 334, 333, 335, 344, 
23376, 338, 338, 338, 331, 
23406, 340, 342, 340, 325, 
23437, 338, 338, 338, 334, 
23467, 334, 332, 335, 346, 
23497, 333, 332, 334, 348, 
23527, 337, 337, 337, 335, 
23558, 340, 341, 340, 326, 
23587, 337, 339, 338, 331, 
23618, 334, 333, 335, 343, 
23648, 333, 330, 334, 349, 
23678, 335, 335, 336, 340, 
23708, 339, 341, 339, 328, 
23738, 338, 340, 339, 329, 
23769, 335, 335, 336, 340, 
23798, 331, 331, 334, 350, 
23829, 335, 333, 335, 343, 
23859, 338, 340, 339, 333, 
23889, 339, 342, 340, 327, 
23919, 337, 337, 337, 337, 
23950, 335, 332, 334, 348, 
23980, 333, 332, 334, 346, 
24009, 337, 338, 337, 334, 
24040, 339, 342, 340, 327, 
24070, 337, 338, 338, 335, 
24100, 334, 333, 336, 345, 
24130, 333, 332, 335, 349, 
24161, 337, 336, 336, 338, 
24190, 339, 342, 340, 327, 
24221, 339, 340, 339, 332, 
24251, 335, 335, 336, 343, 
24282, 332, 332, 334, 350, 
24311, 335, 334, 336, 342, 
24341, 339, 340, 339, 330, 
24372, 339, 341, 339, 328, 
24401, 336, 335, 338, 339, 
24432, 333, 331, 334, 349, 
24462, 334, 333, 335, 344, 
24493, 338, 339, 339, 333, 
24522, 340, 341, 340, 326, 
24553, 336, 337, 339, 335, 
24583, 333, 332, 334, 347, 
24613, 333, 332, 334, 347, 
24643, 336, 336, 337, 336, 
24673, 340, 342, 340, 326, 
24704, 338, 339, 339, 332, 
24733, 334, 334, 335, 344, 
24764, 334, 331, 334, 349, 
24794, 336, 335, 336, 339, 
24824, 339, 340, 339, 328, 
24854, 338, 340, 339, 328, 
24885, 335, 335, 336, 340, 
24914, 333, 331, 333, 350, 
24945, 333, 333, 335, 344, 
24975, 338, 339, 337, 332, 
25005, 339, 341, 340, 327, 
25035, 336, 337, 337, 338, 
25065, 333, 331, 334, 349, 
25096, 334, 334, 334, 346, 
25125, 337, 337, 338, 334, 
25156, 339, 342, 340, 327, 
25186, 337, 339, 338, 335, 
25217, 334, 333, 335, 346, 
25246, 333, 331, 335, 348, 
25277, 336, 336, 337, 338, 
25307, 339, 341, 340, 327, 
25336, 337, 340, 339, 330, 
25367, 335, 333, 336, 343, 
25397, 333, 331, 335, 349, 
25427, 335, 334, 336, 341, 
25457, 338, 340, 339, 329, 
25488, 339, 340, 340, 328, 
25518, 337, 337, 337, 339, 
25548, 333, 331, 333, 349, 
25578, 335, 333, 335, 343, 
25609, 338, 339, 338, 330, 
25638, 339, 342, 339, 326, 
25668, 337, 337, 338, 335, 
25699, 333, 332, 335, 347, 
25729, 334, 332, 334, 346, 
25759, 339, 337, 337, 334, 
25789, 340, 341, 340, 325, 
25820, 337, 339, 339, 331, 
25849, 334, 333, 335, 344, 
25880, 334, 332, 333, 349, 
25910, 336, 335, 338, 337, 
25939, 339, 341, 339, 326, 
25970, 338, 340, 339, 329, 
26000, 335, 335, 336, 341, 
26031, 333, 332, 334, 349, 
26060, 335, 334, 336, 342, 
26091, 338, 340, 339, 329, 
26121, 339, 342, 340, 327, 
26151, 336, 337, 337, 340, 
26181, 333, 332, 334, 348, 
26212, 334, 333, 334, 345, 
26242, 337, 338, 338, 332, 
26271, 339, 342, 340, 326, 
26302, 337, 338, 338, 334, 
26332, 334, 334, 336, 347, 
26362, 333, 331, 335, 348, 
26392, 336, 336, 337, 337, 
26423, 339, 342, 340, 326, 
26452, 338, 339, 338, 331, 
26483, 335, 334, 336, 344, 
26513, 333, 331, 335, 350, 
26544, 336, 335, 336, 340, 
26573, 339, 340, 340, 328, 
26603, 339, 341, 340, 328, 
26634, 336, 335, 336, 340, 
26663, 333, 331, 335, 349, 
26694, 335, 334, 335, 343, 
26724, 339, 339, 339, 331, 
26755, 339, 341, 340, 326, 
26784, 336, 337, 338, 336, 
26815, 333, 332, 334, 348, 
26845, 334, 332, 334, 346, 
26875, 336, 337, 337, 334, 
26905, 340, 341, 340, 325, 
26935, 337, 339, 339, 333, 
26966, 334, 333, 335, 345, 
26995, 334, 332, 334, 348, 
27026, 336, 336, 337, 337, 
27056, 339, 341, 340, 326, 
27086, 338, 340, 339, 330, 
27116, 335, 335, 336, 342, 
27147, 333, 331, 334, 349, 
27176, 335, 334, 335, 342, 
27207, 339, 340, 339, 329, 
27237, 339, 341, 339, 328, 
27267, 336, 336, 337, 338, 
27297, 333, 331, 334, 349, 
27327, 334, 333, 335, 345, 
27358, 338, 338, 338, 332, 
27387, 339, 342, 340, 326, 
27418, 337, 338, 339, 335, 
27448, 333, 332, 334, 347, 
27479, 333, 331, 334, 347, 
27508, 336, 337, 338, 336, 
27539, 339, 342, 341, 327, 
27569, 338, 339, 339, 332, 
27598, 334, 333, 335, 345, 
27629, 333, 331, 333, 350, 
27659, 335, 336, 336, 341, 
27689, 338, 340, 340, 329, 
27719, 338, 340, 339, 330, 
27750, 336, 335, 336, 341, 
27780, 333, 331, 334, 349, 
27810, 335, 333, 334, 344, 
27840, 338, 339, 339, 330, 
27870, 339, 341, 340, 326, 
27900, 336, 339, 337, 336, 
27930, 334, 332, 334, 347, 
27961, 334, 333, 335, 345, 
27991, 337, 337, 338, 333, 
28021, 340, 341, 340, 325, 
28051, 339, 338, 338, 333, 
28082, 335, 333, 335, 346, 
28111, 334, 332, 334, 347, 
28142, 337, 336, 337, 337, 
28172, 339, 341, 340, 326, 
28201, 339, 340, 339, 330, 
28232, 335, 335, 335, 342, 
28262, 333, 332, 333, 349, 
28293, 335, 335, 336, 339, 
28322, 339, 340, 339, 328, 
28353, 339, 342, 340, 327, 
28383, 335, 336, 337, 338, 
28413, 333, 331, 334, 348, 
28443, 334, 333, 334, 343, 
28474, 338, 339, 338, 331, 
28504, 339, 342, 340, 325, 
28533, 336, 338, 338, 335, 
28564, 333, 332, 334, 346, 
28594, 334, 332, 334, 346, 
28624, 337, 337, 338, 334, 
28654, 340, 342, 340, 325, 
28685, 337, 339, 339, 332, 
28715, 334, 333, 335, 344, 
28745, 333, 331, 334, 348, 
28775, 336, 336, 336, 338, 
28806, 340, 341, 340, 327, 
28835, 337, 340, 339, 329, 
28865, 335, 335, 336, 341, 
28896, 333, 331, 334, 349, 
28925, 335, 335, 334, 341, 
28956, 339, 340, 339, 329, 
28986, 339, 341, 340, 325, 
29017, 336, 337, 336, 336, 
29046, 334, 331, 334, 349, 
29077, 335, 334, 335, 346, 
29107, 338, 339, 338, 332, 
29137, 339, 341, 340, 325, 
29167, 337, 338, 338, 333, 
29197, 334, 333, 335, 346, 
29228, 334, 332, 334, 347, 
29257, 336, 336, 337, 336, 
29288, 340, 341, 340, 325, 
29318, 338, 339, 338, 330, 
29348, 335, 334, 335, 342, 
29378, 333, 331, 334, 349, 
29409, 335, 334, 336, 340, 
29438, 339, 340, 339, 326, 
29469, 339, 340, 340, 329, 
29499, 336, 336, 337, 339, 
29529, 333, 331, 334, 349, 
29559, 335, 334, 335, 343, 
29589, 338, 339, 339, 330, 
29620, 339, 341, 340, 326, 
29649, 337, 337, 337, 336, 
29680, 333, 331, 334, 347, 
29710, 333, 332, 334, 345, 
29741, 337, 337, 339, 334, 
29770, 339, 341, 340, 325, 
29800, 337, 339, 339, 332, 
29831, 334, 334, 336, 344, 
29860, 333, 331, 334, 348, 
29891, 335, 337, 336, 337, 
29921, 340, 341, 340, 326, 
29952, 338, 340, 340, 328, 
29981, 335, 335, 336, 341, 
30012, 333, 331, 334, 348, 
30042, 335, 335, 336, 341, 
30072, 338, 340, 340, 328, 
30102, 340, 341, 340, 327, 
30132, 336, 336, 337, 338, 
30162, 335, 331, 335, 348, 
30192, 335, 333, 335, 345, 
30223, 338, 339, 339, 331, 
30253, 341, 342, 340, 326, 
30283, 337, 338, 338, 336, 
30313, 334, 332, 335, 346, 
30344, 334, 332, 334, 347, 
30373, 337, 338, 337, 335, 
30404, 340, 342, 340, 326, 
30434, 338, 339, 339, 332, 
30464, 335, 334, 336, 344, 
30494, 334, 331, 334, 349, 
30524, 335, 335, 337, 339, 
30555, 339, 341, 340, 328, 
30584, 339, 340, 340, 329, 
30615, 335, 335, 337, 340, 
30645, 333, 331, 334, 349, 
30675, 335, 335, 336, 342, 
30705, 338, 341, 339, 330, 
30736, 339, 341, 340, 327, 
30766, 336, 337, 337, 337, 
30795, 333, 332, 334, 349, 
30826, 335, 333, 334, 346, 
30856, 339, 338, 338, 333, 
30886, 340, 342, 341, 325, 
30916, 337, 338, 339, 334, 
30947, 334, 333, 335, 346, 
30977, 334, 332, 334, 347, 
31007, 336, 336, 337, 337, 
31037, 340, 341, 341, 326, 
31068, 338, 340, 339, 331, 
31097, 335, 334, 336, 344, 
31127, 333, 332, 334, 350, 
31158, 335, 335, 336, 341, 
31187, 339, 341, 339, 329, 
31218, 340, 342, 339, 330, 
31248, 336, 336, 337, 340, 
31279, 332, 331, 334, 349, 
31308, 335, 334, 335, 345, 
31339, 337, 339, 339, 332, 
31369, 339, 341, 340, 327, 
31399, 337, 337, 338, 337, 
31429, 333, 332, 335, 347, 
31459, 334, 332, 335, 347, 
31490, 338, 337, 337, 335, 
31519, 340, 342, 340, 326, 
31550, 338, 339, 340, 332, 
31580, 334, 333, 336, 344, 
31610, 335, 332, 334, 348, 
31640, 336, 336, 336, 338, 
31671, 339, 341, 340, 327, 
31700, 338, 340, 339, 330, 
31730, 336, 335, 336, 342, 
31761, 333, 331, 333, 349, 
31791, 334, 336, 336, 343, 
31821, 338, 340, 338, 329, 
31851, 338, 341, 340, 327, 
31882, 336, 337, 336, 338, 
31911, 334, 332, 334, 350, 
31942, 335, 334, 335, 345, 
31972, 337, 339, 338, 333, 
32003, 339, 342, 340, 327, 
32032, 337, 338, 337, 335, 
32062, 334, 332, 335, 347, 
32093, 334, 332, 335, 349, 
32122, 337, 337, 338, 336, 
32153, 339, 341, 340, 327, 
32183, 338, 340, 339, 332, 
32214, 334, 334, 336, 344, 
32243, 334, 331, 334, 350, 
32274, 336, 335, 336, 340, 
32304, 339, 341, 340, 328, 
32334, 339, 341, 340, 329, 
32364, 337, 336, 337, 341, 
32394, 333, 331, 334, 350, 
32424, 335, 333, 335, 344, 
32454, 338, 339, 340, 331, 
32485, 339, 341, 340, 327, 
32515, 336, 338, 338, 338, 
32545, 334, 332, 335, 348, 
32575, 334, 334, 334, 346, 
32606, 337, 339, 338, 335, 
32635, 341, 342, 340, 326, 
32666, 338, 339, 338, 333, 
32696, 334, 333, 335, 346, 
32726, 333, 331, 333, 348, 
32756, 337, 336, 336, 337, 
32786, 340, 341, 340, 326, 
32817, 338, 339, 339, 330, 
32846, 335, 334, 336, 342, 
32877, 333, 331, 334, 349, 
32907, 335, 335, 336, 341, 
32937, 338, 340, 339, 330, 
32967, 339, 341, 339, 328, 
32998, 336, 336, 337, 338, 
33028, 333, 331, 334, 349, 
33057, 334, 333, 335, 344, 
33088, 338, 338, 338, 331, 
33118, 339, 341, 340, 326, 
33148, 336, 337, 337, 335, 
33178, 334, 332, 334, 347, 
33209, 334, 332, 335, 347, 
33239, 337, 337, 337, 335, 
33269, 339, 342, 341, 327, 
33299, 337, 339, 339, 334, 
33330, 333, 333, 335, 344, 
33359, 333, 331, 334, 349, 
33389, 336, 335, 336, 339, 
33420, 339, 341, 340, 328, 
33449, 339, 341, 339, 330, 
33480, 336, 335, 336, 341, 
33510, 333, 331, 334, 350, 
33541, 336, 333, 336, 343, 
33570, 339, 339, 339, 330, 
33601, 338, 341, 340, 327, 
33631, 337, 337, 337, 337, 
33660, 333, 332, 334, 348, 
33691, 334, 333, 335, 345, 
33721, 337, 338, 338, 334, 
33752, 340, 342, 340, 326, 
33781, 338, 339, 339, 333, 
33812, 335, 333, 335, 346, 
33842, 334, 332, 334, 347, 
33872, 337, 336, 337, 336, 
33902, 339, 342, 340, 327, 
33933, 338, 340, 339, 331, 
33963, 335, 335, 336, 344, 
33992, 333, 331, 334, 349, 
34023, 336, 335, 336, 341, 
34053, 339, 340, 339, 328, 
34083, 339, 342, 340, 328, 
34113, 336, 336, 338, 339, 
34144, 333, 331, 334, 349, 
34173, 335, 334, 335, 345, 
34204, 339, 339, 339, 331, 
34234, 338, 341, 340, 326, 
34265, 336, 339, 337, 337, 
34294, 333, 333, 334, 348, 
34324, 334, 332, 334, 347, 
34355, 337, 337, 337, 335, 
34384, 340, 342, 340, 326, 
34415, 337, 340, 339, 333, 
34445, 334, 334, 335, 345, 
34476, 333, 332, 334, 349, 
34505, 336, 336, 336, 339, 
34536, 339, 341, 340, 327, 
34566, 338, 340, 339, 330, 
34596, 334, 335, 336, 343, 
34626, 333, 332, 333, 350, 
34656, 335, 334, 336, 342, 
34686, 338, 340, 339, 330, 
34716, 339, 342, 339, 328, 
34747, 336, 338, 337, 338, 
34777, 333, 332, 334, 349, 
34807, 334, 334, 335, 345, 
34837, 338, 339, 338, 332, 
34868, 339, 342, 340, 326, 
34897, 338, 338, 338, 334, 
34928, 334, 332, 335, 346, 
34958, 333, 332, 335, 347, 
34988, 338, 337, 337, 336, 
35018, 340, 342, 340, 326, 
35048, 338, 339, 340, 331, 
35079, 334, 334, 336, 343, 
35108, 333, 332, 334, 349, 
35139, 335, 335, 336, 340, 
35169, 340, 341, 339, 329, 
35200, 338, 341, 339, 329, 
35229, 335, 336, 336, 341, 
35260, 331, 331, 334, 350, 
35290, 334, 334, 335, 344, 
35319, 338, 339, 338, 332, 
35350, 340, 342, 341, 328, 
35380, 336, 337, 338, 337, 
35410, 333, 332, 334, 348, 
35440, 334, 332, 336, 347, 
35471, 336, 337, 338, 335, 
35501, 339, 342, 340, 327, 
35531, 337, 339, 338, 335, 
35561, 334, 333, 335, 347, 
35591, 333, 332, 334, 350, 
35621, 337, 336, 336, 340, 
35651, 340, 341, 340, 329, 
35682, 338, 340, 339, 331, 
35712, 335, 335, 336, 343, 
35742, 333, 332, 334, 350, 
35772, 335, 334, 336, 342, 
35803, 338, 340, 340, 330, 
35832, 339, 341, 340, 328, 
35863, 336, 336, 337, 338, 
35893, 333, 331, 335, 349, 
35922, 334, 334, 334, 345, 
35953, 338, 338, 339, 334, 
35983, 339, 341, 340, 326, 
36014, 338, 338, 338, 335, 
36043, 334, 333, 335, 347, 
36074, 334, 332, 334, 348, 
36104, 337, 338, 337, 335, 
36134, 340, 341, 340, 326, 
36164, 338, 339, 339, 331, 
36195, 335, 333, 335, 344, 
36225, 333, 331, 334, 349, 
36254, 336, 335, 336, 339, 
36285, 340, 342, 340, 328, 
36315, 339, 341, 340, 328, 
36345, 336, 336, 336, 340, 
36375, 333, 332, 334, 349, 
36406, 335, 334, 335, 342, 
36435, 339, 340, 339, 329, 
36466, 340, 342, 340, 327, 
36496, 336, 338, 338, 336, 
36527, 333, 332, 335, 348, 
36556, 334, 333, 334, 346, 
36586, 337, 337, 337, 333, 
36617, 340, 342, 340, 325, 
36646, 339, 339, 339, 331, 
36677, 335, 334, 335, 344, 
36707, 334, 331, 334, 347, 
36738, 336, 336, 336, 337, 
36767, 340, 342, 339, 326, 
36798, 338, 340, 339, 329, 
36828, 335, 335, 337, 341, 
36858, 333, 331, 333, 348, 
36888, 335, 334, 336, 340, 
36918, 338, 340, 339, 328, 
36948, 339, 341, 339, 326, 
36978, 336, 336, 338, 337, 
37009, 333, 332, 334, 349, 
37039, 334, 333, 335, 344, 
37069, 338, 339, 337, 332, 
37099, 340, 342, 340, 326, 
37130, 337, 339, 338, 334, 
37159, 334, 332, 334, 346, 
37190, 335, 332, 334, 347, 
37220, 337, 337, 337, 336, 
37250, 340, 341, 341, 326, 
37280, 338, 340, 339, 330, 
37310, 334, 334, 337, 342, 
37341, 333, 331, 334, 349, 
37370, 336, 335, 337, 340, 
37401, 339, 341, 340, 328, 
37431, 339, 340, 340, 327, 
37462, 336, 336, 337, 340, 
37491, 333, 331, 334, 347, 
37521, 335, 333, 335, 343, 
37552, 337, 340, 339, 331, 
37581, 339, 341, 340, 326, 
37612, 336, 337, 337, 336, 
37642, 333, 331, 334, 347, 
37672, 334, 332, 334, 347, 
37702, 337, 337, 337, 334, 
37733, 338, 342, 339, 326, 
37763, 338, 339, 339, 332, 
37793, 336, 333, 335, 344, 
37823, 334, 332, 334, 349, 
37853, 336, 336, 336, 338, 
37883, 341, 341, 341, 327, 
37913, 340, 340, 339, 329, 
37944, 336, 335, 336, 341, 
37974, 333, 331, 335, 349, 
38004, 337, 334, 336, 342, 
38034, 339, 340, 339, 329, 
38065, 339, 341, 340, 326, 
38094, 337, 337, 336, 337, 
38125, 334, 332, 335, 348, 
38155, 335, 333, 335, 345, 
38184, 337, 338, 338, 333, 
38215, 339, 341, 340, 326, 
38245, 338, 338, 339, 333, 
38276, 334, 333, 335, 346, 
38305, 333, 332, 334, 348, 
38336, 336, 337, 337, 337, 
38366, 340, 342, 340, 326, 
38396, 338, 340, 339, 330, 
38426, 335, 334, 336, 343, 
38457, 334, 331, 334, 350, 
38487, 336, 335, 336, 339, 
38516, 339, 340, 339, 328, 
38547, 340, 341, 340, 328, 
38577, 335, 336, 337, 339, 
38607, 333, 331, 334, 349, 
38637, 334, 333, 335, 344, 
38668, 338, 339, 339, 331, 
38697, 339, 342, 341, 325, 
38728, 337, 337, 338, 335, 
38758, 334, 332, 335, 347, 
38789, 334, 332, 334, 347, 
38818, 337, 337, 337, 335, 
38848, 341, 342, 340, 325, 
38879, 339, 339, 339, 332, 
38908, 334, 333, 335, 345, 
38939, 332, 331, 333, 349, 
38969, 336, 336, 335, 339, 
39000, 338, 341, 341, 327, 
39029, 339, 340, 339, 329, 
39060, 336, 336, 337, 341, 
39090, 333, 331, 334, 349, 
39120, 336, 334, 335, 343, 
39150, 338, 340, 339, 329, 
39180, 339, 342, 340, 326, 
39211, 337, 337, 339, 337, 
39240, 334, 332, 335, 347, 
39271, 334, 333, 334, 346, 
39301, 336, 338, 338, 333, 
39331, 339, 341, 340, 325, 
39361, 337, 338, 337, 333, 
39392, 334, 333, 335, 345, 
39421, 333, 331, 333, 348, 
39451, 337, 336, 337, 337, 
39482, 339, 341, 340, 327, 
39512, 338, 340, 339, 330, 
39542, 335, 335, 336, 342, 
39572, 335, 333, 334, 348, 
39603, 335, 334, 337, 341, 
39632, 339, 340, 339, 330, 
39663, 339, 342, 340, 327, 
39693, 336, 336, 337, 339, 
39724, 333, 331, 335, 349, 
39753, 334, 333, 335, 344, 
39783, 338, 339, 338, 332, 
39814, 341, 341, 340, 325, 
39843, 337, 338, 338, 335, 
39874, 334, 332, 334, 346, 
39904, 334, 332, 334, 347, 
39934, 338, 337, 337, 335, 
39964, 339, 343, 341, 326, 
39995, 338, 340, 339, 331, 
40025, 335, 334, 336, 344, 
40055, 333, 330, 334, 349, 
40085, 336, 335, 336, 339, 
40115, 339, 341, 340, 328, 
40145, 338, 340, 339, 328, 
40175, 335, 336, 336, 339, 
40206, 332, 331, 334, 348, 
40236, 334, 333, 335, 343, 
40266, 338, 339, 338, 330, 
40296, 339, 341, 340, 326, 
40327, 337, 337, 338, 335, 
40356, 334, 333, 334, 347, 
40387, 334, 332, 334, 347, 
40417, 338, 337, 337, 334, 
40446, 339, 342, 340, 326, 
40477, 337, 339, 339, 333, 
40507, 334, 334, 335, 346, 
40538, 333, 332, 334, 349, 
40567, 336, 336, 336, 338, 
40598, 339, 341, 340, 328, 
40628, 338, 340, 339, 331, 
40658, 335, 335, 337, 343, 
40688, 333, 331, 334, 351, 
40719, 335, 335, 336, 343, 
40749, 338, 341, 339, 329, 
40778, 339, 342, 340, 329, 
40809, 336, 338, 338, 338, 
40839, 333, 331, 334, 348, 
40869, 334, 333, 335, 344, 
40899, 337, 338, 338, 333, 
40930, 339, 342, 340, 326, 
40960, 337, 338, 338, 334, 
40990, 334, 334, 335, 346, 
41020, 334, 331, 334, 348, 
41051, 336, 336, 337, 336, 
41080, 340, 342, 340, 326, 
41110, 338, 340, 339, 331, 
41141, 335, 335, 336, 343, 
41170, 333, 332, 335, 350, 
41201, 336, 334, 336, 340, 
41231, 339, 341, 339, 329, 
41262, 339, 341, 340, 328, 
41291, 336, 337, 337, 339, 
41322, 333, 332, 334, 349, 
41352, 334, 333, 335, 343, 
41381, 338, 339, 340, 332, 
41412, 340, 341, 341, 325, 
41442, 337, 338, 338, 336, 
41473, 333, 332, 336, 346, 
41502, 333, 331, 333, 346, 
41533, 338, 337, 337, 333, 
41563, 341, 342, 340, 325, 
41593, 338, 339, 339, 331, 
41623, 335, 334, 335, 344, 
41654, 334, 333, 334, 348, 
41683, 335, 337, 336, 338, 
41713, 339, 341, 339, 327, 
41744, 339, 341, 339, 328, 
41774, 336, 335, 337, 340, 
41804, 334, 331, 334, 349, 
41834, 335, 335, 336, 342, 
41865, 339, 340, 339, 330, 
41894, 339, 341, 340, 327, 
41925, 337, 338, 337, 337, 
41955, 333, 332, 334, 349, 
41986, 334, 333, 335, 346, 
42015, 337, 339, 338, 334, 
42045, 339, 342, 340, 326, 
42076, 337, 339, 338, 334, 
42105, 333, 333, 335, 345, 
42136, 333, 331, 334, 348, 
42166, 336, 336, 337, 338, 
42196, 339, 343, 341, 327, 
42226, 339, 341, 340, 331, 
42257, 335, 335, 336, 343, 
42287, 334, 331, 334, 349, 
42317, 335, 335, 337, 341, 
42347, 340, 340, 339, 329, 
42377, 339, 341, 341, 328, 
42407, 337, 337, 337, 339, 
42437, 333, 331, 335, 349, 
42468, 335, 333, 336, 345, 
42498, 339, 339, 338, 334, 
42528, 339, 342, 340, 326, 
42558, 337, 338, 338, 336, 
42589, 334, 333, 335, 347, 
42618, 334, 332, 334, 348, 
42649, 337, 337, 337, 336, 
42679, 340, 342, 340, 327, 
42708, 338, 340, 339, 333, 
42739, 335, 335, 336, 344, 
42769, 333, 332, 335, 350, 
42800, 336, 336, 336, 340, 
42829, 339, 342, 339, 329, 
42860, 338, 340, 340, 329, 
42890, 335, 336, 337, 340, 
42920, 333, 331, 335, 349, 
42950, 335, 334, 336, 344, 
42981, 338, 339, 338, 331, 
43011, 339, 342, 340, 326, 
43040, 336, 338, 337, 337, 
43071, 333, 332, 334, 347, 
43101, 334, 333, 334, 346, 
43131, 337, 338, 339, 335, 
43161, 339, 342, 340, 326, 
43192, 338, 339, 338, 333, 
43222, 335, 333, 335, 345, 
43252, 333, 333, 334, 348, 
43282, 336, 337, 336, 338, 
43312, 339, 342, 340, 327, 
43342, 338, 340, 339, 330, 
43372, 335, 335, 336, 342, 
43403, 333, 332, 334, 350, 
43432, 335, 334, 336, 341, 
43463, 338, 340, 339, 331, 
43493, 338, 342, 340, 327, 
43524, 336, 337, 337, 338, 
43553, 336, 332, 334, 349, 
43584, 334, 333, 335, 345, 
43614, 338, 338, 338, 333, 
43643, 340, 343, 340, 326, 
43674, 338, 338, 338, 335, 
43704, 334, 333, 335, 347, 
43735, 334, 332, 334, 349, 
43764, 337, 338, 337, 336, 
43795, 340, 341, 340, 327, 
43825, 338, 340, 339, 331, 
43855, 335, 334, 336, 344, 
43885, 334, 332, 335, 350, 
43916, 336, 335, 336, 341, 
43945, 339, 340, 340, 329, 
43975, 339, 341, 339, 329, 
44006, 336, 337, 337, 341, 
44036, 333, 331, 334, 350, 
44066, 335, 335, 336, 343, 
44096, 338, 340, 339, 331, 
44127, 339, 341, 340, 326, 
44156, 337, 338, 338, 336, 
44187, 334, 332, 335, 348, 
44217, 334, 332, 334, 347, 
44248, 337, 337, 338, 335, 
44277, 339, 341, 340, 326, 
44307, 337, 339, 339, 333, 
44338, 335, 334, 335, 345, 
44367, 333, 331, 334, 349, 
44398, 337, 336, 336, 340, 
44428, 339, 342, 340, 328, 
44459, 338, 341, 339, 330, 
44488, 335, 335, 336, 342, 
44519, 333, 330, 334, 350, 
44549, 335, 334, 335, 343, 
44579, 338, 340, 339, 330, 
44609, 339, 341, 340, 328, 
44639, 337, 337, 338, 339, 
44669, 333, 332, 334, 349, 
44699, 335, 333, 335, 346, 
44730, 337, 338, 338, 333, 
44760, 340, 341, 341, 326, 
44790, 337, 339, 339, 335, 
44820, 334, 333, 336, 346, 
44851, 334, 332, 335, 348, 
44880, 337, 337, 337, 336, 
44911, 339, 342, 340, 326, 
44941, 338, 340, 340, 332, 
44971, 335, 334, 335, 343, 
45001, 333, 330, 334, 349, 
45031, 336, 335, 336, 340, 
45062, 339, 340, 339, 328, 
45091, 339, 341, 340, 329, 
45122, 336, 336, 337, 338, 
45152, 333, 331, 334, 350, 
45182, 334, 333, 335, 343, 
45212, 338, 339, 339, 331, 
45242, 340, 341, 339, 326, 
45273, 336, 338, 338, 336, 
45302, 334, 332, 335, 347, 
45333, 334, 333, 336, 347, 
45363, 337, 337, 337, 335, 
45393, 339, 342, 340, 326, 
45423, 338, 339, 339, 333, 
45454, 333, 334, 336, 345, 
45484, 333, 331, 334, 349, 
45514, 335, 335, 338, 340, 
45544, 339, 341, 340, 328, 
45574, 338, 340, 339, 329, 
45604, 335, 335, 337, 343, 
45634, 333, 331, 334, 349, 
45665, 336, 334, 335, 342, 
45694, 338, 340, 339, 330, 
45725, 339, 341, 340, 327, 
45755, 337, 337, 338, 337, 
45786, 333, 331, 336, 349, 
45815, 334, 333, 335, 346, 
45846, 337, 338, 338, 333, 
45876, 339, 341, 340, 327, 
45905, 337, 339, 338, 333, 
45936, 335, 333, 334, 346, 
45966, 334, 332, 335, 347, 
45997, 337, 336, 337, 337, 
46026, 339, 341, 340, 326, 
46057, 338, 340, 340, 330, 
46087, 335, 334, 336, 342, 
46117, 334, 331, 334, 349, 
46147, 335, 335, 337, 340, 
46178, 340, 340, 340, 328, 
46208, 338, 341, 341, 327, 
46237, 336, 336, 338, 338, 
46268, 333, 331, 334, 349, 
46298, 334, 333, 335, 344, 
46328, 338, 339, 339, 332, 
46358, 341, 342, 340, 325, 
46389, 338, 338, 338, 335, 
46418, 334, 332, 335, 348, 
46449, 334, 332, 335, 347, 
46479, 337, 337, 337, 336, 
46510, 340, 340, 341, 326, 
46539, 339, 339, 339, 333, 
46569, 336, 334, 336, 344, 
46600, 333, 332, 335, 350, 
46629, 336, 335, 337, 340, 
46660, 339, 342, 341, 328, 
46690, 339, 340, 341, 329, 
46721, 336, 337, 337, 340, 
46750, 334, 331, 334, 349, 
46781, 335, 334, 336, 343, 
46811, 338, 339, 337, 331, 
46841, 339, 341, 340, 327, 
46871, 336, 337, 338, 337, 
46901, 333, 332, 334, 348, 
46931, 334, 332, 335, 346, 
46961, 337, 338, 338, 334, 
46992, 340, 341, 340, 326, 
47022, 337, 340, 338, 333, 
47052, 333, 333, 336, 345, 
47082, 333, 332, 335, 349, 
47113, 336, 337, 337, 337, 
47142, 339, 342, 341, 328, 
47172, 339, 341, 340, 330, 
47203, 335, 335, 336, 341, 
47233, 333, 331, 335, 350, 
47263, 336, 334, 336, 342, 
47293, 340, 339, 339, 329, 
47324, 339, 342, 341, 327, 
47353, 336, 336, 338, 337, 
47384, 334, 331, 334, 348, 
47414, 335, 333, 335, 345, 
47444, 338, 338, 339, 333, 
47474, 340, 342, 340, 326, 
