6, 339, 329, 
79836, 339, 341, 340, 326, 
79866, 336, 337, 337, 337, , 334, 349, 
79775, 335, 334, 336, 341, 
79806, 339, 340, 339, 329, 
79836, 339, 341, 340, 326, 
79866, 336, 337, 337, 337, 0, 333, 332, 334, 343, 
1, 332, 331, 333, 347, 
2, 333, 331, 333, 347, 
11, 339, 341, 340, 327, 
37, 335, 334, 336, 343, 
65, 335, 335, 335, 342, 
92, 339, 341, 339, 330, 
119, 333, 331, 334, 351, 
147, 336, 337, 337, 339, 
175, 338, 341, 339, 330, 
203, 333, 333, 334, 348, 
231, 335, 335, 336, 340, 
260, 339, 342, 340, 327, 
287, 334, 334, 334, 344, 
316, 334, 333, 336, 345, 
344, 339, 341, 340, 327, 
371, 335, 335, 338, 340, 
400, 333, 332, 334, 347, 
428, 340, 341, 340, 329, 
456, 336, 337, 338, 336, 
484, 333, 331, 334, 350, 
512, 339, 339, 339, 332, 
540, 337, 340, 338, 333, 
568, 333, 331, 334, 350, 
596, 337, 338, 338, 335, 
624, 339, 340, 339, 330, 
653, 333, 332, 334, 348, 
680, 336, 336, 336, 340, 
708, 339, 341, 340, 327, 
737, 334, 334, 335, 345, 
764, 335, 334, 336, 344, 
793, 339, 341, 340, 326, 
821, 335, 334, 335, 342, 
849, 334, 333, 334, 345, 
877, 339, 341, 340, 327, 
905, 337, 336, 337, 338, 
933, 333, 332, 335, 348, 
961, 338, 341, 339, 330, 
990, 337, 338, 338, 334, 
1017, 334, 331, 334, 349, 
1046, 337, 336, 337, 337, 
1076, 339, 341, 340, 327, 
1104, 336, 336, 337, 339, 
1134, 333, 331, 334, 350, 
1163, 336, 337, 337, 337, 
1192, 340, 342, 340, 327, 
1221, 336, 336, 337, 340, 
1251, 333, 331, 334, 350, 
1280, 337, 338, 337, 337, 
1308, 339, 343, 339, 326, 
1338, 336, 337, 337, 339, 
1367, 333, 332, 334, 349, 
1396, 336, 337, 337, 335, 
1425, 339, 342, 340, 326, 
1455, 336, 336, 338, 340, 
1483, 333, 331, 334, 350, 
1512, 336, 337, 338, 335, 
1542, 339, 341, 340, 326, 
1570, 336, 336, 337, 340, 
1600, 333, 331, 334, 349, 
1629, 338, 337, 337, 335, 
1658, 339, 341, 340, 326, 
1687, 335, 335, 337, 340, 
1717, 334, 331, 334, 348, 
1745, 337, 336, 337, 334, 
1774, 340, 341, 340, 327, 
1804, 336, 335, 336, 341, 
1832, 333, 332, 334, 348, 
1862, 337, 338, 338, 333, 
1891, 339, 341, 340, 328, 
1921, 335, 335, 336, 342, 
1949, 335, 331, 334, 347, 
1978, 337, 338, 340, 333, 
2008, 339, 340, 341, 328, 
2036, 335, 334, 337, 342, 
2066, 333, 332, 334, 347, 
2095, 337, 338, 338, 331, 
2124, 339, 340, 341, 328, 
2153, 335, 334, 336, 342, 
2183, 333, 332, 334, 347, 
2211, 337, 339, 337, 332, 
2240, 338, 341, 340, 328, 
2270, 335, 334, 336, 343, 
2298, 334, 332, 334, 348, 
2328, 338, 338, 338, 332, 
2357, 339, 341, 340, 329, 
2386, 334, 334, 336, 344, 
2415, 335, 332, 334, 348, 
2444, 338, 339, 338, 331, 
2473, 338, 340, 339, 330, 
2502, 334, 334, 334, 345, 
2532, 335, 333, 334, 347, 
2561, 338, 339, 338, 330, 
2590, 339, 339, 340, 328, 
2619, 334, 333, 336, 344, 
2649, 334, 333, 335, 345, 
2677, 338, 339, 339, 330, 
2706, 339, 339, 339, 329, 
2736, 334, 333, 335, 345, 
2764, 334, 333, 334, 347, 
2794, 338, 339, 339, 330, 
2823, 339, 340, 340, 329, 
2852, 334, 333, 335, 344, 
2881, 333, 332, 334, 345, 
2910, 338, 340, 339, 329, 
2939, 338, 340, 339, 330, 
2968, 334, 333, 336, 345, 
2998, 334, 333, 335, 344, 
3026, 339, 340, 340, 329, 
3056, 339, 339, 339, 330, 
3085, 334, 334, 335, 345, 
3115, 334, 334, 335, 345, 
3143, 339, 340, 339, 329, 
3172, 337, 340, 338, 330, 
3202, 334, 333, 335, 347, 
3230, 335, 333, 335, 344, 
3260, 339, 340, 340, 329, 
3289, 338, 339, 340, 332, 
3318, 335, 333, 334, 347, 
3347, 335, 333, 336, 344, 
3376, 339, 340, 340, 328, 
3405, 338, 339, 339, 332, 
3434, 334, 332, 334, 348, 
3464, 334, 333, 335, 344, 
3492, 340, 341, 339, 327, 
3522, 338, 339, 338, 331, 
3551, 333, 332, 334, 348, 
3580, 335, 334, 335, 343, 
3609, 339, 341, 339, 328, 
3638, 337, 339, 339, 333, 
3667, 333, 332, 334, 348, 
3696, 334, 333, 336, 344, 
3726, 339, 341, 339, 328, 
3755, 336, 339, 338, 333, 
3784, 332, 332, 334, 349, 
3813, 335, 334, 336, 344, 
3842, 339, 341, 340, 328, 
3871, 338, 338, 338, 334, 
3900, 333, 332, 335, 349, 
3930, 335, 334, 336, 342, 
3958, 339, 341, 341, 327, 
3988, 337, 338, 337, 334, 
4017, 333, 332, 335, 349, 
4046, 335, 334, 336, 341, 
4075, 339, 341, 340, 328, 
4104, 337, 337, 338, 334, 
4133, 334, 331, 333, 350, 
4162, 335, 334, 336, 341, 
4192, 339, 342, 339, 327, 
4220, 338, 338, 337, 335, 
4250, 333, 332, 334, 349, 
4279, 335, 335, 335, 341, 
4307, 339, 341, 339, 327, 
4337, 337, 338, 338, 335, 
4366, 333, 331, 335, 349, 
4396, 335, 335, 336, 340, 
4424, 339, 342, 340, 327, 
4454, 336, 337, 337, 336, 
4483, 333, 332, 335, 350, 
4512, 336, 334, 336, 340, 
4541, 339, 342, 341, 326, 
4570, 336, 337, 337, 336, 
4599, 333, 332, 334, 350, 
4628, 336, 336, 336, 340, 
4658, 339, 342, 340, 327, 
4686, 336, 337, 337, 337, 
4716, 334, 331, 333, 350, 
4745, 336, 335, 336, 339, 
4773, 339, 341, 340, 326, 
4803, 337, 337, 337, 338, 
4832, 333, 331, 334, 351, 
4861, 336, 335, 336, 340, 
4890, 340, 341, 340, 327, 
4920, 335, 337, 337, 338, 
4948, 333, 331, 334, 349, 
4978, 336, 336, 336, 338, 
5007, 339, 343, 340, 327, 
5036, 336, 338, 337, 338, 
5065, 333, 331, 335, 349, 
5094, 336, 336, 337, 338, 
5124, 339, 341, 340, 327, 
5152, 337, 336, 337, 339, 
5182, 333, 331, 334, 350, 
5211, 336, 336, 337, 337, 
5239, 339, 342, 340, 326, 
5269, 336, 336, 336, 340, 
5298, 333, 331, 333, 350, 
5327, 336, 337, 337, 337, 
5356, 339, 342, 341, 326, 
5386, 335, 336, 337, 339, 
5414, 333, 331, 334, 349, 
5444, 336, 337, 337, 336, 
5473, 339, 342, 341, 326, 
5501, 336, 336, 337, 338, 
5531, 333, 331, 334, 350, 
5560, 337, 337, 337, 335, 
5590, 339, 342, 340, 326, 
5618, 336, 336, 337, 340, 
5648, 333, 331, 333, 349, 
5677, 337, 337, 338, 335, 
5705, 339, 341, 339, 326, 
5735, 335, 336, 336, 340, 
5764, 333, 332, 334, 348, 
5793, 338, 338, 338, 335, 
5822, 339, 341, 341, 327, 
5852, 335, 335, 336, 340, 
5880, 334, 331, 335, 348, 
5910, 337, 337, 337, 335, 
5939, 339, 340, 340, 327, 
5967, 335, 335, 337, 341, 
5997, 333, 331, 334, 349, 
6026, 337, 338, 338, 334, 
6055, 339, 339, 340, 327, 
6084, 335, 335, 336, 342, 
6114, 334, 332, 334, 348, 
6142, 337, 338, 338, 333, 
6171, 339, 341, 340, 327, 
6201, 335, 334, 336, 341, 
6230, 333, 331, 334, 348, 
6259, 337, 338, 338, 333, 
6288, 339, 341, 340, 328, 
6318, 335, 334, 336, 342, 
6346, 334, 333, 334, 347, 
6376, 338, 338, 339, 333, 
6405, 338, 341, 340, 327, 
6433, 335, 334, 336, 343, 
6463, 334, 332, 334, 347, 
6492, 338, 339, 338, 332, 
6521, 340, 341, 339, 328, 
6550, 335, 334, 336, 343, 
6580, 333, 331, 334, 347, 
6608, 338, 339, 338, 331, 
6637, 338, 341, 340, 328, 
6667, 335, 334, 335, 343, 
6695, 334, 332, 334, 347, 
6725, 338, 342, 338, 332, 
6754, 339, 341, 340, 329, 
6784, 335, 334, 336, 344, 
6812, 334, 333, 335, 347, 
6842, 338, 339, 338, 331, 
6871, 339, 340, 339, 329, 
6899, 334, 334, 336, 344, 
6929, 334, 333, 335, 346, 
6958, 338, 339, 338, 330, 
6987, 338, 340, 340, 329, 
7016, 336, 335, 335, 345, 
7046, 334, 333, 335, 346, 
7074, 338, 339, 339, 330, 
7103, 338, 340, 339, 329, 
7133, 334, 332, 335, 345, 
7161, 334, 332, 334, 345, 
7191, 338, 340, 339, 330, 
7220, 338, 340, 339, 331, 
7249, 334, 334, 335, 345, 
7278, 334, 333, 334, 345, 
7308, 339, 340, 339, 329, 
7336, 338, 340, 340, 330, 
7365, 334, 333, 336, 345, 
7395, 335, 333, 336, 345, 
7424, 339, 340, 339, 328, 
7453, 338, 339, 339, 330, 
7482, 334, 332, 335, 345, 
7512, 334, 333, 336, 344, 
7540, 340, 340, 339, 328, 
7569, 338, 340, 339, 330, 
7599, 334, 333, 335, 346, 
7627, 334, 333, 335, 344, 
7657, 339, 340, 339, 328, 
7686, 338, 339, 339, 330, 
7715, 333, 332, 335, 346, 
7744, 334, 333, 335, 345, 
7774, 338, 341, 340, 328, 
7802, 338, 339, 339, 331, 
7831, 333, 333, 335, 346, 
7861, 334, 333, 335, 342, 
7889, 339, 342, 340, 326, 
7919, 338, 340, 340, 332, 
7948, 334, 332, 335, 346, 
7977, 335, 333, 335, 342, 
8006, 338, 341, 340, 327, 
8035, 337, 340, 339, 331, 
8065, 333, 332, 334, 346, 
8093, 335, 334, 335, 342, 
8123, 339, 341, 338, 327, 
8152, 338, 338, 338, 332, 
8181, 334, 332, 334, 347, 
8210, 335, 334, 336, 342, 
8240, 340, 341, 339, 327, 
8268, 337, 339, 338, 333, 
8297, 333, 332, 334, 348, 
8327, 335, 334, 336, 342, 
8355, 339, 342, 340, 327, 
8385, 337, 338, 338, 334, 
8414, 333, 332, 335, 348, 
8443, 335, 335, 335, 341, 
8472, 339, 341, 340, 326, 
8501, 339, 339, 339, 333, 
8530, 333, 331, 334, 348, 
8559, 335, 334, 336, 341, 
8589, 339, 341, 339, 327, 
8617, 337, 338, 339, 334, 
8647, 333, 332, 334, 348, 
8676, 335, 335, 335, 341, 
8706, 340, 341, 340, 326, 
8734, 337, 339, 338, 334, 
8763, 333, 331, 334, 348, 
8793, 335, 335, 336, 340, 
8821, 339, 342, 339, 326, 
8851, 337, 338, 338, 335, 
8880, 333, 331, 334, 349, 
8909, 336, 335, 337, 341, 
8938, 339, 341, 340, 326, 
8967, 337, 337, 338, 335, 
8996, 333, 331, 334, 349, 
9025, 335, 335, 336, 341, 
9055, 339, 341, 340, 326, 
9083, 337, 338, 339, 336, 
9113, 333, 330, 334, 350, 
9142, 336, 335, 336, 339, 
9171, 339, 341, 340, 325, 
9200, 337, 337, 338, 336, 
9229, 334, 331, 334, 348, 
9259, 336, 335, 336, 339, 
9287, 339, 341, 339, 326, 
9317, 337, 337, 338, 336, 
9346, 333, 332, 335, 349, 
9375, 336, 336, 337, 339, 
9404, 340, 342, 341, 326, 
9433, 336, 337, 337, 336, 
9462, 334, 331, 334, 349, 
9491, 336, 336, 336, 338, 
9521, 339, 341, 340, 325, 
9549, 336, 337, 337, 337, 
9579, 333, 331, 335, 349, 
9608, 336, 336, 336, 338, 
9637, 338, 341, 340, 326, 
9666, 337, 337, 337, 338, 
9695, 332, 330, 335, 349, 
9724, 336, 336, 336, 337, 
9753, 339, 341, 340, 325, 
9783, 336, 336, 337, 338, 
9811, 333, 331, 334, 349, 
9841, 337, 336, 338, 337, 
9870, 339, 342, 341, 326, 
9899, 336, 337, 337, 339, 
9928, 333, 331, 334, 349, 
9957, 337, 337, 337, 336, 
9987, 339, 341, 340, 325, 
10015, 336, 336, 337, 338, 
10046, 333, 331, 334, 348, 
10076, 335, 333, 335, 343, 
10106, 338, 339, 338, 331, 
10136, 339, 342, 340, 325, 
10167, 337, 338, 337, 334, 
10196, 333, 332, 335, 346, 
10226, 333, 332, 334, 346, 
10257, 337, 337, 337, 336, 
10287, 339, 341, 339, 327, 
10317, 338, 339, 338, 331, 
10347, 334, 334, 335, 344, 
10378, 333, 331, 334, 347, 
10407, 336, 335, 337, 339, 
10438, 340, 340, 338, 327, 
10468, 338, 340, 339, 328, 
10498, 336, 336, 337, 340, 
10528, 333, 331, 334, 349, 
10558, 335, 334, 335, 344, 
10589, 339, 339, 339, 330, 
10618, 339, 341, 340, 327, 
10649, 336, 337, 337, 337, 
10679, 333, 331, 335, 348, 
10710, 335, 331, 335, 346, 
10739, 337, 337, 338, 334, 
10770, 339, 341, 340, 326, 
10800, 338, 339, 338, 334, 
10829, 334, 333, 335, 347, 
10860, 334, 332, 334, 349, 
10890, 336, 335, 337, 338, 
10920, 338, 341, 339, 327, 
10950, 338, 340, 340, 331, 
10981, 335, 335, 336, 344, 
11011, 333, 331, 334, 349, 
11041, 335, 334, 336, 342, 
11071, 338, 341, 340, 330, 
11102, 338, 341, 340, 328, 
11131, 335, 336, 337, 338, 
11161, 333, 332, 335, 349, 
11192, 334, 333, 335, 345, 
11222, 339, 338, 338, 332, 
11252, 339, 343, 341, 326, 
11282, 337, 339, 338, 336, 
11313, 333, 333, 334, 347, 
11342, 334, 333, 334, 348, 
11373, 337, 336, 337, 337, 
11403, 339, 342, 340, 327, 
11433, 338, 341, 338, 332, 
11463, 334, 334, 336, 344, 
11493, 333, 331, 333, 350, 
11524, 336, 335, 336, 340, 
11553, 339, 340, 339, 328, 
11584, 339, 340, 339, 328, 
11614, 335, 336, 337, 339, 
11644, 333, 331, 335, 350, 
11674, 334, 333, 335, 343, 
11705, 338, 339, 338, 331, 
11735, 339, 341, 340, 327, 
11765, 337, 337, 337, 336, 
11795, 333, 333, 334, 347, 
11825, 334, 333, 334, 346, 
11855, 337, 337, 338, 334, 
11885, 342, 341, 340, 326, 
11916, 337, 338, 339, 333, 
11945, 334, 333, 336, 345, 
11976, 333, 332, 334, 347, 
12006, 336, 336, 337, 339, 
12037, 338, 341, 340, 328, 
12066, 338, 340, 340, 330, 
12097, 334, 334, 336, 342, 
12127, 333, 331, 333, 349, 
12156, 335, 335, 335, 342, 
12187, 339, 340, 339, 329, 
12217, 338, 341, 339, 327, 
12248, 336, 337, 338, 338, 
12277, 333, 331, 334, 348, 
12308, 334, 333, 336, 345, 
12338, 337, 339, 338, 332, 
12368, 339, 342, 340, 325, 
12398, 337, 339, 337, 334, 
12428, 335, 333, 335, 347, 
12459, 334, 331, 334, 348, 
12488, 337, 337, 336, 336, 
12519, 339, 342, 340, 327, 
12549, 339, 339, 338, 331, 
12579, 334, 334, 335, 343, 
12609, 333, 331, 334, 351, 
12640, 334, 336, 336, 340, 
12669, 339, 340, 339, 329, 
12700, 338, 341, 339, 328, 
12730, 336, 336, 337, 340, 
12760, 333, 331, 334, 349, 
12790, 335, 334, 336, 344, 
12820, 338, 339, 338, 332, 
12851, 339, 341, 340, 327, 
12880, 338, 337, 337, 338, 
12911, 333, 332, 335, 347, 
12941, 334, 332, 334, 347, 
12972, 337, 337, 338, 335, 
13001, 339, 342, 340, 326, 
13032, 338, 339, 338, 333, 
13062, 334, 334, 335, 345, 
13091, 333, 331, 333, 349, 
13122, 336, 335, 336, 339, 
13152, 339, 341, 339, 328, 
13182, 339, 340, 339, 330, 
13212, 336, 335, 336, 342, 
13243, 332, 331, 334, 350, 
13273, 335, 333, 335, 341, 
13303, 338, 339, 339, 331, 
13333, 339, 341, 339, 328, 
13364, 337, 337, 337, 339, 
13393, 333, 331, 334, 348, 
13423, 334, 332, 335, 345, 
13454, 337, 338, 337, 334, 
13484, 339, 342, 340, 326, 
13514, 337, 339, 338, 334, 
13544, 334, 333, 335, 346, 
13575, 334, 332, 334, 348, 
13604, 337, 337, 337, 338, 
13635, 339, 341, 340, 326, 
13665, 338, 340, 339, 332, 
13696, 336, 335, 336, 342, 
13725, 333, 331, 334, 349, 
13755, 336, 335, 336, 340, 
13786, 339, 341, 340, 329, 
13815, 339, 342, 340, 328, 
13846, 336, 337, 337, 339, 
13876, 333, 331, 334, 348, 
13906, 335, 333, 335, 344, 
13936, 339, 339, 338, 331, 
13967, 339, 341, 340, 325, 
13997, 337, 337, 338, 335, 
14027, 333, 332, 334, 346, 
14057, 335, 332, 334, 346, 
14087, 337, 337, 337, 334, 
14117, 340, 342, 340, 325, 
14147, 338, 339, 338, 331, 
14178, 334, 334, 335, 344, 
14208, 333, 331, 333, 348, 
14238, 337, 336, 336, 339, 
14268, 339, 341, 339, 328, 
14299, 339, 340, 340, 329, 
14328, 336, 335, 336, 340, 
14358, 333, 332, 335, 349, 
14389, 335, 333, 335, 342, 
14418, 339, 339, 339, 330, 
14449, 339, 341, 340, 326, 
14479, 336, 338, 337, 337, 
14510, 333, 331, 334, 348, 
14539, 334, 332, 335, 345, 
14570, 337, 338, 338, 334, 
14600, 340, 341, 340, 326, 
14630, 337, 339, 338, 334, 
14660, 334, 334, 335, 345, 
14690, 333, 331, 334, 348, 
14721, 336, 336, 336, 337, 
14750, 339, 341, 339, 327, 
14781, 338, 340, 339, 331, 
14811, 335, 335, 336, 343, 
14841, 334, 331, 335, 350, 
14871, 335, 334, 337, 341, 
14902, 338, 340, 339, 329, 
14931, 338, 341, 340, 328, 
14962, 336, 336, 337, 339, 
14992, 333, 331, 334, 349, 
15022, 335, 333, 336, 344, 
15052, 338, 338, 338, 332, 
15082, 339, 341, 340, 326, 
15113, 336, 338, 337, 336, 
15142, 334, 332, 335, 347, 
15173, 333, 332, 334, 347, 
15203, 337, 337, 337, 336, 
15234, 339, 341, 340, 326, 
15263, 338, 339, 338, 331, 
15294, 334, 334, 335, 343, 
15324, 333, 331, 333, 348, 
15353, 336, 335, 336, 340, 
15384, 339, 340, 339, 329, 
15414, 338, 340, 339, 328, 
15444, 336, 335, 338, 340, 
15474, 333, 331, 334, 349, 
15505, 335, 334, 335, 343, 
15535, 338, 339, 338, 331, 
15565, 340, 341, 339, 327, 
15595, 336, 336, 338, 337, 
15626, 334, 331, 335, 348, 
15655, 335, 332, 334, 346, 
15685, 338, 337, 337, 334, 
15716, 340, 342, 340, 326, 
15746, 339, 338, 339, 333, 
15776, 334, 333, 335, 346, 
15806, 334, 332, 334, 349, 
15837, 336, 336, 337, 338, 
15866, 339, 341, 339, 327, 
15897, 338, 341, 339, 330, 
15927, 335, 335, 336, 342, 
15958, 334, 331, 334, 349, 
15987, 336, 334, 335, 342, 
16017, 338, 340, 339, 329, 
16048, 339, 342, 341, 326, 
16077, 335, 336, 337, 337, 
16108, 334, 332, 334, 348, 
16138, 334, 333, 335, 344, 
16168, 338, 338, 338, 332, 
16198, 339, 341, 341, 325, 
16229, 337, 338, 339, 334, 
16259, 334, 332, 335, 345, 
16288, 334, 332, 335, 347, 
16319, 337, 336, 337, 336, 
16349, 340, 341, 339, 326, 
16379, 338, 339, 340, 331, 
16409, 334, 335, 336, 343, 
16440, 333, 331, 334, 349, 
16470, 335, 335, 336, 340, 
16500, 338, 340, 339, 329, 
16530, 338, 340, 339, 329, 
16561, 335, 335, 336, 341, 
16590, 334, 332, 334, 350, 
16620, 334, 334, 335, 344, 
16651, 339, 339, 339, 332, 
16680, 339, 341, 340, 327, 
16711, 336, 337, 338, 337, 
16741, 333, 333, 335, 347, 
16772, 334, 332, 335, 348, 
16801, 337, 337, 337, 335, 
16832, 339, 342, 341, 326, 
16862, 337, 339, 339, 333, 
16892, 334, 333, 335, 346, 
16922, 333, 331, 334, 350, 
16952, 337, 336, 336, 339, 
16983, 338, 341, 339, 327, 
17012, 337, 340, 340, 330, 
17043, 335, 335, 336, 342, 
17073, 332, 332, 335, 351, 
17103, 335, 335, 334, 342, 
17133, 339, 339, 339, 331, 
17164, 339, 341, 340, 328, 
17193, 336, 336, 337, 339, 
17224, 333, 333, 335, 348, 
17254, 335, 333, 336, 341, 
17284, 339, 339, 340, 330, 
17314, 339, 341, 341, 324, 
17344, 338, 339, 337, 331, 
17375, 335, 332, 336, 342, 
17404, 335, 332, 335, 343, 
17435, 339, 336, 338, 333, 
17465, 340, 341, 340, 323, 
17496, 339, 339, 338, 329, 
17525, 335, 333, 335, 339, 
17556, 334, 331, 334, 345, 
17586, 337, 336, 336, 336, 
17615, 340, 340, 339, 325, 
17646, 339, 340, 339, 326, 
17676, 336, 335, 336, 338, 
17707, 334, 331, 334, 346, 
17736, 336, 333, 336, 340, 
17767, 339, 339, 339, 328, 
17797, 339, 342, 339, 325, 
17827, 337, 337, 337, 335, 
17857, 334, 332, 334, 345, 
17888, 334, 333, 335, 344, 
17917, 338, 337, 338, 334, 
17947, 339, 341, 340, 326, 
17978, 337, 338, 338, 333, 
18008, 334, 333, 334, 344, 
18038, 334, 332, 334, 348, 
18068, 336, 336, 337, 337, 
18099, 340, 341, 340, 328, 
18128, 338, 339, 339, 330, 
18159, 335, 335, 335, 341, 
18189, 334, 332, 334, 348, 
18219, 336, 335, 336, 340, 
18249, 338, 340, 339, 328, 
18279, 338, 341, 339, 328, 
18310, 335, 336, 336, 337, 
18339, 333, 332, 334, 348, 
18370, 335, 334, 335, 344, 
18400, 338, 339, 339, 333, 
18430, 339, 341, 340, 326, 
18460, 336, 338, 337, 335, 
18491, 334, 333, 334, 346, 
18521, 334, 333, 334, 346, 
18550, 337, 337, 337, 335, 
18581, 339, 342, 343, 327, 
18611, 337, 339, 338, 332, 
18641, 335, 334, 335, 344, 
18671, 332, 332, 334, 349, 
18702, 336, 336, 337, 340, 
18732, 339, 341, 339, 329, 
18762, 338, 340, 339, 330, 
18792, 335, 335, 336, 342, 
18823, 333, 331, 334, 351, 
18852, 335, 335, 335, 346, 
18882, 338, 339, 339, 333, 
18913, 339, 341, 341, 329, 
18942, 336, 337, 337, 340, 
18973, 332, 332, 334, 351, 
19003, 334, 332, 335, 348, 
19034, 337, 336, 338, 338, 
19063, 338, 341, 340, 329, 
19094, 337, 339, 338, 336, 
19124, 333, 334, 335, 349, 
19154, 333, 332, 334, 353, 
19184, 336, 336, 337, 340, 
19214, 339, 340, 339, 330, 
19245, 337, 340, 339, 332, 
19274, 334, 336, 335, 344, 
19305, 333, 331, 334, 351, 
19335, 334, 334, 336, 343, 
19365, 339, 340, 339, 331, 
19395, 338, 341, 340, 331, 
19426, 335, 336, 337, 342, 
19456, 333, 332, 333, 350, 
19486, 335, 333, 335, 346, 
19516, 337, 339, 339, 334, 
19546, 338, 341, 340, 330, 
19576, 336, 338, 337, 337, 
19606, 333, 332, 335, 348, 
19637, 333, 333, 335, 347, 
19666, 337, 337, 338, 337, 
19697, 339, 341, 339, 327, 
19727, 336, 339, 338, 333, 
19758, 334, 335, 335, 344, 
19787, 333, 331, 334, 349, 
19818, 336, 335, 337, 339, 
19848, 339, 341, 340, 328, 
19877, 338, 340, 339, 330, 
19908, 335, 335, 337, 341, 
19938, 333, 332, 334, 350, 
19969, 335, 334, 336, 343, 
19998, 338, 339, 340, 331, 
20029, 338, 340, 339, 328, 
20059, 335, 336, 337, 338, 
20089, 333, 331, 334, 349, 
20119, 334, 333, 335, 346, 
20149, 337, 338, 338, 334, 
20179, 340, 341, 340, 327, 
20209, 337, 339, 337, 335, 
20240, 333, 329, 334, 346, 
20270, 334, 331, 334, 348, 
20300, 337, 337, 338, 338, 
20330, 339, 341, 340, 327, 
20361, 338, 339, 338, 331, 
20390, 334, 334, 335, 343, 
20421, 333, 332, 334, 349, 
20451, 337, 335, 336, 339, 
20481, 339, 340, 339, 329, 
20511, 339, 342, 339, 328, 
20541, 336, 336, 337, 339, 
20572, 333, 333, 334, 348, 
20601, 335, 335, 335, 342, 
20632, 339, 339, 339, 330, 
20662, 340, 341, 340, 326, 
20692, 337, 337, 337, 335, 
20722, 335, 332, 335, 346, 
20753, 335, 333, 335, 346, 
20783, 338, 338, 338, 334, 
20812, 340, 341, 340, 326, 
20843, 338, 339, 338, 332, 
20873, 334, 333, 335, 344, 
20903, 334, 332, 334, 347, 
20933, 338, 336, 337, 337, 
20964, 339, 342, 340, 326, 
20994, 338, 340, 339, 329, 
21024, 335, 336, 336, 341, 
21054, 333, 331, 334, 348, 
21085, 337, 334, 336, 340, 
21114, 340, 341, 339, 329, 
21144, 339, 341, 340, 327, 
21175, 336, 336, 338, 338, 
21204, 333, 332, 335, 348, 
21235, 335, 333, 336, 344, 
21265, 339, 338, 339, 331, 
21296, 339, 341, 340, 325, 
21325, 337, 338, 338, 334, 
21356, 334, 333, 334, 346, 
21386, 334, 332, 334, 346, 
21416, 337, 337, 337, 335, 
21446, 339, 342, 341, 325, 
21476, 338, 339, 338, 331, 
21507, 334, 334, 335, 343, 
21536, 334, 331, 334, 348, 
21567, 336, 337, 337, 338, 
21597, 339, 341, 340, 327, 
21627, 338, 340, 339, 328, 
21657, 336, 335, 336, 339, 
21688, 334, 332, 334, 348, 
21718, 335, 334, 336, 341, 
21748, 339, 340, 339, 330, 
21778, 339, 342, 340, 326, 
21808, 336, 337, 337, 337, 
21838, 333, 332, 333, 348, 
21868, 335, 333, 335, 345, 
21899, 338, 338, 338, 332, 
21928, 339, 341, 340, 325, 
21959, 337, 339, 338, 333, 
21989, 334, 333, 335, 344, 
22020, 334, 332, 335, 347, 
22049, 337, 336, 337, 337, 
22079, 339, 341, 340, 326, 
22110, 338, 340, 339, 330, 
22139, 334, 334, 335, 342, 
22170, 333, 331, 333, 348, 
22200, 335, 335, 336, 339, 
22231, 340, 340, 339, 327, 
22260, 338, 340, 339, 326, 
22291, 335, 336, 336, 339, 
22321, 333, 331, 333, 347, 
22351, 335, 334, 334, 342, 
22381, 337, 339, 338, 330, 
22411, 339, 341, 340, 325, 
22441, 336, 337, 337, 337, 
22471, 334, 331, 335, 347, 
22502, 334, 333, 333, 345, 
22532, 338, 337, 337, 334, 
22562, 340, 342, 340, 325, 
22592, 337, 339, 337, 333, 
22623, 334, 333, 335, 345, 
22652, 334, 332, 334, 348, 
22683, 336, 336, 337, 337, 
22713, 339, 341, 340, 327, 
22743, 338, 340, 338, 330, 
22773, 336, 335, 334, 341, 
22803, 333, 331, 333, 348, 
22834, 336, 334, 337, 341, 
22863, 339, 340, 339, 328, 
22894, 339, 341, 340, 327, 
22924, 336, 337, 336, 339, 
22955, 333, 331, 334, 349, 
22984, 335, 334, 335, 345, 
23015, 339, 339, 340, 332, 
23045, 339, 342, 340, 327, 
23074, 336, 338, 338, 335, 
23105, 333, 332, 334, 346, 
23135, 334, 332, 336, 346, 
23165, 337, 337, 338, 335, 
23195, 339, 341, 340, 326, 
23226, 337, 339, 338, 332, 
23256, 334, 333, 336, 344, 
23286, 333, 331, 334, 348, 
23316, 336, 336, 338, 339, 
23347, 339, 342, 340, 328, 
23376, 337, 341, 339, 329, 
23406, 334, 335, 337, 341, 
23437, 333, 331, 334, 349, 
23467, 335, 333, 336, 341, 
23497, 338, 340, 340, 330, 
23527, 340, 342, 341, 327, 
23558, 337, 337, 336, 338, 
23587, 333, 332, 334, 349, 
23618, 335, 333, 335, 344, 
23648, 339, 339, 338, 333, 
23678, 339, 342, 341, 326, 
23708, 338, 339, 337, 335, 
23738, 334, 333, 334, 346, 
23769, 334, 332, 334, 348, 
23798, 337, 336, 338, 337, 
23829, 339, 341, 340, 327, 
23859, 337, 339, 339, 333, 
23889, 334, 334, 337, 344, 
23919, 333, 331, 334, 349, 
23950, 336, 335, 336, 340, 
23980, 339, 340, 341, 329, 
24009, 338, 340, 340, 329, 
24040, 335, 335, 336, 341, 
24070, 333, 332, 333, 349, 
24100, 335, 334, 335, 343, 
24130, 338, 339, 339, 330, 
24161, 339, 341, 340, 326, 
24190, 336, 337, 337, 337, 
24221, 333, 332, 335, 348, 
24251, 334, 333, 335, 344, 
24282, 337, 338, 338, 333, 
24311, 339, 342, 341, 325, 
24341, 337, 338, 338, 334, 
24372, 333, 333, 335, 346, 
24401, 333, 332, 335, 348, 
24432, 336, 336, 337, 336, 
24462, 339, 340, 340, 325, 
24493, 337, 339, 339, 330, 
24522, 334, 334, 336, 342, 
24553, 333, 330, 333, 348, 
24583, 336, 335, 337, 339, 
24613, 339, 340, 339, 328, 
24643, 338, 340, 339, 328, 
24673, 335, 335, 336, 339, 
24704, 333, 330, 333, 348, 
24733, 334, 333, 336, 343, 
24764, 338, 339, 339, 331, 
24794, 339, 341, 340, 327, 
24824, 337, 336, 337, 337, 
24854, 333, 333, 334, 347, 
24885, 334, 333, 335, 345, 
24914, 339, 338, 339, 334, 
24945, 339, 342, 340, 327, 
24975, 337, 338, 338, 335, 
25005, 334, 333, 335, 346, 
25035, 334, 332, 334, 349, 
25065, 337, 336, 337, 338, 
25096, 339, 342, 340, 328, 
25125, 338, 340, 339, 332, 
25156, 334, 334, 336, 344, 
25186, 333, 331, 334, 350, 
25217, 335, 335, 336, 342, 
25246, 338, 341, 339, 329, 
25277, 338, 341, 340, 329, 
25307, 336, 336, 336, 340, 
25336, 333, 331, 334, 350, 
25367, 335, 333, 336, 344, 
25397, 338, 339, 339, 332, 
25427, 339, 341, 340, 326, 
25457, 338, 337, 338, 336, 
25488, 333, 332, 334, 347, 
25518, 334, 333, 335, 347, 
25548, 337, 337, 338, 335, 
25578, 339, 341, 340, 327, 
25609, 337, 339, 338, 333, 
25638, 334, 333, 335, 345, 
25668, 333, 332, 334, 349, 
25699, 337, 337, 337, 338, 
25729, 339, 341, 340, 327, 
25759, 338, 340, 339, 331, 
25789, 334, 335, 335, 342, 
25820, 333, 331, 334, 349, 
25849, 335, 334, 336, 341, 
25880, 339, 340, 340, 330, 
25910, 339, 341, 340, 328, 
25939, 336, 336, 336, 339, 
25970, 333, 331, 334, 349, 
26000, 335, 334, 335, 345, 
26031, 338, 339, 339, 333, 
26060, 339, 342, 340, 327, 
26091, 336, 338, 337, 336, 
26121, 333, 332, 334, 347, 
26151, 334, 332, 335, 347, 
26181, 337, 337, 337, 336, 
26212, 339, 341, 340, 327, 
26242, 337, 339, 339, 332, 
26271, 333, 334, 335, 344, 
26302, 333, 331, 334, 348, 
26332, 336, 336, 337, 338, 
26362, 339, 342, 341, 327, 
26392, 338, 341, 339, 329, 
26423, 335, 335, 336, 341, 
26452, 333, 332, 334, 349, 
26483, 335, 334, 336, 343, 
26513, 339, 340, 339, 330, 
26544, 339, 342, 340, 328, 
26573, 336, 336, 336, 339, 
26603, 332, 332, 334, 350, 
26634, 333, 333, 335, 345, 
26663, 338, 338, 338, 335, 
26694, 339, 341, 340, 326, 
26724, 337, 337, 338, 335, 
26755, 334, 333, 335, 346, 
26784, 333, 332, 335, 347, 
26815, 337, 337, 338, 336, 
26845, 339, 342, 340, 327, 
26875, 337, 339, 338, 331, 
26905, 334, 334, 336, 344, 
26935, 333, 331, 334, 349, 
26966, 336, 336, 336, 340, 
26995, 339, 340, 340, 329, 
27026, 338, 340, 339, 329, 
27056, 335, 335, 335, 341, 
27086, 333, 331, 334, 349, 
27116, 335, 334, 336, 343, 
27147, 338, 340, 339, 330, 
27176, 339, 342, 340, 327, 
27207, 336, 337, 337, 338, 
27237, 333, 332, 333, 348, 
27267, 334, 333, 335, 347, 
27297, 338, 339, 338, 333, 
27327, 339, 342, 340, 327, 
27358, 337, 338, 337, 334, 
27387, 334, 333, 335, 346, 
27418, 334, 332, 334, 347, 
27448, 337, 337, 337, 337, 
27479, 339, 341, 340, 327, 
27508, 337, 340, 339, 333, 
27539, 334, 334, 335, 343, 
27569, 333, 332, 334, 349, 
27598, 336, 335, 336, 340, 
27629, 339, 340, 339, 328, 
27659, 338, 341, 339, 328, 
27689, 335, 336, 336, 340, 
27719, 333, 332, 334, 349, 
27750, 335, 334, 336, 343, 
27780, 338, 340, 340, 331, 
27810, 339, 341, 340, 327, 
27840, 336, 337, 337, 337, 
27870, 333, 332, 334, 348, 
27900, 334, 333, 334, 346, 
27930, 337, 337, 338, 335, 
27961, 339, 342, 341, 326, 
27991, 337, 339, 338, 334, 
28021, 334, 334, 335, 345, 
28051, 334, 330, 334, 349, 
28082, 336, 336, 337, 338, 
28111, 339, 341, 340, 328, 
28142, 338, 339, 339, 331, 
28172, 335, 334, 336, 343, 
28201, 333, 332, 333, 349, 
28232, 336, 334, 336, 342, 
28262, 339, 341, 339, 329, 
28293, 339, 340, 339, 328, 
28322, 336, 336, 337, 338, 
28353, 333, 332, 334, 348, 
28383, 334, 334, 335, 344, 
28413, 338, 338, 339, 332, 
28443, 339, 341, 341, 325, 
28474, 336, 337, 337, 335, 
28504, 334, 332, 334, 346, 
28533, 334, 333, 334, 347, 
28564, 337, 338, 338, 335, 
28594, 340, 341, 341, 326, 
28624, 337, 339, 339, 331, 
28654, 334, 335, 335, 344, 
28685, 333, 332, 334, 348, 
28715, 336, 336, 337, 339, 
28745, 339, 340, 339, 328, 
28775, 339, 340, 339, 329, 
28806, 336, 336, 336, 341, 
28835, 333, 331, 334, 349, 
28865, 335, 335, 336, 342, 
28896, 339, 340, 339, 330, 
28925, 339, 341, 339, 327, 
28956, 337, 337, 338, 338, 
28986, 333, 332, 335, 348, 
29017, 335, 334, 335, 345, 
29046, 338, 338, 338, 333, 
29077, 339, 342, 340, 326, 
29107, 338, 338, 338, 335, 
29137, 334, 333, 335, 347, 
29167, 334, 332, 334, 347, 
29197, 337, 337, 337, 336, 
29228, 341, 341, 340, 327, 
29257, 337, 340, 339, 331, 
29288, 335, 334, 337, 343, 
29318, 333, 331, 334, 349, 
29348, 336, 335, 337, 340, 
29378, 339, 340, 339, 329, 
29409, 339, 341, 340, 328, 
29438, 336, 335, 335, 339, 
29469, 333, 332, 334, 349, 
29499, 335, 333, 336, 343, 
29529, 338, 339, 339, 331, 
29559, 339, 342, 340, 327, 
29589, 336, 337, 339, 336, 
29620, 334, 332, 334, 348, 
29649, 334, 333, 334, 346, 
29680, 338, 337, 338, 335, 
29710, 339, 341, 340, 326, 
29741, 337, 338, 338, 332, 
29770, 334, 333, 335, 345, 
29800, 334, 332, 334, 349, 
29831, 336, 336, 336, 340, 
29860, 340, 341, 341, 328, 
29891, 338, 340, 339, 331, 
29921, 335, 335, 337, 342, 
29952, 333, 331, 334, 349, 
29981, 335, 335, 336, 341, 
30012, 338, 340, 339, 329, 
30042, 339, 341, 340, 327, 
30072, 337, 337, 336, 338, 
30102, 333, 332, 334, 348, 
30132, 334, 333, 335, 344, 
30162, 339, 339, 339, 332, 
30192, 339, 342, 339, 327, 
30223, 337, 339, 338, 334, 
30253, 334, 334, 335, 347, 
30283, 334, 332, 334, 347, 
30313, 337, 336, 338, 336, 
30344, 339, 342, 340, 327, 
30373, 337, 339, 338, 331, 
30404, 335, 334, 336, 343, 
30434, 333, 331, 334, 348, 
30464, 336, 335, 336, 340, 
30494, 339, 341, 339, 328, 
30524, 340, 340, 339, 329, 
30555, 336, 335, 336, 339, 
30584, 334, 331, 333, 349, 
30615, 335, 334, 335, 344, 
30645, 338, 339, 339, 332, 
30675, 339, 341, 340, 327, 
30705, 337, 338, 338, 336, 
30736, 334, 332, 335, 348, 
30766, 334, 333, 335, 347, 
30795, 338, 338, 339, 335, 
30826, 339, 342, 339, 327, 
30856, 337, 340, 338, 333, 
30886, 335, 333, 335, 344, 
30916, 333, 332, 334, 349, 
30947, 336, 336, 336, 339, 
30977, 338, 341, 340, 327, 
31007, 338, 340, 339, 329, 
31037, 335, 335, 336, 340, 
31068, 333, 331, 333, 348, 
31097, 335, 335, 337, 342, 
31127, 339, 339, 339, 330, 
31158, 339, 341, 340, 327, 
31187, 337, 337, 337, 338, 
31218, 333, 332, 334, 348, 
31248, 335, 333, 335, 345, 
31279, 339, 338, 338, 333, 
31308, 339, 342, 340, 326, 
31339, 337, 339, 338, 334, 
31369, 335, 333, 335, 345, 
31399, 334, 333, 334, 348, 
31429, 337, 336, 337, 337, 
31459, 339, 342, 339, 327, 
31490, 338, 339, 339, 332, 
31519, 335, 334, 336, 343, 
31550, 335, 331, 334, 349, 
31580, 336, 334, 336, 341, 
31610, 339, 340, 339, 329, 
31640, 340, 341, 341, 329, 
31671, 336, 336, 337, 339, 
31700, 334, 332, 335, 349, 
31730, 336, 333, 334, 345, 
31761, 338, 338, 339, 332, 
31791, 340, 342, 340, 327, 
31821, 337, 338, 338, 335, 
31851, 334, 332, 334, 347, 
31882, 334, 332, 334, 347, 
31911, 338, 337, 336, 336, 
31942, 339, 341, 340, 326, 
31972, 338, 340, 339, 332, 
32003, 334, 334, 335, 344, 
32032, 334, 331, 335, 349, 
32062, 336, 335, 337, 339, 
32093, 339, 340, 340, 328, 
32122, 338, 340, 339, 328, 
32153, 335, 336, 337, 340, 
32183, 334, 331, 333, 348, 
32214, 335, 333, 336, 343, 
32243, 337, 339, 338, 330, 
32274, 340, 342, 340, 327, 
32304, 337, 337, 337, 336, 
32334, 334, 332, 335, 347, 
32364, 335, 333, 335, 346, 
32394, 336, 337, 338, 334, 
32424, 340, 342, 340, 325, 
32454, 338, 339, 338, 332, 
32485, 334, 334, 335, 343, 
32515, 334, 333, 334, 348, 
32545, 336, 336, 338, 338, 
32575, 338, 341, 340, 327, 
32606, 338, 340, 339, 329, 
32635, 336, 335, 337, 341, 
32666, 333, 331, 334, 347, 
32696, 336, 334, 336, 341, 
32726, 339, 341, 340, 329, 
32756, 339, 341, 341, 326, 
32786, 337, 337, 337, 338, 
32817, 334, 332, 333, 348, 
32846, 334, 333, 335, 345, 
32877, 338, 338, 338, 333, 
32907, 339, 342, 340, 325, 
32937, 337, 338, 338, 333, 
32967, 334, 332, 335, 345, 
32998, 335, 332, 334, 347, 
33028, 337, 336, 337, 338, 
33057, 339, 341, 340, 326, 
33088, 339, 340, 339, 331, 
33118, 334, 335, 336, 342, 
33148, 333, 332, 334, 349, 
33178, 336, 335, 336, 341, 
33209, 340, 340, 340, 330, 
33239, 338, 342, 340, 328, 
33269, 336, 336, 337, 339, 
33299, 334, 331, 333, 349, 
33330, 335, 333, 335, 344, 
33359, 338, 338, 339, 333, 
33389, 340, 341, 340, 327, 
33420, 337, 338, 338, 336, 
33449, 333, 332, 334, 346, 
33480, 334, 332, 335, 347, 
33510, 337, 336, 337, 336, 
33541, 339, 342, 340, 327, 
33570, 338, 339, 339, 332, 
33601, 336, 334, 335, 343, 
33631, 333, 331, 334, 350, 
33660, 336, 335, 337, 341, 
33691, 339, 340, 339, 329, 
33721, 339, 341, 339, 328, 
33752, 336, 335, 336, 340, 
33781, 333, 331, 334, 349, 
33812, 335, 333, 335, 343, 
33842, 338, 338, 339, 331, 
33872, 340, 342, 340, 326, 
33902, 337, 337, 337, 335, 
33933, 333, 332, 335, 347, 
33963, 334, 332, 335, 346, 
33992, 337, 337, 338, 335, 
34023, 340, 341, 341, 326, 
34053, 337, 339, 338, 331, 
34083, 334, 334, 335, 343, 
34113, 333, 331, 334, 350, 
34144, 337, 335, 338, 339, 
34173, 339, 340, 340, 328, 
34204, 338, 340, 339, 329, 
34234, 335, 335, 336, 340, 
34265, 333, 331, 333, 349, 
34294, 335, 334, 335, 343, 
34324, 338, 339, 338, 331, 
34355, 339, 341, 340, 327, 
34384, 336, 337, 338, 336, 
34415, 334, 332, 334, 347, 
34445, 334, 332, 335, 345, 
34476, 337, 337, 338, 335, 
34505, 339, 341, 339, 327, 
34536, 337, 338, 338, 333, 
34566, 333, 334, 335, 345, 
34596, 333, 332, 333, 348, 
34626, 336, 336, 337, 338, 
34656, 339, 341, 340, 328, 
34686, 338, 340, 339, 330, 
34716, 335, 335, 336, 341, 
34747, 333, 331, 334, 349, 
34777, 335, 334, 336, 342, 
34807, 338, 341, 339, 330, 
34837, 339, 341, 340, 328, 
34868, 335, 338, 336, 337, 
34897, 333, 331, 334, 349, 
34928, 334, 333, 336, 345, 
34958, 337, 337, 338, 334, 
34988, 339, 341, 340, 326, 
35018, 337, 337, 339, 335, 
35048, 334, 334, 335, 346, 
35079, 333, 332, 335, 348, 
35108, 337, 336, 337, 337, 
35139, 339, 341, 340, 327, 
35169, 338, 341, 339, 331, 
35200, 335, 334, 335, 343, 
35229, 332, 331, 334, 351, 
35260, 335, 335, 336, 341, 
35290, 339, 340, 340, 329, 
35319, 338, 341, 340, 328, 
35350, 335, 337, 337, 339, 
35380, 332, 331, 334, 349, 
35410, 335, 334, 335, 344, 
35440, 337, 338, 338, 332, 
35471, 339, 341, 340, 326, 
35501, 336, 338, 337, 335, 
35531, 333, 332, 334, 346, 
35561, 332, 332, 335, 348, 
35591, 336, 337, 337, 337, 
35621, 339, 341, 339, 327, 
35651, 338, 339, 339, 331, 
35682, 335, 334, 335, 343, 
35712, 333, 331, 334, 349, 
35742, 335, 335, 336, 340, 
35772, 339, 340, 339, 329, 
35803, 338, 340, 340, 329, 
35832, 335, 335, 336, 340, 
35863, 334, 331, 333, 349, 
35893, 335, 334, 337, 342, 
35922, 338, 339, 339, 332, 
35953, 339, 342, 341, 327, 
35983, 336, 337, 337, 336, 
36014, 333, 332, 334, 347, 
36043, 334, 332, 334, 347, 
36074, 337, 337, 337, 336, 
36104, 341, 343, 341, 327, 
36134, 337, 339, 339, 333, 
36164, 334, 333, 335, 345, 
36195, 333, 331, 334, 349, 
36225, 338, 336, 337, 339, 
36254, 338, 340, 340, 328, 
36285, 339, 340, 339, 330, 
36315, 335, 336, 337, 341, 
36345, 334, 332, 334, 350, 
36375, 335, 334, 335, 343, 
36406, 338, 339, 339, 331, 
36435, 339, 340, 340, 327, 
36466, 337, 337, 336, 337, 
36496, 333, 332, 333, 348, 
36527, 334, 333, 335, 346, 
36556, 337, 338, 339, 334, 
36586, 339, 341, 340, 326, 
36617, 337, 338, 338, 333, 
36646, 334, 333, 335, 345, 
36677, 334, 332, 334, 347, 
36707, 336, 336, 337, 338, 
36738, 339, 341, 341, 327, 
36767, 338, 340, 339, 331, 
36798, 334, 335, 336, 342, 
36828, 334, 332, 335, 350, 
36858, 335, 334, 336, 342, 
36888, 339, 340, 339, 330, 
36918, 339, 341, 340, 328, 
36948, 336, 337, 337, 339, 
36978, 334, 332, 334, 349, 
37009, 335, 334, 335, 345, 
37039, 338, 338, 339, 334, 
37069, 339, 342, 340, 326, 
37099, 337, 338, 338, 335, 
37130, 335, 333, 335, 346, 
37159, 334, 332, 335, 347, 
37190, 337, 337, 337, 336, 
37220, 340, 342, 341, 326, 
37250, 338, 339, 338, 331, 
37280, 335, 334, 335, 342, 
37310, 333, 331, 333, 348, 
37341, 336, 335, 336, 340, 
37370, 339, 340, 339, 328, 
37401, 339, 340, 339, 328, 
37431, 336, 336, 336, 339, 
37462, 334, 332, 334, 349, 
37491, 335, 333, 335, 344, 
37521, 338, 339, 339, 332, 
37552, 339, 341, 340, 327, 
37581, 336, 339, 338, 336, 
37612, 333, 333, 334, 349, 
37642, 334, 332, 335, 347, 
37672, 338, 337, 338, 334, 
37702, 340, 342, 340, 327, 
37733, 337, 339, 338, 333, 
37763, 334, 333, 335, 345, 
37793, 334, 331, 334, 349, 
37823, 337, 336, 337, 339, 
37853, 339, 341, 340, 328, 
37883, 338, 339, 339, 330, 
37913, 335, 336, 336, 341, 
37944, 333, 331, 334, 349, 
37974, 335, 335, 335, 343, 
38004, 338, 339, 339, 331, 
38034, 339, 341, 340, 327, 
38065, 336, 337, 337, 338, 
38094, 334, 332, 334, 348, 
38125, 334, 332, 335, 346, 
38155, 337, 337, 338, 335, 
38184, 341, 341, 340, 326, 
38215, 338, 338, 339, 333, 
38245, 334, 334, 335, 346, 
38276, 333, 332, 334, 348, 
38305, 336, 335, 337, 337, 
38336, 339, 341, 341, 328, 
38366, 339, 340, 339, 331, 
38396, 335, 334, 335, 342, 
38426, 333, 331, 334, 349, 
38457, 336, 335, 336, 340, 
38487, 339, 340, 339, 330, 
38516, 340, 342, 339, 328, 
38547, 336, 336, 337, 339, 
38577, 332, 332, 335, 349, 
38607, 335, 333, 335, 345, 
38637, 338, 338, 339, 332, 
38668, 338, 341, 341, 326, 
38697, 337, 338, 338, 335, 
38728, 335, 333, 335, 346, 
38758, 334, 332, 335, 347, 
38789, 337, 338, 338, 336, 
38818, 339, 342, 340, 326, 
38848, 338, 339, 339, 331, 
38879, 335, 334, 337, 343, 
38908, 334, 331, 334, 350, 
38939, 336, 335, 336, 340, 
38969, 339, 341, 340, 328, 
39000, 339, 341, 340, 328, 
39029, 337, 337, 336, 339, 
39060, 333, 332, 334, 349, 
39090, 335, 333, 336, 343, 
39120, 339, 339, 339, 331, 
39150, 339, 342, 340, 326, 
39180, 337, 337, 338, 336, 
39211, 335, 333, 335, 346, 
39240, 334, 333, 335, 346, 
39271, 338, 337, 338, 335, 
39301, 340, 341, 340, 326, 
39331, 339, 339, 339, 332, 
39361, 334, 334, 335, 344, 
39392, 334, 331, 334, 349, 
39421, 336, 335, 337, 338, 
39451, 339, 341, 340, 327, 
39482, 338, 340, 340, 329, 
39512, 336, 336, 336, 341, 
39542, 333, 332, 335, 349, 
39572, 335, 335, 336, 342, 
39603, 339, 339, 339, 330, 
39632, 339, 341, 339, 326, 
39663, 336, 337, 337, 337, 
39693, 333, 331, 334, 348, 
39724, 335, 333, 335, 344, 
39753, 338, 338, 338, 333, 
39783, 340, 342, 340, 325, 
39814, 337, 338, 338, 333, 
39843, 334, 333, 335, 345, 
39874, 334, 332, 334, 348, 
39904, 337, 336, 338, 337, 
39934, 340, 341, 340, 327, 
39964, 339, 340, 338, 330, 
39995, 335, 335, 336, 342, 
40025, 333, 331, 334, 350, 
40055, 336, 335, 337, 341, 
40085, 339, 340, 340, 329, 
40115, 340, 341, 340, 328, 
40145, 336, 336, 337, 339, 
40175, 334, 332, 335, 349, 
40206, 335, 334, 335, 344, 
40236, 339, 339, 339, 331, 
40266, 339, 342, 341, 326, 
40296, 338, 338, 338, 335, 
40327, 334, 334, 334, 346, 
40356, 334, 332, 334, 347, 
40387, 337, 337, 338, 337, 
40417, 340, 341, 340, 326, 
40446, 337, 339, 339, 333, 
40477, 334, 335, 335, 344, 
40507, 334, 332, 334, 349, 
40538, 337, 336, 336, 340, 
40567, 339, 341, 340, 330, 
40598, 338, 341, 340, 329, 
40628, 336, 336, 337, 339, 
40658, 333, 332, 334, 349, 
40688, 336, 334, 336, 344, 
40719, 338, 339, 339, 331, 
40749, 339, 342, 340, 327, 
40778, 336, 338, 337, 337, 
40809, 333, 332, 334, 349, 
40839, 334, 333, 336, 346, 
40869, 338, 337, 339, 334, 
40899, 340, 342, 340, 326, 
40930, 338, 339, 338, 334, 
40960, 335, 333, 334, 345, 
40990, 333, 332, 334, 348, 
41020, 336, 336, 338, 338, 
41051, 339, 340, 340, 328, 
41080, 338, 340, 339, 331, 
41110, 334, 334, 336, 342, 
41141, 333, 331, 334, 350, 
41170, 336, 334, 337, 342, 
41201, 339, 340, 340, 330, 
41231, 339, 341, 340, 329, 
41262, 336, 336, 336, 339, 
41291, 333, 332, 333, 348, 
41322, 334, 333, 335, 344, 
41352, 338, 339, 339, 333, 
41381, 339, 341, 340, 326, 
41412, 337, 338, 338, 335, 
41442, 334, 332, 335, 347, 
41473, 334, 332, 334, 348, 
41502, 337, 338, 337, 336, 
41533, 340, 341, 340, 327, 
41563, 338, 339, 339, 332, 
41593, 334, 334, 336, 344, 
41623, 333, 331, 334, 350, 
41654, 336, 335, 336, 340, 
41683, 339, 341, 340, 329, 
41713, 337, 340, 340, 330, 
41744, 335, 335, 336, 340, 
41774, 333, 331, 334, 349, 
41804, 336, 334, 335, 343, 
41834, 338, 339, 339, 331, 
41865, 338, 341, 340, 327, 
41894, 337, 337, 337, 337, 
41925, 333, 332, 334, 349, 
41955, 335, 333, 336, 347, 
41986, 338, 337, 338, 335, 
42015, 339, 342, 340, 326, 
42045, 336, 339, 339, 333, 
42076, 334, 333, 335, 346, 
42105, 334, 333, 334, 348, 
42136, 336, 336, 337, 338, 
42166, 339, 341, 340, 329, 
42196, 338, 340, 339, 330, 
42226, 335, 335, 336, 342, 
42257, 333, 331, 334, 350, 
42287, 335, 335, 336, 341, 
42317, 339, 340, 340, 330, 
42347, 339, 341, 339, 328, 
42377, 336, 336, 336, 338, 
42407, 333, 332, 334, 349, 
42437, 334, 333, 335, 346, 
42468, 338, 338, 339, 332, 
42498, 340, 342, 341, 328, 
42528, 337, 337, 337, 335, 
42558, 334, 333, 334, 347, 
42589, 334, 332, 334, 347, 
42618, 338, 337, 337, 336, 
42649, 339, 341, 340, 326, 
42679, 338, 339, 339, 332, 
42708, 334, 334, 336, 344, 
42739, 333, 332, 333, 350, 
42769, 336, 335, 336, 340, 
42800, 339, 341, 340, 329, 
42829, 338, 341, 340, 330, 
42860, 335, 336, 337, 341, 
42890, 332, 332, 334, 349, 
42920, 335, 335, 336, 343, 
42950, 338, 339, 339, 332, 
42981, 339, 341, 340, 327, 
43011, 336, 337, 337, 337, 
43040, 333, 332, 334, 348, 
43071, 333, 334, 335, 346, 
43101, 337, 337, 339, 334, 
43131, 340, 341, 340, 327, 
43161, 337, 339, 338, 334, 
43192, 334, 334, 335, 346, 
43222, 333, 332, 334, 350, 
43252, 337, 337, 337, 338, 
43282, 339, 341, 340, 328, 
43312, 338, 340, 339, 330, 
43342, 334, 336, 336, 342, 
43372, 334, 331, 334, 349, 
43403, 334, 334, 336, 342, 
43432, 338, 340, 339, 331, 
43463, 340, 341, 339, 327, 
43493, 336, 336, 337, 338, 
43524, 333, 331, 334, 349, 
43553, 335, 334, 335, 345, 
43584, 338, 338, 339, 334, 
43614, 339, 343, 340, 327, 
43643, 337, 338, 338, 335, 
43674, 334, 333, 335, 346, 
43704, 334, 332, 334, 348, 
43735, 337, 337, 337, 337, 
43764, 339, 341, 341, 327, 
43795, 338, 340, 339, 331, 
43825, 335, 334, 335, 344, 
43855, 333, 331, 334, 349, 
43885, 336, 335, 336, 340, 
43916, 339, 340, 339, 329, 
43945, 338, 340, 340, 329, 
43975, 336, 336, 336, 340, 
44006, 333, 331, 333, 349, 
44036, 334, 333, 336, 343, 
44066, 338, 339, 337, 331, 
44096, 339, 341, 340, 327, 
44127, 336, 336, 338, 337, 
44156, 334, 332, 334, 347, 
44187, 334, 332, 335, 347, 
44217, 337, 337, 338, 333, 
44248, 339, 342, 341, 327, 
44277, 337, 339, 338, 333, 
44307, 334, 333, 335, 345, 
44338, 334, 332, 334, 349, 
44367, 336, 336, 337, 337, 
44398, 339, 341, 340, 327, 
44428, 338, 340, 339, 330, 
44459, 336, 335, 336, 341, 
44488, 333, 331, 334, 349, 
44519, 336, 335, 336, 341, 
44549, 340, 340, 339, 330, 
44579, 339, 341, 340, 327, 
44609, 336, 336, 337, 338, 
44639, 333, 332, 334, 348, 
44669, 335, 333, 335, 344, 
44699, 338, 338, 338, 333, 
44730, 340, 341, 341, 326, 
44760, 337, 337, 337, 334, 
44790, 334, 332, 334, 346, 
44820, 335, 332, 334, 347, 
44851, 338, 336, 338, 337, 
44880, 339, 341, 341, 326, 
44911, 338, 339, 339, 331, 
44941, 334, 334, 335, 343, 
44971, 333, 331, 334, 349, 
45001, 336, 335, 336, 339, 
45031, 339, 341, 340, 328, 
45062, 339, 341, 339, 329, 
45091, 336, 337, 336, 339, 
45122, 333, 331, 334, 348, 
45152, 335, 334, 335, 344, 
45182, 338, 339, 339, 332, 
45212, 339, 341, 340, 326, 
45242, 337, 338, 338, 337, 
45273, 334, 333, 334, 347, 
45302, 335, 334, 335, 346, 
45333, 338, 338, 338, 335, 
45363, 339, 342, 340, 326, 
45393, 338, 340, 339, 333, 
45423, 335, 334, 335, 345, 
45454, 334, 332, 334, 349, 
45484, 336, 337, 337, 338, 
45514, 340, 341, 340, 327, 
45544, 338, 340, 339, 331, 
45574, 335, 336, 336, 340, 
45604, 333, 332, 334, 349, 
45634, 336, 335, 336, 341, 
45665, 339, 340, 339, 330, 
45694, 339, 341, 340, 327, 
45725, 336, 336, 337, 338, 
45755, 333, 332, 334, 349, 
45786, 334, 333, 336, 345, 
45815, 339, 339, 339, 333, 
45846, 340, 342, 340, 328, 
45876, 338, 338, 336, 336, 
45905, 334, 333, 335, 347, 
45936, 334, 332, 334, 348, 
45966, 337, 336, 338, 337, 
45997, 340, 341, 341, 327, 
46026, 338, 339, 339, 332, 
46057, 335, 334, 335, 344, 
46087, 333, 332, 334, 350, 
46117, 336, 335, 336, 340, 
46147, 338, 340, 340, 329, 
46178, 339, 341, 340, 330, 
46208, 335, 336, 336, 341, 
46237, 333, 332, 334, 349, 
46268, 335, 335, 336, 344, 
46298, 338, 340, 339, 332, 
46328, 339, 341, 341, 326, 
46358, 337, 337, 337, 336, 
46389, 333, 332, 334, 348, 
46418, 334, 333, 335, 346, 
46449, 337, 338, 338, 335, 
46479, 340, 342, 340, 326, 
46510, 337, 338, 339, 333, 
46539, 334, 333, 334, 345, 
46569, 333, 331, 334, 347, 
46600, 336, 336, 338, 338, 
46629, 338, 341, 340, 327, 
46660, 338, 341, 339, 330, 
46690, 335, 335, 336, 342, 
46721, 333, 332, 334, 350, 
46750, 335, 335, 336, 343, 
46781, 338, 340, 340, 330, 
46811, 339, 341, 339, 328, 
46841, 336, 337, 336, 338, 
46871, 333, 332, 334, 349, 
46901, 335, 334, 334, 345, 
46931, 338, 338, 338, 333, 
46961, 339, 342, 340, 327, 
46992, 337, 337, 338, 336, 
47022, 334, 333, 335, 347, 
47052, 334, 332, 334, 348, 
47082, 337, 337, 338, 338, 
47113, 339, 341, 340, 327, 
47142, 338, 340, 339, 332, 
47172, 335, 334, 336, 344, 
47203, 334, 332, 334, 349, 
47233, 336, 335, 336, 340, 
47263, 339, 340, 339, 328, 
47293, 340, 340, 339, 329, 
47324, 335, 336, 336, 340, 
47353, 334, 332, 333, 349, 
47384, 335, 334, 335, 342, 
47414, 337, 339, 339, 331, 
47444, 339, 341, 340, 326, 
47474, 337, 337, 338, 336, 
47504, 333, 332, 335, 347, 
47535, 334, 333, 335, 346, 
47564, 339, 338, 339, 334, 
47595, 339, 341, 339, 325, 
47625, 337, 339, 338, 333, 
47655, 334, 333, 336, 345, 
47685, 334, 331, 334, 348, 
47716, 335, 336, 337, 339, 
47746, 341, 341, 340, 326, 
47776, 338, 340, 340, 330, 
47806, 335, 334, 336, 342, 
47836, 334, 331, 334, 349, 
47866, 335, 335, 336, 342, 
47896, 340, 340, 339, 330, 
47927, 339, 341, 340, 327, 
47956, 337, 336, 337, 337, 
47987, 333, 332, 334, 349, 
48017, 335, 334, 335, 345, 
48048, 338, 338, 339, 333, 
48077, 339, 342, 340, 327, 
48108, 337, 338, 337, 336, 
48138, 334, 333, 335, 346, 
48167, 334, 332, 334, 348, 
48198, 338, 337, 337, 336, 
48228, 339, 341, 340, 327, 
48259, 338, 339, 338, 331, 
48288, 335, 335, 337, 343, 
48319, 333, 331, 334, 349, 
48349, 337, 335, 336, 339, 
48379, 340, 340, 339, 329, 
48409, 339, 341, 339, 328, 
48440, 336, 336, 336, 340, 
48470, 333, 331, 334, 349, 
48499, 335, 333, 336, 343, 
48530, 338, 339, 340, 331, 
48560, 340, 342, 340, 326, 
48590, 337, 337, 337, 336, 
48620, 333, 332, 334, 348, 
48651, 333, 333, 335, 346, 
48680, 337, 337, 337, 335, 
48711, 340, 341, 339, 326, 
48741, 337, 339, 339, 333, 
48772, 334, 333, 336, 345, 
48801, 333, 332, 334, 349, 
48831, 336, 336, 337, 339, 
48862, 339, 340, 340, 328, 
48891, 338, 340, 339, 330, 
48922, 334, 335, 336, 341, 
48952, 334, 331, 334, 350, 
48983, 334, 334, 336, 342, 
49012, 338, 339, 340, 331, 
49043, 339, 342, 339, 327, 
49073, 336, 336, 337, 337, 
49102, 333, 331, 335, 348, 
49133, 334, 335, 335, 345, 
49163, 337, 338, 338, 333, 
49193, 340, 342, 341, 326, 
49223, 337, 338, 338, 334, 
49254, 334, 333, 335, 347, 
49284, 334, 332, 335, 348, 
49314, 337, 336, 337, 338, 
49344, 340, 341, 340, 328, 
49375, 338, 340, 340, 331, 
49404, 335, 334, 336, 342, 
49434, 334, 332, 334, 350, 
49465, 337, 335, 337, 340, 
49495, 340, 340, 340, 329, 
49525, 339, 341, 340, 328, 
49555, 336, 336, 337, 339, 
49586, 334, 332, 334, 348, 
49615, 334, 333, 336, 344, 
49646, 339, 339, 339, 332, 
49676, 339, 341, 340, 327, 
49707, 337, 337, 337, 336, 
49736, 334, 332, 334, 347, 
49766, 334, 332, 336, 347, 
49797, 336, 337, 338, 335, 
49826, 340, 341, 340, 326, 
49857, 338, 339, 339, 333, 
49887, 334, 335, 335, 344, 
49917, 334, 331, 334, 349, 
49947, 336, 335, 337, 338, 
49978, 339, 341, 339, 328, 
50008, 339, 340, 339, 330, 
50038, 335, 336, 334, 340, 
50068, 333, 332, 334, 349, 
50098, 335, 334, 335, 342, 
50128, 339, 338, 340, 330, 
50158, 339, 342, 340, 326, 
50189, 336, 337, 337, 337, 
50219, 333, 332, 335, 347, 
50249, 335, 334, 335, 345, 
50279, 338, 338, 339, 335, 
50310, 339, 341, 339, 325, 
50339, 337, 338, 338, 333, 
50370, 334, 333, 335, 344, 
50400, 333, 332, 335, 348, 
50429, 336, 336, 337, 336, 
50460, 339, 341, 342, 326, 
50490, 338, 339, 339, 329, 
50521, 335, 335, 336, 341, 
50550, 334, 332, 334, 349, 
50581, 335, 335, 336, 342, 
50611, 339, 340, 339, 329, 
50641, 339, 342, 340, 327, 
50671, 336, 336, 337, 338, 
50702, 334, 331, 334, 350, 
50732, 335, 333, 335, 345, 
50761, 338, 338, 338, 332, 
50792, 340, 342, 340, 326, 
50822, 337, 339, 338, 335, 
50852, 334, 332, 335, 346, 
50882, 334, 332, 334, 347, 
50913, 337, 337, 338, 336, 
50942, 340, 342, 340, 327, 
50973, 338, 340, 339, 331, 
51003, 335, 334, 335, 343, 
51033, 334, 331, 333, 350, 
51063, 336, 335, 336, 339, 
51093, 339, 340, 340, 328, 
51124, 338, 342, 339, 330, 
51153, 335, 336, 336, 340, 
51184, 332, 332, 334, 349, 
51214, 335, 334, 335, 345, 
51245, 338, 339, 338, 332, 
51274, 339, 341, 340, 327, 
51305, 336, 338, 337, 336, 
51335, 333, 332, 334, 347, 
51364, 334, 333, 336, 347, 
51395, 337, 337, 338, 335, 
51425, 339, 343, 340, 326, 
51456, 337, 339, 338, 333, 
51485, 334, 333, 335, 345, 
51516, 333, 332, 335, 349, 
51546, 336, 337, 337, 338, 
51576, 339, 340, 339, 328, 
51606, 338, 340, 339, 331, 
51637, 335, 336, 337, 341, 
51666, 333, 331, 334, 350, 
51696, 335, 334, 336, 342, 
51727, 339, 340, 339, 331, 
51757, 339, 341, 340, 328, 
51787, 336, 336, 338, 338, 
51817, 334, 332, 334, 348, 
51848, 334, 333, 335, 345, 
51877, 338, 338, 338, 334, 
51908, 340, 343, 340, 326, 
51938, 337, 339, 338, 334, 
51969, 334, 333, 336, 344, 
51998, 334, 332, 335, 347, 
52028, 337, 337, 336, 337, 
52059, 339, 341, 340, 326, 
52088, 339, 340, 339, 330, 
52119, 335, 335, 335, 342, 
52149, 333, 331, 335, 347, 
52179, 334, 335, 336, 340, 
52209, 339, 342, 340, 329, 
52240, 339, 341, 340, 328, 
52270, 336, 336, 336, 339, 
52300, 333, 332, 334, 349, 
52330, 334, 333, 335, 344, 
52360, 338, 338, 338, 332, 
52390, 339, 341, 340, 327, 
52420, 337, 338, 337, 337, 
52451, 334, 332, 335, 347, 
52481, 335, 332, 334, 348, 
52511, 337, 337, 338, 337, 
52541, 339, 342, 340, 327, 
52572, 338, 339, 338, 332, 
52601, 334, 335, 335, 344, 
52632, 333, 331, 334, 348, 
52662, 336, 336, 336, 339, 
52691, 339, 341, 340, 327, 
52722, 338, 340, 339, 328, 
52752, 335, 336, 336, 340, 
52783, 333, 331, 334, 348, 
52812, 335, 334, 336, 342, 
52843, 339, 339, 339, 330, 
52873, 339, 342, 340, 326, 
52903, 336, 337, 337, 336, 
52933, 333, 332, 334, 347, 
52963, 335, 333, 335, 346, 
52994, 338, 338, 338, 334, 
53023, 340, 341, 340, 326, 
53054, 337, 339, 338, 333, 
53084, 334, 333, 334, 345, 
53114, 333, 332, 334, 348, 
53144, 338, 336, 337, 338, 
53175, 340, 341, 339, 327, 
53204, 338, 341, 339, 330, 
53235, 335, 335, 336, 342, 
53265, 333, 331, 334, 349, 
53295, 335, 335, 337, 341, 
53325, 339, 340, 339, 329, 
53355, 339, 342, 340, 327, 
53386, 336, 337, 337, 339, 
53415, 333, 331, 334, 349, 
53446, 334, 333, 335, 345, 
53476, 337, 339, 338, 333, 
53507, 339, 342, 340, 326, 
53536, 337, 338, 338, 335, 
53567, 334, 333, 335, 346, 
53597, 334, 333, 335, 349, 
53626, 337, 336, 337, 337, 
53657, 339, 341, 341, 327, 
53687, 338, 340, 339, 333, 
53718, 335, 335, 336, 343, 
53747, 333, 331, 335, 350, 
53778, 336, 335, 337, 341, 
53808, 339, 340, 339, 329, 
53838, 339, 341, 339, 328, 
53868, 337, 336, 335, 339, 
53899, 333, 331, 334, 350, 
53928, 335, 334, 335, 344, 
53958, 338, 339, 340, 332, 
53989, 338, 341, 339, 327, 
54019, 337, 338, 338, 336, 
54049, 334, 333, 335, 346, 
54079, 335, 332, 335, 348, 
54110, 337, 337, 337, 337, 
54139, 339, 341, 340, 327, 
54170, 338, 339, 339, 332, 
54200, 334, 334, 335, 344, 
54231, 334, 331, 335, 350, 
54260, 337, 335, 337, 340, 
54290, 339, 341, 340, 328, 
54321, 338, 340, 339, 329, 
54350, 335, 335, 337, 340, 
54381, 333, 331, 334, 349, 
54411, 335, 334, 337, 343, 
54441, 339, 339, 339, 330, 
54471, 339, 341, 340, 326, 
54502, 336, 337, 338, 337, 
54532, 334, 332, 334, 347, 
54562, 334, 332, 335, 345, 
54592, 338, 338, 340, 334, 
54622, 339, 341, 340, 325, 
54652, 337, 338, 338, 333, 
54682, 334, 333, 334, 344, 
54713, 334, 332, 334, 347, 
54743, 336, 336, 337, 337, 
54773, 339, 341, 341, 326, 
54803, 339, 341, 339, 329, 
54834, 335, 335, 336, 341, 
54863, 333, 331, 335, 348, 
54893, 335, 334, 336, 340, 
54924, 339, 339, 339, 329, 
54953, 339, 341, 341, 328, 
54984, 336, 336, 336, 337, 
55014, 332, 332, 334, 347, 
55045, 335, 334, 336, 345, 
55074, 338, 338, 339, 332, 
55105, 340, 342, 340, 325, 
55135, 337, 339, 338, 334, 
55165, 334, 333, 335, 345, 
55195, 334, 332, 335, 347, 
55225, 337, 337, 337, 336, 
55256, 339, 341, 340, 326, 
55285, 338, 340, 339, 330, 
55316, 335, 334, 336, 342, 
55346, 335, 331, 335, 348, 
55376, 336, 335, 337, 340, 
55406, 339, 340, 339, 328, 
55437, 339, 341, 340, 327, 
55467, 336, 335, 336, 339, 
55497, 333, 332, 334, 349, 
55527, 337, 334, 335, 343, 
55557, 338, 339, 338, 331, 
55587, 339, 341, 340, 325, 
55617, 336, 337, 338, 335, 
55648, 333, 332, 335, 346, 
55677, 334, 332, 335, 346, 
55708, 338, 337, 337, 335, 
55738, 338, 341, 340, 326, 
55769, 337, 339, 338, 331, 
55798, 334, 334, 335, 343, 
55829, 333, 331, 334, 348, 
55859, 336, 336, 337, 338, 
55888, 339, 340, 340, 327, 
55919, 339, 339, 340, 328, 
55949, 335, 335, 337, 340, 
55980, 333, 331, 334, 348, 
56009, 337, 334, 336, 342, 
56040, 338, 339, 339, 329, 
56070, 339, 341, 339, 326, 
56100, 336, 337, 337, 336, 
56130, 333, 332, 334, 347, 
56161, 334, 332, 336, 345, 
56190, 337, 337, 338, 333, 
56220, 339, 342, 341, 325, 
56251, 339, 339, 338, 332, 
56281, 334, 333, 336, 345, 
56311, 333, 332, 334, 348, 
56341, 337, 337, 336, 337, 
56372, 339, 342, 339, 327, 
56401, 338, 340, 339, 330, 
56432, 336, 335, 336, 342, 
56462, 334, 331, 333, 349, 
56493, 335, 334, 336, 341, 
56522, 337, 339, 339, 329, 
56552, 339, 341, 339, 327, 
56583, 334, 337, 337, 338, 
56612, 334, 331, 334, 348, 
56643, 334, 333, 335, 345, 
56673, 337, 338, 338, 333, 
56704, 338, 341, 341, 326, 
56733, 336, 338, 337, 334, 
56764, 333, 332, 334, 347, 
56794, 333, 333, 335, 348, 
56823, 336, 336, 338, 337, 
56854, 339, 341, 340, 328, 
56884, 338, 341, 339, 332, 
56914, 335, 334, 335, 343, 
56944, 333, 331, 334, 349, 
56975, 337, 335, 336, 340, 
57005, 339, 340, 340, 329, 
57035, 338, 341, 340, 329, 
57065, 335, 335, 336, 340, 
57096, 333, 331, 334, 350, 
57125, 335, 333, 336, 345, 
57155, 338, 338, 339, 332, 
57186, 339, 341, 340, 327, 
57216, 336, 337, 338, 336, 
57246, 333, 332, 335, 348, 
57276, 334, 332, 335, 348, 
57307, 337, 337, 338, 335, 
57336, 339, 341, 340, 327, 
57367, 337, 339, 338, 333, 
57397, 334, 334, 335, 346, 
57427, 333, 331, 334, 349, 
57457, 337, 336, 336, 339, 
57487, 339, 341, 340, 329, 
57518, 338, 340, 340, 330, 
57547, 335, 335, 335, 342, 
57578, 333, 332, 333, 351, 
57608, 335, 334, 335, 342, 
57638, 339, 341, 339, 331, 
57668, 340, 341, 339, 328, 
57699, 336, 337, 337, 338, 
57729, 334, 332, 334, 348, 
57759, 334, 333, 335, 346, 
57789, 338, 338, 339, 333, 
57819, 339, 342, 341, 327, 
57849, 338, 338, 338, 334, 
57879, 334, 333, 335, 345, 
57910, 334, 331, 334, 348, 
57939, 336, 336, 337, 337, 
57970, 340, 341, 339, 328, 
58000, 338, 340, 339, 333, 
58031, 335, 334, 336, 343, 
58060, 333, 331, 334, 351, 
58091, 335, 335, 336, 341, 
58121, 339, 340, 339, 330, 
58150, 338, 341, 339, 329, 
58181, 335, 336, 337, 340, 
58211, 333, 332, 334, 350, 
58242, 334, 334, 335, 345, 
58271, 338, 339, 339, 333, 
58302, 339, 342, 341, 328, 
58332, 336, 339, 337, 336, 
58362, 334, 333, 335, 347, 
58392, 334, 332, 335, 347, 
58423, 337, 337, 338, 336, 
58452, 340, 341, 340, 327, 
58482, 338, 339, 339, 333, 
58513, 334, 334, 335, 344, 
58543, 334, 332, 335, 349, 
58573, 335, 336, 337, 339, 
58603, 339, 340, 341, 329, 
58634, 339, 340, 338, 330, 
58663, 335, 335, 336, 341, 
58694, 333, 331, 334, 349, 
58724, 336, 334, 336, 346, 
58754, 338, 339, 339, 331, 
58784, 340, 341, 341, 328, 
58814, 336, 337, 338, 337, 
58845, 333, 333, 334, 349, 
58874, 334, 333, 335, 346, 
58905, 338, 339, 338, 334, 
58935, 339, 343, 340, 326, 
58966, 338, 339, 339, 334, 
58995, 334, 333, 335, 345, 
59026, 334, 331, 334, 348, 
59056, 337, 336, 337, 338, 
59085, 340, 341, 340, 328, 
59116, 339, 339, 339, 332, 
59146, 335, 334, 336, 342, 
59176, 333, 332, 334, 351, 
59206, 336, 335, 336, 342, 
59237, 341, 341, 339, 329, 
59267, 340, 341, 340, 328, 
59297, 335, 336, 337, 339, 
59327, 333, 331, 334, 349, 
59358, 335, 333, 335, 345, 
59387, 338, 338, 338, 331, 
59417, 340, 340, 340, 326, 
59448, 337, 337, 338, 335, 
59478, 333, 332, 333, 347, 
59508, 334, 332, 335, 348, 
59538, 337, 337, 338, 336, 
59569, 339, 341, 341, 327, 
59598, 338, 340, 339, 332, 
59629, 335, 334, 336, 344, 
59659, 334, 331, 334, 349, 
59689, 336, 335, 337, 340, 
59719, 340, 341, 341, 329, 
59749, 339, 340, 339, 329, 
59780, 334, 336, 337, 340, 
59809, 333, 332, 335, 349, 
59840, 335, 334, 336, 343, 
59870, 339, 339, 339, 331, 
59900, 339, 343, 341, 327, 
59930, 337, 337, 337, 337, 
59961, 334, 333, 335, 347, 
59991, 334, 333, 336, 346, 
60021, 338, 338, 338, 335, 
60051, 340, 342, 340, 326, 
60081, 337, 339, 339, 334, 
60111, 334, 333, 335, 345, 
60141, 334, 332, 334, 348, 
60172, 337, 336, 338, 338, 
60201, 340, 341, 340, 327, 
60232, 339, 340, 340, 330, 
60262, 335, 335, 336, 343, 
60293, 334, 331, 334, 350, 
60322, 336, 335, 336, 341, 
60353, 339, 339, 340, 329, 
60383, 339, 341, 340, 327, 
60412, 337, 336, 337, 338, 
60443, 333, 333, 334, 348, 
60473, 335, 333, 335, 344, 
60504, 339, 339, 338, 332, 
60533, 341, 341, 340, 327, 
60564, 338, 338, 338, 335, 
60594, 334, 333, 334, 346, 
60624, 334, 332, 335, 347, 
60654, 337, 336, 338, 334, 
60684, 340, 342, 340, 326, 
60715, 338, 339, 339, 331, 
60744, 335, 334, 335, 343, 
60775, 334, 331, 334, 348, 
60805, 336, 335, 337, 339, 
60835, 339, 341, 340, 328, 
60865, 339, 340, 339, 328, 
60896, 336, 336, 336, 339, 
60925, 334, 331, 334, 348, 
60956, 335, 333, 336, 343, 
60986, 338, 339, 339, 331, 
61016, 339, 341, 340, 326, 
61046, 336, 337, 338, 336, 
61076, 335, 333, 334, 348, 
61107, 334, 332, 335, 346, 
61136, 337, 338, 339, 335, 
61167, 339, 341, 340, 327, 
61197, 337, 339, 338, 332, 
61228, 334, 334, 335, 344, 
61257, 334, 332, 334, 348, 
61288, 336, 336, 336, 338, 
61318, 339, 341, 340, 327, 
61347, 338, 341, 339, 330, 
61378, 335, 335, 336, 342, 
61408, 333, 331, 334, 349, 
61438, 334, 334, 335, 342, 
61468, 338, 340, 339, 331, 
61499, 339, 341, 340, 328, 
61529, 336, 336, 338, 339, 
61559, 333, 332, 334, 349, 
61589, 335, 333, 335, 345, 
61620, 338, 339, 339, 331, 
61649, 339, 342, 340, 326, 
61679, 337, 338, 338, 335, 
61710, 334, 333, 335, 346, 
61740, 334, 331, 334, 347, 
