0, 335, 335, 336, 336, 
1, 336, 338, 338, 332, 
2, 338, 341, 340, 328, 
11, 334, 332, 335, 348, 
37, 339, 341, 341, 327, 
65, 336, 335, 336, 342, 
92, 335, 334, 336, 342, 
119, 339, 341, 340, 328, 
147, 335, 334, 335, 347, 
175, 336, 335, 335, 343, 
203, 339, 342, 340, 328, 
231, 335, 335, 336, 344, 
260, 335, 334, 335, 345, 
287, 339, 342, 340, 327, 
316, 336, 337, 338, 341, 
344, 334, 333, 334, 348, 
371, 339, 341, 340, 329, 
400, 337, 338, 337, 337, 
428, 334, 332, 334, 350, 
456, 338, 340, 339, 332, 
484, 337, 338, 339, 333, 
512, 333, 331, 334, 350, 
540, 337, 338, 339, 334, 
568, 338, 340, 339, 330, 
596, 334, 331, 335, 349, 
624, 337, 337, 337, 338, 
653, 338, 341, 340, 328, 
680, 333, 333, 335, 346, 
708, 335, 335, 336, 341, 
737, 339, 342, 341, 328, 
764, 335, 334, 336, 343, 
793, 334, 333, 335, 344, 
821, 340, 342, 341, 326, 
849, 335, 336, 337, 340, 
877, 334, 332, 335, 345, 
905, 339, 340, 339, 328, 
933, 337, 337, 338, 336, 
961, 333, 331, 334, 348, 
990, 338, 339, 338, 331, 
1017, 338, 339, 340, 333, 
1046, 333, 332, 334, 347, 
1076, 335, 334, 335, 341, 
1104, 339, 341, 340, 327, 
1134, 337, 338, 338, 334, 
1163, 333, 331, 334, 348, 
1192, 336, 334, 336, 341, 
1221, 339, 342, 340, 325, 
1251, 337, 338, 338, 335, 
1280, 333, 331, 334, 347, 
1308, 336, 335, 336, 340, 
1338, 339, 342, 340, 326, 
1367, 337, 337, 338, 335, 
1396, 333, 331, 334, 349, 
1425, 335, 335, 337, 338, 
1455, 339, 342, 340, 326, 
1483, 336, 337, 338, 336, 
1512, 333, 332, 334, 349, 
1542, 337, 336, 336, 337, 
1570, 339, 341, 340, 327, 
1600, 336, 337, 337, 338, 
1629, 333, 331, 334, 349, 
1658, 336, 336, 337, 336, 
1687, 339, 342, 340, 326, 
1717, 337, 336, 337, 337, 
1745, 333, 331, 334, 349, 
1774, 337, 337, 337, 337, 
1804, 339, 341, 341, 326, 
1832, 336, 336, 337, 339, 
1862, 333, 331, 334, 348, 
1891, 337, 338, 337, 335, 
1921, 339, 342, 339, 326, 
1949, 335, 335, 336, 341, 
1978, 333, 332, 333, 349, 
2008, 337, 338, 337, 334, 
2036, 339, 341, 340, 326, 
2066, 335, 336, 336, 341, 
2095, 334, 333, 335, 347, 
2124, 337, 338, 338, 333, 
2153, 339, 341, 340, 327, 
2183, 335, 335, 336, 341, 
2211, 333, 332, 334, 347, 
2240, 338, 338, 338, 332, 
2270, 338, 341, 340, 327, 
2298, 336, 334, 336, 343, 
2328, 333, 332, 334, 346, 
2357, 338, 339, 339, 330, 
2386, 339, 341, 339, 328, 
2415, 334, 334, 335, 343, 
2444, 334, 332, 334, 346, 
2473, 338, 339, 338, 331, 
2502, 339, 340, 340, 329, 
2532, 334, 333, 335, 344, 
2561, 334, 332, 335, 345, 
2590, 338, 341, 339, 330, 
2619, 338, 340, 339, 330, 
2649, 333, 333, 334, 346, 
2677, 334, 333, 335, 345, 
2706, 338, 340, 339, 330, 
2736, 338, 339, 339, 331, 
2764, 334, 333, 335, 347, 
2794, 334, 334, 335, 344, 
2823, 338, 340, 339, 329, 
2852, 339, 339, 339, 332, 
2881, 334, 332, 335, 347, 
2910, 335, 334, 335, 343, 
2939, 340, 341, 339, 328, 
2968, 339, 339, 339, 332, 
2998, 332, 332, 335, 347, 
3026, 335, 335, 335, 343, 
3056, 339, 341, 341, 328, 
3085, 338, 339, 339, 333, 
3115, 333, 333, 334, 349, 
3143, 335, 334, 335, 343, 
3172, 339, 341, 340, 328, 
3202, 338, 338, 339, 335, 
3230, 334, 331, 334, 349, 
3260, 335, 336, 337, 341, 
3289, 339, 342, 340, 327, 
3318, 338, 339, 338, 336, 
3347, 333, 331, 335, 349, 
3376, 337, 335, 335, 340, 
3405, 340, 342, 340, 326, 
3434, 337, 338, 338, 336, 
3464, 333, 331, 334, 349, 
3492, 336, 336, 336, 339, 
3522, 339, 342, 341, 326, 
3551, 337, 337, 337, 337, 
3580, 333, 329, 335, 350, 
3609, 336, 336, 337, 338, 
3638, 339, 342, 340, 326, 
3667, 336, 340, 339, 338, 
3696, 333, 331, 334, 350, 
3726, 335, 336, 337, 337, 
3755, 339, 342, 340, 326, 
3784, 336, 337, 337, 338, 
3813, 333, 331, 334, 349, 
3842, 336, 336, 337, 336, 
3871, 340, 342, 340, 325, 
3900, 336, 336, 337, 339, 
3930, 333, 330, 334, 348, 
3958, 337, 337, 337, 335, 
3988, 339, 342, 340, 326, 
4017, 335, 335, 337, 340, 
4046, 334, 331, 333, 348, 
4075, 338, 337, 337, 335, 
4104, 339, 341, 341, 327, 
4133, 335, 335, 336, 341, 
4162, 333, 331, 334, 348, 
4192, 338, 338, 338, 333, 
4220, 339, 341, 340, 327, 
4250, 335, 335, 336, 342, 
4279, 334, 331, 334, 346, 
4307, 338, 338, 337, 333, 
4337, 339, 341, 340, 327, 
4366, 334, 334, 336, 342, 
4396, 334, 333, 334, 347, 
4424, 337, 339, 337, 332, 
4454, 338, 341, 340, 328, 
4483, 335, 334, 336, 343, 
4512, 334, 332, 335, 347, 
4541, 338, 339, 339, 331, 
4570, 340, 340, 341, 329, 
4599, 334, 334, 336, 344, 
4628, 334, 332, 335, 346, 
4658, 339, 340, 338, 330, 
4686, 339, 340, 340, 330, 
4716, 334, 333, 336, 345, 
4745, 334, 333, 336, 345, 
4773, 339, 340, 339, 329, 
4803, 339, 341, 340, 330, 
4832, 334, 333, 336, 345, 
4861, 335, 333, 335, 344, 
4890, 339, 340, 339, 328, 
4920, 338, 338, 339, 332, 
4948, 334, 332, 336, 346, 
4978, 335, 333, 335, 344, 
5007, 339, 340, 339, 328, 
5036, 338, 339, 339, 331, 
5065, 334, 332, 334, 347, 
5094, 335, 333, 335, 342, 
5124, 339, 341, 340, 327, 
5152, 337, 339, 340, 333, 
5182, 333, 332, 334, 347, 
5211, 336, 334, 335, 341, 
5239, 339, 341, 339, 327, 
5269, 338, 339, 340, 334, 
5298, 333, 332, 334, 347, 
5327, 335, 335, 335, 340, 
5356, 340, 341, 340, 326, 
5386, 338, 338, 338, 334, 
5414, 333, 331, 334, 348, 
5444, 336, 335, 336, 339, 
5473, 339, 342, 340, 326, 
5501, 336, 338, 338, 335, 
5531, 333, 331, 334, 348, 
5560, 336, 335, 336, 339, 
5590, 341, 341, 339, 326, 
5618, 337, 337, 337, 336, 
5648, 333, 331, 334, 349, 
5677, 336, 335, 336, 338, 
5705, 340, 341, 340, 325, 
5735, 336, 337, 338, 336, 
5764, 333, 331, 333, 349, 
5793, 336, 336, 336, 338, 
5822, 339, 342, 341, 325, 
5852, 336, 336, 338, 337, 
5880, 333, 331, 334, 349, 
5910, 336, 337, 336, 336, 
5939, 340, 340, 340, 325, 
5967, 336, 336, 337, 338, 
5997, 333, 331, 333, 348, 
6026, 336, 337, 339, 335, 
6055, 339, 341, 340, 326, 
6084, 336, 336, 337, 339, 
6114, 333, 331, 334, 349, 
6142, 336, 337, 338, 335, 
6171, 339, 341, 340, 326, 
6201, 336, 335, 336, 341, 
6230, 333, 331, 334, 348, 
6259, 338, 337, 336, 334, 
6288, 339, 341, 342, 327, 
6318, 335, 335, 336, 341, 
6346, 333, 333, 334, 347, 
6376, 337, 338, 339, 333, 
6405, 340, 341, 340, 327, 
6433, 335, 334, 336, 341, 
6463, 334, 332, 334, 347, 
6492, 338, 338, 338, 332, 
6521, 339, 341, 341, 328, 
6550, 335, 334, 336, 344, 
6580, 335, 332, 334, 346, 
6608, 338, 340, 338, 331, 
6637, 338, 339, 339, 329, 
6667, 334, 334, 335, 344, 
6695, 333, 333, 334, 346, 
6725, 339, 339, 338, 330, 
6754, 338, 341, 339, 329, 
6784, 334, 334, 335, 344, 
6812, 334, 333, 335, 345, 
6842, 338, 339, 340, 330, 
6871, 338, 340, 339, 330, 
6899, 334, 333, 336, 345, 
6929, 334, 333, 334, 345, 
6958, 339, 340, 340, 329, 
6987, 339, 340, 339, 331, 
7016, 334, 332, 335, 347, 
7046, 334, 333, 334, 344, 
7074, 338, 340, 339, 329, 
7103, 338, 340, 339, 332, 
7133, 333, 332, 334, 347, 
7161, 335, 334, 335, 343, 
7191, 339, 342, 340, 329, 
7220, 338, 339, 339, 333, 
7249, 333, 332, 334, 348, 
7278, 335, 335, 335, 343, 
7308, 339, 342, 340, 328, 
7336, 337, 339, 339, 334, 
7365, 333, 332, 335, 348, 
7395, 334, 334, 335, 342, 
7424, 339, 341, 340, 327, 
7453, 337, 339, 339, 335, 
7482, 333, 333, 333, 349, 
7512, 336, 335, 336, 342, 
7540, 339, 341, 339, 327, 
7569, 337, 337, 339, 336, 
7599, 334, 331, 334, 350, 
7627, 336, 338, 336, 339, 
7657, 339, 342, 340, 326, 
7686, 336, 338, 338, 336, 
7715, 333, 331, 334, 349, 
7744, 336, 335, 336, 339, 
7774, 339, 341, 340, 326, 
7802, 337, 337, 337, 337, 
7831, 333, 331, 334, 350, 
7861, 336, 337, 337, 338, 
7889, 339, 342, 340, 326, 
7919, 337, 337, 338, 337, 
7948, 333, 331, 334, 349, 
7977, 337, 337, 337, 337, 
8006, 339, 341, 340, 326, 
8035, 336, 336, 337, 340, 
8065, 333, 331, 335, 349, 
8093, 337, 337, 337, 336, 
8123, 339, 341, 340, 326, 
8152, 336, 336, 338, 339, 
8181, 333, 332, 334, 348, 
8210, 335, 337, 336, 335, 
8240, 338, 342, 340, 327, 
8268, 335, 335, 336, 340, 
8297, 333, 331, 334, 347, 
8327, 337, 338, 337, 333, 
8355, 339, 341, 340, 327, 
8385, 335, 336, 337, 341, 
8414, 333, 331, 334, 349, 
8443, 337, 338, 338, 334, 
8472, 339, 341, 340, 327, 
8501, 335, 335, 337, 342, 
8530, 333, 332, 334, 347, 
8559, 339, 338, 338, 332, 
8589, 339, 341, 340, 328, 
8617, 335, 334, 337, 343, 
8647, 334, 332, 335, 346, 
8676, 338, 339, 339, 331, 
8706, 338, 340, 339, 328, 
8734, 334, 335, 336, 344, 
8763, 334, 331, 334, 345, 
8793, 338, 339, 339, 330, 
8821, 338, 340, 339, 328, 
8851, 333, 333, 336, 345, 
8880, 334, 332, 335, 345, 
8909, 339, 339, 339, 331, 
8938, 338, 339, 340, 329, 
8967, 334, 332, 335, 345, 
8996, 334, 333, 335, 345, 
9025, 338, 340, 339, 329, 
9055, 338, 340, 340, 331, 
9083, 334, 333, 335, 347, 
9113, 335, 333, 335, 344, 
9142, 339, 341, 339, 328, 
9171, 338, 340, 339, 332, 
9200, 333, 333, 335, 347, 
9229, 334, 333, 334, 343, 
9259, 339, 341, 339, 328, 
9287, 338, 338, 339, 333, 
9317, 333, 331, 334, 349, 
9346, 336, 335, 336, 342, 
9375, 338, 341, 340, 327, 
9404, 339, 338, 339, 333, 
9433, 333, 331, 334, 348, 
9462, 335, 334, 335, 341, 
9491, 340, 341, 341, 328, 
9521, 337, 337, 339, 334, 
9549, 333, 331, 333, 348, 
9579, 335, 335, 336, 340, 
9608, 339, 341, 339, 326, 
9637, 337, 337, 337, 335, 
9666, 333, 331, 334, 348, 
9695, 335, 335, 336, 339, 
9724, 339, 342, 341, 325, 
9753, 337, 337, 338, 337, 
9783, 333, 331, 334, 349, 
9811, 336, 336, 336, 338, 
9841, 340, 341, 341, 325, 
9870, 337, 336, 338, 337, 
9899, 334, 331, 334, 348, 
9928, 336, 337, 337, 338, 
9957, 338, 343, 341, 325, 
9987, 336, 336, 338, 338, 
10015, 333, 331, 334, 349, 
10046, 335, 335, 335, 340, 
10076, 338, 341, 339, 328, 
10106, 339, 341, 340, 328, 
10136, 337, 336, 337, 339, 
10167, 333, 331, 335, 350, 
10196, 335, 333, 335, 343, 
10226, 338, 339, 338, 331, 
10257, 339, 341, 340, 326, 
10287, 337, 337, 339, 336, 
10317, 334, 333, 335, 348, 
10347, 334, 333, 333, 345, 
10378, 337, 338, 337, 334, 
10407, 339, 341, 341, 326, 
10438, 337, 338, 338, 333, 
10468, 335, 332, 336, 345, 
10498, 334, 332, 334, 348, 
10528, 336, 336, 336, 336, 
10558, 340, 341, 339, 326, 
10589, 338, 339, 340, 330, 
10618, 334, 334, 335, 342, 
10649, 333, 331, 335, 348, 
10679, 336, 336, 336, 339, 
10710, 339, 341, 339, 327, 
10739, 340, 341, 339, 328, 
10770, 336, 336, 337, 340, 
10800, 333, 331, 334, 349, 
10829, 335, 334, 335, 342, 
10860, 338, 339, 338, 330, 
10890, 339, 342, 339, 327, 
10920, 337, 337, 337, 337, 
10950, 334, 332, 334, 348, 
10981, 334, 333, 335, 346, 
11011, 337, 338, 337, 333, 
11041, 340, 342, 340, 326, 
11071, 337, 338, 339, 334, 
11102, 334, 332, 335, 346, 
11131, 334, 332, 334, 346, 
11161, 337, 337, 337, 336, 
11192, 339, 341, 341, 326, 
11222, 338, 339, 339, 332, 
11252, 335, 333, 335, 345, 
11282, 334, 332, 334, 349, 
11313, 336, 335, 337, 339, 
11342, 339, 341, 339, 327, 
11373, 339, 340, 339, 329, 
11403, 336, 335, 337, 342, 
11433, 333, 331, 334, 350, 
11463, 336, 334, 335, 341, 
11493, 338, 339, 339, 330, 
11524, 338, 341, 340, 328, 
11553, 336, 336, 337, 338, 
11584, 333, 331, 334, 349, 
11614, 334, 334, 335, 344, 
11644, 339, 338, 339, 332, 
11674, 340, 342, 340, 326, 
11705, 337, 337, 337, 335, 
11735, 333, 332, 335, 347, 
11765, 334, 332, 334, 346, 
11795, 336, 337, 339, 335, 
11825, 340, 343, 339, 326, 
11855, 339, 338, 338, 333, 
11885, 335, 333, 335, 344, 
11916, 333, 331, 334, 348, 
11945, 336, 336, 337, 338, 
11976, 339, 341, 340, 326, 
12006, 339, 340, 339, 330, 
12037, 335, 334, 336, 342, 
12066, 333, 331, 334, 349, 
12097, 336, 335, 336, 341, 
12127, 339, 340, 339, 329, 
12156, 339, 341, 340, 328, 
12187, 336, 335, 336, 339, 
12217, 334, 331, 334, 350, 
12248, 334, 333, 336, 343, 
12277, 337, 339, 338, 330, 
12308, 339, 341, 340, 326, 
12338, 337, 337, 338, 336, 
12368, 334, 332, 334, 347, 
12398, 334, 332, 334, 345, 
12428, 337, 338, 337, 333, 
12459, 339, 341, 340, 325, 
12488, 337, 338, 339, 334, 
12519, 333, 333, 335, 346, 
12549, 334, 331, 334, 347, 
12579, 336, 337, 337, 336, 
12609, 339, 341, 340, 327, 
12640, 338, 339, 339, 331, 
12669, 335, 334, 335, 343, 
12700, 333, 331, 333, 349, 
12730, 336, 335, 336, 340, 
12760, 339, 340, 339, 328, 
12790, 338, 340, 341, 329, 
12820, 335, 335, 336, 340, 
12851, 333, 331, 334, 349, 
12880, 335, 334, 335, 342, 
12911, 338, 339, 338, 330, 
12941, 339, 341, 341, 327, 
12972, 336, 336, 337, 337, 
13001, 333, 331, 334, 347, 
13032, 335, 332, 335, 345, 
13062, 336, 338, 338, 334, 
13091, 339, 342, 340, 326, 
13122, 337, 338, 338, 334, 
13152, 334, 332, 335, 345, 
13182, 334, 332, 334, 346, 
13212, 336, 337, 337, 335, 
13243, 339, 341, 340, 326, 
13273, 338, 339, 339, 332, 
13303, 334, 333, 334, 344, 
13333, 334, 331, 334, 348, 
13364, 336, 336, 336, 339, 
13393, 339, 341, 340, 328, 
13423, 338, 339, 339, 329, 
13454, 335, 334, 336, 341, 
13484, 333, 331, 334, 350, 
13514, 335, 334, 335, 341, 
13544, 338, 340, 339, 329, 
13575, 339, 341, 340, 328, 
13604, 336, 336, 337, 338, 
13635, 333, 331, 334, 348, 
13665, 333, 333, 335, 345, 
13696, 337, 340, 339, 332, 
13725, 339, 342, 339, 328, 
13755, 337, 338, 338, 336, 
13786, 334, 333, 335, 347, 
13815, 334, 332, 334, 346, 
13846, 337, 337, 337, 334, 
13876, 339, 342, 341, 327, 
13906, 338, 339, 339, 333, 
13936, 333, 333, 335, 345, 
13967, 333, 332, 334, 348, 
13997, 337, 335, 337, 338, 
14027, 339, 341, 340, 326, 
14057, 338, 340, 340, 330, 
14087, 335, 335, 336, 341, 
14117, 333, 332, 335, 348, 
14147, 335, 335, 336, 340, 
14178, 338, 340, 338, 328, 
14208, 339, 341, 340, 327, 
14238, 336, 336, 337, 338, 
14268, 333, 331, 334, 349, 
14299, 335, 334, 335, 342, 
14328, 339, 338, 340, 331, 
14358, 339, 341, 341, 327, 
14389, 337, 337, 339, 336, 
14418, 334, 332, 333, 347, 
14449, 334, 332, 334, 345, 
14479, 337, 337, 338, 333, 
14510, 340, 342, 340, 325, 
14539, 337, 338, 338, 333, 
14570, 334, 333, 335, 345, 
14600, 333, 332, 334, 347, 
14630, 336, 337, 337, 337, 
14660, 340, 342, 340, 326, 
14690, 340, 340, 339, 331, 
14721, 335, 334, 337, 344, 
14750, 335, 331, 332, 348, 
14781, 336, 335, 336, 340, 
14811, 339, 340, 339, 328, 
14841, 339, 340, 340, 327, 
14871, 336, 335, 338, 340, 
14902, 333, 331, 334, 349, 
14931, 336, 334, 335, 342, 
14962, 338, 340, 339, 331, 
14992, 339, 341, 340, 326, 
15022, 337, 337, 338, 337, 
15052, 333, 332, 334, 348, 
15082, 334, 333, 334, 346, 
15113, 338, 338, 338, 334, 
15142, 338, 342, 341, 326, 
15173, 337, 338, 340, 335, 
15203, 335, 332, 335, 348, 
15234, 334, 332, 335, 347, 
15263, 336, 336, 337, 337, 
15294, 339, 342, 340, 327, 
15324, 338, 339, 339, 332, 
15353, 335, 334, 337, 344, 
15384, 333, 332, 335, 351, 
15414, 336, 336, 336, 339, 
15444, 339, 340, 340, 328, 
15474, 339, 340, 340, 330, 
15505, 336, 335, 337, 341, 
15535, 334, 331, 333, 349, 
15565, 335, 334, 335, 343, 
15595, 338, 340, 339, 330, 
15626, 339, 341, 340, 328, 
15655, 336, 336, 337, 339, 
15685, 333, 331, 334, 349, 
15716, 334, 332, 335, 345, 
15746, 339, 339, 338, 333, 
15776, 340, 342, 340, 326, 
15806, 338, 338, 339, 335, 
15837, 333, 331, 335, 346, 
15866, 334, 332, 334, 347, 
15897, 337, 337, 337, 336, 
15927, 339, 341, 340, 327, 
15958, 338, 339, 338, 331, 
15987, 334, 334, 336, 344, 
16017, 333, 331, 334, 348, 
16048, 336, 336, 336, 339, 
16077, 339, 341, 341, 327, 
16108, 339, 340, 340, 329, 
16138, 336, 335, 336, 341, 
16168, 334, 331, 333, 349, 
16198, 335, 334, 335, 341, 
16229, 338, 340, 339, 329, 
16259, 339, 341, 340, 327, 
16288, 336, 336, 337, 338, 
16319, 335, 331, 334, 347, 
16349, 335, 333, 336, 345, 
16379, 339, 339, 338, 332, 
16409, 340, 341, 340, 326, 
16440, 338, 338, 338, 335, 
16470, 334, 333, 335, 347, 
16500, 334, 332, 334, 347, 
16530, 338, 337, 337, 335, 
16561, 340, 342, 340, 326, 
16590, 338, 339, 339, 332, 
16620, 335, 334, 337, 344, 
16651, 334, 331, 334, 348, 
16680, 336, 336, 337, 338, 
16711, 339, 341, 340, 327, 
16741, 338, 340, 340, 330, 
16772, 335, 335, 336, 341, 
16801, 333, 331, 334, 349, 
16832, 336, 335, 336, 341, 
16862, 340, 340, 340, 330, 
16892, 340, 341, 340, 329, 
16922, 336, 336, 336, 339, 
16952, 335, 331, 334, 349, 
16983, 335, 333, 335, 344, 
17012, 339, 339, 338, 332, 
17043, 341, 342, 341, 326, 
17073, 337, 337, 338, 335, 
17103, 335, 332, 334, 347, 
17133, 334, 332, 335, 346, 
17164, 336, 337, 337, 336, 
17193, 339, 342, 340, 326, 
17224, 339, 339, 339, 332, 
17254, 334, 333, 336, 344, 
17284, 334, 332, 334, 348, 
17314, 336, 336, 336, 338, 
17344, 339, 341, 340, 328, 
17375, 339, 342, 340, 331, 
17404, 336, 336, 337, 342, 
17435, 333, 331, 333, 349, 
17465, 335, 335, 335, 340, 
17496, 338, 340, 339, 330, 
17525, 338, 340, 340, 327, 
17556, 336, 336, 339, 339, 
17586, 332, 331, 335, 349, 
17615, 336, 333, 335, 344, 
17646, 338, 340, 338, 331, 
17676, 340, 340, 340, 326, 
17707, 337, 337, 338, 336, 
17736, 334, 333, 334, 347, 
17767, 334, 332, 335, 346, 
17797, 337, 337, 338, 334, 
17827, 339, 342, 340, 326, 
17857, 338, 340, 339, 332, 
17888, 334, 333, 335, 346, 
17917, 334, 332, 334, 348, 
17947, 336, 336, 336, 338, 
17978, 339, 341, 340, 327, 
18008, 339, 340, 339, 330, 
18038, 335, 334, 336, 342, 
18068, 334, 331, 334, 348, 
18099, 336, 335, 336, 340, 
18128, 340, 341, 340, 328, 
18159, 339, 341, 340, 328, 
18189, 336, 337, 337, 338, 
18219, 334, 331, 335, 349, 
18249, 336, 333, 335, 343, 
18279, 338, 340, 339, 332, 
18310, 340, 343, 340, 326, 
18339, 337, 338, 338, 336, 
18370, 334, 332, 334, 347, 
18400, 334, 332, 335, 346, 
18430, 338, 337, 338, 335, 
18460, 340, 342, 341, 326, 
18491, 338, 339, 339, 333, 
18521, 334, 333, 334, 345, 
18550, 333, 332, 334, 348, 
18581, 336, 336, 336, 338, 
18611, 340, 341, 339, 327, 
18641, 339, 341, 339, 330, 
18671, 335, 335, 336, 342, 
18702, 333, 331, 334, 349, 
18732, 335, 336, 336, 342, 
18762, 339, 340, 339, 329, 
18792, 339, 341, 340, 328, 
18823, 336, 336, 337, 338, 
18852, 333, 331, 333, 349, 
18882, 335, 333, 335, 344, 
18913, 338, 340, 338, 331, 
18942, 339, 342, 340, 326, 
18973, 337, 337, 338, 335, 
19003, 333, 332, 335, 347, 
19034, 334, 332, 334, 346, 
19063, 337, 338, 338, 336, 
19094, 339, 342, 340, 327, 
19124, 338, 339, 339, 333, 
19154, 335, 333, 336, 345, 
19184, 334, 331, 334, 350, 
19214, 336, 336, 336, 337, 
19245, 339, 341, 340, 327, 
19274, 338, 340, 339, 330, 
19305, 335, 335, 336, 342, 
19335, 334, 330, 334, 349, 
19365, 335, 335, 335, 341, 
19395, 340, 340, 339, 329, 
19426, 340, 341, 340, 328, 
19456, 336, 335, 337, 339, 
19486, 333, 331, 334, 349, 
19516, 335, 332, 335, 343, 
19546, 338, 339, 338, 332, 
19576, 340, 341, 340, 325, 
19606, 337, 337, 338, 335, 
19637, 333, 332, 335, 348, 
19666, 334, 332, 335, 346, 
19697, 337, 335, 337, 335, 
19727, 340, 342, 340, 326, 
19758, 339, 339, 339, 332, 
19787, 334, 334, 336, 344, 
19818, 334, 332, 334, 349, 
19848, 335, 336, 336, 338, 
19877, 339, 342, 340, 327, 
19908, 338, 340, 341, 330, 
19938, 336, 335, 338, 342, 
19969, 333, 331, 334, 350, 
19998, 335, 335, 335, 341, 
20029, 339, 340, 339, 329, 
20059, 339, 342, 341, 328, 
20089, 336, 336, 337, 338, 
20119, 333, 331, 334, 348, 
20149, 334, 334, 335, 344, 
20179, 339, 339, 338, 333, 
20209, 339, 342, 340, 326, 
20240, 337, 339, 338, 335, 
20270, 334, 332, 336, 347, 
20300, 334, 332, 335, 346, 
20330, 337, 337, 337, 335, 
20361, 339, 341, 340, 326, 
20390, 338, 339, 339, 332, 
20421, 334, 335, 335, 346, 
20451, 333, 331, 333, 349, 
20481, 335, 335, 336, 338, 
20511, 339, 341, 339, 327, 
20541, 339, 341, 339, 329, 
20572, 335, 335, 336, 342, 
20601, 333, 332, 333, 349, 
20632, 335, 334, 335, 341, 
20662, 339, 340, 339, 329, 
20692, 339, 341, 340, 327, 
20722, 336, 336, 337, 339, 
20753, 333, 331, 334, 348, 
20783, 335, 334, 335, 344, 
20812, 338, 338, 338, 332, 
20843, 339, 342, 340, 326, 
20873, 337, 338, 339, 336, 
20903, 334, 332, 335, 347, 
20933, 334, 332, 335, 346, 
20964, 336, 338, 337, 335, 
20994, 339, 341, 341, 326, 
21024, 338, 339, 340, 332, 
21054, 334, 333, 335, 345, 
21085, 333, 331, 334, 348, 
21114, 336, 336, 336, 339, 
21144, 339, 342, 340, 328, 
21175, 340, 340, 340, 330, 
21204, 336, 335, 336, 341, 
21235, 333, 331, 334, 349, 
21265, 335, 334, 336, 341, 
21296, 339, 340, 339, 329, 
21325, 339, 342, 340, 328, 
21356, 337, 336, 337, 338, 
21386, 333, 331, 334, 349, 
21416, 334, 333, 334, 345, 
21446, 338, 338, 338, 333, 
21476, 339, 341, 340, 325, 
21507, 337, 338, 338, 335, 
21536, 333, 332, 336, 346, 
21567, 334, 332, 334, 347, 
21597, 337, 337, 337, 336, 
21627, 339, 343, 340, 326, 
21657, 338, 339, 339, 331, 
21688, 335, 335, 336, 344, 
21718, 333, 331, 334, 348, 
21748, 336, 335, 336, 338, 
21778, 340, 341, 338, 328, 
21808, 339, 340, 340, 330, 
21838, 335, 336, 336, 342, 
21868, 333, 332, 334, 351, 
21899, 336, 334, 335, 342, 
21928, 338, 340, 339, 331, 
21959, 339, 342, 340, 328, 
21989, 336, 338, 338, 338, 
22020, 333, 332, 335, 349, 
22049, 336, 333, 335, 346, 
22079, 338, 338, 338, 334, 
22110, 339, 342, 340, 327, 
22139, 338, 339, 339, 335, 
22170, 334, 333, 335, 347, 
22200, 334, 332, 335, 348, 
22231, 337, 337, 338, 336, 
22260, 339, 342, 339, 327, 
22291, 338, 339, 339, 333, 
22321, 334, 334, 335, 344, 
22351, 333, 332, 333, 349, 
22381, 336, 335, 336, 340, 
22411, 339, 341, 339, 329, 
22441, 338, 341, 341, 329, 
22471, 336, 335, 337, 340, 
22502, 333, 331, 334, 347, 
22532, 335, 335, 335, 343, 
22562, 338, 340, 339, 330, 
22592, 339, 341, 340, 327, 
22623, 336, 337, 337, 338, 
22652, 333, 331, 335, 349, 
22683, 334, 333, 335, 347, 
22713, 337, 338, 338, 333, 
22743, 339, 341, 340, 326, 
22773, 338, 338, 338, 334, 
22803, 334, 333, 335, 346, 
22834, 333, 332, 334, 349, 
22863, 336, 337, 337, 337, 
22894, 339, 341, 340, 327, 
22924, 338, 339, 339, 331, 
22955, 335, 335, 336, 344, 
22984, 333, 331, 334, 349, 
23015, 336, 334, 336, 340, 
23045, 339, 340, 340, 329, 
23074, 340, 340, 340, 330, 
23105, 337, 336, 337, 340, 
23135, 334, 332, 334, 349, 
23165, 335, 334, 335, 343, 
23195, 338, 340, 339, 331, 
23226, 340, 342, 340, 327, 
23256, 337, 337, 338, 337, 
23286, 333, 331, 334, 349, 
23316, 334, 333, 335, 346, 
23347, 337, 338, 337, 334, 
23376, 339, 343, 340, 326, 
23406, 337, 338, 338, 334, 
23437, 334, 334, 335, 345, 
23467, 333, 332, 334, 348, 
23497, 336, 337, 338, 337, 
23527, 339, 342, 340, 327, 
23558, 338, 339, 339, 331, 
23587, 335, 335, 336, 342, 
23618, 333, 331, 334, 349, 
23648, 336, 335, 336, 340, 
23678, 339, 340, 339, 329, 
23708, 339, 340, 340, 328, 
23738, 336, 336, 337, 340, 
23769, 333, 331, 334, 349, 
23798, 335, 333, 335, 343, 
23829, 338, 339, 338, 332, 
23859, 340, 342, 339, 327, 
23889, 337, 338, 338, 335, 
23919, 333, 332, 334, 347, 
23950, 334, 333, 335, 346, 
23980, 337, 338, 337, 333, 
24009, 340, 342, 340, 326, 
24040, 338, 339, 339, 333, 
24070, 334, 334, 336, 345, 
24100, 335, 332, 334, 349, 
24130, 336, 336, 336, 338, 
24161, 339, 342, 340, 327, 
24190, 338, 340, 339, 331, 
24221, 335, 335, 335, 343, 
24251, 333, 331, 334, 349, 
24282, 336, 334, 335, 342, 
24311, 339, 340, 339, 329, 
24341, 340, 341, 340, 327, 
24372, 336, 336, 338, 337, 
24401, 333, 331, 335, 349, 
24432, 334, 334, 335, 344, 
24462, 338, 339, 338, 331, 
24493, 339, 342, 340, 326, 
24522, 337, 338, 338, 334, 
24553, 334, 332, 335, 345, 
24583, 334, 332, 334, 346, 
24613, 338, 337, 338, 335, 
24643, 340, 342, 342, 326, 
24673, 338, 338, 339, 332, 
24704, 335, 333, 335, 344, 
24733, 334, 332, 335, 349, 
24764, 336, 336, 337, 338, 
24794, 340, 342, 340, 327, 
24824, 339, 340, 340, 330, 
24854, 335, 335, 337, 341, 
24885, 333, 331, 334, 349, 
24914, 335, 335, 337, 342, 
24945, 337, 340, 339, 329, 
24975, 339, 341, 340, 327, 
25005, 335, 337, 337, 338, 
25035, 333, 331, 335, 349, 
25065, 334, 333, 334, 345, 
25096, 338, 339, 338, 333, 
25125, 339, 342, 340, 326, 
25156, 337, 338, 339, 335, 
25186, 334, 332, 335, 347, 
25217, 334, 333, 334, 347, 
25246, 337, 337, 337, 336, 
25277, 339, 342, 340, 327, 
25307, 338, 339, 338, 332, 
25336, 334, 334, 335, 344, 
25367, 334, 331, 335, 349, 
25397, 336, 335, 335, 339, 
25427, 339, 341, 339, 328, 
25457, 339, 340, 341, 330, 
25488, 335, 335, 337, 341, 
25518, 333, 331, 335, 349, 
25548, 336, 334, 336, 343, 
25578, 338, 339, 340, 331, 
25609, 339, 341, 340, 328, 
25638, 337, 337, 337, 338, 
25668, 334, 332, 335, 347, 
25699, 334, 333, 335, 346, 
25729, 337, 338, 338, 333, 
25759, 339, 343, 342, 327, 
25789, 336, 338, 339, 334, 
25820, 334, 331, 334, 346, 
25849, 333, 332, 334, 348, 
25880, 338, 337, 337, 337, 
25910, 339, 341, 340, 327, 
25939, 338, 340, 341, 332, 
25970, 335, 335, 336, 343, 
26000, 333, 332, 334, 349, 
26031, 336, 335, 336, 340, 
26060, 338, 340, 339, 328, 
26091, 340, 340, 341, 329, 
26121, 336, 336, 337, 340, 
26151, 334, 331, 334, 349, 
26181, 335, 334, 336, 343, 
26212, 338, 339, 338, 331, 
26242, 338, 341, 340, 327, 
26271, 336, 337, 337, 337, 
26302, 333, 331, 334, 347, 
26332, 334, 333, 335, 345, 
26362, 337, 339, 338, 334, 
26392, 341, 342, 341, 326, 
26423, 337, 338, 338, 334, 
26452, 334, 334, 336, 346, 
26483, 333, 332, 335, 348, 
26513, 337, 336, 336, 337, 
26544, 339, 342, 340, 326, 
26573, 338, 340, 339, 330, 
26603, 334, 335, 336, 342, 
26634, 334, 332, 334, 348, 
26663, 337, 335, 336, 340, 
26694, 339, 340, 339, 328, 
26724, 339, 341, 339, 329, 
26755, 336, 336, 337, 340, 
26784, 334, 331, 334, 349, 
26815, 336, 334, 336, 343, 
26845, 338, 339, 339, 331, 
26875, 339, 342, 340, 326, 
26905, 337, 337, 339, 336, 
26935, 333, 332, 335, 347, 
26966, 334, 332, 334, 345, 
26995, 338, 337, 336, 334, 
27026, 340, 342, 340, 325, 
27056, 337, 338, 339, 333, 
27086, 333, 333, 335, 344, 
27116, 334, 332, 335, 348, 
27147, 336, 336, 337, 337, 
27176, 339, 341, 340, 327, 
27207, 338, 340, 339, 330, 
27237, 336, 336, 336, 342, 
27267, 333, 331, 334, 349, 
27297, 336, 335, 336, 340, 
27327, 339, 340, 340, 329, 
27358, 338, 341, 340, 328, 
27387, 336, 335, 338, 340, 
27418, 333, 331, 334, 349, 
27448, 335, 334, 335, 344, 
27479, 338, 339, 338, 331, 
27508, 340, 342, 341, 326, 
27539, 336, 338, 338, 336, 
27569, 333, 332, 335, 347, 
27598, 334, 332, 334, 346, 
27629, 338, 338, 338, 334, 
27659, 340, 341, 340, 326, 
27689, 338, 339, 339, 333, 
27719, 334, 335, 336, 345, 
27750, 334, 333, 334, 349, 
27780, 336, 336, 336, 337, 
27810, 339, 342, 340, 327, 
27840, 340, 340, 339, 330, 
27870, 335, 334, 336, 342, 
27900, 333, 331, 335, 349, 
27930, 336, 335, 334, 341, 
27961, 339, 340, 339, 329, 
27991, 340, 341, 340, 328, 
28021, 337, 337, 337, 339, 
28051, 333, 330, 336, 349, 
28082, 335, 333, 335, 345, 
28111, 338, 339, 339, 333, 
28142, 338, 342, 340, 326, 
28172, 336, 337, 338, 337, 
28201, 333, 332, 335, 347, 
28232, 333, 332, 335, 346, 
28262, 337, 338, 338, 334, 
28293, 339, 341, 340, 327, 
28322, 338, 339, 339, 334, 
28353, 334, 334, 336, 346, 
28383, 335, 333, 334, 348, 
28413, 336, 337, 336, 337, 
28443, 340, 341, 340, 328, 
28474, 338, 339, 339, 330, 
28504, 336, 335, 336, 343, 
28533, 333, 331, 334, 349, 
28564, 336, 335, 336, 342, 
28594, 339, 340, 340, 329, 
28624, 339, 341, 340, 328, 
28654, 336, 336, 337, 340, 
28685, 334, 332, 334, 349, 
28715, 336, 335, 335, 343, 
28745, 338, 339, 338, 331, 
28775, 339, 342, 340, 326, 
28806, 337, 337, 338, 336, 
28835, 334, 333, 335, 347, 
28865, 334, 332, 335, 345, 
28896, 337, 338, 338, 334, 
28925, 339, 341, 340, 325, 
28956, 338, 339, 339, 331, 
28986, 335, 333, 336, 344, 
29017, 333, 332, 336, 347, 
29046, 336, 336, 337, 337, 
29077, 340, 342, 340, 326, 
29107, 338, 339, 339, 331, 
29137, 335, 335, 337, 342, 
29167, 335, 331, 334, 349, 
29197, 336, 335, 336, 340, 
29228, 339, 340, 339, 328, 
29257, 338, 340, 339, 327, 
29288, 336, 336, 337, 338, 
29318, 334, 331, 334, 349, 
29348, 335, 334, 335, 343, 
29378, 338, 339, 339, 330, 
29409, 339, 341, 340, 326, 
29438, 337, 337, 338, 337, 
29469, 333, 332, 334, 348, 
29499, 334, 333, 335, 346, 
29529, 336, 338, 338, 333, 
29559, 340, 342, 340, 326, 
29589, 337, 340, 339, 333, 
29620, 334, 333, 335, 345, 
29649, 334, 331, 334, 347, 
29680, 336, 337, 337, 337, 
29710, 339, 341, 340, 327, 
29741, 338, 339, 340, 331, 
29770, 335, 334, 336, 343, 
29800, 333, 331, 334, 349, 
29831, 336, 335, 336, 340, 
29860, 339, 340, 339, 328, 
29891, 339, 339, 340, 329, 
29921, 336, 336, 337, 340, 
29952, 334, 331, 334, 347, 
29981, 335, 334, 336, 343, 
30012, 338, 338, 339, 331, 
30042, 339, 341, 340, 327, 
30072, 336, 337, 337, 337, 
30102, 333, 331, 335, 349, 
30132, 334, 333, 335, 346, 
30162, 337, 338, 338, 333, 
30192, 340, 342, 340, 326, 
30223, 337, 338, 338, 335, 
30253, 333, 332, 335, 346, 
30283, 334, 332, 334, 347, 
30313, 337, 337, 336, 336, 
30344, 339, 342, 340, 326, 
30373, 337, 339, 339, 332, 
30404, 334, 334, 336, 345, 
30434, 334, 332, 335, 349, 
30464, 336, 336, 337, 339, 
30494, 339, 341, 340, 328, 
30524, 338, 341, 340, 330, 
30555, 334, 334, 336, 342, 
30584, 333, 332, 335, 350, 
30615, 335, 334, 335, 342, 
30645, 339, 340, 339, 329, 
30675, 340, 341, 340, 327, 
30705, 336, 337, 337, 338, 
30736, 334, 331, 334, 349, 
30766, 335, 333, 335, 345, 
30795, 338, 338, 338, 332, 
30826, 340, 341, 341, 326, 
30856, 337, 338, 338, 335, 
30886, 334, 331, 335, 347, 
30916, 335, 331, 334, 346, 
30947, 337, 337, 337, 335, 
30977, 340, 341, 340, 326, 
31007, 337, 339, 339, 332, 
31037, 335, 333, 335, 345, 
31068, 334, 332, 333, 349, 
31097, 336, 337, 336, 339, 
31127, 339, 342, 340, 327, 
31158, 338, 340, 339, 331, 
31187, 335, 335, 336, 343, 
31218, 332, 331, 334, 349, 
31248, 335, 335, 335, 341, 
31279, 339, 340, 339, 329, 
31308, 338, 341, 340, 328, 
31339, 336, 336, 337, 339, 
31369, 335, 332, 334, 349, 
31399, 335, 333, 335, 344, 
31429, 337, 340, 338, 331, 
31459, 339, 341, 340, 326, 
31490, 337, 337, 338, 338, 
31519, 334, 332, 335, 348, 
31550, 335, 334, 334, 345, 
31580, 337, 338, 337, 335, 
31610, 340, 343, 340, 326, 
31640, 337, 338, 338, 335, 
31671, 334, 333, 336, 346, 
31700, 334, 333, 334, 349, 
31730, 336, 337, 337, 338, 
31761, 339, 342, 340, 327, 
31791, 338, 340, 339, 331, 
31821, 336, 335, 336, 343, 
31851, 333, 331, 335, 349, 
31882, 336, 335, 337, 341, 
31911, 340, 342, 339, 329, 
31942, 339, 341, 339, 329, 
31972, 336, 335, 337, 340, 
32003, 333, 331, 334, 349, 
32032, 335, 336, 336, 343, 
32062, 338, 339, 339, 332, 
32093, 339, 342, 340, 328, 
32122, 336, 337, 338, 338, 
32153, 334, 332, 334, 349, 
32183, 335, 333, 334, 346, 
32214, 338, 338, 338, 334, 
32243, 339, 342, 341, 327, 
32274, 336, 339, 340, 335, 
32304, 334, 333, 335, 347, 
32334, 333, 333, 334, 348, 
32364, 336, 337, 337, 337, 
32394, 339, 341, 340, 326, 
32424, 338, 339, 339, 332, 
32454, 335, 334, 336, 345, 
32485, 334, 332, 334, 349, 
32515, 337, 335, 337, 340, 
32545, 340, 341, 341, 327, 
32575, 339, 340, 340, 329, 
32606, 335, 335, 337, 341, 
32635, 335, 332, 333, 347, 
32666, 335, 335, 335, 342, 
32696, 339, 340, 339, 329, 
32726, 339, 341, 340, 327, 
32756, 336, 336, 337, 337, 
32786, 334, 332, 334, 348, 
32817, 335, 333, 336, 344, 
32846, 338, 340, 338, 332, 
32877, 339, 342, 341, 326, 
32907, 337, 337, 338, 335, 
32937, 334, 332, 336, 346, 
32967, 334, 332, 334, 346, 
32998, 337, 337, 337, 335, 
33028, 341, 341, 340, 327, 
33057, 338, 339, 339, 332, 
33088, 334, 334, 336, 345, 
33118, 334, 332, 334, 348, 
33148, 336, 336, 337, 338, 
33178, 339, 341, 340, 327, 
33209, 338, 340, 339, 329, 
33239, 335, 335, 336, 341, 
33269, 334, 331, 334, 349, 
33299, 335, 335, 337, 341, 
33330, 338, 340, 339, 329, 
33359, 339, 341, 341, 327, 
33389, 336, 336, 337, 338, 
33420, 333, 332, 334, 348, 
33449, 335, 333, 335, 343, 
33480, 338, 340, 338, 331, 
33510, 339, 343, 341, 326, 
33541, 337, 337, 339, 335, 
33570, 333, 332, 334, 347, 
33601, 334, 333, 334, 345, 
33631, 337, 337, 338, 334, 
33660, 340, 342, 341, 326, 
33691, 338, 339, 339, 332, 
33721, 334, 334, 336, 344, 
33752, 334, 332, 334, 347, 
33781, 336, 336, 336, 337, 
33812, 340, 341, 340, 326, 
33842, 338, 340, 339, 329, 
33872, 335, 334, 337, 342, 
33902, 335, 331, 335, 348, 
33933, 336, 335, 336, 340, 
33963, 339, 340, 339, 328, 
33992, 339, 341, 340, 329, 
34023, 336, 336, 337, 340, 
34053, 333, 331, 334, 348, 
34083, 335, 334, 335, 343, 
34113, 339, 339, 338, 331, 
34144, 340, 341, 340, 326, 
34173, 337, 337, 337, 336, 
34204, 334, 332, 334, 347, 
34234, 334, 332, 334, 345, 
34265, 337, 337, 338, 334, 
34294, 340, 342, 340, 325, 
34324, 338, 338, 338, 333, 
34355, 332, 333, 335, 345, 
34384, 333, 332, 333, 348, 
34415, 336, 337, 337, 336, 
34445, 339, 341, 340, 326, 
34476, 338, 340, 339, 330, 
34505, 335, 334, 335, 342, 
34536, 333, 331, 334, 349, 
34566, 335, 335, 336, 340, 
34596, 339, 341, 339, 327, 
34626, 339, 341, 341, 329, 
34656, 336, 336, 337, 341, 
34686, 333, 331, 334, 349, 
34716, 335, 334, 335, 343, 
34747, 338, 340, 338, 332, 
34777, 339, 341, 340, 327, 
34807, 337, 337, 337, 337, 
34837, 334, 332, 333, 348, 
34868, 334, 333, 335, 346, 
34897, 338, 338, 338, 334, 
34928, 339, 343, 340, 326, 
34958, 337, 338, 338, 334, 
34988, 334, 333, 335, 346, 
35018, 334, 332, 333, 347, 
35048, 336, 337, 338, 336, 
35079, 339, 342, 341, 327, 
35108, 338, 339, 339, 331, 
35139, 335, 333, 336, 343, 
35169, 333, 332, 334, 350, 
35200, 336, 335, 335, 339, 
35229, 339, 341, 340, 328, 
35260, 339, 341, 340, 329, 
35290, 336, 337, 338, 341, 
35319, 334, 331, 334, 350, 
35350, 335, 334, 336, 343, 
35380, 338, 340, 340, 330, 
35410, 338, 341, 341, 327, 
35440, 337, 337, 338, 339, 
35471, 333, 332, 334, 349, 
35501, 334, 333, 334, 345, 
35531, 338, 338, 338, 333, 
35561, 339, 343, 342, 326, 
35591, 337, 339, 338, 335, 
35621, 334, 332, 335, 346, 
35651, 334, 332, 334, 348, 
35682, 337, 337, 337, 336, 
35712, 339, 341, 340, 326, 
35742, 338, 339, 340, 331, 
35772, 335, 335, 335, 345, 
35803, 333, 331, 335, 349, 
35832, 335, 337, 336, 339, 
35863, 338, 341, 339, 327, 
35893, 338, 340, 339, 330, 
35922, 335, 335, 337, 341, 
35953, 333, 332, 335, 349, 
35983, 335, 334, 336, 341, 
36014, 338, 340, 339, 330, 
36043, 339, 341, 340, 327, 
36074, 336, 337, 338, 338, 
36104, 333, 331, 335, 348, 
36134, 334, 333, 335, 344, 
36164, 338, 339, 338, 332, 
36195, 339, 341, 340, 327, 
36225, 338, 338, 338, 335, 
36254, 334, 333, 335, 346, 
36285, 334, 333, 335, 347, 
36315, 337, 337, 338, 334, 
36345, 339, 343, 340, 326, 
36375, 338, 340, 338, 332, 
36406, 334, 333, 337, 344, 
36435, 334, 332, 334, 348, 
36466, 336, 336, 337, 338, 
36496, 339, 341, 339, 326, 
36527, 338, 340, 339, 330, 
36556, 335, 335, 337, 342, 
36586, 334, 331, 334, 349, 
36617, 337, 335, 337, 340, 
36646, 338, 340, 340, 329, 
36677, 339, 341, 340, 328, 
36707, 336, 336, 338, 339, 
36738, 333, 331, 335, 348, 
36767, 335, 334, 336, 344, 
36798, 338, 339, 339, 331, 
36828, 339, 341, 342, 327, 
36858, 336, 337, 339, 336, 
36888, 333, 332, 335, 347, 
36918, 334, 334, 333, 346, 
36948, 337, 337, 338, 334, 
36978, 340, 341, 340, 326, 
37009, 337, 338, 339, 332, 
37039, 334, 334, 335, 346, 
37069, 335, 331, 334, 348, 
37099, 336, 336, 336, 337, 
37130, 339, 341, 340, 327, 
37159, 338, 340, 340, 330, 
37190, 335, 334, 337, 343, 
37220, 333, 331, 335, 349, 
37250, 337, 335, 337, 340, 
37280, 339, 341, 339, 328, 
37310, 339, 340, 340, 329, 
37341, 336, 336, 335, 340, 
37370, 333, 332, 334, 349, 
37401, 335, 334, 335, 343, 
37431, 338, 339, 339, 330, 
37462, 339, 341, 341, 327, 
37491, 337, 337, 338, 337, 
37521, 334, 332, 334, 347, 
37552, 335, 333, 335, 345, 
37581, 338, 337, 339, 333, 
37612, 340, 341, 340, 326, 
37642, 337, 338, 339, 333, 
37672, 335, 333, 337, 345, 
37702, 334, 331, 334, 347, 
37733, 337, 337, 337, 336, 
37763, 340, 341, 340, 326, 
37793, 339, 339, 339, 331, 
37823, 334, 334, 336, 343, 
37853, 334, 331, 335, 348, 
37883, 336, 335, 337, 338, 
37913, 339, 341, 340, 326, 
37944, 339, 340, 340, 329, 
37974, 335, 335, 337, 340, 
38004, 333, 331, 334, 348, 
38034, 335, 334, 336, 342, 
38065, 337, 340, 338, 329, 
38094, 339, 341, 340, 327, 
38125, 336, 337, 337, 337, 
38155, 334, 331, 334, 348, 
38184, 334, 333, 335, 344, 
38215, 337, 338, 338, 332, 
38245, 339, 342, 341, 326, 
38276, 337, 339, 338, 334, 
38305, 335, 332, 335, 346, 
38336, 335, 332, 334, 346, 
38366, 337, 337, 337, 335, 
38396, 339, 341, 340, 325, 
38426, 338, 339, 338, 332, 
38457, 334, 333, 335, 343, 
38487, 333, 332, 334, 348, 
38516, 336, 335, 337, 338, 
38547, 339, 341, 340, 327, 
38577, 338, 340, 340, 330, 
38607, 335, 335, 336, 341, 
38637, 333, 331, 334, 350, 
38668, 335, 334, 336, 341, 
38697, 338, 340, 339, 330, 
38728, 339, 341, 340, 328, 
38758, 336, 336, 337, 338, 
38789, 333, 331, 335, 349, 
38818, 336, 334, 335, 344, 
38848, 338, 339, 338, 332, 
38879, 339, 341, 340, 327, 
38908, 337, 338, 337, 336, 
38939, 334, 332, 335, 348, 
38969, 334, 332, 335, 347, 
39000, 338, 337, 338, 335, 
39029, 340, 342, 340, 326, 
39060, 337, 339, 339, 334, 
39090, 334, 333, 335, 345, 
39120, 334, 332, 334, 348, 
39150, 337, 336, 337, 339, 
39180, 340, 341, 340, 327, 
39211, 338, 340, 340, 331, 
39240, 335, 335, 335, 343, 
39271, 333, 331, 334, 349, 
39301, 337, 335, 336, 341, 
39331, 338, 340, 338, 328, 
39361, 340, 341, 340, 328, 
39392, 336, 336, 337, 339, 
39421, 333, 331, 334, 348, 
39451, 335, 334, 335, 344, 
39482, 338, 339, 339, 331, 
39512, 339, 341, 340, 326, 
39542, 336, 337, 338, 336, 
39572, 334, 332, 334, 347, 
39603, 335, 332, 334, 345, 
39632, 337, 338, 338, 334, 
39663, 339, 341, 340, 326, 
39693, 337, 339, 338, 332, 
39724, 333, 333, 335, 346, 
39753, 333, 332, 334, 348, 
39783, 337, 336, 337, 337, 
39814, 340, 341, 339, 327, 
39843, 338, 339, 339, 331, 
39874, 336, 335, 336, 342, 
39904, 333, 331, 333, 349, 
39934, 336, 336, 336, 338, 
39964, 339, 340, 341, 328, 
39995, 339, 341, 340, 329, 
40025, 336, 335, 337, 341, 
40055, 334, 331, 334, 349, 
40085, 335, 334, 335, 342, 
40115, 338, 340, 340, 330, 
40145, 339, 341, 340, 328, 
40175, 336, 337, 337, 337, 
40206, 333, 332, 334, 349, 
40236, 334, 333, 335, 345, 
40266, 337, 339, 338, 333, 
40296, 339, 342, 342, 328, 
40327, 337, 337, 339, 335, 
40356, 333, 332, 335, 347, 
40387, 334, 332, 335, 348, 
40417, 337, 337, 338, 337, 
40446, 339, 341, 340, 328, 
40477, 338, 339, 339, 331, 
40507, 334, 334, 336, 344, 
40538, 333, 331, 333, 349, 
40567, 336, 335, 336, 340, 
40598, 339, 341, 340, 328, 
40628, 338, 340, 340, 329, 
40658, 335, 335, 337, 341, 
40688, 333, 332, 334, 349, 
40719, 335, 334, 335, 342, 
40749, 339, 340, 339, 330, 
40778, 340, 341, 340, 328, 
40809, 337, 337, 337, 338, 
40839, 334, 332, 334, 348, 
40869, 335, 334, 335, 344, 
40899, 338, 339, 338, 331, 
40930, 339, 341, 340, 326, 
40960, 337, 338, 338, 334, 
40990, 333, 332, 335, 347, 
41020, 334, 332, 335, 348, 
41051, 337, 337, 338, 336, 
41080, 339, 341, 340, 326, 
41110, 337, 339, 339, 332, 
41141, 334, 334, 335, 344, 
41170, 334, 332, 334, 349, 
41201, 336, 336, 336, 338, 
41231, 339, 340, 339, 328, 
41262, 338, 340, 340, 329, 
41291, 334, 335, 336, 341, 
41322, 334, 331, 334, 348, 
41352, 335, 334, 335, 342, 
41381, 338, 339, 339, 329, 
41412, 338, 340, 339, 328, 
41442, 336, 335, 337, 338, 
41473, 333, 331, 334, 349, 
41502, 334, 333, 335, 343, 
41533, 337, 338, 338, 332, 
41563, 339, 340, 341, 327, 
41593, 338, 337, 337, 335, 
41623, 333, 332, 334, 347, 
41654, 333, 332, 334, 346, 
41683, 337, 338, 337, 334, 
41713, 339, 342, 340, 327, 
41744, 338, 340, 340, 332, 
41774, 334, 333, 335, 345, 
41804, 333, 332, 334, 348, 
41834, 336, 336, 337, 338, 
41865, 339, 342, 339, 327, 
41894, 338, 341, 339, 331, 
41925, 335, 335, 336, 343, 
41955, 333, 331, 334, 349, 
41986, 335, 335, 336, 341, 
42015, 339, 340, 339, 329, 
42045, 339, 341, 340, 328, 
42076, 336, 336, 337, 339, 
42105, 333, 331, 335, 348, 
42136, 336, 332, 335, 343, 
42166, 338, 339, 338, 331, 
42196, 339, 341, 341, 326, 
42226, 337, 338, 338, 335, 
42257, 334, 333, 334, 347, 
42287, 335, 332, 334, 345, 
42317, 337, 337, 338, 333, 
42347, 339, 342, 340, 326, 
42377, 339, 339, 339, 333, 
42407, 334, 333, 335, 344, 
42437, 334, 331, 334, 348, 
42468, 338, 336, 336, 337, 
42498, 340, 339, 341, 326, 
42528, 338, 340, 339, 330, 
42558, 335, 334, 336, 343, 
42589, 333, 332, 334, 349, 
42618, 336, 335, 335, 341, 
42649, 339, 339, 340, 328, 
42679, 339, 340, 339, 328, 
42708, 336, 336, 337, 340, 
42739, 333, 331, 334, 349, 
42769, 335, 334, 336, 343, 
42800, 338, 339, 338, 331, 
42829, 339, 342, 340, 326, 
42860, 337, 337, 338, 337, 
42890, 333, 332, 333, 349, 
42920, 335, 333, 335, 346, 
42950, 339, 338, 338, 333, 
42981, 341, 342, 340, 326, 
43011, 337, 338, 339, 333, 
43040, 334, 333, 335, 346, 
43071, 334, 332, 335, 348, 
43101, 336, 336, 337, 336, 
43131, 340, 342, 340, 326, 
43161, 338, 339, 339, 331, 
43192, 335, 334, 336, 343, 
43222, 333, 332, 334, 348, 
43252, 336, 335, 337, 339, 
43282, 339, 341, 340, 328, 
43312, 338, 340, 340, 328, 
43342, 336, 336, 336, 340, 
43372, 333, 330, 334, 349, 
43403, 335, 334, 335, 342, 
43432, 338, 340, 339, 330, 
43463, 342, 341, 341, 327, 
43493, 336, 337, 337, 337, 
43524, 333, 332, 334, 348, 
43553, 335, 333, 334, 345, 
43584, 338, 339, 338, 333, 
43614, 339, 341, 340, 325, 
43643, 337, 338, 340, 335, 
43674, 334, 332, 335, 346, 
43704, 335, 332, 335, 347, 
43735, 337, 336, 337, 335, 
43764, 339, 341, 341, 326, 
43795, 338, 339, 339, 331, 
43825, 335, 333, 336, 344, 
43855, 334, 331, 334, 347, 
43885, 336, 336, 337, 338, 
43916, 339, 341, 340, 327, 
43945, 338, 340, 340, 329, 
43975, 335, 336, 337, 341, 
44006, 333, 331, 334, 349, 
44036, 335, 334, 335, 342, 
44066, 339, 340, 339, 330, 
44096, 338, 341, 340, 327, 
44127, 336, 336, 338, 339, 
44156, 333, 331, 334, 349, 
44187, 335, 333, 336, 344, 
44217, 339, 339, 338, 332, 
44248, 339, 341, 340, 325, 
44277, 337, 337, 338, 335, 
44307, 334, 332, 336, 348, 
44338, 334, 332, 335, 346, 
44367, 338, 337, 338, 334, 
44398, 339, 342, 341, 327, 
44428, 337, 339, 340, 332, 
44459, 335, 333, 336, 346, 
44488, 333, 331, 334, 349, 
44519, 336, 336, 336, 340, 
44549, 339, 342, 341, 327, 
44579, 338, 340, 339, 330, 
44609, 335, 334, 336, 342, 
44639, 333, 331, 334, 348, 
44669, 335, 336, 336, 341, 
44699, 338, 340, 339, 328, 
44730, 340, 340, 341, 328, 
44760, 336, 336, 337, 339, 
44790, 333, 331, 334, 348, 
44820, 334, 333, 335, 343, 
44851, 338, 339, 338, 331, 
44880, 339, 341, 340, 328, 
44911, 337, 336, 338, 337, 
44941, 333, 331, 335, 348, 
44971, 334, 333, 334, 346, 
45001, 337, 338, 337, 334, 
45031, 339, 342, 340, 325, 
45062, 336, 338, 340, 334, 
45091, 334, 333, 337, 346, 
45122, 334, 332, 335, 348, 
45152, 336, 336, 337, 337, 
45182, 339, 342, 340, 326, 
45212, 339, 341, 339, 331, 
45242, 335, 334, 336, 343, 
45273, 333, 332, 333, 349, 
45302, 335, 335, 336, 339, 
45333, 339, 341, 339, 328, 
45363, 338, 341, 340, 329, 
45393, 335, 335, 337, 340, 
45423, 333, 330, 334, 349, 
45454, 335, 334, 336, 342, 
45484, 339, 340, 339, 330, 
45514, 339, 341, 340, 328, 
45544, 336, 337, 337, 338, 
45574, 334, 332, 334, 347, 
45604, 334, 333, 335, 345, 
45634, 338, 338, 338, 333, 
45665, 339, 342, 340, 325, 
45694, 337, 338, 339, 335, 
45725, 334, 333, 335, 347, 
45755, 334, 332, 334, 347, 
45786, 336, 337, 335, 336, 
45815, 340, 342, 341, 326, 
45846, 339, 339, 340, 332, 
45876, 334, 334, 336, 344, 
45905, 334, 331, 334, 349, 
45936, 336, 336, 337, 339, 
45966, 339, 341, 340, 328, 
45997, 339, 340, 340, 329, 
46026, 335, 335, 337, 341, 
46057, 333, 331, 335, 349, 
46087, 335, 334, 336, 342, 
46117, 339, 341, 340, 330, 
46147, 338, 341, 340, 327, 
46178, 336, 337, 338, 337, 
46208, 334, 331, 334, 347, 
46237, 334, 333, 336, 343, 
46268, 338, 339, 338, 330, 
46298, 339, 341, 340, 325, 
46328, 336, 338, 338, 336, 
46358, 333, 332, 335, 347, 
46389, 333, 331, 334, 346, 
46418, 337, 337, 337, 335, 
46449, 338, 342, 340, 325, 
46479, 339, 339, 339, 333, 
46510, 333, 333, 336, 345, 
46539, 333, 331, 334, 348, 
46569, 336, 336, 337, 338, 
46600, 338, 341, 341, 327, 
46629, 340, 340, 339, 330, 
46660, 335, 335, 336, 341, 
46690, 332, 331, 334, 349, 
46721, 336, 335, 336, 341, 
46750, 339, 340, 339, 329, 
46781, 339, 341, 340, 329, 
46811, 337, 336, 337, 339, 
46841, 334, 332, 334, 350, 
46871, 336, 334, 335, 344, 
46901, 338, 339, 339, 331, 
46931, 340, 341, 341, 326, 
46961, 336, 337, 339, 336, 
46992, 334, 332, 333, 348, 
47022, 334, 333, 336, 346, 
47052, 339, 337, 338, 334, 
47082, 341, 343, 341, 327, 
47113, 338, 338, 339, 333, 
47142, 334, 333, 335, 346, 
47172, 335, 332, 333, 348, 
47203, 337, 337, 337, 337, 
47233, 341, 341, 340, 327, 
47263, 338, 340, 339, 332, 
47293, 335, 334, 337, 343, 
47324, 333, 331, 335, 349, 
47353, 336, 335, 336, 340, 
47384, 339, 341, 339, 328, 
47414, 340, 340, 339, 328, 
47444, 336, 335, 337, 341, 
47474, 333, 331, 334, 349, 
47504, 335, 334, 335, 342, 
47535, 339, 339, 340, 330, 
47564, 339, 341, 340, 328, 
47595, 337, 337, 337, 338, 
47625, 333, 331, 335, 348, 
47655, 334, 333, 335, 345, 
47685, 339, 338, 339, 333, 
47716, 339, 342, 341, 326, 
47746, 337, 338, 338, 335, 
47776, 334, 332, 333, 346, 
47806, 334, 332, 335, 347, 
47836, 337, 336, 337, 336, 
