326, 
194487, 339, 341, 341, 326, 
194518, 337, 338, 339, 333, 
194549, 335, 334, 336, 341, 
194580, 333,55, 339, 341, 340, 326, 
194487, 339, 341, 341, 326, 
194518, 337, 338, 339, 333, 
194549, 335, 334, 336, 341, 
194580, 333,55, 339, 341, 340, 326, 
194487, 339, 341, 341, 326, 
194518, 337, 338, 339, 333, 
194549, 335, 334, 336, 341, 
194580, 333,0, 340, 341, 340, 324, 
1, 338, 339, 338, 329, 
2, 336, 338, 337, 335, 
11, 337, 338, 339, 335, 
37, 334, 333, 334, 346, 
65, 341, 342, 342, 325, 
92, 336, 334, 336, 344, 
119, 336, 336, 336, 338, 
147, 339, 342, 342, 327, 
175, 335, 333, 336, 345, 
203, 335, 335, 335, 342, 
231, 341, 342, 342, 325, 
260, 336, 335, 335, 341, 
287, 334, 333, 335, 345, 
316, 340, 342, 342, 327, 
344, 337, 337, 338, 338, 
371, 334, 332, 334, 348, 
400, 339, 341, 340, 328, 
428, 337, 338, 340, 335, 
456, 335, 331, 333, 349, 
484, 339, 339, 338, 332, 
512, 338, 340, 341, 330, 
540, 333, 331, 332, 349, 
568, 337, 338, 337, 334, 
596, 339, 341, 341, 330, 
624, 334, 332, 335, 347, 
653, 336, 336, 336, 339, 
680, 339, 343, 342, 326, 
708, 335, 333, 336, 344, 
737, 335, 335, 335, 341, 
764, 340, 343, 342, 325, 
793, 335, 335, 336, 341, 
821, 334, 333, 334, 345, 
849, 340, 342, 341, 327, 
877, 336, 336, 338, 339, 
905, 333, 332, 333, 349, 
933, 339, 341, 340, 329, 
961, 337, 338, 340, 335, 
990, 333, 332, 333, 350, 
1017, 338, 340, 340, 332, 
1046, 339, 341, 341, 330, 
1076, 335, 335, 336, 344, 
1104, 334, 332, 333, 347, 
1134, 338, 340, 339, 332, 
1163, 339, 341, 341, 329, 
1192, 335, 333, 336, 345, 
1221, 335, 333, 334, 346, 
1251, 339, 340, 341, 329, 
1280, 339, 341, 341, 329, 
1308, 334, 333, 336, 345, 
1338, 334, 333, 334, 344, 
1367, 339, 341, 340, 328, 
1396, 339, 341, 341, 329, 
1425, 335, 333, 335, 345, 
1455, 334, 333, 334, 343, 
1483, 339, 340, 339, 327, 
1512, 338, 339, 340, 330, 
1542, 335, 332, 334, 346, 
1570, 336, 335, 335, 342, 
1600, 340, 341, 340, 327, 
1629, 338, 339, 341, 331, 
1658, 333, 332, 334, 347, 
1687, 335, 335, 335, 341, 
1717, 340, 341, 340, 326, 
1745, 338, 340, 340, 332, 
1774, 333, 332, 334, 349, 
1804, 335, 335, 335, 341, 
1832, 339, 342, 341, 326, 
1862, 338, 339, 340, 333, 
1891, 334, 331, 334, 348, 
1921, 335, 334, 336, 341, 
1949, 340, 342, 341, 327, 
1978, 339, 339, 339, 334, 
2008, 334, 332, 333, 348, 
2036, 334, 336, 335, 339, 
2066, 340, 343, 341, 325, 
2095, 337, 338, 339, 336, 
2124, 333, 331, 334, 348, 
2153, 336, 336, 335, 338, 
2183, 340, 342, 341, 325, 
2211, 336, 337, 338, 336, 
2240, 333, 332, 333, 349, 
2270, 337, 336, 337, 336, 
2298, 340, 343, 341, 325, 
2328, 338, 337, 338, 337, 
2357, 333, 331, 334, 349, 
2386, 337, 337, 338, 336, 
2415, 340, 342, 341, 325, 
2444, 336, 336, 338, 338, 
2473, 333, 331, 333, 348, 
2502, 337, 337, 337, 336, 
2532, 340, 342, 341, 325, 
2561, 336, 336, 340, 340, 
2590, 334, 331, 334, 348, 
2619, 338, 338, 337, 334, 
2649, 340, 342, 342, 326, 
2677, 336, 335, 337, 340, 
2706, 333, 332, 333, 348, 
2736, 337, 338, 338, 333, 
2764, 340, 342, 341, 326, 
2794, 335, 335, 336, 341, 
2823, 333, 332, 335, 348, 
2852, 337, 339, 338, 333, 
2881, 339, 341, 342, 327, 
2910, 335, 335, 336, 343, 
2939, 334, 332, 333, 347, 
2968, 337, 339, 338, 331, 
2998, 339, 341, 342, 328, 
3026, 335, 334, 336, 343, 
3056, 334, 333, 334, 347, 
3085, 338, 340, 339, 330, 
3115, 339, 341, 341, 328, 
3143, 334, 333, 336, 344, 
3172, 334, 333, 334, 345, 
3202, 339, 340, 340, 329, 
3230, 339, 341, 340, 328, 
3260, 335, 334, 337, 344, 
3289, 334, 333, 334, 345, 
3318, 339, 340, 340, 329, 
3347, 339, 341, 341, 330, 
3376, 333, 333, 335, 345, 
3405, 334, 333, 334, 344, 
3434, 339, 341, 339, 328, 
3464, 339, 341, 340, 331, 
3492, 334, 333, 335, 346, 
3522, 335, 335, 334, 343, 
3551, 341, 341, 340, 327, 
3580, 339, 340, 340, 331, 
3609, 334, 333, 335, 347, 
3638, 336, 335, 335, 342, 
3667, 340, 342, 340, 327, 
3696, 339, 339, 339, 332, 
3726, 333, 331, 334, 349, 
3755, 335, 334, 335, 343, 
3784, 340, 340, 341, 326, 
3813, 337, 339, 339, 333, 
3842, 334, 331, 333, 347, 
3871, 335, 335, 335, 340, 
3900, 340, 342, 341, 324, 
3930, 337, 338, 339, 332, 
3958, 334, 331, 334, 347, 
3988, 335, 335, 335, 340, 
4017, 340, 342, 341, 325, 
4046, 338, 338, 338, 334, 
4075, 333, 331, 334, 348, 
4104, 336, 337, 335, 338, 
4133, 340, 342, 341, 326, 
4162, 337, 337, 339, 336, 
4192, 333, 331, 333, 349, 
4220, 337, 336, 336, 337, 
4250, 340, 342, 341, 325, 
4279, 336, 337, 338, 336, 
4307, 333, 331, 333, 349, 
4337, 337, 337, 336, 336, 
4366, 340, 342, 341, 326, 
4396, 336, 336, 338, 337, 
4424, 334, 332, 333, 350, 
4454, 337, 335, 337, 335, 
4483, 340, 342, 343, 325, 
4512, 336, 336, 338, 339, 
4541, 333, 331, 334, 349, 
4570, 337, 337, 337, 334, 
4599, 339, 342, 341, 325, 
4628, 336, 336, 338, 339, 
4658, 333, 331, 334, 348, 
4686, 337, 337, 337, 334, 
4716, 339, 342, 342, 326, 
4745, 336, 335, 338, 341, 
4773, 333, 333, 333, 347, 
4803, 338, 338, 338, 332, 
4832, 340, 342, 342, 327, 
4861, 335, 335, 337, 340, 
4890, 334, 332, 334, 347, 
4920, 337, 339, 338, 332, 
4948, 339, 342, 341, 327, 
4978, 335, 334, 337, 343, 
5007, 334, 332, 333, 346, 
5036, 337, 339, 338, 331, 
5065, 339, 341, 341, 328, 
5094, 335, 334, 337, 344, 
5124, 334, 332, 334, 346, 
5152, 337, 338, 341, 330, 
5182, 339, 341, 341, 329, 
5211, 335, 333, 335, 343, 
5239, 334, 333, 334, 345, 
5269, 339, 340, 339, 329, 
5298, 339, 340, 340, 330, 
5327, 334, 333, 336, 345, 
5356, 333, 333, 334, 345, 
5386, 338, 340, 338, 328, 
5414, 338, 340, 340, 329, 
5444, 334, 333, 335, 345, 
5473, 335, 334, 334, 344, 
5501, 339, 341, 340, 327, 
5531, 339, 340, 340, 331, 
5560, 334, 332, 335, 346, 
5590, 335, 334, 334, 342, 
5618, 340, 341, 340, 327, 
5648, 339, 340, 340, 331, 
5677, 334, 333, 334, 346, 
5705, 336, 334, 335, 341, 
5735, 340, 341, 341, 327, 
5764, 339, 340, 341, 333, 
5793, 334, 332, 334, 347, 
5822, 335, 334, 335, 341, 
5852, 341, 342, 341, 326, 
5880, 338, 339, 340, 333, 
5910, 334, 332, 334, 348, 
5939, 336, 335, 336, 341, 
5967, 339, 342, 341, 326, 
5997, 338, 338, 340, 334, 
6026, 333, 332, 334, 348, 
6055, 336, 336, 335, 338, 
6084, 340, 342, 341, 327, 
6114, 337, 338, 340, 335, 
6142, 333, 331, 334, 348, 
6171, 337, 334, 336, 338, 
6201, 340, 342, 341, 325, 
6230, 337, 337, 339, 335, 
6259, 333, 331, 333, 348, 
6288, 336, 337, 336, 337, 
6318, 340, 342, 342, 325, 
6346, 338, 337, 339, 336, 
6376, 333, 331, 334, 348, 
6405, 337, 336, 337, 336, 
6433, 338, 342, 341, 325, 
6463, 336, 336, 339, 337, 
6492, 333, 331, 333, 349, 
6521, 337, 337, 337, 335, 
6550, 340, 342, 343, 325, 
6580, 336, 336, 338, 338, 
6608, 333, 331, 333, 348, 
6637, 337, 338, 337, 334, 
6667, 340, 342, 341, 325, 
6695, 336, 336, 338, 339, 
6725, 333, 331, 333, 348, 
6754, 337, 337, 338, 333, 
6784, 339, 341, 342, 325, 
6812, 335, 336, 337, 341, 
6842, 333, 331, 334, 349, 
6871, 338, 338, 338, 333, 
6899, 340, 341, 341, 326, 
6929, 335, 334, 336, 341, 
6958, 333, 332, 333, 348, 
6987, 337, 339, 338, 331, 
7016, 339, 342, 341, 327, 
7046, 335, 334, 336, 342, 
7074, 333, 333, 333, 346, 
7103, 338, 339, 338, 330, 
7133, 339, 340, 341, 327, 
7161, 335, 335, 336, 343, 
7191, 333, 333, 334, 345, 
7220, 339, 340, 339, 330, 
7249, 339, 341, 340, 328, 
7278, 334, 334, 335, 343, 
7308, 334, 333, 335, 345, 
7336, 338, 340, 339, 329, 
7365, 339, 340, 342, 328, 
7395, 334, 333, 335, 344, 
7424, 334, 333, 333, 345, 
7453, 339, 340, 340, 328, 
7482, 339, 340, 340, 330, 
7512, 334, 333, 335, 345, 
7540, 334, 333, 334, 344, 
7569, 339, 340, 340, 328, 
7599, 338, 339, 340, 330, 
7627, 333, 332, 334, 347, 
7657, 334, 332, 334, 342, 
7686, 339, 341, 340, 328, 
7715, 338, 340, 340, 331, 
7744, 333, 332, 334, 346, 
7774, 335, 335, 335, 343, 
7802, 339, 341, 341, 328, 
7831, 338, 339, 340, 333, 
7861, 333, 332, 335, 347, 
7889, 335, 334, 334, 341, 
7919, 339, 341, 341, 327, 
7948, 338, 339, 340, 333, 
7977, 333, 331, 334, 347, 
8006, 335, 335, 335, 340, 
8035, 340, 340, 341, 326, 
8065, 338, 339, 339, 333, 
8093, 333, 331, 333, 348, 
8123, 336, 335, 335, 339, 
8152, 340, 342, 340, 325, 
8181, 337, 337, 340, 335, 
8210, 334, 331, 334, 348, 
8240, 336, 335, 336, 339, 
8268, 340, 341, 341, 326, 
8297, 337, 337, 338, 336, 
8327, 333, 331, 333, 349, 
8355, 336, 337, 337, 338, 
8385, 339, 342, 342, 325, 
8414, 336, 338, 338, 337, 
8443, 333, 331, 333, 348, 
8472, 336, 336, 336, 337, 
8501, 339, 342, 341, 325, 
8530, 336, 337, 338, 337, 
8559, 333, 331, 333, 348, 
8589, 336, 337, 337, 336, 
8617, 340, 342, 342, 326, 
8647, 336, 335, 337, 338, 
8676, 333, 331, 333, 348, 
8706, 337, 337, 336, 336, 
8734, 340, 342, 342, 326, 
8763, 337, 336, 337, 339, 
8793, 333, 331, 333, 349, 
8821, 337, 337, 337, 335, 
8851, 338, 341, 341, 325, 
8880, 336, 335, 337, 340, 
8909, 333, 333, 334, 347, 
8938, 337, 338, 338, 333, 
8967, 339, 341, 340, 325, 
8996, 335, 336, 335, 340, 
9025, 334, 332, 333, 347, 
9055, 339, 339, 338, 333, 
9083, 340, 341, 341, 326, 
9113, 335, 334, 336, 341, 
9142, 333, 332, 334, 347, 
9171, 338, 340, 338, 331, 
9200, 339, 341, 341, 327, 
9229, 335, 334, 336, 343, 
9259, 333, 332, 334, 347, 
9287, 339, 339, 339, 331, 
9317, 339, 342, 341, 328, 
9346, 334, 333, 335, 343, 
9375, 334, 332, 334, 347, 
9404, 338, 340, 339, 330, 
9433, 338, 340, 341, 328, 
9462, 334, 332, 336, 343, 
9491, 333, 332, 334, 346, 
9521, 338, 340, 339, 330, 
9549, 338, 340, 340, 329, 
9579, 334, 333, 335, 345, 
9608, 334, 333, 334, 344, 
9637, 338, 341, 339, 328, 
9666, 338, 340, 340, 328, 
9695, 332, 333, 335, 345, 
9724, 334, 333, 334, 343, 
9753, 340, 341, 340, 328, 
9783, 338, 340, 341, 331, 
9811, 333, 332, 334, 347, 
9841, 334, 334, 334, 343, 
9870, 339, 341, 340, 327, 
9899, 338, 339, 341, 332, 
9928, 334, 331, 335, 347, 
9957, 335, 333, 334, 342, 
9987, 339, 342, 340, 326, 
10015, 338, 340, 340, 331, 
10046, 334, 334, 335, 344, 
10076, 334, 333, 333, 346, 
10106, 336, 336, 336, 336, 
10136, 340, 342, 340, 325, 
10167, 338, 340, 340, 329, 
10196, 336, 334, 337, 340, 
10226, 333, 331, 334, 348, 
10257, 336, 335, 335, 339, 
10287, 339, 341, 340, 328, 
10317, 340, 341, 341, 326, 
10347, 336, 336, 337, 338, 
10378, 333, 332, 334, 348, 
10407, 335, 334, 335, 344, 
10438, 339, 340, 339, 330, 
10468, 339, 343, 342, 326, 
10498, 338, 338, 338, 337, 
10528, 333, 332, 334, 347, 
10558, 334, 333, 334, 345, 
10589, 338, 338, 339, 335, 
10618, 341, 342, 342, 325, 
10649, 339, 339, 340, 334, 
10679, 335, 333, 335, 345, 
10710, 334, 332, 333, 348, 
10739, 337, 337, 336, 337, 
10770, 340, 343, 341, 327, 
10800, 338, 340, 340, 331, 
10829, 336, 335, 336, 342, 
10860, 335, 331, 334, 350, 
10890, 336, 336, 335, 339, 
10920, 339, 342, 340, 327, 
10950, 339, 341, 342, 329, 
10981, 336, 336, 338, 339, 
11011, 333, 332, 334, 349, 
11041, 335, 334, 334, 343, 
11071, 338, 340, 339, 330, 
11102, 340, 342, 340, 326, 
11131, 337, 337, 339, 337, 
11161, 334, 332, 334, 348, 
11192, 334, 333, 334, 345, 
11222, 338, 338, 338, 333, 
11252, 340, 343, 341, 326, 
11282, 339, 339, 339, 333, 
11313, 334, 333, 335, 346, 
11342, 334, 332, 333, 347, 
11373, 337, 337, 336, 337, 
11403, 340, 342, 340, 326, 
11433, 339, 340, 340, 330, 
11463, 335, 334, 337, 342, 
11493, 335, 332, 333, 350, 
11524, 336, 336, 336, 339, 
11553, 339, 342, 340, 327, 
11584, 339, 341, 341, 329, 
11614, 336, 336, 338, 339, 
11644, 334, 332, 333, 349, 
11674, 336, 334, 334, 342, 
11705, 339, 340, 339, 330, 
11735, 338, 341, 341, 326, 
11765, 335, 337, 337, 336, 
11795, 334, 331, 334, 348, 
11825, 335, 334, 333, 345, 
11855, 337, 338, 338, 334, 
11885, 339, 342, 341, 325, 
11916, 338, 338, 339, 334, 
11945, 334, 332, 335, 346, 
11976, 335, 332, 333, 347, 
12006, 337, 337, 337, 335, 
12037, 340, 342, 340, 327, 
12066, 338, 339, 340, 331, 
12097, 334, 334, 336, 342, 
12127, 333, 331, 333, 346, 
12156, 338, 336, 336, 338, 
12187, 340, 342, 340, 326, 
12217, 339, 340, 341, 329, 
12248, 335, 335, 337, 339, 
12277, 333, 331, 334, 348, 
12308, 335, 334, 334, 342, 
12338, 338, 340, 339, 330, 
12368, 340, 342, 341, 325, 
12398, 337, 337, 338, 337, 
12428, 334, 332, 335, 347, 
12459, 334, 333, 335, 343, 
12488, 339, 339, 338, 331, 
12519, 341, 342, 341, 324, 
12549, 338, 338, 340, 334, 
12579, 334, 333, 335, 347, 
12609, 334, 332, 333, 346, 
12640, 337, 337, 336, 334, 
12669, 340, 342, 341, 325, 
12700, 338, 339, 340, 332, 
12730, 335, 329, 335, 343, 
12760, 334, 332, 333, 349, 
12790, 336, 336, 336, 338, 
12820, 340, 343, 340, 327, 
12851, 339, 340, 341, 329, 
12880, 335, 335, 337, 341, 
12911, 334, 331, 333, 349, 
12941, 336, 335, 335, 342, 
12972, 339, 341, 339, 329, 
13001, 339, 342, 342, 327, 
13032, 335, 336, 338, 339, 
13062, 333, 331, 334, 347, 
13091, 336, 333, 335, 343, 
13122, 338, 339, 339, 332, 
13152, 340, 342, 341, 325, 
13182, 337, 338, 339, 335, 
13212, 333, 332, 336, 346, 
13243, 335, 332, 333, 345, 
13273, 338, 338, 338, 334, 
13303, 340, 342, 341, 324, 
13333, 338, 339, 340, 332, 
13364, 335, 334, 334, 345, 
13393, 334, 332, 334, 348, 
13423, 337, 336, 336, 338, 
13454, 340, 342, 340, 326, 
13484, 339, 340, 340, 331, 
13514, 335, 335, 336, 343, 
13544, 334, 332, 333, 349, 
13575, 336, 335, 335, 341, 
13604, 339, 342, 340, 329, 
13635, 340, 342, 341, 328, 
13665, 336, 337, 338, 341, 
13696, 333, 331, 334, 349, 
13725, 335, 334, 335, 344, 
13755, 337, 339, 339, 330, 
13786, 340, 342, 342, 326, 
13815, 338, 338, 339, 335, 
13846, 334, 332, 335, 349, 
13876, 334, 333, 334, 346, 
13906, 337, 338, 339, 334, 
13936, 340, 342, 341, 326, 
13967, 338, 339, 340, 333, 
13997, 334, 335, 336, 345, 
14027, 334, 333, 334, 349, 
14057, 337, 337, 337, 337, 
14087, 340, 342, 342, 326, 
14117, 339, 340, 341, 330, 
14147, 335, 334, 336, 342, 
14178, 334, 331, 333, 348, 
14208, 336, 335, 335, 341, 
14238, 339, 341, 340, 327, 
14268, 340, 341, 341, 327, 
14299, 335, 336, 339, 340, 
14328, 333, 331, 334, 348, 
14358, 335, 334, 335, 342, 
14389, 339, 340, 339, 331, 
14418, 340, 342, 342, 326, 
14449, 337, 337, 339, 336, 
14479, 333, 332, 334, 347, 
14510, 335, 333, 335, 345, 
14539, 338, 338, 338, 333, 
14570, 341, 343, 341, 327, 
14600, 338, 339, 340, 333, 
14630, 334, 333, 335, 345, 
14660, 333, 332, 333, 348, 
14690, 337, 338, 337, 337, 
14721, 340, 342, 341, 326, 
14750, 339, 340, 340, 331, 
14781, 335, 334, 336, 344, 
14811, 333, 331, 333, 348, 
14841, 337, 335, 336, 340, 
14871, 338, 341, 340, 328, 
14902, 340, 341, 341, 327, 
14931, 336, 336, 338, 340, 
14962, 333, 331, 334, 348, 
14992, 337, 334, 334, 342, 
15022, 339, 340, 339, 330, 
15052, 340, 341, 342, 326, 
15082, 337, 337, 339, 337, 
15113, 334, 332, 334, 349, 
15142, 335, 333, 334, 345, 
15173, 338, 339, 339, 333, 
15203, 340, 342, 342, 327, 
15234, 339, 338, 339, 334, 
15263, 334, 332, 335, 345, 
15294, 333, 332, 334, 348, 
15324, 337, 337, 337, 335, 
15353, 340, 343, 341, 325, 
15384, 337, 340, 341, 331, 
15414, 335, 333, 336, 343, 
15444, 334, 332, 333, 349, 
15474, 336, 336, 336, 340, 
15505, 341, 341, 340, 327, 
15535, 340, 342, 341, 331, 
15565, 336, 335, 337, 342, 
15595, 333, 331, 333, 349, 
15626, 336, 334, 335, 342, 
15655, 339, 340, 339, 331, 
15685, 339, 343, 341, 328, 
15716, 336, 337, 338, 337, 
15746, 333, 331, 334, 348, 
15776, 334, 333, 334, 345, 
15806, 338, 339, 338, 332, 
15837, 340, 341, 341, 327, 
15866, 337, 338, 339, 335, 
15897, 334, 331, 335, 348, 
15927, 333, 332, 333, 347, 
15958, 338, 337, 337, 335, 
15987, 340, 342, 341, 326, 
16017, 338, 339, 341, 333, 
16048, 335, 333, 336, 344, 
16077, 333, 332, 333, 350, 
16108, 336, 336, 336, 338, 
16138, 340, 341, 340, 326, 
16168, 339, 341, 341, 329, 
16198, 335, 335, 337, 344, 
16229, 333, 331, 333, 349, 
16259, 335, 335, 335, 341, 
16288, 339, 340, 340, 329, 
16319, 339, 342, 341, 328, 
16349, 336, 337, 338, 339, 
16379, 333, 331, 334, 349, 
16409, 334, 333, 334, 344, 
16440, 338, 341, 339, 331, 
16470, 340, 342, 341, 327, 
16500, 337, 338, 340, 335, 
16530, 334, 332, 335, 347, 
16561, 334, 332, 333, 347, 
16590, 337, 337, 337, 335, 
16620, 340, 342, 341, 326, 
16651, 338, 339, 340, 333, 
16680, 334, 333, 336, 346, 
16711, 334, 333, 334, 348, 
16741, 337, 336, 336, 339, 
16772, 340, 341, 340, 326, 
16801, 339, 341, 341, 330, 
16832, 335, 335, 336, 342, 
16862, 333, 332, 334, 349, 
16892, 336, 335, 335, 341, 
16922, 340, 341, 339, 329, 
16952, 339, 343, 341, 327, 
16983, 336, 336, 338, 339, 
17012, 333, 331, 334, 348, 
17043, 336, 334, 335, 342, 
17073, 339, 340, 339, 330, 
17103, 341, 341, 341, 326, 
17133, 337, 338, 339, 335, 
17164, 334, 333, 335, 346, 
17193, 334, 333, 334, 345, 
17224, 339, 338, 338, 335, 
17254, 340, 342, 342, 326, 
17284, 338, 339, 340, 333, 
17314, 334, 333, 335, 344, 
17344, 334, 332, 332, 347, 
17375, 337, 337, 337, 336, 
17404, 340, 342, 341, 326, 
17435, 339, 340, 340, 329, 
17465, 335, 334, 336, 343, 
17496, 333, 331, 334, 348, 
17525, 336, 335, 336, 339, 
17556, 340, 341, 340, 327, 
17586, 339, 341, 341, 327, 
17615, 336, 336, 337, 339, 
17646, 333, 331, 333, 349, 
17676, 336, 334, 334, 342, 
17707, 339, 339, 339, 330, 
17736, 340, 342, 342, 326, 
17767, 337, 337, 338, 336, 
17797, 334, 332, 334, 347, 
17827, 335, 333, 333, 346, 
17857, 338, 338, 337, 333, 
17888, 341, 342, 341, 325, 
17917, 337, 338, 339, 334, 
17947, 333, 333, 335, 345, 
17978, 333, 333, 333, 347, 
18008, 336, 338, 336, 336, 
18038, 340, 342, 341, 326, 
18068, 338, 340, 341, 332, 
18099, 334, 334, 336, 342, 
18128, 333, 331, 334, 348, 
18159, 336, 335, 336, 339, 
18189, 339, 341, 341, 328, 
18219, 340, 341, 341, 328, 
18249, 336, 336, 338, 340, 
18279, 333, 331, 334, 349, 
18310, 333, 334, 335, 342, 
18339, 339, 340, 338, 329, 
18370, 340, 341, 341, 327, 
18400, 337, 337, 339, 336, 
18430, 333, 331, 333, 348, 
18460, 334, 333, 333, 344, 
18491, 338, 338, 338, 333, 
18521, 340, 342, 341, 325, 
18550, 338, 338, 339, 334, 
18581, 335, 333, 335, 345, 
18611, 335, 333, 333, 347, 
18641, 338, 337, 337, 337, 
18671, 340, 342, 341, 326, 
18702, 339, 340, 339, 331, 
18732, 334, 334, 336, 344, 
18762, 334, 331, 333, 348, 
18792, 335, 337, 335, 339, 
18823, 339, 341, 340, 327, 
18852, 339, 341, 341, 329, 
18882, 336, 336, 337, 340, 
18913, 333, 331, 334, 349, 
18942, 336, 335, 335, 341, 
18973, 339, 340, 338, 330, 
19003, 340, 342, 342, 326, 
19034, 336, 337, 338, 337, 
19063, 333, 332, 335, 348, 
19094, 335, 333, 334, 346, 
19124, 338, 339, 338, 331, 
19154, 340, 343, 342, 325, 
19184, 337, 338, 339, 335, 
19214, 334, 332, 335, 345, 
19245, 334, 332, 335, 346, 
19274, 337, 338, 337, 336, 
19305, 340, 342, 341, 326, 
19335, 338, 340, 341, 331, 
19365, 333, 334, 336, 344, 
19395, 333, 332, 333, 348, 
19426, 336, 336, 336, 341, 
19456, 339, 341, 341, 327, 
19486, 340, 340, 340, 328, 
19516, 335, 335, 336, 342, 
19546, 333, 331, 334, 348, 
19576, 335, 334, 335, 340, 
19606, 339, 341, 340, 328, 
19637, 340, 341, 341, 327, 
19666, 336, 336, 338, 337, 
19697, 334, 332, 333, 347, 
19727, 334, 334, 334, 344, 
19758, 338, 339, 338, 331, 
19787, 340, 343, 341, 325, 
19818, 337, 338, 339, 334, 
19848, 334, 332, 334, 345, 
19877, 334, 332, 333, 345, 
19908, 338, 337, 337, 334, 
19938, 341, 342, 341, 325, 
19969, 338, 339, 340, 331, 
19998, 335, 334, 335, 344, 
20029, 334, 332, 333, 347, 
20059, 336, 336, 336, 337, 
20089, 339, 341, 341, 325, 
20119, 338, 340, 340, 329, 
20149, 335, 335, 337, 341, 
20179, 333, 331, 333, 349, 
20209, 336, 335, 335, 340, 
20240, 339, 340, 339, 328, 
20270, 340, 341, 341, 327, 
20300, 336, 336, 337, 338, 
20330, 333, 331, 333, 348, 
20361, 336, 334, 334, 344, 
20390, 339, 339, 339, 330, 
20421, 340, 343, 342, 327, 
20451, 337, 338, 340, 335, 
20481, 334, 332, 334, 347, 
20511, 334, 333, 334, 345, 
20541, 337, 338, 337, 334, 
20572, 341, 342, 341, 325, 
20601, 338, 340, 340, 332, 
20632, 334, 333, 336, 344, 
20662, 334, 331, 333, 347, 
20692, 337, 337, 336, 337, 
20722, 339, 341, 340, 327, 
20753, 339, 340, 341, 330, 
20783, 336, 335, 336, 342, 
20812, 333, 331, 334, 348, 
20843, 335, 335, 335, 339, 
20873, 339, 342, 339, 327, 
20903, 339, 341, 341, 328, 
20933, 336, 336, 337, 339, 
20964, 333, 332, 334, 347, 
20994, 335, 334, 334, 342, 
21024, 338, 340, 339, 330, 
21054, 340, 342, 341, 326, 
21085, 337, 337, 338, 336, 
21114, 334, 332, 334, 348, 
21144, 334, 333, 334, 345, 
21175, 338, 338, 338, 333, 
21204, 340, 342, 341, 326, 
21235, 338, 339, 340, 332, 
21265, 334, 333, 335, 346, 
21296, 334, 331, 333, 346, 
21325, 337, 336, 336, 336, 
21356, 340, 341, 341, 326, 
21386, 338, 340, 340, 330, 
21416, 335, 334, 336, 342, 
21446, 334, 331, 333, 348, 
21476, 336, 336, 335, 339, 
21507, 339, 339, 341, 327, 
21536, 339, 340, 342, 328, 
21567, 335, 335, 337, 340, 
21597, 333, 331, 334, 349, 
21627, 335, 334, 334, 342, 
21657, 339, 340, 339, 329, 
21688, 339, 341, 342, 326, 
21718, 337, 337, 338, 337, 
21748, 333, 331, 334, 346, 
21778, 334, 334, 335, 343, 
21808, 338, 338, 338, 332, 
21838, 340, 343, 342, 324, 
21868, 338, 338, 339, 333, 
21899, 334, 332, 335, 345, 
21928, 333, 332, 333, 346, 
21959, 337, 337, 338, 335, 
21989, 339, 342, 341, 326, 
22020, 338, 339, 340, 331, 
22049, 335, 334, 336, 344, 
22079, 333, 331, 333, 349, 
22110, 336, 335, 335, 338, 
22139, 339, 341, 340, 327, 
22170, 339, 341, 341, 329, 
22200, 336, 335, 337, 340, 
22231, 333, 331, 331, 348, 
22260, 335, 334, 335, 341, 
22291, 340, 340, 339, 330, 
22321, 339, 342, 341, 326, 
22351, 336, 336, 338, 338, 
22381, 333, 331, 334, 348, 
22411, 335, 333, 334, 344, 
22441, 338, 338, 338, 332, 
22471, 339, 341, 341, 325, 
22502, 337, 338, 339, 334, 
22532, 334, 332, 335, 347, 
22562, 335, 332, 333, 345, 
22592, 337, 338, 337, 335, 
22623, 339, 342, 341, 327, 
22652, 338, 339, 340, 332, 
22683, 335, 333, 335, 344, 
22713, 333, 331, 333, 349, 
22743, 336, 336, 336, 338, 
22773, 340, 342, 340, 327, 
22803, 338, 340, 341, 329, 
22834, 336, 335, 337, 342, 
22863, 333, 331, 334, 348, 
22894, 336, 333, 335, 341, 
22924, 339, 340, 340, 330, 
22955, 339, 341, 341, 328, 
22984, 336, 337, 338, 338, 
23015, 333, 331, 334, 348, 
23045, 335, 334, 334, 343, 
23074, 339, 339, 338, 332, 
23105, 340, 343, 342, 326, 
23135, 337, 338, 339, 335, 
23165, 334, 332, 335, 346, 
23195, 334, 332, 333, 346, 
23226, 337, 338, 337, 334, 
23256, 340, 342, 341, 326, 
23286, 338, 339, 339, 332, 
23316, 334, 333, 335, 345, 
23347, 334, 332, 333, 348, 
23376, 336, 336, 336, 338, 
23406, 340, 341, 341, 326, 
23437, 339, 340, 340, 330, 
23467, 335, 335, 336, 341, 
23497, 333, 331, 334, 349, 
23527, 336, 335, 336, 340, 
23558, 340, 340, 339, 328, 
23587, 339, 342, 341, 327, 
23618, 337, 335, 337, 339, 
23648, 333, 331, 334, 350, 
23678, 335, 334, 334, 343, 
23708, 338, 339, 339, 330, 
23738, 339, 342, 341, 326, 
23769, 337, 338, 338, 335, 
23798, 334, 331, 334, 347, 
23829, 334, 332, 333, 345, 
23859, 338, 339, 338, 333, 
23889, 340, 342, 342, 326, 
23919, 338, 339, 339, 333, 
23950, 334, 333, 335, 345, 
23980, 332, 332, 333, 350, 
24009, 336, 336, 336, 337, 
24040, 340, 341, 340, 327, 
24070, 338, 340, 341, 331, 
24100, 335, 334, 336, 342, 
24130, 333, 331, 332, 349, 
24161, 337, 335, 335, 341, 
24190, 339, 341, 340, 328, 
24221, 339, 341, 341, 328, 
24251, 336, 336, 337, 340, 
24282, 334, 332, 333, 348, 
24311, 335, 335, 335, 343, 
24341, 339, 340, 339, 332, 
24372, 341, 342, 341, 326, 
24401, 337, 338, 339, 336, 
24432, 335, 332, 334, 348, 
24462, 335, 333, 334, 345, 
24493, 338, 338, 338, 333, 
24522, 340, 342, 342, 326, 
24553, 338, 338, 340, 332, 
24583, 334, 333, 335, 345, 
24613, 334, 332, 333, 348, 
24643, 337, 337, 336, 336, 
24673, 340, 342, 341, 325, 
24704, 338, 340, 339, 331, 
24733, 334, 334, 336, 342, 
24764, 333, 331, 334, 348, 
24794, 336, 335, 336, 340, 
24824, 340, 341, 340, 328, 
24854, 339, 341, 342, 328, 
24885, 336, 336, 338, 340, 
24914, 333, 331, 334, 348, 
24945, 335, 334, 334, 342, 
24975, 340, 340, 340, 330, 
25005, 339, 341, 341, 326, 
25035, 337, 337, 339, 336, 
25065, 333, 331, 334, 348, 
25096, 334, 333, 334, 344, 
25125, 338, 338, 337, 333, 
25156, 340, 342, 341, 325, 
25186, 337, 338, 340, 333, 
25217, 334, 333, 335, 345, 
25246, 335, 332, 333, 348, 
25277, 336, 338, 338, 336, 
25307, 340, 342, 341, 325, 
25336, 338, 339, 340, 330, 
25367, 335, 334, 336, 343, 
25397, 334, 333, 333, 348, 
25427, 336, 336, 336, 339, 
25457, 339, 341, 340, 327, 
25488, 339, 341, 341, 328, 
25518, 336, 335, 337, 340, 
25548, 333, 331, 333, 348, 
25578, 335, 335, 335, 342, 
25609, 339, 340, 340, 330, 
25638, 340, 341, 341, 326, 
25668, 337, 337, 339, 337, 
25699, 333, 331, 334, 349, 
25729, 334, 333, 334, 344, 
25759, 338, 339, 338, 332, 
25789, 340, 342, 341, 326, 
25820, 337, 338, 339, 334, 
25849, 334, 333, 335, 346, 
25880, 334, 332, 333, 346, 
25910, 337, 338, 337, 336, 
25939, 340, 343, 341, 325, 
25970, 339, 341, 340, 332, 
26000, 335, 334, 336, 343, 
26031, 333, 332, 334, 348, 
26060, 336, 335, 336, 339, 
26091, 340, 342, 340, 327, 
26121, 339, 341, 342, 329, 
26151, 336, 335, 337, 341, 
26181, 333, 331, 334, 348, 
26212, 335, 335, 335, 342, 
26242, 339, 340, 339, 329, 
26271, 340, 342, 341, 326, 
26302, 337, 337, 338, 337, 
26332, 333, 331, 334, 348, 
26362, 334, 333, 334, 342, 
26392, 338, 339, 339, 331, 
26423, 340, 342, 342, 326, 
26452, 337, 338, 339, 334, 
26483, 334, 333, 335, 346, 
26513, 335, 333, 333, 347, 
26544, 337, 337, 337, 334, 
26573, 340, 343, 342, 325, 
26603, 338, 339, 340, 330, 
26634, 334, 333, 336, 344, 
26663, 334, 331, 333, 348, 
26694, 336, 336, 336, 338, 
26724, 341, 341, 341, 327, 
26755, 339, 341, 341, 330, 
26784, 336, 335, 337, 341, 
26815, 333, 331, 333, 349, 
26845, 335, 335, 336, 341, 
26875, 339, 340, 340, 329, 
26905, 339, 342, 341, 326, 
26935, 336, 336, 339, 338, 
26966, 333, 331, 333, 348, 
26995, 334, 334, 334, 343, 
27026, 338, 340, 338, 329, 
27056, 339, 342, 341, 326, 
27086, 337, 338, 339, 335, 
27116, 333, 332, 334, 347, 
27147, 334, 333, 333, 346, 
27176, 338, 338, 338, 335, 
27207, 340, 342, 341, 325, 
27237, 338, 339, 340, 333, 
27267, 335, 333, 336, 344, 
27297, 333, 332, 333, 346, 
27327, 336, 337, 336, 337, 
27358, 338, 342, 340, 326, 
27387, 339, 340, 341, 328, 
27418, 335, 335, 337, 342, 
27448, 333, 331, 334, 348, 
27479, 336, 335, 336, 340, 
27508, 339, 341, 340, 328, 
27539, 339, 341, 342, 327, 
27569, 336, 336, 338, 338, 
27598, 333, 331, 334, 348, 
27629, 336, 334, 335, 343, 
27659, 339, 340, 339, 330, 
27689, 340, 342, 342, 326, 
27719, 337, 338, 339, 335, 
27750, 334, 332, 334, 347, 
27780, 334, 332, 334, 347, 
27810, 337, 338, 337, 334, 
27840, 340, 343, 341, 326, 
27870, 338, 339, 340, 334, 
27900, 334, 334, 335, 345, 
27930, 334, 331, 333, 349, 
27961, 337, 337, 336, 338, 
27991, 339, 342, 341, 327, 
28021, 339, 340, 341, 331, 
28051, 335, 334, 336, 343, 
28082, 333, 331, 333, 350, 
28111, 335, 335, 335, 340, 
28142, 339, 341, 340, 329, 
28172, 340, 341, 341, 327, 
28201, 336, 336, 337, 341, 
28232, 333, 331, 333, 348, 
28262, 334, 333, 334, 342, 
28293, 338, 339, 340, 330, 
28322, 339, 341, 341, 326, 
28353, 337, 338, 339, 336, 
28383, 335, 332, 334, 346, 
28413, 334, 333, 334, 345, 
28443, 337, 339, 338, 332, 
28474, 340, 342, 341, 325, 
28504, 338, 338, 340, 333, 
28533, 335, 333, 334, 345, 
28564, 334, 332, 334, 346, 
28594, 337, 337, 337, 336, 
28624, 340, 342, 341, 326, 
28654, 339, 340, 340, 331, 
28685, 335, 335, 336, 343, 
28715, 336, 332, 333, 349, 
28745, 336, 336, 336, 339, 
28775, 339, 341, 340, 328, 
28806, 340, 341, 341, 328, 
28835, 336, 335, 337, 340, 
28865, 334, 331, 333, 350, 
28896, 335, 334, 334, 342, 
28925, 339, 340, 339, 330, 
28956, 339, 341, 341, 326, 
28986, 336, 337, 339, 337, 
29017, 333, 331, 335, 347, 
29046, 334, 333, 334, 345, 
29077, 338, 338, 338, 333, 
29107, 339, 343, 341, 324, 
29137, 338, 338, 339, 335, 
29167, 335, 333, 334, 345, 
29197, 334, 332, 332, 345, 
29228, 337, 337, 337, 336, 
29257, 340, 342, 341, 325, 
29288, 339, 340, 341, 330, 
29318, 335, 334, 336, 341, 
29348, 333, 331, 333, 347, 
29378, 336, 336, 336, 338, 
29409, 339, 341, 340, 328, 
29438, 340, 341, 341, 329, 
29469, 336, 335, 337, 340, 
29499, 333, 331, 334, 348, 
29529, 335, 334, 335, 341, 
29559, 339, 340, 339, 330, 
29589, 339, 342, 341, 327, 
29620, 336, 337, 338, 337, 
29649, 333, 332, 334, 347, 
29680, 335, 333, 335, 345, 
29710, 338, 339, 338, 333, 
29741, 340, 342, 341, 326, 
29770, 338, 339, 339, 335, 
29800, 334, 333, 335, 347, 
29831, 334, 332, 333, 347, 
29860, 337, 337, 337, 336, 
29891, 341, 342, 341, 328, 
29921, 338, 340, 340, 332, 
29952, 334, 334, 336, 344, 
29981, 333, 331, 333, 349, 
30012, 336, 336, 336, 339, 
30042, 339, 342, 340, 328, 
30072, 339, 341, 341, 329, 
30102, 336, 335, 337, 341, 
30132, 333, 332, 334, 349, 
30162, 336, 335, 335, 342, 
30192, 339, 341, 340, 331, 
30223, 340, 341, 342, 326, 
30253, 337, 337, 339, 340, 
30283, 333, 332, 334, 348, 
30313, 335, 334, 334, 345, 
30344, 338, 339, 338, 332, 
30373, 340, 342, 341, 327, 
30404, 338, 338, 339, 335, 
30434, 334, 333, 335, 347, 
30464, 334, 333, 335, 347, 
30494, 338, 338, 337, 336, 
30524, 340, 342, 341, 326, 
30555, 338, 340, 340, 332, 
30584, 334, 334, 336, 344, 
30615, 333, 331, 333, 348, 
30645, 336, 335, 336, 339, 
30675, 339, 341, 340, 328, 
30705, 339, 341, 341, 330, 
30736, 335, 336, 338, 342, 
30766, 334, 332, 333, 349, 
30795, 335, 335, 335, 342, 
30826, 339, 340, 340, 329, 
30856, 339, 341, 341, 328, 
30886, 336, 336, 338, 338, 
30916, 333, 332, 334, 348, 
30947, 336, 334, 335, 345, 
30977, 338, 339, 338, 332, 
31007, 340, 342, 342, 326, 
31037, 337, 338, 339, 336, 
31068, 333, 332, 335, 347, 
31097, 334, 333, 333, 346, 
31127, 338, 338, 338, 335, 
31158, 341, 342, 341, 326, 
31187, 338, 340, 341, 332, 
31218, 334, 334, 336, 345, 
31248, 333, 332, 333, 348, 
31279, 336, 336, 336, 338, 
31308, 339, 342, 341, 327, 
31339, 339, 341, 341, 329, 
31369, 335, 335, 337, 341, 
31399, 334, 332, 333, 350, 
31429, 335, 335, 336, 342, 
31459, 339, 341, 340, 329, 
31490, 340, 341, 341, 327, 
31519, 336, 336, 338, 338, 
31550, 333, 331, 334, 348, 
31580, 335, 334, 334, 344, 
31610, 338, 339, 339, 331, 
31640, 339, 341, 341, 326, 
31671, 337, 338, 340, 336, 
31700, 334, 332, 334, 348, 
31730, 334, 333, 332, 346, 
31761, 338, 338, 338, 335, 
31791, 340, 342, 342, 327, 
31821, 338, 339, 340, 332, 
31851, 335, 333, 337, 344, 
31882, 334, 332, 333, 347, 
31911, 336, 336, 336, 336, 
31942, 340, 342, 340, 327, 
31972, 339, 340, 341, 330, 
32003, 335, 335, 336, 342, 
32032, 333, 331, 333, 349, 
32062, 335, 335, 335, 340, 
32093, 339, 340, 340, 330, 
32122, 339, 341, 342, 328, 
32153, 336, 336, 338, 339, 
32183, 334, 331, 334, 349, 
32214, 335, 334, 334, 343, 
32243, 337, 339, 338, 332, 
32274, 340, 342, 342, 326, 
32304, 338, 339, 340, 336, 
32334, 334, 332, 334, 347, 
32364, 334, 332, 334, 346, 
32394, 338, 338, 337, 333, 
32424, 340, 342, 341, 328, 
32454, 338, 339, 340, 332, 
32485, 335, 334, 336, 345, 
32515, 334, 331, 334, 346, 
32545, 336, 337, 337, 338, 
32575, 340, 342, 340, 326, 
32606, 337, 339, 341, 330, 
32635, 335, 335, 337, 341, 
32666, 333, 332, 333, 350, 
32696, 335, 335, 335, 340, 
32726, 339, 341, 340, 329, 
32756, 340, 341, 341, 327, 
32786, 336, 336, 338, 339, 
32817, 333, 331, 333, 348, 
32846, 335, 334, 335, 344, 
32877, 339, 340, 339, 331, 
32907, 340, 342, 341, 326, 
32937, 337, 338, 340, 335, 
32967, 333, 332, 334, 347, 
32998, 334, 332, 333, 345, 
33028, 337, 338, 337, 335, 
33057, 340, 342, 340, 326, 
33088, 338, 339, 341, 333, 
33118, 335, 333, 336, 345, 
33148, 334, 332, 333, 348, 
33178, 337, 336, 336, 339, 
33209, 340, 342, 341, 328, 
33239, 339, 340, 341, 331, 
33269, 336, 335, 337, 342, 
33299, 332, 331, 333, 349, 
33330, 336, 334, 335, 341, 
33359, 339, 341, 339, 327, 
33389, 339, 342, 342, 328, 
33420, 336, 336, 338, 339, 
33449, 333, 332, 334, 349, 
33480, 336, 334, 334, 343, 
33510, 339, 339, 339, 331, 
33541, 340, 341, 341, 327, 
33570, 337, 338, 339, 337, 
33601, 334, 332, 334, 347, 
33631, 334, 333, 334, 346, 
33660, 337, 338, 338, 334, 
33691, 340, 342, 341, 326, 
33721, 338, 339, 340, 333, 
33752, 334, 333, 335, 346, 
33781, 334, 330, 333, 349, 
33812, 337, 336, 338, 337, 
33842, 340, 342, 341, 326, 
33872, 337, 340, 341, 330, 
33902, 335, 335, 336, 342, 
33933, 333, 332, 333, 349, 
33963, 335, 335, 335, 339, 
33992, 339, 340, 340, 328, 
34023, 339, 341, 341, 327, 
34053, 335, 336, 337, 340, 
34083, 333, 331, 334, 347, 
34113, 335, 334, 335, 343, 
34144, 338, 340, 340, 330, 
34173, 340, 342, 341, 326, 
34204, 337, 338, 339, 336, 
34234, 335, 331, 334, 347, 
34265, 334, 333, 333, 345, 
34294, 337, 338, 338, 334, 
34324, 341, 342, 341, 325, 
34355, 338, 339, 339, 334, 
34384, 335, 333, 336, 344, 
34415, 334, 332, 333, 347, 
34445, 337, 337, 337, 336, 
34476, 340, 343, 341, 326, 
34505, 339, 340, 340, 329, 
34536, 335, 334, 337, 342, 
34566, 334, 331, 333, 348, 
34596, 336, 335, 335, 339, 
34626, 339, 341, 340, 329, 
34656, 340, 341, 341, 328, 
34686, 337, 336, 338, 338, 
34716, 333, 332, 333, 348, 
34747, 335, 334, 334, 342, 
34777, 338, 339, 339, 330, 
34807, 340, 342, 341, 325, 
34837, 337, 338, 340, 336, 
34868, 334, 331, 334, 346, 
34897, 334, 332, 334, 345, 
34928, 338, 338, 338, 333, 
34958, 340, 342, 341, 324, 
34988, 338, 339, 340, 332, 
35018, 335, 334, 335, 345, 
35048, 334, 331, 334, 347, 
35079, 337, 337, 338, 336, 
35108, 340, 342, 341, 326, 
35139, 339, 340, 339, 330, 
35169, 335, 335, 336, 342, 
35200, 333, 331, 333, 349, 
35229, 335, 335, 335, 339, 
35260, 339, 342, 341, 327, 
35290, 339, 341, 341, 328, 
35319, 337, 335, 337, 340, 
35350, 333, 331, 333, 350, 
35380, 335, 334, 335, 343, 
35410, 339, 340, 341, 330, 
35440, 340, 342, 341, 326, 
35471, 337, 337, 338, 336, 
35501, 334, 331, 335, 348, 
35531, 335, 333, 334, 344, 
35561, 338, 338, 339, 333, 
35591, 340, 343, 340, 325, 
35621, 338, 339, 340, 333, 
35651, 334, 333, 335, 347, 
35682, 334, 332, 333, 347, 
35712, 337, 337, 337, 337, 
35742, 340, 342, 342, 327, 
35772, 339, 340, 341, 331, 
35803, 335, 334, 337, 343, 
35832, 333, 331, 333, 348, 
35863, 336, 335, 335, 339, 
35893, 339, 341, 338, 328, 
35922, 339, 342, 341, 329, 
35953, 336, 336, 336, 339, 
35983, 333, 333, 333, 347, 
36014, 335, 334, 334, 342, 
36043, 338, 340, 339, 330, 
36074, 339, 343, 341, 327, 
36104, 337, 337, 339, 337, 
36134, 333, 331, 334, 349, 
36164, 334, 333, 334, 345, 
36195, 338, 339, 338, 333, 
36225, 340, 342, 342, 325, 
36254, 338, 339, 340, 335, 
36285, 334, 333, 335, 346, 
36315, 334, 332, 335, 347, 
36345, 336, 338, 337, 336, 
36375, 339, 342, 342, 326, 
36406, 338, 340, 340, 332, 
36435, 335, 334, 337, 344, 
36466, 334, 332, 334, 349, 
36496, 335, 335, 335, 338, 
36527, 339, 341, 341, 328, 
36556, 339, 341, 341, 328, 
36586, 336, 336, 337, 340, 
36617, 333, 331, 334, 348, 
36646, 335, 334, 335, 342, 
36677, 339, 340, 339, 330, 
36707, 339, 342, 341, 328, 
36738, 336, 337, 338, 338, 
36767, 334, 331, 334, 348, 
36798, 334, 333, 334, 345, 
36828, 339, 339, 338, 333, 
36858, 340, 342, 342, 325, 
36888, 337, 339, 340, 334, 
36918, 334, 332, 335, 346, 
36948, 335, 332, 334, 346, 
36978, 337, 337, 337, 336, 
37009, 339, 342, 341, 326, 
37039, 338, 339, 341, 330, 
37069, 334, 334, 336, 343, 
37099, 333, 331, 333, 348, 
37130, 337, 336, 336, 338, 
37159, 340, 341, 341, 327, 
37190, 339, 340, 341, 329, 
37220, 336, 335, 337, 341, 
37250, 333, 331, 334, 349, 
37280, 335, 334, 335, 341, 
37310, 338, 340, 340, 330, 
37341, 339, 342, 341, 326, 
37370, 336, 337, 337, 338, 
37401, 333, 331, 333, 347, 
37431, 334, 333, 334, 344, 
37462, 338, 339, 338, 332, 
37491, 342, 342, 341, 326, 
37521, 337, 338, 340, 335, 
37552, 334, 332, 334, 347, 
37581, 334, 332, 334, 347, 
37612, 336, 339, 337, 335, 
37642, 340, 342, 341, 326, 
37672, 338, 340, 340, 332, 
37702, 334, 333, 336, 345, 
37733, 334, 332, 333, 349, 
37763, 336, 337, 336, 340, 
37793, 338, 342, 341, 327, 
37823, 339, 340, 341, 331, 
37853, 335, 335, 337, 343, 
37883, 333, 333, 333, 349, 
37913, 335, 335, 337, 342, 
37944, 339, 341, 339, 328, 
37974, 339, 342, 341, 328, 
38004, 336, 336, 337, 339, 
38034, 333, 331, 334, 349, 
38065, 335, 333, 334, 344, 
38094, 338, 339, 338, 332, 
38125, 339, 342, 340, 326, 
38155, 337, 338, 339, 336, 
38184, 333, 332, 334, 347, 
38215, 333, 332, 333, 347, 
38245, 337, 338, 337, 335, 
38276, 340, 342, 341, 327, 
38305, 338, 339, 340, 334, 
38336, 334, 335, 335, 345, 
38366, 334, 331, 333, 349, 
38396, 336, 336, 336, 338, 
38426, 339, 342, 340, 328, 
38457, 339, 341, 341, 331, 
38487, 335, 335, 337, 343, 
38516, 333, 331, 333, 349, 
38547, 336, 335, 335, 341, 
38577, 339, 341, 340, 329, 
38607, 339, 342, 341, 329, 
38637, 336, 336, 338, 340, 
38668, 333, 332, 335, 349, 
38697, 334, 334, 334, 344, 
38728, 338, 340, 339, 332, 
38758, 340, 342, 342, 326, 
38789, 337, 338, 339, 336, 
38818, 333, 332, 334, 348, 
38848, 334, 334, 333, 346, 
38879, 337, 338, 338, 334, 
38908, 340, 342, 341, 326, 
38939, 338, 339, 341, 333, 
38969, 334, 333, 335, 345, 
39000, 334, 331, 333, 348, 
39029, 336, 337, 336, 338, 
39060, 340, 342, 340, 326, 
39090, 340, 340, 340, 330, 
39120, 336, 334, 336, 343, 
39150, 333, 332, 333, 348, 
39180, 337, 335, 335, 340, 
39211, 339, 342, 338, 328, 
39240, 339, 341, 342, 329, 
39271, 336, 336, 337, 339, 
39301, 334, 331, 334, 349, 
39331, 335, 335, 334, 343, 
39361, 340, 339, 339, 332, 
39392, 340, 342, 341, 327, 
39421, 337, 337, 339, 336, 
39451, 334, 332, 335, 349, 
39482, 334, 332, 333, 345, 
39512, 338, 338, 339, 334, 
39542, 340, 342, 342, 326, 
39572, 338, 339, 340, 333, 
39603, 334, 333, 336, 346, 
39632, 334, 332, 334, 348, 
39663, 337, 337, 336, 336, 
39693, 340, 342, 341, 326, 
39724, 338, 340, 340, 331, 
39753, 335, 335, 336, 342, 
39783, 333, 331, 334, 348, 
39814, 336, 335, 336, 339, 
39843, 339, 342, 340, 327, 
39874, 338, 341, 341, 328, 
39904, 336, 336, 338, 340, 
39934, 333, 332, 334, 348, 
39964, 335, 334, 336, 342, 
39995, 339, 340, 338, 330, 
40025, 340, 342, 342, 326, 
40055, 337, 337, 338, 336, 
40085, 334, 332, 334, 348, 
40115, 334, 333, 335, 344, 
40145, 338, 338, 338, 333, 
40175, 340, 342, 341, 325, 
40206, 337, 340, 340, 335, 
40236, 335, 333, 335, 345, 
40266, 334, 333, 333, 347, 
40296, 337, 337, 336, 335, 
40327, 340, 342, 341, 325, 
40356, 339, 340, 340, 330, 
40387, 335, 335, 336, 342, 
40417, 333, 333, 334, 348, 
40446, 336, 335, 336, 339, 
40477, 339, 340, 340, 328, 
40507, 339, 341, 341, 328, 
40538, 336, 335, 337, 342, 
40567, 333, 331, 335, 348, 
40598, 335, 334, 334, 342, 
40628, 339, 340, 340, 330, 
40658, 339, 342, 341, 327, 
40688, 337, 337, 338, 337, 
40719, 334, 332, 335, 347, 
40749, 334, 333, 334, 344, 
40778, 338, 338, 338, 332, 
40809, 340, 342, 342, 326, 
40839, 338, 339, 339, 333, 
40869, 334, 333, 336, 346, 
40899, 334, 332, 334, 346, 
40930, 337, 337, 337, 336, 
40960, 340, 342, 341, 326, 
40990, 339, 339, 340, 331, 
41020, 335, 333, 336, 344, 
41051, 334, 331, 333, 348, 
41080, 336, 336, 336, 339, 
41110, 340, 341, 340, 327, 
41141, 338, 340, 341, 330, 
41170, 335, 335, 337, 340, 
41201, 333, 332, 334, 348, 
41231, 335, 335, 335, 341, 
41262, 338, 340, 339, 328, 
41291, 340, 342, 341, 327, 
41322, 336, 336, 339, 337, 
41352, 334, 332, 334, 348, 
41381, 336, 333, 335, 344, 
41412, 338, 339, 338, 331, 
41442, 341, 342, 341, 325, 
41473, 338, 338, 340, 335, 
41502, 334, 332, 334, 346, 
41533, 334, 332, 333, 348, 
41563, 337, 338, 338, 335, 
41593, 340, 342, 342, 327, 
41623, 338, 339, 340, 331, 
41654, 334, 334, 336, 344, 
41683, 333, 332, 333, 348, 
41713, 337, 336, 336, 338, 
41744, 339, 341, 341, 328, 
41774, 339, 339, 341, 329, 
41804, 335, 334, 337, 340, 
41834, 333, 330, 333, 349, 
41865, 335, 334, 335, 340, 
41894, 338, 340, 339, 329, 
41925, 339, 341, 341, 327, 
41955, 336, 337, 338, 338, 
41986, 333, 332, 333, 348, 
42015, 334, 333, 334, 345, 
42045, 338, 339, 338, 332, 
42076, 339, 342, 341, 327, 
42105, 337, 338, 339, 335, 
42136, 334, 332, 335, 347, 
42166, 334, 332, 334, 346, 
42196, 337, 337, 337, 336, 
42226, 340, 342, 342, 326, 
42257, 338, 339, 340, 333, 
42287, 334, 333, 335, 344, 
42317, 333, 332, 333, 348, 
42347, 337, 336, 336, 338, 
42377, 340, 343, 341, 328, 
42407, 339, 340, 341, 330, 
42437, 335, 335, 337, 342, 
42468, 333, 331, 333, 349, 
42498, 335, 335, 335, 341, 
42528, 339, 340, 341, 329, 
42558, 340, 341, 341, 327, 
42589, 336, 336, 338, 339, 
42618, 333, 331, 334, 349, 
42649, 335, 334, 334, 343, 
42679, 338, 340, 340, 331, 
42708, 340, 342, 341, 326, 
42739, 337, 337, 340, 336, 
42769, 334, 332, 334, 347, 
42800, 334, 332, 334, 346, 
42829, 338, 338, 338, 334, 
42860, 340, 342, 342, 326, 
42890, 338, 339, 339, 333, 
42920, 335, 333, 335, 346, 
42950, 333, 332, 333, 348, 
42981, 337, 337, 336, 338, 
43011, 339, 342, 341, 328, 
43040, 339, 340, 341, 330, 
43071, 335, 334, 336, 342, 
43101, 333, 331, 333, 349, 
43131, 336, 335, 335, 340, 
43161, 340, 341, 340, 329, 
43192, 340, 342, 343, 329, 
43222, 336, 336, 338, 339, 
43252, 333, 331, 333, 349, 
43282, 334, 334, 334, 343, 
43312, 338, 340, 339, 331, 
43342, 340, 342, 342, 326, 
43372, 338, 339, 339, 336, 
43403, 334, 332, 335, 347, 
43432, 334, 332, 334, 346, 
43463, 337, 338, 338, 334, 
43493, 340, 342, 341, 327, 
43524, 338, 339, 339, 334, 
43553, 334, 333, 335, 347, 
43584, 335, 331, 334, 348, 
43614, 336, 337, 336, 337, 
43643, 339, 342, 341, 328, 
43674, 338, 340, 341, 331, 
43704, 335, 335, 336, 343, 
43735, 334, 331, 333, 349, 
43764, 337, 335, 335, 340, 
43795, 339, 341, 340, 328, 
43825, 339, 341, 340, 328, 
43855, 336, 336, 337, 341, 
43885, 333, 331, 334, 350, 
43916, 335, 334, 334, 344, 
43945, 338, 341, 339, 332, 
43975, 339, 341, 341, 326, 
44006, 337, 337, 338, 337, 
44036, 333, 332, 334, 348, 
44066, 334, 333, 333, 345, 
44096, 337, 338, 338, 333, 
44127, 340, 341, 342, 327, 
44156, 337, 339, 340, 334, 
44187, 334, 333, 336, 345, 
44217, 333, 332, 333, 348, 
44248, 336, 337, 336, 337, 
44277, 340, 342, 342, 326, 
44307, 338, 340, 341, 331, 
44338, 335, 334, 336, 343, 
44367, 333, 331, 333, 348, 
44398, 335, 335, 335, 339, 
44428, 339, 341, 340, 328, 
44459, 339, 341, 341, 328, 
44488, 336, 336, 338, 340, 
44519, 334, 332, 333, 348, 
44549, 335, 334, 335, 342, 
44579, 338, 340, 339, 331, 
44609, 340, 342, 341, 327, 
44639, 337, 338, 338, 336, 
44669, 333, 331, 334, 348, 
44699, 334, 333, 334, 345, 
44730, 337, 338, 339, 333, 
44760, 340, 342, 342, 325, 
44790, 337, 339, 340, 333, 
44820, 335, 334, 335, 346, 
44851, 334, 331, 334, 348, 
44880, 337, 336, 337, 336, 
44911, 339, 342, 341, 325, 
44941, 338, 339, 341, 330, 
44971, 335, 334, 336, 343, 
45001, 333, 331, 333, 348, 
45031, 337, 336, 336, 339, 
45062, 340, 341, 340, 327, 
45091, 338, 341, 341, 331, 
45122, 336, 336, 337, 339, 
45152, 333, 332, 334, 349, 
45182, 335, 335, 335, 343, 
45212, 339, 339, 339, 330, 
45242, 339, 341, 341, 326, 
45273, 336, 337, 338, 337, 
45302, 333, 332, 334, 347, 
45333, 334, 333, 334, 344, 
45363, 337, 340, 338, 332, 
45393, 340, 342, 341, 325, 
45423, 337, 338, 339, 334, 
45454, 334, 332, 336, 345, 
45484, 334, 333, 333, 347, 
45514, 337, 338, 338, 336, 
45544, 339, 342, 341, 326, 
45574, 338, 340, 341, 331, 
45604, 335, 334, 336, 343, 
45634, 333, 331, 334, 348, 
45665, 336, 335, 336, 340, 
45694, 339, 342, 341, 328, 
45725, 339, 341, 341, 329, 
45755, 336, 336, 337, 340, 
45786, 333, 331, 332, 349, 
45815, 335, 335, 334, 342, 
45846, 338, 340, 339, 330, 
45876, 339, 341, 341, 326, 
45905, 337, 337, 339, 336, 
45936, 333, 331, 334, 347, 
45966, 334, 332, 333, 345, 
45997, 338, 338, 338, 333, 
46026, 339, 342, 342, 325, 
46057, 337, 338, 338, 334, 
46087, 335, 333, 335, 345, 
46117, 334, 332, 333, 347, 
46147, 337, 336, 336, 336, 
46178, 341, 341, 341, 326, 
46208, 338, 339, 340, 330, 
46237, 335, 335, 336, 343, 
46268, 334, 331, 335, 349, 
46298, 335, 335, 336, 340, 
46328, 339, 341, 340, 328, 
46358, 340, 341, 341, 329, 
46389, 336, 336, 337, 339, 
46418, 333, 331, 333, 349, 
46449, 335, 335, 335, 344, 
46479, 338, 340, 339, 331, 
46510, 339, 341, 342, 327, 
46539, 336, 337, 340, 336, 
46569, 333, 332, 334, 347, 
46600, 334, 333, 334, 345, 
46629, 338, 338, 337, 334, 
46660, 339, 342, 341, 325, 
46690, 338, 338, 340, 333, 
46721, 333, 333, 335, 345, 
46750, 333, 332, 333, 348, 
46781, 336, 336, 336, 337, 
46811, 340, 342, 341, 327, 
46841, 340, 340, 341, 330, 
46871, 335, 334, 336, 342, 
46901, 333, 331, 333, 348, 
46931, 336, 335, 336, 340, 
46961, 340, 341, 340, 328, 
46992, 339, 341, 341, 328, 
47022, 336, 336, 339, 340, 
47052, 333, 331, 333, 348, 
47082, 335, 334, 334, 344, 
47113, 338, 339, 339, 330, 
47142, 340, 341, 342, 327, 
47172, 337, 337, 339, 336, 
47203, 334, 332, 335, 348, 
47233, 334, 333, 334, 346, 
47263, 338, 338, 338, 334, 
47293, 340, 343, 342, 326, 
47324, 338, 339, 340, 334, 
47353, 335, 333, 335, 346, 
47384, 334, 333, 333, 348, 
47414, 336, 336, 337, 337, 
47444, 339, 341, 341, 327, 
47474, 339, 340, 340, 330, 
47504, 335, 335, 337, 342, 
47535, 333, 331, 333, 349, 
47564, 337, 336, 335, 341, 
47595, 339, 340, 340, 328, 
47625, 339, 341, 341, 328, 
47655, 336, 336, 338, 339, 
47685, 333, 332, 334, 349, 
47716, 335, 335, 334, 344, 
47746, 339, 338, 339, 332, 
47776, 340, 342, 341, 327, 
47806, 337, 338, 340, 336, 
47836, 334, 332, 334, 347, 
47866, 334, 332, 335, 347, 
47896, 337, 338, 337, 336, 
47927, 340, 342, 341, 326, 
47956, 338, 339, 340, 333, 
47987, 335, 333, 336, 344, 
48017, 334, 333, 333, 349, 
48048, 336, 336, 336, 338, 
48077, 340, 341, 340, 327, 
48108, 338, 341, 341, 330, 
48138, 335, 335, 338, 342, 
48167, 334, 331, 333, 348, 
48198, 335, 335, 335, 340, 
48228, 339, 340, 339, 329, 
48259, 340, 341, 341, 328, 
48288, 337, 336, 338, 338, 
48319, 334, 331, 334, 348, 
48349, 335, 333, 334, 345, 
48379, 338, 339, 339, 332, 
48409, 340, 342, 342, 326, 
48440, 337, 338, 339, 335, 
48470, 334, 332, 334, 347, 
48499, 334, 332, 333, 346, 
48530, 338, 337, 337, 335, 
48560, 340, 342, 341, 325, 
48590, 338, 340, 340, 332, 
48620, 334, 334, 336, 344, 
48651, 334, 332, 333, 348, 
48680, 336, 336, 336, 338, 
48711, 339, 342, 340, 327, 
48741, 339, 341, 341, 329, 
48772, 335, 336, 337, 341, 
48801, 333, 331, 334, 349, 
48831, 337, 334, 335, 341, 
48862, 338, 340, 339, 329, 
48891, 339, 341, 341, 327, 
48922, 336, 337, 339, 337, 
48952, 334, 332, 334, 348, 
48983, 334, 333, 334, 344, 
49012, 338, 338, 338, 332, 
49043, 339, 341, 341, 325, 
49073, 337, 338, 340, 334, 
49102, 334, 332, 335, 346, 
49133, 334, 332, 333, 347, 
49163, 337, 337, 337, 336, 
49193, 340, 342, 341, 326, 
49223, 338, 340, 340, 331, 
49254, 335, 334, 337, 343, 
49284, 333, 331, 333, 349, 
49314, 338, 336, 335, 340, 
49344, 339, 341, 341, 327, 
49375, 341, 341, 341, 328, 
49404, 336, 335, 337, 340, 
49434, 334, 332, 334, 348, 
49465, 335, 335, 335, 342, 
49495, 339, 340, 339, 330, 
49525, 339, 341, 342, 327, 
49555, 337, 337, 338, 337, 
49586, 334, 331, 334, 347, 
49615, 334, 333, 335, 345, 
49646, 338, 338, 338, 333, 
49676, 340, 343, 341, 326, 
49707, 337, 339, 339, 333, 
49736, 334, 332, 335, 345, 
49766, 334, 332, 333, 348, 
49797, 337, 337, 336, 336, 
49826, 339, 343, 339, 327, 
49857, 339, 341, 340, 331, 
49887, 335, 334, 337, 343, 
49917, 334, 333, 333, 349, 
49947, 336, 335, 335, 340, 
49978, 339, 341, 340, 328, 
50008, 339, 342, 341, 328, 
50038, 336, 336, 338, 339, 
50068, 333, 331, 334, 348, 
50098, 336, 334, 335, 343, 
50128, 338, 340, 339, 331, 
50158, 340, 342, 342, 326, 
50189, 337, 338, 339, 334, 
50219, 334, 332, 334, 347, 
50249, 334, 333, 334, 345, 
50279, 338, 338, 338, 333, 
50310, 340, 342, 341, 326, 
50339, 338, 339, 340, 333, 
50370, 334, 333, 336, 345, 
50400, 334, 333, 335, 348, 
50429, 337, 336, 337, 337, 
50460, 341, 342, 340, 326, 
50490, 341, 340, 341, 330, 
50521, 336, 335, 337, 342, 
50550, 334, 331, 333, 349, 
50581, 336, 335, 335, 341, 
50611, 339, 341, 340, 330, 
50641, 340, 341, 341, 327, 
50671, 337, 336, 338, 339, 
50702, 334, 331, 334, 348, 
50732, 335, 333, 334, 343, 
50761, 338, 339, 339, 331, 
50792, 340, 341, 341, 325, 
50822, 338, 339, 339, 335, 
50852, 334, 332, 334, 347, 
50882, 334, 332, 333, 346, 
50913, 338, 337, 337, 334, 
50942, 340, 342, 341, 326, 
50973, 339, 339, 339, 332, 
51003, 335, 333, 335, 344, 
51033, 333, 332, 333, 348, 
51063, 336, 336, 337, 338, 
51093, 339, 341, 340, 327, 
51124, 338, 340, 340, 329, 
51153, 336, 335, 337, 341, 
51184, 333, 332, 333, 349, 
51214, 335, 334, 335, 342, 
51245, 339, 340, 340, 329, 
51274, 339, 341, 341, 327, 
51305, 336, 337, 338, 337, 
51335, 333, 331, 333, 347, 
51364, 335, 334, 334, 344, 
51395, 338, 338, 337, 332, 
51425, 339, 342, 341, 325, 
51456, 337, 338, 339, 334, 
51485, 334, 333, 334, 346, 
51516, 334, 332, 333, 347, 
51546, 337, 337, 337, 337, 
51576, 340, 342, 340, 326, 
51606, 338, 339, 340, 331, 
51637, 334, 334, 335, 343, 
