80, 335, 335, 337, 339, 
1, 334, 333, 334, 343, 
2, 333, 332, 334, 346, 
11, 340, 342, 342, 326, 
37, 334, 333, 335, 348, 
65, 339, 338, 337, 335, 
92, 338, 340, 339, 333, 
119, 334, 331, 333, 351, 
147, 339, 339, 339, 332, 
175, 339, 339, 339, 334, 
203, 333, 332, 334, 351, 
231, 337, 338, 339, 335, 
260, 339, 340, 341, 331, 
287, 333, 332, 335, 350, 
316, 336, 337, 337, 339, 
344, 339, 342, 342, 328, 
371, 334, 333, 335, 347, 
400, 336, 335, 336, 342, 
428, 340, 342, 341, 327, 
456, 335, 334, 336, 344, 
484, 335, 333, 335, 346, 
512, 340, 342, 340, 327, 
540, 336, 336, 337, 340, 
568, 335, 332, 334, 348, 
596, 339, 341, 340, 329, 
624, 337, 338, 339, 336, 
653, 333, 331, 334, 350, 
680, 338, 339, 339, 332, 
708, 337, 339, 340, 333, 
737, 333, 331, 334, 350, 
764, 338, 338, 338, 335, 
793, 338, 340, 340, 329, 
821, 333, 332, 334, 349, 
849, 337, 336, 336, 339, 
877, 339, 341, 341, 329, 
905, 334, 333, 335, 346, 
933, 336, 335, 335, 343, 
961, 340, 341, 341, 327, 
990, 335, 334, 336, 344, 
1017, 334, 333, 335, 345, 
1046, 339, 341, 340, 329, 
1076, 338, 340, 340, 332, 
1104, 334, 333, 335, 347, 
1134, 335, 334, 335, 345, 
1163, 339, 342, 340, 328, 
1192, 340, 340, 339, 333, 
1221, 335, 332, 334, 348, 
1251, 335, 334, 335, 345, 
1280, 340, 341, 341, 329, 
1308, 337, 339, 340, 333, 
1338, 333, 332, 334, 349, 
1367, 335, 334, 335, 343, 
1396, 339, 341, 340, 328, 
1425, 338, 338, 338, 334, 
1455, 333, 331, 334, 349, 
1483, 335, 335, 335, 341, 
1512, 340, 342, 340, 327, 
1542, 338, 339, 340, 335, 
1570, 333, 332, 334, 348, 
1600, 335, 335, 335, 341, 
1629, 340, 343, 340, 327, 
1658, 337, 337, 340, 335, 
1687, 333, 331, 334, 349, 
1717, 336, 335, 336, 340, 
1745, 340, 342, 341, 327, 
1774, 337, 339, 339, 336, 
1804, 333, 331, 334, 349, 
1832, 336, 336, 336, 340, 
1862, 340, 342, 340, 326, 
1891, 337, 338, 338, 337, 
1921, 333, 331, 334, 349, 
1949, 336, 336, 336, 339, 
1978, 339, 342, 341, 326, 
2008, 336, 337, 338, 338, 
2036, 333, 331, 333, 350, 
2066, 337, 336, 337, 337, 
2095, 339, 342, 341, 326, 
2124, 336, 337, 338, 339, 
2153, 334, 331, 334, 348, 
2183, 337, 337, 336, 336, 
2211, 339, 342, 340, 326, 
2240, 336, 336, 338, 340, 
2270, 333, 331, 334, 350, 
2298, 337, 338, 337, 336, 
2328, 339, 342, 340, 326, 
2357, 336, 335, 337, 342, 
2386, 333, 331, 334, 347, 
2415, 338, 337, 337, 335, 
2444, 340, 341, 340, 327, 
2473, 336, 335, 338, 341, 
2502, 335, 331, 334, 349, 
2532, 337, 338, 338, 334, 
2561, 340, 342, 341, 327, 
2590, 335, 335, 337, 341, 
2619, 333, 332, 334, 347, 
2649, 338, 338, 338, 334, 
2677, 339, 341, 340, 327, 
2706, 335, 335, 337, 343, 
2736, 334, 332, 334, 347, 
2764, 337, 339, 338, 332, 
2794, 340, 342, 341, 328, 
2823, 335, 334, 336, 344, 
2852, 334, 332, 334, 347, 
2881, 339, 340, 338, 332, 
2910, 339, 342, 340, 330, 
2939, 335, 333, 336, 345, 
2968, 334, 333, 334, 347, 
2998, 339, 340, 339, 331, 
3026, 339, 341, 340, 330, 
3056, 334, 333, 335, 346, 
3085, 334, 333, 334, 346, 
3115, 339, 340, 340, 330, 
3143, 339, 340, 340, 331, 
3172, 334, 333, 335, 348, 
3202, 334, 332, 335, 345, 
3230, 339, 342, 339, 329, 
3260, 339, 340, 340, 331, 
3289, 334, 333, 335, 347, 
3318, 335, 333, 335, 345, 
3347, 339, 339, 340, 329, 
3376, 338, 340, 340, 333, 
3405, 334, 333, 335, 348, 
3434, 335, 334, 336, 343, 
3464, 340, 342, 340, 327, 
3492, 338, 339, 339, 333, 
3522, 334, 332, 335, 348, 
3551, 335, 334, 335, 344, 
3580, 339, 341, 341, 327, 
3609, 338, 339, 339, 333, 
3638, 334, 332, 334, 350, 
3667, 335, 334, 335, 342, 
3696, 339, 342, 340, 328, 
3726, 337, 339, 339, 334, 
3755, 334, 332, 334, 349, 
3784, 336, 335, 336, 341, 
3813, 339, 342, 341, 327, 
3842, 337, 338, 339, 335, 
3871, 333, 331, 334, 349, 
3900, 335, 335, 335, 341, 
3930, 341, 342, 340, 326, 
3958, 337, 338, 339, 336, 
3988, 334, 331, 334, 350, 
4017, 336, 336, 336, 340, 
4046, 340, 342, 341, 327, 
4075, 338, 337, 338, 337, 
4104, 334, 331, 334, 350, 
4133, 337, 336, 336, 339, 
4162, 340, 343, 341, 326, 
4192, 337, 337, 338, 338, 
4220, 334, 331, 334, 349, 
4250, 336, 336, 337, 337, 
4279, 339, 342, 341, 326, 
4307, 336, 337, 338, 339, 
4337, 333, 331, 334, 350, 
4366, 335, 337, 337, 337, 
4396, 340, 343, 342, 327, 
4424, 336, 337, 337, 340, 
4454, 333, 332, 335, 350, 
4483, 338, 338, 337, 336, 
4512, 339, 342, 341, 326, 
4541, 336, 337, 338, 340, 
4570, 333, 332, 334, 349, 
4599, 337, 338, 337, 335, 
4628, 339, 342, 341, 328, 
4658, 335, 335, 335, 341, 
4686, 333, 332, 334, 349, 
4716, 337, 338, 338, 334, 
4745, 339, 342, 340, 327, 
4773, 335, 335, 337, 342, 
4803, 333, 332, 334, 349, 
4832, 337, 338, 339, 333, 
4861, 339, 341, 341, 329, 
4890, 335, 334, 337, 344, 
4920, 333, 332, 334, 348, 
4948, 337, 339, 339, 333, 
4978, 339, 342, 340, 329, 
5007, 335, 335, 337, 346, 
5036, 334, 333, 334, 348, 
5065, 338, 339, 339, 333, 
5094, 340, 341, 340, 329, 
5124, 335, 334, 336, 345, 
5152, 334, 333, 334, 347, 
5182, 338, 340, 339, 332, 
5211, 338, 340, 340, 330, 
5239, 334, 333, 336, 346, 
5269, 334, 333, 334, 346, 
5298, 339, 340, 340, 331, 
5327, 338, 341, 341, 330, 
5356, 334, 333, 335, 347, 
5386, 334, 333, 334, 346, 
5414, 339, 340, 339, 331, 
5444, 339, 340, 340, 331, 
5473, 335, 332, 336, 348, 
5501, 335, 333, 335, 345, 
5531, 340, 341, 340, 329, 
5560, 338, 340, 340, 332, 
5590, 334, 333, 335, 347, 
5618, 335, 334, 336, 344, 
5648, 340, 342, 340, 327, 
5677, 338, 340, 340, 333, 
5705, 334, 332, 335, 349, 
5735, 335, 334, 335, 343, 
5764, 339, 341, 340, 327, 
5793, 338, 339, 339, 334, 
5822, 334, 332, 334, 348, 
5852, 334, 335, 335, 342, 
5880, 340, 343, 341, 328, 
5910, 338, 339, 339, 334, 
5939, 333, 332, 334, 349, 
5967, 336, 335, 335, 342, 
5997, 340, 342, 340, 327, 
6026, 337, 338, 339, 334, 
6055, 333, 331, 334, 350, 
6084, 336, 335, 337, 341, 
6114, 340, 342, 341, 326, 
6142, 337, 336, 339, 336, 
6171, 334, 331, 334, 350, 
6201, 335, 336, 337, 339, 
6230, 340, 342, 341, 326, 
6259, 337, 338, 339, 337, 
6288, 333, 331, 334, 349, 
6318, 336, 336, 336, 339, 
6346, 339, 342, 341, 326, 
6376, 337, 337, 338, 337, 
6405, 333, 332, 334, 350, 
6433, 336, 337, 336, 336, 
6463, 339, 342, 341, 326, 
6492, 337, 336, 339, 339, 
6521, 334, 331, 333, 351, 
6550, 336, 336, 337, 337, 
6580, 339, 342, 342, 327, 
6608, 336, 336, 337, 340, 
6637, 334, 331, 334, 349, 
6667, 337, 337, 337, 336, 
6695, 340, 342, 341, 327, 
6725, 336, 336, 337, 342, 
6754, 334, 331, 333, 351, 
6784, 337, 339, 337, 334, 
6812, 340, 342, 341, 326, 
6842, 336, 335, 336, 342, 
6871, 334, 332, 334, 350, 
6899, 339, 338, 339, 335, 
6929, 339, 342, 342, 328, 
6958, 335, 335, 337, 342, 
6987, 334, 332, 334, 349, 
7016, 339, 339, 338, 334, 
7046, 340, 341, 341, 329, 
7074, 336, 335, 336, 343, 
7103, 334, 332, 335, 348, 
7133, 338, 339, 338, 332, 
7161, 339, 341, 341, 328, 
7191, 335, 333, 336, 344, 
7220, 334, 332, 334, 348, 
7249, 338, 339, 339, 331, 
7278, 339, 341, 340, 328, 
7308, 334, 333, 336, 345, 
7336, 334, 332, 334, 347, 
7365, 339, 340, 339, 331, 
7395, 339, 340, 340, 331, 
7424, 335, 333, 335, 346, 
7453, 335, 333, 334, 346, 
7482, 339, 340, 339, 330, 
7512, 339, 340, 340, 331, 
7540, 334, 333, 335, 347, 
7569, 334, 334, 335, 344, 
7599, 339, 341, 340, 328, 
7627, 337, 340, 340, 331, 
7657, 332, 333, 335, 348, 
7686, 335, 334, 336, 344, 
7715, 339, 340, 340, 328, 
7744, 339, 339, 340, 332, 
7774, 333, 332, 335, 348, 
7802, 335, 334, 335, 343, 
7831, 340, 341, 340, 328, 
7861, 339, 339, 340, 333, 
7889, 334, 331, 333, 348, 
7919, 335, 334, 335, 342, 
7948, 340, 343, 341, 327, 
7977, 338, 339, 339, 334, 
8006, 333, 332, 334, 350, 
8035, 335, 335, 336, 342, 
8065, 339, 342, 340, 327, 
8093, 337, 340, 339, 336, 
8123, 333, 331, 335, 350, 
8152, 336, 335, 336, 341, 
8181, 339, 342, 341, 327, 
8210, 337, 339, 339, 336, 
8240, 334, 331, 334, 350, 
8268, 336, 336, 336, 340, 
8297, 339, 342, 342, 326, 
8327, 337, 338, 338, 337, 
8355, 333, 330, 334, 350, 
8385, 336, 336, 336, 338, 
8414, 340, 342, 340, 327, 
8443, 337, 337, 338, 338, 
8472, 333, 331, 334, 350, 
8501, 337, 337, 336, 338, 
8530, 340, 342, 342, 327, 
8559, 337, 337, 338, 339, 
8589, 333, 331, 334, 350, 
8617, 337, 337, 337, 337, 
8647, 340, 342, 341, 327, 
8676, 336, 336, 337, 340, 
8706, 333, 331, 334, 350, 
8734, 337, 338, 337, 336, 
8763, 340, 342, 341, 327, 
8793, 336, 336, 338, 341, 
8821, 334, 331, 333, 350, 
8851, 338, 338, 337, 335, 
8880, 339, 342, 341, 328, 
8909, 335, 335, 338, 342, 
8938, 334, 332, 334, 349, 
8967, 337, 339, 338, 334, 
8996, 339, 342, 342, 329, 
9025, 335, 335, 336, 343, 
9055, 334, 332, 334, 349, 
9083, 338, 339, 339, 333, 
9113, 339, 341, 341, 329, 
9142, 335, 335, 336, 344, 
9171, 334, 332, 334, 348, 
9200, 338, 340, 339, 332, 
9229, 339, 341, 340, 328, 
9259, 335, 334, 336, 345, 
9287, 334, 333, 334, 346, 
9317, 339, 340, 339, 331, 
9346, 339, 340, 340, 329, 
9375, 334, 332, 335, 345, 
9404, 333, 332, 334, 345, 
9433, 339, 340, 339, 330, 
9462, 338, 340, 340, 331, 
9491, 334, 333, 336, 346, 
9521, 334, 334, 334, 345, 
9549, 339, 340, 339, 330, 
9579, 339, 341, 340, 331, 
9608, 335, 332, 335, 347, 
9637, 334, 333, 335, 344, 
9666, 340, 341, 340, 329, 
9695, 338, 339, 339, 332, 
9724, 333, 332, 335, 348, 
9753, 334, 334, 335, 345, 
9783, 339, 341, 340, 328, 
9811, 337, 340, 339, 333, 
9841, 333, 332, 335, 349, 
9870, 334, 334, 335, 343, 
9899, 340, 342, 340, 328, 
9928, 338, 339, 339, 334, 
9957, 333, 331, 335, 349, 
9987, 335, 335, 335, 342, 
10015, 339, 342, 339, 327, 
10046, 338, 340, 340, 332, 
10076, 335, 335, 335, 342, 
10106, 333, 330, 333, 350, 
10136, 335, 335, 336, 340, 
10167, 339, 341, 339, 328, 
10196, 339, 341, 340, 329, 
10226, 336, 336, 338, 340, 
10257, 333, 331, 334, 349, 
10287, 335, 335, 336, 343, 
10317, 339, 341, 339, 331, 
10347, 339, 343, 342, 327, 
10378, 337, 337, 338, 338, 
10407, 334, 332, 335, 349, 
10438, 333, 333, 334, 346, 
10468, 338, 338, 338, 334, 
10498, 340, 342, 341, 327, 
10528, 337, 337, 339, 335, 
10558, 334, 332, 335, 348, 
10589, 334, 332, 336, 348, 
10618, 337, 337, 337, 336, 
10649, 340, 341, 340, 326, 
10679, 338, 339, 340, 332, 
10710, 336, 334, 336, 345, 
10739, 334, 331, 334, 350, 
10770, 336, 336, 336, 340, 
10800, 340, 341, 340, 328, 
10829, 339, 342, 340, 329, 
10860, 336, 335, 337, 342, 
10890, 334, 331, 335, 348, 
10920, 335, 334, 335, 342, 
10950, 339, 340, 339, 330, 
10981, 340, 341, 341, 328, 
11011, 337, 337, 338, 338, 
11041, 333, 331, 334, 350, 
11071, 335, 334, 335, 345, 
11102, 338, 339, 338, 332, 
11131, 340, 343, 341, 326, 
11161, 337, 338, 339, 335, 
11192, 334, 332, 335, 347, 
11222, 334, 332, 334, 347, 
11252, 337, 337, 337, 336, 
11282, 340, 342, 341, 326, 
11313, 338, 339, 340, 332, 
11342, 334, 333, 336, 344, 
11373, 333, 331, 335, 348, 
11403, 336, 336, 337, 338, 
11433, 341, 342, 340, 326, 
11463, 337, 340, 340, 329, 
11493, 335, 336, 337, 342, 
11524, 333, 331, 334, 349, 
11553, 336, 335, 336, 340, 
11584, 339, 340, 340, 328, 
11614, 341, 340, 340, 327, 
11644, 338, 337, 338, 340, 
11674, 334, 331, 335, 349, 
11705, 335, 333, 335, 344, 
11735, 338, 340, 339, 331, 
11765, 340, 341, 341, 326, 
11795, 338, 337, 339, 336, 
11825, 334, 332, 334, 348, 
11855, 334, 333, 335, 346, 
11885, 337, 338, 337, 334, 
11916, 340, 342, 341, 327, 
11945, 339, 339, 339, 334, 
11976, 334, 333, 335, 346, 
12006, 333, 332, 332, 349, 
12037, 336, 336, 336, 338, 
12066, 339, 342, 341, 326, 
12097, 338, 340, 339, 331, 
12127, 335, 335, 336, 344, 
12156, 334, 331, 334, 349, 
12187, 336, 336, 336, 340, 
12217, 339, 341, 340, 329, 
12248, 339, 341, 340, 329, 
12277, 335, 336, 337, 341, 
12308, 333, 332, 334, 349, 
12338, 336, 334, 335, 343, 
12368, 338, 340, 340, 330, 
12398, 339, 342, 341, 328, 
12428, 337, 337, 340, 338, 
12459, 334, 332, 335, 349, 
12488, 334, 333, 335, 346, 
12519, 339, 340, 338, 333, 
12549, 339, 342, 341, 326, 
12579, 337, 339, 339, 335, 
12609, 334, 333, 335, 347, 
12640, 334, 332, 334, 347, 
12669, 336, 338, 337, 336, 
12700, 340, 342, 341, 326, 
12730, 339, 340, 340, 332, 
12760, 334, 334, 337, 344, 
12790, 333, 332, 333, 349, 
12820, 336, 336, 336, 339, 
12851, 340, 342, 340, 327, 
12880, 340, 342, 340, 329, 
12911, 336, 335, 337, 342, 
12941, 333, 331, 334, 350, 
12972, 335, 335, 335, 342, 
13001, 339, 341, 339, 330, 
13032, 338, 341, 340, 328, 
13062, 336, 336, 337, 339, 
13091, 335, 332, 334, 349, 
13122, 335, 333, 335, 346, 
13152, 339, 340, 339, 332, 
13182, 339, 342, 341, 327, 
13212, 337, 338, 338, 336, 
13243, 333, 332, 335, 348, 
13273, 334, 334, 334, 347, 
13303, 337, 338, 337, 335, 
13333, 339, 342, 341, 326, 
13364, 338, 339, 341, 333, 
13393, 334, 333, 336, 347, 
13423, 334, 333, 334, 349, 
13454, 336, 337, 337, 338, 
13484, 340, 342, 342, 328, 
13514, 341, 341, 341, 331, 
13544, 335, 334, 337, 343, 
13575, 333, 332, 334, 350, 
13604, 336, 335, 336, 341, 
13635, 340, 342, 340, 329, 
13665, 339, 341, 342, 329, 
13696, 337, 337, 337, 340, 
13725, 334, 331, 335, 350, 
13755, 335, 334, 335, 343, 
13786, 338, 340, 339, 331, 
13815, 340, 342, 341, 328, 
13846, 337, 337, 337, 338, 
13876, 334, 332, 334, 348, 
13906, 334, 333, 334, 346, 
13936, 338, 338, 337, 334, 
13967, 340, 342, 340, 326, 
13997, 338, 339, 339, 334, 
14027, 334, 333, 336, 347, 
14057, 335, 332, 334, 348, 
14087, 336, 336, 337, 336, 
14117, 339, 342, 339, 326, 
14147, 338, 339, 340, 331, 
14178, 335, 333, 336, 342, 
14208, 333, 331, 334, 349, 
14238, 336, 336, 337, 339, 
14268, 339, 341, 340, 326, 
14299, 337, 340, 342, 329, 
14328, 336, 336, 337, 341, 
14358, 335, 331, 335, 349, 
14389, 336, 334, 335, 342, 
14418, 340, 340, 338, 329, 
14449, 339, 342, 341, 327, 
14479, 338, 337, 337, 339, 
14510, 333, 331, 334, 349, 
14539, 334, 334, 336, 344, 
14570, 338, 339, 338, 332, 
14600, 340, 342, 341, 326, 
14630, 338, 338, 339, 335, 
14660, 334, 333, 335, 349, 
14690, 334, 333, 335, 347, 
14721, 337, 337, 338, 335, 
14750, 340, 342, 342, 326, 
14781, 338, 339, 340, 332, 
14811, 334, 333, 335, 345, 
14841, 334, 332, 334, 349, 
14871, 335, 336, 336, 339, 
14902, 340, 341, 340, 328, 
14931, 339, 340, 340, 331, 
14962, 337, 335, 336, 342, 
14992, 333, 331, 333, 351, 
15022, 336, 335, 335, 341, 
15052, 340, 341, 341, 330, 
15082, 339, 341, 340, 328, 
15113, 336, 336, 338, 340, 
15142, 333, 332, 334, 350, 
15173, 335, 334, 335, 343, 
15203, 338, 340, 339, 331, 
15234, 340, 341, 341, 326, 
15263, 337, 337, 338, 337, 
15294, 334, 332, 336, 349, 
15324, 334, 333, 334, 346, 
15353, 337, 338, 338, 334, 
15384, 339, 343, 341, 326, 
15414, 337, 341, 340, 334, 
15444, 334, 333, 335, 347, 
15474, 333, 332, 335, 348, 
15505, 336, 337, 336, 336, 
15535, 339, 342, 340, 327, 
15565, 338, 339, 339, 331, 
15595, 334, 333, 335, 344, 
15626, 334, 331, 333, 349, 
15655, 336, 335, 338, 340, 
15685, 339, 341, 340, 328, 
15716, 339, 340, 340, 330, 
15746, 336, 335, 337, 341, 
15776, 333, 332, 334, 350, 
15806, 335, 335, 335, 342, 
15837, 339, 340, 339, 330, 
15866, 339, 341, 340, 327, 
15897, 336, 336, 338, 338, 
15927, 335, 331, 334, 349, 
15958, 334, 333, 335, 345, 
15987, 338, 339, 339, 332, 
16017, 339, 342, 341, 326, 
16048, 337, 338, 339, 335, 
16077, 334, 331, 335, 347, 
16108, 335, 333, 334, 346, 
16138, 337, 338, 336, 335, 
16168, 340, 343, 341, 325, 
16198, 338, 338, 340, 333, 
16229, 334, 333, 336, 345, 
16259, 334, 332, 333, 348, 
16288, 336, 336, 336, 337, 
16319, 339, 341, 341, 326, 
16349, 338, 340, 340, 330, 
16379, 335, 334, 337, 342, 
16409, 334, 331, 333, 349, 
16440, 336, 335, 336, 341, 
16470, 339, 341, 340, 328, 
16500, 339, 341, 340, 328, 
16530, 336, 336, 337, 340, 
16561, 333, 332, 334, 349, 
16590, 335, 335, 336, 344, 
16620, 339, 339, 339, 330, 
16651, 339, 342, 340, 327, 
16680, 337, 337, 338, 338, 
16711, 334, 332, 334, 348, 
16741, 334, 333, 334, 345, 
16772, 338, 338, 338, 333, 
16801, 340, 341, 340, 326, 
16832, 337, 338, 339, 335, 
16862, 334, 333, 335, 349, 
16892, 334, 332, 334, 348, 
16922, 337, 337, 337, 336, 
16952, 339, 342, 340, 327, 
16983, 338, 339, 339, 333, 
17012, 334, 334, 336, 345, 
17043, 333, 332, 335, 350, 
17073, 336, 336, 335, 341, 
17103, 339, 341, 340, 328, 
17133, 338, 340, 340, 330, 
17164, 335, 334, 337, 342, 
17193, 333, 331, 334, 350, 
17224, 336, 335, 336, 342, 
17254, 339, 340, 340, 329, 
17284, 339, 341, 342, 328, 
17314, 336, 336, 338, 339, 
17344, 333, 331, 334, 349, 
17375, 335, 333, 334, 344, 
17404, 338, 339, 338, 331, 
17435, 340, 342, 341, 326, 
17465, 337, 338, 340, 336, 
17496, 334, 332, 334, 348, 
17525, 334, 333, 334, 347, 
17556, 337, 338, 337, 335, 
17586, 340, 342, 341, 327, 
17615, 338, 339, 339, 333, 
17646, 334, 333, 336, 346, 
17676, 333, 332, 334, 348, 
17707, 337, 336, 336, 337, 
17736, 339, 341, 341, 327, 
17767, 339, 340, 340, 331, 
17797, 335, 335, 336, 343, 
17827, 333, 331, 334, 350, 
17857, 336, 336, 336, 340, 
17888, 339, 341, 339, 329, 
17917, 339, 341, 340, 328, 
17947, 337, 336, 337, 340, 
17978, 333, 332, 334, 350, 
18008, 335, 334, 335, 344, 
18038, 339, 340, 338, 330, 
18068, 339, 342, 340, 327, 
18099, 336, 337, 338, 337, 
18128, 333, 330, 334, 349, 
18159, 335, 334, 334, 345, 
18189, 338, 338, 338, 333, 
18219, 341, 342, 341, 326, 
18249, 337, 338, 339, 335, 
18279, 334, 332, 334, 347, 
18310, 334, 332, 334, 347, 
18339, 337, 338, 336, 336, 
18370, 339, 342, 340, 327, 
18400, 338, 339, 340, 332, 
18430, 335, 333, 335, 344, 
18460, 334, 331, 335, 349, 
18491, 336, 336, 337, 339, 
18521, 339, 341, 340, 327, 
18550, 339, 340, 340, 330, 
18581, 336, 335, 337, 342, 
18611, 333, 332, 333, 351, 
18641, 335, 334, 335, 342, 
18671, 339, 340, 339, 330, 
18702, 338, 341, 340, 328, 
18732, 335, 336, 338, 340, 
18762, 333, 332, 334, 349, 
18792, 335, 334, 335, 345, 
18823, 338, 339, 337, 332, 
18852, 340, 342, 341, 327, 
18882, 338, 338, 338, 337, 
18913, 334, 332, 335, 349, 
18942, 334, 333, 334, 347, 
18973, 337, 338, 338, 335, 
19003, 340, 342, 339, 326, 
19034, 338, 339, 339, 335, 
19063, 334, 333, 336, 346, 
19094, 334, 332, 333, 349, 
19124, 337, 337, 336, 337, 
19154, 340, 342, 340, 327, 
19184, 338, 340, 340, 332, 
19214, 335, 335, 336, 343, 
19245, 333, 331, 334, 350, 
19274, 335, 335, 336, 340, 
19305, 339, 341, 340, 328, 
19335, 338, 341, 340, 329, 
19365, 335, 335, 337, 340, 
19395, 334, 331, 334, 349, 
19426, 335, 334, 335, 341, 
19456, 338, 340, 338, 330, 
19486, 339, 341, 340, 326, 
19516, 337, 337, 338, 336, 
19546, 333, 332, 334, 348, 
19576, 335, 333, 334, 345, 
19606, 338, 338, 338, 334, 
19637, 340, 340, 341, 325, 
19666, 338, 339, 339, 334, 
19697, 334, 333, 334, 347, 
19727, 334, 332, 334, 346, 
19758, 337, 337, 337, 336, 
19787, 341, 342, 341, 326, 
19818, 338, 340, 340, 332, 
19848, 335, 333, 336, 344, 
19877, 333, 332, 335, 349, 
19908, 336, 336, 336, 339, 
19938, 340, 342, 340, 327, 
19969, 339, 341, 341, 329, 
19998, 335, 336, 338, 341, 
20029, 334, 331, 333, 350, 
20059, 335, 334, 336, 343, 
20089, 338, 340, 339, 331, 
20119, 339, 341, 341, 328, 
20149, 336, 337, 339, 340, 
20179, 332, 332, 335, 349, 
20209, 334, 333, 335, 345, 
20240, 337, 339, 338, 332, 
20270, 340, 342, 342, 327, 
20300, 338, 338, 340, 335, 
20330, 334, 333, 334, 347, 
20361, 333, 333, 334, 346, 
20390, 338, 337, 337, 334, 
20421, 340, 342, 340, 325, 
20451, 338, 339, 339, 332, 
20481, 335, 333, 335, 345, 
20511, 333, 331, 335, 348, 
20541, 335, 337, 336, 338, 
20572, 339, 341, 340, 326, 
20601, 339, 340, 340, 330, 
20632, 335, 335, 337, 342, 
20662, 334, 331, 334, 349, 
20692, 335, 335, 335, 341, 
20722, 338, 341, 341, 330, 
20753, 339, 341, 341, 328, 
20783, 336, 336, 338, 340, 
20812, 334, 331, 335, 349, 
20843, 336, 334, 335, 344, 
20873, 340, 340, 339, 331, 
20903, 339, 343, 341, 327, 
20933, 337, 338, 338, 337, 
20964, 333, 333, 335, 349, 
20994, 335, 332, 335, 345, 
21024, 337, 338, 338, 334, 
21054, 339, 342, 340, 326, 
21085, 338, 339, 339, 334, 
21114, 334, 333, 335, 345, 
21144, 333, 331, 333, 349, 
21175, 338, 337, 337, 337, 
21204, 340, 342, 340, 326, 
21235, 339, 340, 339, 332, 
21265, 335, 335, 336, 343, 
21296, 333, 331, 334, 349, 
21325, 336, 335, 336, 340, 
21356, 339, 341, 340, 327, 
21386, 339, 341, 340, 329, 
21416, 336, 335, 337, 340, 
21446, 334, 331, 334, 349, 
21476, 336, 334, 335, 342, 
21507, 338, 340, 339, 329, 
21536, 339, 341, 339, 326, 
21567, 336, 337, 338, 337, 
21597, 333, 332, 334, 348, 
21627, 334, 334, 334, 345, 
21657, 337, 338, 338, 333, 
21688, 340, 341, 341, 326, 
21718, 337, 338, 340, 333, 
21748, 334, 333, 335, 347, 
21778, 333, 332, 334, 347, 
21808, 338, 338, 337, 336, 
21838, 340, 342, 341, 326, 
21868, 338, 340, 339, 332, 
21899, 335, 333, 336, 343, 
21928, 335, 331, 333, 349, 
21959, 337, 336, 337, 340, 
21989, 340, 342, 339, 326, 
22020, 339, 340, 339, 329, 
22049, 336, 335, 337, 341, 
22079, 333, 331, 335, 349, 
22110, 335, 335, 335, 341, 
22139, 340, 341, 339, 329, 
22170, 341, 342, 341, 327, 
22200, 336, 336, 337, 338, 
22231, 334, 332, 334, 348, 
22260, 335, 334, 336, 344, 
22291, 338, 339, 338, 332, 
22321, 339, 342, 341, 326, 
22351, 339, 338, 339, 336, 
22381, 334, 332, 335, 348, 
22411, 334, 332, 334, 347, 
22441, 337, 338, 338, 334, 
22471, 340, 342, 341, 326, 
22502, 338, 340, 340, 332, 
22532, 336, 334, 336, 345, 
22562, 334, 331, 334, 348, 
22592, 336, 336, 336, 338, 
22623, 342, 341, 341, 327, 
22652, 338, 340, 340, 330, 
22683, 336, 335, 336, 343, 
22713, 335, 331, 334, 350, 
22743, 337, 333, 336, 341, 
22773, 339, 342, 339, 329, 
22803, 340, 341, 341, 328, 
22834, 336, 336, 337, 339, 
22863, 334, 332, 335, 350, 
22894, 336, 334, 336, 344, 
22924, 339, 339, 338, 331, 
22955, 340, 342, 341, 326, 
22984, 338, 337, 340, 336, 
23015, 334, 332, 335, 348, 
23045, 334, 333, 335, 346, 
23074, 339, 338, 338, 334, 
23105, 340, 342, 341, 326, 
23135, 338, 339, 339, 333, 
23165, 334, 333, 336, 346, 
23195, 333, 331, 334, 348, 
23226, 336, 336, 336, 337, 
23256, 340, 342, 341, 326, 
23286, 338, 340, 340, 331, 
23316, 335, 334, 337, 343, 
23347, 332, 331, 333, 350, 
23376, 336, 335, 336, 340, 
23406, 339, 341, 341, 328, 
23437, 340, 341, 342, 328, 
23467, 336, 335, 337, 340, 
23497, 333, 331, 335, 349, 
23527, 335, 334, 335, 343, 
23558, 338, 340, 339, 331, 
23587, 339, 342, 341, 327, 
23618, 338, 337, 338, 337, 
23648, 333, 332, 333, 348, 
23678, 334, 332, 334, 346, 
23708, 338, 339, 338, 334, 
23738, 339, 343, 341, 326, 
23769, 337, 339, 339, 335, 
23798, 335, 333, 335, 347, 
23829, 334, 332, 333, 348, 
23859, 337, 338, 338, 337, 
23889, 340, 342, 340, 327, 
23919, 338, 340, 341, 331, 
23950, 335, 334, 336, 344, 
23980, 334, 332, 334, 349, 
24009, 336, 336, 336, 340, 
24040, 339, 341, 340, 328, 
24070, 339, 341, 340, 329, 
24100, 336, 336, 338, 341, 
24130, 333, 332, 334, 349, 
24161, 336, 335, 335, 342, 
24190, 339, 340, 339, 330, 
24221, 341, 342, 341, 327, 
24251, 336, 337, 338, 338, 
24282, 335, 331, 335, 347, 
24311, 336, 333, 335, 344, 
24341, 338, 339, 338, 332, 
24372, 339, 342, 341, 326, 
24401, 338, 338, 339, 335, 
24432, 334, 332, 335, 348, 
24462, 334, 332, 335, 348, 
24493, 337, 337, 337, 335, 
24522, 340, 342, 341, 326, 
24553, 338, 339, 340, 332, 
24583, 335, 334, 336, 343, 
24613, 334, 331, 333, 349, 
24643, 336, 336, 336, 338, 
24673, 339, 341, 340, 327, 
24704, 340, 341, 340, 330, 
24733, 335, 335, 336, 341, 
24764, 334, 331, 335, 350, 
24794, 336, 334, 335, 342, 
24824, 339, 340, 339, 330, 
24854, 340, 342, 340, 327, 
24885, 337, 337, 338, 339, 
24914, 333, 333, 335, 348, 
24945, 335, 333, 336, 344, 
24975, 338, 339, 339, 332, 
25005, 340, 342, 341, 327, 
25035, 338, 338, 339, 336, 
25065, 335, 332, 334, 347, 
25096, 334, 333, 334, 346, 
25125, 337, 338, 337, 334, 
25156, 340, 343, 342, 327, 
25186, 338, 339, 340, 333, 
25217, 334, 334, 336, 345, 
25246, 334, 332, 334, 348, 
25277, 336, 337, 337, 339, 
25307, 338, 342, 340, 327, 
25336, 338, 340, 340, 330, 
25367, 336, 335, 336, 342, 
25397, 333, 331, 333, 350, 
25427, 336, 335, 335, 342, 
25457, 339, 340, 339, 331, 
25488, 340, 341, 340, 330, 
25518, 336, 336, 338, 340, 
25548, 335, 331, 335, 350, 
25578, 334, 334, 335, 346, 
25609, 340, 339, 339, 332, 
25638, 339, 341, 342, 328, 
25668, 337, 337, 338, 337, 
25699, 334, 333, 336, 348, 
25729, 334, 333, 334, 347, 
25759, 339, 338, 338, 335, 
25789, 340, 342, 341, 327, 
25820, 337, 339, 340, 335, 
25849, 335, 333, 336, 348, 
25880, 334, 332, 334, 349, 
25910, 336, 337, 337, 337, 
25939, 340, 342, 341, 327, 
25970, 339, 342, 341, 332, 
26000, 335, 334, 337, 346, 
26031, 333, 332, 334, 351, 
26060, 336, 336, 336, 341, 
26091, 339, 341, 339, 328, 
26121, 339, 341, 340, 328, 
26151, 336, 335, 337, 341, 
26181, 334, 331, 334, 350, 
26212, 336, 334, 335, 343, 
26242, 339, 340, 338, 330, 
26271, 340, 342, 341, 326, 
26302, 337, 337, 339, 337, 
26332, 334, 333, 335, 348, 
26362, 334, 334, 335, 346, 
26392, 338, 338, 338, 334, 
26423, 340, 342, 340, 325, 
26452, 337, 339, 340, 334, 
26483, 335, 333, 335, 346, 
26513, 335, 332, 334, 348, 
26544, 337, 337, 337, 338, 
26573, 339, 343, 341, 328, 
26603, 338, 340, 340, 332, 
26634, 335, 334, 336, 344, 
26663, 334, 331, 334, 350, 
26694, 337, 336, 336, 340, 
26724, 339, 342, 340, 329, 
26755, 339, 341, 341, 330, 
26784, 335, 336, 337, 342, 
26815, 333, 331, 334, 350, 
26845, 335, 335, 335, 342, 
26875, 339, 340, 339, 332, 
26905, 339, 341, 341, 328, 
26935, 336, 337, 338, 338, 
26966, 334, 331, 334, 348, 
26995, 336, 333, 335, 345, 
27026, 339, 339, 338, 331, 
27056, 340, 341, 341, 326, 
27086, 338, 338, 339, 336, 
27116, 333, 332, 335, 346, 
27147, 334, 332, 334, 347, 
27176, 337, 338, 337, 336, 
27207, 339, 342, 341, 327, 
27237, 338, 339, 339, 334, 
27267, 335, 334, 337, 346, 
27297, 333, 332, 334, 350, 
27327, 336, 336, 337, 338, 
27358, 339, 342, 340, 327, 
27387, 338, 340, 340, 330, 
27418, 336, 335, 337, 342, 
27448, 333, 332, 335, 351, 
27479, 335, 335, 335, 341, 
27508, 339, 341, 340, 330, 
27539, 339, 341, 342, 328, 
27569, 336, 336, 338, 340, 
27598, 333, 331, 334, 349, 
27629, 334, 333, 336, 345, 
27659, 337, 339, 338, 331, 
27689, 339, 342, 342, 327, 
27719, 337, 338, 338, 336, 
27750, 333, 332, 334, 348, 
27780, 334, 332, 334, 347, 
27810, 337, 338, 337, 335, 
27840, 340, 342, 341, 326, 
27870, 337, 339, 340, 334, 
27900, 335, 333, 336, 346, 
27930, 334, 331, 334, 347, 
27961, 337, 337, 337, 338, 
27991, 340, 342, 341, 328, 
28021, 338, 340, 340, 332, 
28051, 335, 334, 337, 344, 
28082, 334, 332, 333, 350, 
28111, 337, 335, 336, 342, 
28142, 340, 341, 339, 329, 
28172, 339, 341, 341, 329, 
28201, 336, 336, 338, 341, 
28232, 333, 331, 334, 350, 
28262, 335, 334, 335, 343, 
28293, 339, 340, 338, 331, 
28322, 340, 342, 342, 327, 
28353, 337, 338, 338, 338, 
28383, 334, 332, 334, 349, 
28413, 334, 333, 334, 345, 
28443, 338, 338, 338, 333, 
28474, 340, 341, 341, 327, 
28504, 338, 338, 339, 334, 
28533, 334, 333, 335, 346, 
28564, 334, 332, 334, 347, 
28594, 336, 337, 337, 335, 
28624, 340, 342, 339, 326, 
28654, 339, 339, 340, 331, 
28685, 335, 334, 336, 344, 
28715, 333, 331, 334, 349, 
28745, 336, 335, 336, 339, 
28775, 339, 341, 341, 327, 
28806, 339, 341, 340, 329, 
28835, 335, 335, 337, 341, 
28865, 334, 331, 333, 348, 
28896, 335, 334, 335, 343, 
28925, 339, 340, 339, 331, 
28956, 339, 341, 340, 327, 
28986, 337, 336, 338, 338, 
29017, 333, 331, 334, 349, 
29046, 335, 333, 334, 345, 
29077, 338, 338, 338, 333, 
29107, 340, 342, 340, 326, 
29137, 337, 338, 339, 337, 
29167, 334, 332, 335, 347, 
29197, 334, 332, 334, 347, 
29228, 337, 337, 337, 337, 
29257, 340, 342, 341, 327, 
29288, 338, 339, 339, 332, 
29318, 334, 333, 335, 345, 
29348, 333, 332, 334, 350, 
29378, 336, 336, 336, 338, 
29409, 340, 341, 340, 327, 
29438, 339, 340, 339, 330, 
29469, 335, 335, 336, 342, 
29499, 333, 331, 334, 350, 
29529, 336, 335, 335, 341, 
29559, 339, 340, 339, 329, 
29589, 340, 342, 341, 329, 
29620, 336, 336, 338, 340, 
29649, 333, 331, 334, 349, 
29680, 335, 334, 335, 343, 
29710, 339, 339, 338, 331, 
29741, 340, 342, 340, 326, 
29770, 338, 337, 337, 337, 
29800, 333, 332, 334, 348, 
29831, 334, 332, 334, 346, 
29860, 337, 338, 337, 336, 
29891, 339, 342, 341, 327, 
29921, 337, 340, 340, 334, 
29952, 335, 333, 335, 346, 
29981, 335, 331, 334, 349, 
30012, 337, 337, 338, 338, 
30042, 340, 341, 340, 328, 
30072, 338, 340, 339, 331, 
30102, 335, 334, 337, 344, 
30132, 333, 333, 334, 350, 
30162, 335, 335, 336, 340, 
30192, 339, 341, 341, 329, 
30223, 339, 341, 340, 329, 
30253, 336, 335, 337, 340, 
30283, 333, 331, 333, 350, 
30313, 335, 334, 334, 341, 
30344, 338, 340, 340, 331, 
30373, 339, 341, 341, 327, 
30404, 336, 336, 338, 338, 
30434, 334, 332, 334, 348, 
30464, 335, 333, 335, 345, 
30494, 338, 339, 338, 333, 
30524, 340, 342, 341, 326, 
30555, 337, 338, 340, 335, 
30584, 334, 332, 335, 348, 
30615, 332, 332, 333, 347, 
30645, 336, 337, 338, 336, 
30675, 340, 342, 341, 326, 
30705, 339, 339, 339, 332, 
30736, 335, 335, 336, 344, 
30766, 333, 331, 334, 349, 
30795, 336, 336, 336, 340, 
30826, 339, 342, 339, 327, 
30856, 339, 340, 340, 329, 
30886, 335, 335, 337, 343, 
30916, 333, 331, 335, 350, 
30947, 335, 334, 335, 343, 
30977, 339, 341, 340, 330, 
31007, 339, 342, 341, 329, 
31037, 336, 336, 337, 340, 
31068, 334, 331, 334, 350, 
31097, 334, 333, 334, 344, 
31127, 338, 339, 338, 332, 
31158, 340, 342, 341, 326, 
31187, 337, 338, 339, 336, 
31218, 334, 331, 334, 348, 
31248, 334, 332, 335, 347, 
31279, 337, 338, 338, 335, 
31308, 339, 343, 340, 326, 
31339, 338, 339, 339, 335, 
31369, 333, 333, 335, 345, 
31399, 333, 331, 333, 349, 
31429, 336, 336, 336, 338, 
31459, 340, 343, 340, 327, 
31490, 339, 340, 340, 330, 
31519, 336, 334, 336, 343, 
31550, 333, 331, 334, 351, 
31580, 336, 335, 335, 341, 
31610, 339, 341, 339, 329, 
31640, 339, 341, 340, 329, 
31671, 336, 336, 338, 340, 
31700, 333, 331, 334, 350, 
31730, 334, 334, 336, 343, 
31761, 338, 340, 340, 331, 
31791, 339, 341, 340, 327, 
31821, 337, 337, 338, 337, 
31851, 335, 331, 335, 348, 
31882, 334, 333, 334, 346, 
31911, 337, 338, 338, 334, 
31942, 339, 342, 340, 326, 
31972, 337, 338, 338, 335, 
32003, 334, 333, 335, 346, 
32032, 334, 332, 334, 348, 
32062, 337, 337, 337, 337, 
32093, 340, 342, 340, 327, 
32122, 338, 339, 339, 333, 
32153, 335, 334, 336, 345, 
32183, 333, 331, 334, 350, 
32214, 337, 335, 336, 340, 
32243, 339, 341, 340, 328, 
32274, 339, 341, 340, 329, 
32304, 335, 336, 337, 342, 
32334, 333, 332, 334, 350, 
32364, 335, 334, 336, 343, 
32394, 339, 340, 339, 331, 
32424, 339, 341, 341, 328, 
32454, 337, 337, 338, 338, 
32485, 332, 331, 334, 349, 
32515, 334, 334, 334, 345, 
32545, 337, 339, 338, 333, 
32575, 339, 342, 341, 327, 
32606, 337, 338, 339, 336, 
32635, 334, 333, 335, 348, 
32666, 333, 333, 334, 348, 
32696, 337, 338, 337, 336, 
32726, 339, 343, 341, 327, 
32756, 338, 339, 340, 333, 
32786, 334, 333, 336, 346, 
32817, 333, 331, 334, 350, 
32846, 335, 336, 336, 339, 
32877, 339, 341, 340, 327, 
32907, 339, 340, 338, 330, 
32937, 336, 334, 336, 343, 
32967, 333, 331, 333, 350, 
32998, 335, 335, 336, 342, 
33028, 339, 341, 340, 330, 
33057, 339, 341, 339, 328, 
33088, 336, 336, 337, 339, 
33118, 333, 332, 334, 351, 
33148, 335, 334, 335, 344, 
33178, 339, 339, 338, 332, 
33209, 339, 341, 341, 327, 
33239, 337, 336, 338, 336, 
33269, 334, 332, 335, 348, 
33299, 335, 332, 334, 346, 
33330, 337, 338, 338, 334, 
33359, 339, 341, 341, 326, 
33389, 338, 338, 339, 335, 
33420, 334, 333, 336, 345, 
33449, 334, 332, 334, 348, 
33480, 337, 336, 336, 337, 
33510, 340, 341, 340, 326, 
33541, 338, 340, 341, 332, 
33570, 335, 334, 336, 343, 
33601, 333, 333, 335, 350, 
33631, 336, 335, 336, 340, 
33660, 339, 341, 339, 328, 
33691, 339, 341, 341, 329, 
33721, 335, 336, 338, 341, 
33752, 333, 331, 334, 350, 
33781, 335, 334, 335, 343, 
33812, 338, 340, 339, 331, 
33842, 338, 341, 341, 327, 
33872, 337, 337, 338, 338, 
33902, 333, 333, 335, 349, 
33933, 332, 333, 334, 345, 
33963, 338, 339, 338, 333, 
33992, 340, 343, 340, 326, 
34023, 337, 338, 338, 333, 
34053, 334, 332, 334, 347, 
34083, 335, 331, 334, 347, 
34113, 337, 337, 337, 336, 
34144, 339, 342, 340, 326, 
34173, 339, 339, 340, 332, 
34204, 334, 334, 335, 345, 
34234, 334, 331, 334, 350, 
34265, 336, 335, 336, 339, 
34294, 339, 341, 340, 328, 
34324, 339, 340, 340, 330, 
34355, 335, 335, 338, 343, 
34384, 333, 332, 335, 350, 
34415, 335, 334, 336, 342, 
34445, 340, 340, 339, 330, 
34476, 338, 341, 340, 328, 
34505, 336, 336, 337, 339, 
34536, 333, 331, 334, 350, 
34566, 335, 334, 334, 345, 
34596, 338, 339, 338, 331, 
34626, 339, 343, 341, 327, 
34656, 337, 337, 338, 336, 
34686, 333, 332, 335, 348, 
34716, 334, 333, 333, 348, 
34747, 337, 338, 337, 335, 
34777, 339, 342, 340, 327, 
34807, 338, 339, 340, 333, 
34837, 334, 334, 336, 346, 
34868, 333, 332, 334, 349, 
34897, 336, 337, 336, 338, 
34928, 339, 343, 340, 327, 
34958, 339, 340, 340, 331, 
34988, 335, 334, 336, 343, 
35018, 333, 332, 333, 350, 
35048, 335, 336, 335, 341, 
35079, 339, 341, 340, 329, 
35108, 339, 341, 340, 328, 
35139, 336, 336, 337, 340, 
35169, 333, 332, 334, 349, 
35200, 334, 334, 335, 343, 
35229, 338, 341, 339, 330, 
35260, 339, 341, 341, 326, 
35290, 337, 337, 338, 337, 
35319, 334, 331, 334, 348, 
35350, 334, 332, 335, 345, 
35380, 337, 338, 338, 333, 
35410, 339, 342, 341, 326, 
35440, 337, 338, 340, 334, 
35471, 335, 332, 335, 346, 
35501, 334, 332, 334, 348, 
35531, 337, 337, 337, 337, 
35561, 339, 341, 340, 327, 
35591, 339, 339, 339, 331, 
35621, 335, 333, 336, 344, 
35651, 333, 332, 334, 349, 
35682, 336, 336, 337, 340, 
35712, 340, 342, 339, 327, 
35742, 339, 341, 342, 329, 
35772, 336, 336, 337, 341, 
35803, 334, 331, 333, 350, 
35832, 336, 334, 334, 342, 
35863, 339, 340, 339, 329, 
35893, 339, 341, 342, 328, 
35922, 336, 336, 337, 338, 
35953, 334, 331, 334, 350, 
35983, 334, 333, 335, 345, 
36014, 338, 340, 338, 333, 
36043, 340, 342, 341, 326, 
36074, 337, 338, 340, 336, 
36104, 335, 332, 335, 347, 
36134, 334, 332, 334, 347, 
36164, 337, 338, 338, 335, 
36195, 340, 342, 340, 326, 
36225, 339, 339, 339, 333, 
36254, 334, 333, 335, 346, 
36285, 333, 331, 335, 349, 
36315, 336, 336, 336, 338, 
36345, 339, 341, 341, 327, 
36375, 339, 340, 340, 330, 
36406, 336, 334, 336, 343, 
36435, 334, 331, 333, 349, 
36466, 335, 335, 335, 340, 
36496, 339, 340, 339, 328, 
36527, 339, 341, 340, 328, 
36556, 336, 336, 338, 339, 
36586, 333, 331, 334, 349, 
36617, 335, 334, 336, 344, 
36646, 339, 339, 339, 331, 
36677, 339, 342, 341, 326, 
36707, 336, 337, 338, 336, 
36738, 334, 332, 333, 348, 
36767, 335, 332, 334, 345, 
36798, 338, 338, 338, 334, 
36828, 339, 342, 341, 326, 
36858, 338, 339, 339, 333, 
36888, 334, 332, 335, 346, 
36918, 334, 332, 334, 347, 
36948, 337, 337, 337, 336, 
36978, 339, 343, 340, 326, 
37009, 338, 340, 339, 331, 
37039, 335, 334, 336, 343, 
37069, 333, 332, 334, 349, 
37099, 336, 336, 336, 338, 
37130, 340, 341, 340, 327, 
37159, 340, 341, 340, 329, 
37190, 335, 336, 337, 340, 
37220, 333, 332, 334, 349, 
37250, 335, 334, 335, 342, 
37280, 339, 340, 339, 329, 
37310, 340, 341, 341, 328, 
37341, 336, 337, 338, 338, 
37370, 335, 332, 335, 348, 
37401, 334, 334, 334, 344, 
37431, 338, 339, 338, 331, 
37462, 340, 342, 341, 325, 
37491, 338, 338, 339, 335, 
37521, 333, 332, 335, 348, 
37552, 333, 332, 334, 346, 
37581, 339, 337, 337, 334, 
37612, 340, 342, 341, 326, 
37642, 338, 339, 339, 332, 
37672, 334, 333, 335, 346, 
37702, 334, 331, 334, 349, 
37733, 336, 336, 336, 338, 
37763, 340, 341, 340, 326, 
37793, 338, 340, 340, 330, 
37823, 335, 335, 337, 342, 
37853, 333, 331, 333, 349, 
37883, 336, 335, 336, 340, 
37913, 339, 341, 339, 328, 
37944, 340, 341, 340, 328, 
37974, 337, 336, 337, 340, 
38004, 334, 332, 334, 349, 
38034, 335, 334, 335, 343, 
38065, 339, 340, 339, 330, 
38094, 340, 343, 341, 326, 
38125, 337, 338, 338, 336, 
38155, 334, 332, 335, 348, 
38184, 336, 332, 334, 346, 
38215, 338, 338, 338, 334, 
38245, 340, 342, 341, 326, 
38276, 338, 339, 339, 334, 
38305, 335, 334, 335, 346, 
38336, 334, 332, 334, 348, 
38366, 337, 337, 336, 337, 
38396, 341, 342, 340, 326, 
38426, 338, 341, 340, 331, 
38457, 336, 335, 337, 344, 
38487, 333, 332, 334, 348, 
38516, 336, 336, 336, 340, 
38547, 339, 342, 340, 328, 
38577, 339, 341, 340, 330, 
38607, 336, 336, 337, 341, 
38637, 334, 331, 334, 349, 
38668, 335, 334, 336, 343, 
38697, 338, 340, 339, 331, 
38728, 339, 342, 342, 326, 
38758, 336, 337, 338, 337, 
38789, 334, 332, 334, 349, 
38818, 334, 333, 334, 346, 
38848, 340, 339, 338, 332, 
38879, 340, 342, 341, 326, 
38908, 337, 338, 339, 335, 
38939, 335, 332, 335, 347, 
38969, 334, 332, 334, 347, 
39000, 337, 338, 338, 336, 
39029, 340, 342, 340, 326, 
39060, 338, 340, 340, 331, 
39090, 335, 334, 337, 343, 
39120, 334, 332, 333, 350, 
39150, 336, 336, 335, 338, 
39180, 339, 343, 341, 328, 
39211, 338, 340, 340, 329, 
39240, 335, 335, 337, 342, 
39271, 333, 331, 333, 349, 
39301, 335, 335, 335, 340, 
39331, 339, 340, 339, 329, 
39361, 339, 341, 341, 327, 
39392, 336, 336, 336, 338, 
39421, 334, 331, 334, 349, 
39451, 335, 333, 334, 344, 
39482, 338, 339, 338, 331, 
39512, 339, 342, 341, 326, 
39542, 338, 338, 339, 336, 
39572, 333, 332, 335, 347, 
39603, 333, 332, 333, 346, 
39632, 338, 337, 338, 335, 
39663, 340, 342, 340, 326, 
39693, 337, 338, 338, 333, 
39724, 335, 333, 335, 345, 
39753, 334, 333, 333, 349, 
39783, 337, 335, 336, 338, 
39814, 340, 342, 340, 327, 
39843, 339, 340, 341, 331, 
39874, 335, 334, 337, 344, 
39904, 333, 331, 333, 350, 
39934, 337, 335, 335, 342, 
39964, 340, 339, 340, 329, 
39995, 339, 341, 341, 328, 
40025, 336, 336, 339, 340, 
40055, 333, 331, 334, 350, 
40085, 335, 335, 335, 345, 
40115, 339, 339, 339, 331, 
40145, 340, 341, 341, 326, 
40175, 337, 338, 338, 337, 
40206, 334, 331, 334, 348, 
40236, 334, 333, 334, 346, 
40266, 338, 338, 338, 335, 
40296, 340, 342, 342, 326, 
40327, 336, 339, 341, 334, 
40356, 334, 333, 335, 346, 
40387, 334, 332, 334, 349, 
40417, 336, 337, 336, 337, 
40446, 339, 342, 340, 327, 
40477, 338, 341, 340, 331, 
40507, 335, 334, 335, 343, 
40538, 333, 332, 334, 350, 
40567, 336, 335, 336, 340, 
40598, 339, 342, 338, 329, 
40628, 340, 341, 341, 328, 
40658, 336, 336, 338, 341, 
40688, 334, 331, 334, 350, 
40719, 334, 334, 335, 343, 
40749, 339, 340, 339, 330, 
40778, 339, 342, 342, 327, 
40809, 335, 337, 338, 337, 
40839, 334, 330, 334, 348, 
40869, 335, 333, 334, 346, 
40899, 338, 338, 337, 333, 
40930, 340, 342, 341, 326, 
40960, 337, 338, 339, 335, 
40990, 334, 334, 335, 349, 
41020, 334, 332, 334, 348, 
41051, 338, 337, 337, 336, 
41080, 341, 342, 341, 327, 
41110, 338, 339, 341, 332, 
41141, 335, 334, 336, 344, 
41170, 334, 331, 334, 350, 
41201, 336, 336, 336, 341, 
41231, 340, 341, 340, 328, 
41262, 339, 341, 340, 330, 
41291, 336, 335, 337, 342, 
41322, 333, 332, 334, 350, 
41352, 335, 335, 336, 343, 
41381, 339, 340, 340, 329, 
41412, 339, 343, 341, 328, 
41442, 336, 337, 338, 339, 
41473, 333, 332, 334, 349, 
41502, 334, 333, 334, 345, 
41533, 338, 338, 338, 333, 
41563, 340, 342, 342, 326, 
41593, 338, 339, 340, 335, 
41623, 335, 332, 335, 347, 
41654, 334, 332, 334, 347, 
41683, 337, 337, 337, 335, 
41713, 340, 342, 340, 326, 
41744, 337, 340, 339, 332, 
41774, 335, 334, 336, 344, 
41804, 334, 333, 333, 348, 
41834, 336, 336, 335, 338, 
41865, 340, 342, 340, 327, 
41894, 339, 340, 341, 330, 
41925, 337, 335, 336, 341, 
41955, 334, 332, 334, 349, 
41986, 335, 335, 335, 342, 
42015, 339, 340, 340, 329, 
42045, 339, 343, 340, 327, 
42076, 336, 337, 338, 338, 
42105, 333, 331, 334, 348, 
42136, 335, 333, 334, 343, 
42166, 338, 338, 338, 331, 
42196, 341, 342, 340, 325, 
42226, 338, 336, 339, 334, 
42257, 334, 332, 336, 347, 
42287, 333, 332, 334, 346, 
42317, 337, 338, 337, 334, 
42347, 340, 342, 342, 325, 
42377, 338, 339, 339, 332, 
42407, 335, 333, 337, 344, 
42437, 333, 332, 334, 348, 
42468, 337, 336, 336, 337, 
42498, 340, 342, 340, 326, 
42528, 338, 339, 341, 330, 
42558, 335, 335, 336, 341, 
42589, 333, 331, 333, 349, 
42618, 334, 335, 335, 341, 
42649, 339, 341, 339, 328, 
42679, 339, 341, 341, 328, 
42708, 336, 336, 339, 339, 
42739, 333, 331, 334, 349, 
42769, 334, 333, 334, 344, 
42800, 337, 340, 339, 331, 
42829, 340, 341, 340, 326, 
42860, 337, 337, 338, 336, 
42890, 334, 332, 333, 347, 
42920, 334, 332, 333, 346, 
42950, 337, 337, 338, 334, 
42981, 339, 342, 340, 325, 
43011, 338, 339, 339, 332, 
43040, 334, 333, 336, 345, 
43071, 333, 333, 335, 348, 
43101, 338, 336, 336, 337, 
43131, 340, 341, 340, 326, 
43161, 339, 340, 340, 330, 
43192, 335, 334, 336, 342, 
43222, 334, 331, 334, 348, 
43252, 335, 335, 336, 341, 
43282, 339, 340, 338, 328, 
43312, 339, 340, 341, 327, 
43342, 337, 336, 338, 339, 
43372, 333, 331, 334, 349, 
43403, 335, 334, 334, 343, 
43432, 338, 340, 338, 331, 
43463, 339, 341, 340, 326, 
43493, 335, 337, 338, 336, 
43524, 333, 332, 334, 348, 
43553, 334, 333, 334, 346, 
43584, 337, 339, 339, 334, 
43614, 340, 342, 340, 326, 
43643, 338, 338, 340, 333, 
43674, 335, 333, 336, 346, 
43704, 334, 332, 334, 348, 
43735, 336, 337, 336, 337, 
43764, 341, 342, 340, 326, 
43795, 338, 340, 339, 331, 
43825, 335, 335, 337, 343, 
43855, 334, 332, 335, 349, 
43885, 334, 336, 336, 341, 
43916, 339, 341, 340, 328, 
43945, 339, 342, 340, 329, 
43975, 336, 334, 336, 340, 
44006, 333, 331, 333, 349, 
44036, 336, 334, 335, 343, 
44066, 338, 340, 339, 331, 
44096, 340, 342, 341, 326, 
44127, 337, 337, 338, 337, 
44156, 334, 333, 335, 348, 
44187, 335, 333, 334, 346, 
44217, 338, 338, 337, 334, 
44248, 340, 342, 342, 325, 
44277, 338, 338, 340, 334, 
44307, 335, 333, 336, 346, 
44338, 335, 332, 335, 348, 
44367, 337, 337, 337, 337, 
44398, 340, 341, 341, 327, 
44428, 338, 340, 339, 331, 
44459, 335, 334, 336, 343, 
44488, 334, 331, 334, 349, 
44519, 336, 336, 336, 340, 
44549, 340, 341, 339, 327, 
44579, 339, 341, 340, 328, 
44609, 336, 336, 337, 340, 
44639, 333, 331, 334, 349, 
44669, 335, 334, 335, 342, 
44699, 338, 340, 339, 330, 
44730, 339, 342, 340, 326, 
44760, 337, 337, 338, 338, 
44790, 334, 331, 334, 348, 
44820, 335, 333, 335, 345, 
44851, 338, 338, 337, 333, 
44880, 340, 342, 339, 326, 
44911, 338, 338, 340, 334, 
44941, 334, 333, 335, 346, 
44971, 334, 332, 334, 348, 
45001, 336, 336, 337, 337, 
45031, 339, 341, 340, 326, 
45062, 339, 340, 340, 332, 
45091, 335, 334, 336, 344, 
45122, 332, 332, 334, 349, 
45152, 337, 335, 336, 339, 
45182, 339, 342, 340, 327, 
45212, 339, 341, 340, 329, 
45242, 335, 336, 337, 340, 
45273, 334, 331, 334, 350, 
45302, 335, 334, 335, 343, 
45333, 339, 340, 339, 332, 
45363, 339, 342, 341, 326, 
45393, 337, 337, 338, 338, 
45423, 335, 331, 334, 348, 
45454, 334, 333, 334, 346, 
45484, 338, 338, 337, 333, 
45514, 340, 342, 340, 327, 
45544, 338, 338, 339, 334, 
45574, 334, 332, 335, 347, 
45604, 334, 332, 334, 348, 
45634, 337, 337, 337, 337, 
45665, 340, 342, 341, 326, 
45694, 340, 340, 340, 331, 
45725, 335, 334, 336, 342, 
45755, 334, 331, 334, 349, 
45786, 336, 335, 336, 337, 
45815, 339, 341, 339, 328, 
45846, 339, 340, 340, 328, 
45876, 336, 335, 338, 340, 
45905, 334, 331, 333, 350, 
45936, 335, 334, 335, 342, 
45966, 339, 339, 338, 329, 
45997, 339, 341, 340, 326, 
46026, 338, 337, 338, 337, 
46057, 333, 332, 334, 348, 
46087, 335, 334, 335, 346, 
46117, 338, 340, 338, 332, 
46147, 340, 341, 341, 326, 
46178, 337, 338, 340, 334, 
46208, 334, 332, 335, 346, 
46237, 332, 332, 334, 347, 
46268, 337, 337, 337, 336, 
46298, 339, 342, 340, 326, 
46328, 339, 340, 340, 332, 
46358, 334, 334, 336, 345, 
46389, 333, 331, 334, 349, 
46418, 336, 336, 336, 339, 
46449, 339, 341, 340, 327, 
46479, 339, 341, 341, 329, 
46510, 336, 336, 337, 342, 
46539, 333, 331, 334, 350, 
46569, 336, 334, 335, 343, 
46600, 339, 340, 339, 330, 
46629, 339, 342, 341, 328, 
46660, 337, 337, 338, 338, 
46690, 334, 332, 334, 349, 
46721, 335, 333, 335, 345, 
46750, 338, 339, 339, 332, 
46781, 340, 342, 341, 326, 
46811, 337, 338, 339, 336, 
46841, 333, 333, 335, 347, 
46871, 333, 332, 334, 348, 
46901, 336, 337, 337, 336, 
46931, 339, 342, 341, 326, 
46961, 338, 341, 340, 333, 
46992, 334, 335, 336, 344, 
47022, 333, 332, 334, 349, 
47052, 336, 336, 336, 339, 
47082, 339, 341, 340, 328, 
47113, 339, 341, 340, 328, 
47142, 336, 335, 337, 340, 
47172, 333, 331, 334, 349, 
47203, 335, 335, 335, 341, 
47233, 338, 340, 339, 330, 
47263, 340, 341, 340, 327, 
47293, 337, 337, 338, 338, 
47324, 333, 332, 334, 349, 
47353, 335, 333, 334, 346, 
47384, 338, 338, 338, 333, 
47414, 340, 342, 341, 325, 
47444, 337, 338, 339, 335, 
47474, 334, 332, 335, 347, 
47504, 334, 332, 335, 347, 
