65181, 335, 334, 335, 341, 
365213, 337, 338, 338, 332, 
365244, 339, 341, 340, 32 334, 348, 
365151, 333, 331, 334, 347, 
365181, 335, 334, 335, 341, 
365213, 337, 338, 338, 332, 
365244, 339, 341, 340, 320, 332, 330, 334, 345, 
1, 331, 330, 333, 347, 
2, 334, 331, 334, 346, 
11, 339, 341, 339, 328, 
37, 336, 336, 337, 337, 
65, 334, 333, 335, 345, 
92, 339, 341, 340, 326, 
119, 334, 332, 334, 348, 
147, 335, 335, 336, 339, 
175, 339, 341, 340, 327, 
203, 335, 334, 335, 344, 
231, 334, 334, 335, 345, 
260, 339, 342, 341, 327, 
287, 336, 336, 336, 340, 
316, 334, 332, 334, 347, 
344, 339, 341, 340, 327, 
371, 336, 338, 338, 337, 
400, 333, 331, 335, 349, 
428, 338, 340, 339, 330, 
456, 337, 338, 339, 334, 
484, 334, 331, 334, 350, 
512, 338, 338, 336, 333, 
540, 339, 340, 340, 330, 
568, 334, 331, 334, 349, 
596, 335, 336, 337, 337, 
624, 338, 341, 340, 328, 
653, 333, 331, 335, 347, 
680, 335, 334, 336, 341, 
708, 339, 342, 340, 326, 
737, 335, 334, 336, 344, 
764, 334, 333, 335, 344, 
793, 338, 342, 339, 326, 
821, 335, 335, 337, 340, 
849, 334, 332, 334, 346, 
877, 340, 342, 339, 327, 
905, 336, 337, 338, 336, 
933, 333, 332, 334, 348, 
961, 338, 340, 338, 330, 
990, 337, 338, 339, 334, 
1017, 333, 331, 333, 350, 
1046, 336, 336, 336, 339, 
1076, 339, 341, 340, 326, 
1104, 336, 337, 339, 339, 
1134, 332, 331, 332, 350, 
1163, 336, 337, 336, 337, 
1192, 337, 343, 340, 326, 
1221, 336, 336, 337, 340, 
1251, 333, 331, 333, 350, 
1280, 336, 337, 337, 336, 
1308, 339, 341, 340, 327, 
1338, 336, 335, 336, 341, 
1367, 333, 331, 333, 349, 
1396, 337, 338, 336, 334, 
1425, 339, 341, 340, 326, 
1455, 335, 334, 336, 341, 
1483, 334, 331, 333, 350, 
1512, 337, 338, 338, 334, 
1542, 339, 341, 340, 327, 
1570, 336, 335, 336, 342, 
1600, 334, 331, 334, 348, 
1629, 337, 338, 337, 333, 
1658, 339, 340, 340, 328, 
1687, 335, 334, 336, 344, 
1717, 333, 332, 334, 349, 
1745, 338, 339, 338, 333, 
1774, 340, 340, 340, 328, 
1804, 334, 333, 335, 344, 
1832, 333, 332, 334, 347, 
1862, 339, 339, 339, 332, 
1891, 338, 341, 340, 329, 
1921, 334, 334, 335, 345, 
1949, 334, 332, 334, 346, 
1978, 339, 339, 339, 330, 
2008, 338, 340, 340, 330, 
2036, 334, 333, 336, 346, 
2066, 333, 332, 334, 345, 
2095, 338, 339, 339, 329, 
2124, 338, 339, 340, 330, 
2153, 334, 332, 335, 346, 
2183, 334, 333, 334, 344, 
2211, 339, 340, 339, 328, 
2240, 338, 339, 339, 329, 
2270, 335, 331, 335, 346, 
2298, 334, 332, 335, 343, 
2328, 340, 340, 339, 327, 
2357, 338, 339, 339, 331, 
2386, 333, 332, 334, 348, 
2415, 335, 333, 335, 343, 
2444, 340, 341, 340, 328, 
2473, 337, 338, 338, 332, 
2502, 333, 331, 335, 348, 
2532, 335, 334, 334, 342, 
2561, 339, 341, 339, 328, 
2590, 339, 338, 339, 333, 
2619, 333, 331, 334, 348, 
2649, 336, 334, 336, 341, 
2677, 338, 342, 340, 327, 
2706, 337, 337, 338, 335, 
2736, 333, 332, 334, 349, 
2764, 335, 334, 335, 341, 
2794, 339, 342, 340, 326, 
2823, 337, 337, 337, 335, 
2852, 333, 331, 333, 349, 
2881, 335, 335, 335, 341, 
2910, 339, 341, 340, 326, 
2939, 336, 337, 338, 336, 
2968, 332, 330, 334, 350, 
2998, 336, 335, 337, 338, 
3026, 339, 341, 339, 325, 
3056, 336, 336, 337, 336, 
3085, 333, 331, 334, 349, 
3115, 335, 336, 336, 338, 
3143, 339, 341, 340, 325, 
3172, 337, 337, 337, 337, 
3202, 333, 330, 333, 349, 
3230, 336, 337, 336, 336, 
3260, 339, 341, 340, 326, 
3289, 335, 336, 337, 338, 
3318, 333, 331, 333, 349, 
3347, 336, 336, 337, 336, 
3376, 339, 341, 340, 325, 
3405, 336, 336, 337, 340, 
3434, 333, 331, 334, 349, 
3464, 337, 337, 337, 335, 
3492, 339, 341, 341, 326, 
3522, 335, 335, 337, 341, 
3551, 333, 331, 334, 349, 
3580, 337, 338, 337, 334, 
3609, 339, 341, 340, 327, 
3638, 335, 335, 336, 342, 
3667, 333, 331, 333, 348, 
3696, 337, 338, 337, 333, 
3726, 339, 341, 339, 327, 
3755, 335, 335, 336, 343, 
3784, 333, 332, 334, 347, 
3813, 336, 339, 338, 333, 
3842, 338, 340, 340, 328, 
3871, 334, 333, 336, 343, 
3900, 333, 331, 334, 347, 
3930, 337, 338, 339, 331, 
3958, 338, 340, 340, 328, 
3988, 335, 333, 335, 344, 
4017, 334, 332, 334, 346, 
4046, 340, 340, 338, 330, 
4075, 339, 340, 339, 329, 
4104, 333, 333, 335, 345, 
4133, 334, 332, 334, 346, 
4162, 338, 340, 338, 329, 
4192, 338, 340, 340, 330, 
4220, 334, 333, 336, 346, 
4250, 334, 332, 334, 345, 
4279, 338, 341, 340, 329, 
4307, 338, 340, 340, 332, 
4337, 333, 332, 335, 347, 
4366, 334, 333, 333, 344, 
4396, 339, 340, 340, 328, 
4424, 337, 339, 338, 330, 
4454, 333, 332, 336, 347, 
4483, 335, 333, 335, 343, 
4512, 339, 340, 339, 327, 
4541, 337, 339, 340, 332, 
4570, 333, 331, 333, 346, 
4599, 335, 334, 335, 343, 
4628, 340, 341, 339, 328, 
4658, 337, 339, 338, 333, 
4686, 333, 331, 335, 349, 
4716, 335, 335, 335, 342, 
4745, 339, 341, 340, 326, 
4773, 336, 338, 338, 334, 
4803, 333, 331, 334, 348, 
4832, 335, 334, 335, 342, 
4861, 339, 342, 340, 326, 
4890, 336, 337, 338, 335, 
4920, 333, 331, 335, 349, 
4948, 336, 335, 336, 340, 
4978, 339, 341, 340, 327, 
5007, 336, 337, 337, 336, 
5036, 333, 331, 334, 349, 
5065, 335, 335, 336, 338, 
5094, 339, 342, 339, 325, 
5124, 337, 337, 337, 336, 
5152, 333, 331, 333, 349, 
5182, 336, 336, 336, 339, 
5211, 339, 342, 338, 327, 
5239, 336, 337, 338, 338, 
5269, 333, 331, 334, 351, 
5298, 336, 337, 337, 338, 
5327, 339, 341, 340, 326, 
5356, 336, 336, 337, 338, 
5386, 333, 330, 333, 350, 
5414, 336, 336, 337, 336, 
5444, 339, 341, 341, 327, 
5473, 336, 336, 336, 340, 
5501, 333, 331, 334, 349, 
5531, 338, 335, 337, 336, 
5560, 339, 342, 340, 326, 
5590, 335, 336, 336, 339, 
5618, 333, 332, 335, 349, 
5648, 336, 337, 338, 335, 
5677, 339, 341, 340, 328, 
5705, 334, 334, 336, 341, 
5735, 334, 331, 333, 349, 
5764, 336, 337, 338, 334, 
5793, 338, 341, 340, 326, 
5822, 335, 335, 336, 343, 
5852, 334, 332, 334, 348, 
5880, 337, 338, 339, 332, 
5910, 339, 340, 340, 327, 
5939, 335, 335, 336, 342, 
5967, 333, 331, 334, 347, 
5997, 338, 338, 338, 332, 
6026, 338, 340, 340, 327, 
6055, 334, 334, 334, 345, 
6084, 333, 332, 335, 346, 
6114, 338, 339, 339, 331, 
6142, 338, 341, 340, 329, 
6171, 334, 333, 335, 344, 
6201, 333, 332, 334, 346, 
6230, 338, 340, 337, 331, 
6259, 338, 340, 340, 328, 
6288, 334, 333, 335, 345, 
6318, 334, 331, 334, 345, 
6346, 338, 340, 340, 329, 
6376, 338, 340, 339, 329, 
6405, 334, 333, 336, 345, 
6433, 334, 332, 335, 344, 
6463, 339, 340, 339, 328, 
6492, 338, 340, 339, 330, 
6521, 333, 333, 335, 347, 
6550, 334, 334, 334, 343, 
6580, 340, 341, 339, 327, 
6608, 337, 339, 340, 332, 
6637, 333, 332, 334, 347, 
6667, 334, 333, 334, 343, 
6695, 339, 340, 340, 327, 
6725, 337, 339, 339, 332, 
6754, 333, 332, 335, 347, 
6784, 333, 334, 335, 343, 
6812, 340, 341, 340, 327, 
6842, 337, 338, 339, 332, 
6871, 333, 331, 335, 348, 
6899, 335, 335, 336, 341, 
6929, 339, 341, 340, 326, 
6958, 337, 338, 338, 334, 
6987, 333, 331, 334, 349, 
7016, 336, 335, 336, 341, 
7046, 340, 341, 340, 326, 
7074, 338, 337, 338, 334, 
7103, 333, 331, 334, 350, 
7133, 335, 335, 335, 340, 
7161, 339, 341, 340, 325, 
7191, 336, 337, 338, 336, 
7220, 334, 331, 334, 350, 
7249, 336, 335, 336, 339, 
7278, 339, 341, 340, 325, 
7308, 337, 337, 337, 336, 
7336, 334, 331, 333, 351, 
7365, 336, 335, 337, 338, 
7395, 339, 342, 339, 325, 
7424, 336, 337, 337, 337, 
7453, 333, 330, 335, 349, 
7482, 336, 336, 336, 337, 
7512, 339, 341, 341, 326, 
7540, 335, 336, 337, 338, 
7569, 333, 331, 333, 349, 
7599, 336, 335, 336, 336, 
7627, 339, 341, 338, 326, 
7657, 335, 335, 336, 339, 
7686, 333, 331, 334, 349, 
7715, 336, 337, 337, 335, 
7744, 339, 342, 341, 327, 
7774, 334, 336, 337, 340, 
7802, 333, 331, 334, 350, 
7831, 337, 337, 338, 335, 
7861, 340, 342, 340, 328, 
7889, 335, 335, 336, 341, 
7919, 333, 331, 334, 349, 
7948, 337, 338, 337, 334, 
7977, 339, 340, 340, 328, 
8006, 335, 334, 336, 342, 
8035, 334, 331, 334, 349, 
8065, 337, 339, 338, 334, 
8093, 338, 341, 339, 329, 
8123, 334, 334, 335, 343, 
8152, 335, 331, 335, 348, 
8181, 338, 339, 337, 332, 
8210, 339, 341, 339, 327, 
8240, 334, 334, 335, 344, 
8268, 334, 332, 333, 347, 
8297, 338, 340, 338, 331, 
8327, 338, 340, 340, 329, 
8355, 334, 333, 336, 345, 
8385, 333, 332, 334, 346, 
8414, 337, 340, 340, 330, 
8443, 338, 340, 340, 329, 
8472, 334, 333, 335, 345, 
8501, 333, 333, 333, 347, 
8530, 338, 340, 339, 329, 
8559, 338, 339, 339, 330, 
8589, 333, 333, 335, 347, 
8617, 334, 333, 335, 344, 
8647, 338, 339, 339, 328, 
8676, 339, 339, 339, 332, 
8706, 332, 332, 335, 347, 
8734, 334, 333, 336, 343, 
8763, 339, 341, 340, 328, 
8793, 338, 340, 340, 332, 
8821, 333, 332, 334, 347, 
8851, 334, 333, 335, 343, 
8880, 339, 340, 339, 327, 
8909, 337, 339, 338, 332, 
8938, 333, 333, 335, 347, 
8967, 335, 334, 335, 342, 
8996, 338, 341, 340, 327, 
9025, 337, 338, 339, 333, 
9055, 332, 331, 334, 348, 
9083, 335, 334, 335, 341, 
9113, 340, 340, 340, 327, 
9142, 337, 338, 338, 334, 
9171, 333, 331, 333, 349, 
9200, 335, 334, 335, 341, 
9229, 339, 342, 340, 326, 
9259, 337, 338, 338, 335, 
9287, 332, 331, 334, 349, 
9317, 335, 335, 336, 341, 
9346, 340, 341, 340, 325, 
9375, 337, 337, 338, 336, 
9404, 334, 331, 334, 349, 
9433, 336, 335, 337, 340, 
9462, 340, 340, 340, 325, 
9491, 337, 337, 338, 336, 
9521, 333, 331, 335, 349, 
9549, 336, 336, 336, 338, 
9579, 339, 342, 340, 326, 
9608, 336, 336, 338, 337, 
9637, 333, 332, 334, 348, 
9666, 336, 336, 338, 337, 
9695, 339, 341, 340, 325, 
9724, 336, 336, 337, 338, 
9753, 332, 330, 334, 348, 
9783, 336, 336, 335, 336, 
9811, 339, 341, 340, 327, 
9841, 335, 336, 337, 339, 
9870, 333, 331, 333, 348, 
9899, 337, 337, 337, 334, 
9928, 339, 341, 340, 325, 
9957, 335, 337, 337, 340, 
9987, 333, 331, 333, 349, 
10015, 337, 337, 337, 334, 
10046, 339, 341, 340, 326, 
10076, 337, 338, 338, 332, 
10106, 334, 333, 335, 346, 
10136, 333, 332, 334, 348, 
10167, 336, 336, 336, 338, 
10196, 339, 342, 339, 327, 
10226, 338, 340, 339, 332, 
10257, 335, 334, 336, 342, 
10287, 333, 331, 333, 349, 
10317, 335, 334, 335, 342, 
10347, 338, 341, 339, 328, 
10378, 339, 341, 340, 328, 
10407, 336, 336, 337, 338, 
10438, 333, 331, 334, 349, 
10468, 334, 333, 335, 343, 
10498, 338, 339, 338, 331, 
10528, 339, 341, 340, 325, 
10558, 336, 337, 337, 335, 
10589, 333, 331, 334, 348, 
10618, 333, 332, 334, 345, 
10649, 337, 337, 337, 334, 
10679, 339, 342, 340, 325, 
10710, 337, 339, 338, 332, 
10739, 334, 333, 336, 344, 
10770, 333, 331, 334, 347, 
10800, 336, 336, 336, 338, 
10829, 339, 342, 340, 326, 
10860, 338, 339, 339, 331, 
10890, 335, 335, 336, 342, 
10920, 333, 331, 333, 349, 
10950, 335, 332, 336, 340, 
10981, 338, 340, 339, 327, 
11011, 338, 341, 340, 327, 
11041, 335, 335, 336, 339, 
11071, 332, 331, 334, 348, 
11102, 335, 333, 335, 343, 
11131, 338, 339, 338, 330, 
11161, 339, 341, 339, 326, 
11192, 336, 337, 337, 337, 
11222, 333, 332, 334, 349, 
11252, 333, 332, 334, 346, 
11282, 337, 338, 337, 334, 
11313, 339, 341, 339, 326, 
11342, 337, 338, 338, 334, 
11373, 335, 333, 334, 346, 
11403, 333, 332, 334, 348, 
11433, 335, 336, 336, 336, 
11463, 339, 341, 340, 326, 
11493, 339, 339, 339, 332, 
11524, 335, 334, 336, 344, 
11553, 333, 331, 333, 349, 
11584, 336, 335, 336, 340, 
11614, 339, 341, 340, 328, 
11644, 337, 340, 340, 330, 
11674, 335, 336, 336, 341, 
11705, 334, 331, 333, 350, 
11735, 335, 333, 335, 343, 
11765, 338, 339, 339, 330, 
11795, 339, 341, 339, 327, 
11825, 336, 337, 337, 337, 
11855, 334, 331, 334, 349, 
11885, 335, 332, 335, 346, 
11916, 339, 338, 338, 333, 
11945, 340, 342, 340, 325, 
11976, 337, 338, 338, 334, 
12006, 333, 333, 335, 346, 
12037, 333, 332, 334, 348, 
12066, 336, 336, 337, 336, 
12097, 340, 341, 340, 326, 
12127, 337, 339, 339, 332, 
12156, 335, 335, 336, 344, 
12187, 334, 331, 334, 349, 
12217, 336, 335, 336, 339, 
12248, 339, 340, 339, 327, 
12277, 338, 341, 338, 329, 
12308, 335, 335, 336, 341, 
12338, 333, 331, 333, 350, 
12368, 335, 334, 336, 343, 
12398, 338, 339, 338, 330, 
12428, 339, 341, 340, 329, 
12459, 336, 336, 337, 338, 
12488, 333, 331, 334, 350, 
12519, 334, 334, 334, 345, 
12549, 338, 338, 338, 333, 
12579, 339, 341, 340, 326, 
12609, 336, 338, 339, 333, 
12640, 333, 332, 334, 347, 
12669, 333, 332, 334, 347, 
12700, 337, 337, 337, 335, 
12730, 338, 341, 340, 326, 
12760, 337, 340, 339, 333, 
12790, 334, 334, 335, 344, 
12820, 333, 332, 332, 349, 
12851, 336, 336, 336, 340, 
12880, 339, 341, 340, 327, 
12911, 338, 340, 339, 329, 
12941, 335, 336, 336, 342, 
12972, 333, 331, 334, 350, 
13001, 335, 334, 335, 342, 
13032, 339, 340, 339, 330, 
13062, 339, 341, 340, 328, 
13091, 336, 336, 338, 339, 
13122, 333, 332, 334, 350, 
13152, 334, 333, 335, 345, 
13182, 338, 339, 339, 332, 
13212, 339, 342, 340, 326, 
13243, 337, 338, 338, 336, 
13273, 335, 333, 335, 348, 
13303, 333, 332, 334, 347, 
13333, 337, 337, 338, 335, 
13364, 339, 342, 341, 326, 
13393, 338, 339, 340, 333, 
13423, 334, 333, 335, 345, 
13454, 333, 331, 334, 349, 
13484, 336, 335, 336, 339, 
13514, 339, 341, 339, 328, 
13544, 338, 341, 339, 331, 
13575, 334, 334, 336, 343, 
13604, 331, 330, 333, 351, 
13635, 335, 334, 335, 345, 
13665, 338, 339, 339, 330, 
13696, 338, 340, 340, 329, 
13725, 336, 336, 338, 341, 
13755, 333, 331, 334, 350, 
13786, 334, 333, 335, 345, 
13815, 338, 339, 339, 332, 
13846, 338, 342, 340, 327, 
13876, 337, 337, 338, 335, 
13906, 334, 333, 334, 349, 
13936, 334, 332, 334, 346, 
13967, 337, 338, 337, 334, 
13997, 340, 341, 340, 325, 
14027, 338, 339, 339, 332, 
14057, 334, 333, 335, 345, 
14087, 333, 331, 334, 349, 
14117, 336, 336, 336, 338, 
14147, 341, 341, 340, 326, 
14178, 338, 339, 339, 329, 
14208, 335, 334, 336, 343, 
14238, 333, 331, 334, 349, 
14268, 336, 334, 336, 342, 
14299, 339, 340, 339, 328, 
14328, 339, 340, 341, 327, 
14358, 336, 336, 337, 339, 
14389, 333, 331, 334, 349, 
14418, 335, 333, 335, 344, 
14449, 338, 339, 339, 331, 
14479, 339, 342, 340, 325, 
14510, 337, 337, 338, 335, 
14539, 334, 333, 335, 347, 
14570, 334, 332, 334, 345, 
14600, 337, 338, 337, 334, 
14630, 338, 342, 340, 325, 
14660, 338, 339, 338, 332, 
14690, 334, 333, 335, 345, 
14721, 334, 332, 334, 348, 
14750, 337, 336, 337, 338, 
14781, 339, 342, 340, 326, 
14811, 338, 340, 339, 330, 
14841, 335, 335, 336, 342, 
14871, 333, 331, 333, 348, 
14902, 336, 335, 336, 340, 
14931, 339, 341, 340, 327, 
14962, 339, 341, 340, 328, 
14992, 336, 336, 337, 338, 
15022, 333, 331, 334, 350, 
15052, 334, 333, 336, 343, 
15082, 338, 340, 339, 331, 
15113, 339, 341, 340, 326, 
15142, 337, 337, 338, 336, 
15173, 333, 331, 334, 348, 
15203, 334, 332, 334, 346, 
15234, 337, 338, 337, 334, 
15263, 339, 341, 340, 326, 
15294, 338, 338, 338, 334, 
15324, 334, 333, 335, 346, 
15353, 333, 331, 334, 348, 
15384, 336, 336, 337, 338, 
15414, 339, 342, 341, 327, 
15444, 338, 341, 340, 331, 
15474, 335, 335, 336, 343, 
15505, 333, 332, 334, 348, 
15535, 336, 335, 336, 340, 
15565, 339, 340, 340, 328, 
15595, 339, 341, 340, 327, 
15626, 336, 335, 337, 339, 
15655, 334, 332, 334, 349, 
15685, 334, 333, 335, 344, 
15716, 337, 340, 338, 331, 
15746, 339, 342, 342, 327, 
15776, 337, 338, 337, 336, 
15806, 334, 332, 334, 348, 
15837, 334, 332, 333, 345, 
15866, 337, 338, 337, 334, 
15897, 339, 343, 340, 325, 
15927, 337, 338, 339, 333, 
15958, 334, 333, 335, 346, 
15987, 333, 331, 334, 348, 
16017, 335, 336, 336, 337, 
16048, 340, 341, 340, 326, 
16077, 339, 340, 340, 331, 
16108, 333, 334, 336, 344, 
16138, 334, 331, 333, 349, 
16168, 336, 335, 336, 339, 
16198, 339, 341, 340, 328, 
16229, 339, 340, 340, 328, 
16259, 336, 335, 337, 339, 
16288, 332, 331, 334, 349, 
16319, 335, 333, 333, 342, 
16349, 339, 340, 339, 329, 
16379, 339, 341, 340, 328, 
16409, 335, 337, 337, 337, 
16440, 333, 332, 335, 348, 
16470, 334, 333, 334, 345, 
16500, 338, 338, 338, 332, 
16530, 339, 341, 341, 325, 
16561, 337, 338, 338, 334, 
16590, 334, 332, 334, 346, 
16620, 333, 331, 334, 348, 
16651, 337, 336, 337, 337, 
16680, 339, 341, 339, 325, 
16711, 338, 339, 339, 331, 
16741, 334, 334, 335, 343, 
16772, 333, 331, 333, 348, 
16801, 335, 335, 336, 338, 
16832, 340, 341, 339, 327, 
16862, 340, 340, 339, 328, 
16892, 335, 335, 337, 341, 
16922, 333, 331, 334, 349, 
16952, 336, 334, 335, 342, 
16983, 338, 340, 339, 329, 
17012, 340, 341, 340, 326, 
17043, 336, 336, 337, 337, 
17073, 333, 331, 335, 348, 
17103, 335, 333, 335, 345, 
17133, 337, 338, 338, 332, 
17164, 341, 342, 340, 325, 
17193, 338, 337, 337, 334, 
17224, 333, 332, 335, 346, 
17254, 334, 331, 334, 347, 
17284, 337, 338, 337, 335, 
17314, 339, 341, 340, 326, 
17344, 338, 339, 339, 331, 
17375, 335, 333, 335, 343, 
17404, 333, 331, 333, 348, 
17435, 336, 335, 336, 338, 
17465, 339, 342, 340, 326, 
17496, 339, 340, 340, 329, 
17525, 336, 335, 336, 341, 
17556, 334, 331, 333, 349, 
17586, 335, 334, 335, 341, 
17615, 340, 340, 339, 329, 
17646, 339, 340, 340, 327, 
17676, 337, 336, 337, 339, 
17707, 333, 331, 333, 349, 
17736, 335, 333, 334, 344, 
17767, 337, 338, 338, 331, 
17797, 339, 342, 341, 325, 
17827, 337, 338, 338, 335, 
17857, 333, 332, 334, 347, 
17888, 334, 332, 334, 346, 
17917, 338, 337, 337, 334, 
17947, 339, 342, 340, 325, 
17978, 338, 340, 339, 332, 
18008, 334, 333, 335, 345, 
18038, 333, 331, 333, 348, 
18068, 336, 336, 336, 338, 
18099, 340, 341, 339, 326, 
18128, 339, 340, 339, 329, 
18159, 335, 334, 336, 342, 
18189, 334, 331, 334, 349, 
18219, 336, 334, 335, 341, 
18249, 338, 340, 339, 328, 
18279, 339, 339, 339, 327, 
18310, 336, 336, 337, 338, 
18339, 333, 332, 334, 349, 
18370, 335, 333, 333, 343, 
18400, 339, 339, 338, 331, 
18430, 339, 341, 340, 327, 
18460, 337, 337, 338, 336, 
18491, 334, 332, 335, 346, 
18521, 334, 332, 334, 346, 
18550, 337, 337, 337, 334, 
18581, 339, 341, 340, 326, 
18611, 338, 338, 339, 332, 
18641, 334, 333, 335, 345, 
18671, 333, 331, 335, 347, 
18702, 336, 336, 336, 337, 
18732, 339, 341, 340, 326, 
18762, 339, 339, 339, 330, 
18792, 335, 334, 336, 344, 
18823, 333, 331, 334, 349, 
18852, 337, 335, 336, 341, 
18882, 340, 340, 340, 328, 
18913, 340, 341, 340, 328, 
18942, 335, 335, 336, 341, 
18973, 333, 331, 334, 349, 
19003, 335, 334, 334, 343, 
19034, 338, 339, 338, 332, 
19063, 339, 342, 340, 327, 
19094, 336, 337, 337, 337, 
19124, 333, 332, 335, 349, 
19154, 335, 332, 335, 346, 
19184, 337, 338, 339, 333, 
19214, 339, 342, 340, 327, 
19245, 337, 338, 338, 334, 
19274, 333, 332, 335, 347, 
19305, 333, 331, 334, 349, 
19335, 336, 336, 336, 337, 
19365, 339, 341, 340, 328, 
19395, 338, 340, 338, 333, 
19426, 334, 334, 335, 344, 
19456, 333, 331, 335, 350, 
19486, 335, 335, 336, 341, 
19516, 339, 341, 339, 328, 
19546, 338, 341, 339, 329, 
19576, 335, 335, 337, 342, 
19606, 333, 331, 333, 350, 
19637, 334, 334, 335, 342, 
19666, 338, 339, 339, 331, 
19697, 338, 341, 340, 327, 
19727, 336, 337, 338, 338, 
19758, 332, 332, 334, 350, 
19787, 334, 333, 335, 346, 
19818, 337, 339, 339, 333, 
19848, 339, 342, 340, 327, 
19877, 337, 337, 338, 334, 
19908, 334, 332, 335, 347, 
19938, 334, 332, 333, 348, 
19969, 337, 337, 337, 336, 
19998, 340, 342, 341, 325, 
20029, 337, 339, 339, 331, 
20059, 334, 333, 335, 344, 
20089, 333, 331, 332, 348, 
20119, 335, 335, 336, 339, 
20149, 339, 341, 340, 327, 
20179, 338, 340, 339, 328, 
20209, 335, 335, 336, 342, 
20240, 334, 330, 333, 348, 
20270, 335, 334, 335, 340, 
20300, 338, 340, 340, 329, 
20330, 339, 341, 340, 328, 
20361, 336, 336, 337, 337, 
20390, 333, 331, 335, 348, 
20421, 335, 334, 334, 343, 
20451, 337, 338, 338, 332, 
20481, 339, 342, 340, 326, 
20511, 337, 338, 338, 335, 
20541, 333, 332, 334, 347, 
20572, 333, 332, 334, 346, 
20601, 337, 337, 337, 334, 
20632, 339, 341, 340, 325, 
20662, 338, 339, 339, 332, 
20692, 334, 333, 335, 345, 
20722, 333, 331, 334, 349, 
20753, 336, 335, 337, 338, 
20783, 339, 341, 340, 326, 
20812, 338, 339, 339, 329, 
20843, 335, 334, 335, 342, 
20873, 333, 330, 332, 349, 
20903, 335, 335, 335, 340, 
20933, 339, 340, 339, 328, 
20964, 339, 340, 340, 328, 
20994, 336, 336, 337, 339, 
21024, 333, 331, 333, 349, 
21054, 334, 333, 335, 343, 
21085, 337, 339, 339, 329, 
21114, 340, 341, 340, 326, 
21144, 337, 337, 339, 337, 
21175, 333, 331, 334, 348, 
21204, 334, 332, 334, 347, 
21235, 337, 337, 338, 334, 
21265, 340, 342, 340, 327, 
21296, 338, 339, 339, 333, 
21325, 334, 333, 335, 346, 
21356, 333, 331, 334, 348, 
21386, 337, 335, 337, 338, 
21416, 340, 341, 340, 327, 
21446, 337, 339, 339, 331, 
21476, 334, 334, 335, 344, 
21507, 333, 331, 333, 351, 
21536, 335, 335, 335, 341, 
21567, 337, 340, 339, 329, 
21597, 338, 340, 340, 329, 
21627, 335, 336, 336, 341, 
21657, 333, 331, 333, 350, 
21688, 335, 334, 335, 344, 
21718, 338, 339, 338, 331, 
21748, 339, 341, 340, 328, 
21778, 336, 337, 336, 338, 
21808, 335, 332, 335, 348, 
21838, 334, 333, 335, 346, 
21868, 338, 339, 338, 334, 
21899, 339, 342, 340, 326, 
21928, 337, 338, 338, 334, 
21959, 332, 333, 336, 346, 
21989, 333, 331, 334, 347, 
22020, 336, 336, 337, 336, 
22049, 339, 341, 340, 327, 
22079, 337, 340, 339, 331, 
22110, 334, 334, 336, 343, 
22139, 334, 332, 333, 349, 
22170, 336, 335, 336, 339, 
22200, 339, 340, 340, 327, 
22231, 339, 341, 338, 329, 
22260, 335, 335, 336, 341, 
22291, 333, 331, 335, 350, 
22321, 335, 334, 335, 343, 
22351, 337, 340, 339, 331, 
22381, 339, 341, 339, 327, 
22411, 336, 336, 337, 337, 
22441, 333, 331, 334, 348, 
22471, 334, 333, 334, 344, 
22502, 337, 338, 339, 332, 
22532, 339, 343, 340, 325, 
22562, 337, 338, 338, 334, 
22592, 334, 332, 334, 347, 
22623, 334, 332, 334, 347, 
22652, 337, 337, 338, 335, 
22683, 340, 342, 340, 326, 
22713, 339, 339, 339, 331, 
22743, 335, 334, 336, 344, 
22773, 334, 332, 334, 348, 
22803, 336, 336, 337, 339, 
22834, 339, 341, 340, 327, 
22863, 338, 341, 340, 330, 
22894, 335, 335, 337, 342, 
22924, 333, 331, 334, 350, 
22955, 335, 336, 336, 342, 
22984, 338, 340, 340, 330, 
23015, 339, 341, 341, 328, 
23045, 336, 337, 338, 339, 
23074, 334, 331, 334, 350, 
23105, 334, 333, 335, 345, 
23135, 338, 339, 339, 332, 
23165, 339, 342, 339, 326, 
23195, 337, 337, 338, 335, 
23226, 333, 332, 334, 348, 
23256, 333, 333, 334, 347, 
23286, 337, 337, 337, 335, 
23316, 339, 342, 340, 326, 
23347, 337, 339, 339, 332, 
23376, 334, 334, 337, 345, 
23406, 333, 332, 334, 349, 
23437, 336, 337, 337, 338, 
23467, 339, 341, 340, 326, 
23497, 339, 341, 339, 329, 
23527, 335, 334, 338, 342, 
23558, 333, 331, 334, 349, 
23587, 335, 334, 336, 341, 
23618, 339, 340, 339, 329, 
23648, 340, 341, 340, 328, 
23678, 336, 336, 337, 339, 
23708, 333, 331, 334, 350, 
23738, 334, 333, 335, 344, 
23769, 338, 340, 338, 331, 
23798, 339, 341, 340, 326, 
23829, 336, 337, 338, 336, 
23859, 333, 332, 334, 348, 
23889, 333, 332, 335, 346, 
23919, 337, 338, 337, 334, 
23950, 339, 342, 341, 325, 
23980, 338, 338, 339, 333, 
24009, 334, 333, 335, 346, 
24040, 334, 332, 334, 349, 
24070, 336, 336, 337, 337, 
24100, 339, 341, 340, 326, 
24130, 338, 340, 339, 331, 
24161, 335, 334, 336, 343, 
24190, 333, 331, 334, 349, 
24221, 335, 335, 335, 340, 
24251, 338, 340, 339, 328, 
24282, 338, 341, 340, 327, 
24311, 335, 335, 337, 340, 
24341, 333, 331, 334, 349, 
24372, 335, 334, 335, 343, 
24401, 338, 339, 338, 330, 
24432, 339, 342, 341, 326, 
24462, 338, 337, 337, 337, 
24493, 334, 332, 334, 349, 
24522, 334, 333, 335, 345, 
24553, 337, 338, 337, 333, 
24583, 340, 342, 340, 325, 
24613, 337, 339, 338, 333, 
24643, 335, 332, 335, 345, 
24673, 334, 332, 334, 348, 
24704, 337, 336, 337, 336, 
24733, 339, 341, 340, 325, 
24764, 338, 340, 339, 330, 
24794, 335, 334, 336, 343, 
24824, 333, 331, 333, 348, 
24854, 336, 335, 336, 339, 
24885, 340, 340, 339, 327, 
24914, 338, 340, 339, 328, 
24945, 335, 335, 336, 338, 
24975, 333, 330, 333, 348, 
25005, 334, 333, 335, 342, 
25035, 338, 339, 339, 329, 
25065, 340, 342, 340, 326, 
25096, 337, 336, 337, 338, 
25125, 333, 331, 333, 348, 
25156, 334, 332, 334, 345, 
25186, 338, 338, 338, 332, 
25217, 339, 341, 340, 326, 
25246, 337, 338, 338, 334, 
25277, 333, 332, 334, 347, 
25307, 333, 331, 334, 348, 
25336, 336, 336, 336, 336, 
25367, 339, 341, 340, 326, 
25397, 337, 339, 338, 332, 
25427, 335, 334, 336, 344, 
25457, 333, 331, 334, 349, 
25488, 335, 335, 336, 339, 
25518, 339, 341, 341, 327, 
25548, 338, 341, 341, 329, 
25578, 335, 335, 336, 341, 
25609, 333, 331, 333, 351, 
25638, 335, 334, 335, 342, 
25668, 338, 340, 339, 330, 
25699, 338, 341, 340, 327, 
25729, 336, 336, 337, 338, 
25759, 333, 331, 334, 350, 
25789, 334, 333, 334, 344, 
25820, 337, 338, 338, 332, 
25849, 339, 341, 340, 326, 
25880, 337, 337, 338, 335, 
25910, 333, 332, 334, 346, 
25939, 334, 332, 334, 347, 
25970, 337, 338, 337, 334, 
26000, 340, 341, 340, 326, 
26031, 338, 339, 338, 331, 
26060, 334, 333, 335, 344, 
26091, 333, 331, 333, 349, 
26121, 336, 335, 336, 339, 
26151, 339, 341, 340, 327, 
26181, 339, 340, 340, 329, 
26212, 335, 336, 336, 341, 
26242, 334, 330, 332, 349, 
26271, 334, 334, 335, 341, 
26302, 338, 340, 339, 329, 
26332, 339, 341, 340, 327, 
26362, 336, 336, 336, 340, 
26392, 335, 331, 334, 349, 
26423, 336, 333, 335, 344, 
26452, 337, 339, 338, 331, 
26483, 339, 342, 340, 326, 
26513, 337, 339, 338, 335, 
26544, 334, 332, 334, 347, 
26573, 334, 332, 335, 347, 
26603, 337, 337, 337, 334, 
26634, 338, 342, 340, 325, 
26663, 339, 338, 338, 332, 
26694, 334, 334, 335, 345, 
26724, 334, 331, 334, 348, 
26755, 336, 336, 336, 337, 
26784, 340, 341, 340, 327, 
26815, 338, 340, 340, 330, 
26845, 336, 337, 337, 343, 
26875, 333, 331, 333, 350, 
26905, 335, 334, 335, 342, 
26935, 338, 340, 340, 329, 
26966, 339, 340, 340, 328, 
26995, 335, 336, 337, 340, 
27026, 333, 331, 334, 349, 
27056, 334, 334, 334, 344, 
27086, 338, 339, 338, 331, 
27116, 340, 342, 340, 326, 
27147, 336, 338, 339, 336, 
27176, 334, 332, 334, 347, 
27207, 334, 332, 334, 347, 
27237, 337, 337, 336, 335, 
27267, 339, 342, 340, 325, 
27297, 338, 339, 337, 333, 
27327, 335, 333, 336, 345, 
27358, 333, 331, 334, 348, 
27387, 337, 335, 336, 338, 
27418, 340, 341, 340, 327, 
27448, 338, 340, 339, 331, 
27479, 335, 334, 337, 343, 
27508, 334, 331, 335, 349, 
27539, 335, 336, 335, 341, 
27569, 339, 340, 339, 329, 
27598, 339, 341, 341, 328, 
27629, 335, 336, 337, 339, 
27659, 333, 331, 335, 348, 
27689, 335, 334, 335, 344, 
27719, 338, 339, 338, 332, 
27750, 338, 341, 340, 327, 
27780, 337, 338, 337, 336, 
27810, 333, 332, 335, 348, 
27840, 334, 332, 334, 347, 
27870, 338, 337, 337, 334, 
27900, 340, 342, 341, 326, 
27930, 338, 337, 340, 334, 
27961, 334, 334, 336, 345, 
27991, 335, 332, 335, 348, 
28021, 336, 336, 337, 336, 
28051, 339, 342, 341, 326, 
28082, 338, 340, 341, 331, 
28111, 335, 335, 336, 343, 
28142, 333, 331, 335, 349, 
28172, 336, 335, 336, 341, 
28201, 339, 340, 341, 329, 
28232, 339, 340, 340, 330, 
28262, 335, 336, 338, 340, 
28293, 333, 332, 333, 351, 
28322, 335, 333, 335, 344, 
28353, 338, 339, 338, 332, 
28383, 339, 341, 340, 327, 
28413, 335, 336, 338, 338, 
28443, 333, 332, 334, 348, 
28474, 334, 333, 334, 347, 
28504, 337, 338, 337, 334, 
28533, 339, 342, 340, 325, 
28564, 337, 338, 337, 333, 
28594, 333, 333, 335, 347, 
28624, 333, 331, 333, 348, 
28654, 336, 336, 336, 337, 
28685, 339, 341, 340, 327, 
28715, 338, 339, 340, 330, 
28745, 335, 334, 336, 343, 
28775, 334, 331, 334, 349, 
28806, 335, 335, 336, 340, 
28835, 339, 340, 340, 328, 
28865, 339, 340, 341, 327, 
28896, 336, 335, 337, 339, 
28925, 333, 331, 334, 349, 
28956, 335, 333, 335, 343, 
28986, 338, 339, 338, 330, 
29017, 339, 341, 340, 326, 
29046, 335, 336, 337, 335, 
29077, 333, 331, 334, 348, 
29107, 334, 332, 334, 345, 
29137, 337, 338, 338, 334, 
29167, 340, 342, 340, 326, 
29197, 338, 338, 338, 334, 
29228, 334, 333, 335, 347, 
29257, 334, 332, 334, 349, 
29288, 337, 336, 337, 338, 
29318, 340, 342, 340, 327, 
29348, 338, 339, 339, 332, 
29378, 334, 334, 336, 344, 
29409, 334, 331, 334, 350, 
29438, 336, 335, 336, 340, 
29469, 338, 340, 340, 328, 
29499, 339, 340, 339, 328, 
29529, 336, 336, 336, 339, 
29559, 333, 331, 334, 349, 
29589, 335, 333, 335, 343, 
29620, 338, 339, 339, 330, 
29649, 339, 340, 341, 326, 
29680, 336, 336, 338, 336, 
29710, 333, 332, 334, 347, 
29741, 334, 331, 334, 345, 
29770, 337, 338, 337, 333, 
29800, 339, 341, 339, 325, 
29831, 337, 338, 338, 334, 
29860, 333, 332, 335, 346, 
29891, 333, 330, 334, 347, 
29921, 336, 337, 337, 338, 
29952, 339, 342, 340, 326, 
29981, 338, 340, 339, 330, 
30012, 335, 334, 336, 342, 
30042, 333, 331, 334, 349, 
30072, 336, 335, 335, 339, 
30102, 339, 341, 339, 328, 
30132, 339, 340, 339, 329, 
30162, 335, 335, 337, 340, 
30192, 333, 331, 334, 349, 
30223, 334, 333, 335, 343, 
30253, 338, 339, 338, 331, 
30283, 339, 341, 339, 327, 
30313, 336, 336, 338, 337, 
30344, 333, 331, 333, 348, 
30373, 334, 333, 334, 347, 
30404, 337, 338, 338, 333, 
30434, 340, 342, 340, 324, 
30464, 337, 338, 339, 332, 
30494, 334, 334, 336, 345, 
30524, 334, 331, 334, 347, 
30555, 336, 337, 337, 335, 
30584, 339, 341, 340, 325, 
30615, 338, 339, 339, 330, 
30645, 334, 333, 335, 344, 
30675, 333, 330, 333, 351, 
30705, 336, 333, 335, 342, 
30736, 338, 341, 338, 332, 
30766, 338, 340, 339, 333, 
30795, 333, 336, 334, 346, 
30826, 331, 330, 333, 355, 
30856, 334, 335, 335, 347, 
30886, 337, 339, 339, 332, 
30916, 339, 342, 341, 327, 
30947, 336, 338, 338, 337, 
30977, 333, 332, 335, 348, 
31007, 334, 333, 335, 346, 
31037, 338, 337, 338, 333, 
31068, 340, 340, 341, 325, 
31097, 338, 338, 339, 332, 
31127, 334, 333, 335, 344, 
31158, 334, 331, 334, 347, 
31187, 336, 335, 337, 335, 
31218, 340, 341, 340, 325, 
31248, 338, 340, 339, 330, 
31279, 336, 334, 336, 343, 
31308, 333, 330, 332, 350, 
31339, 335, 334, 335, 342, 
31369, 338, 339, 338, 331, 
31399, 338, 340, 339, 331, 
31429, 335, 336, 336, 341, 
31459, 333, 331, 334, 350, 
31490, 335, 333, 336, 343, 
31519, 337, 338, 339, 330, 
31550, 339, 342, 341, 326, 
31580, 337, 337, 338, 336, 
31610, 334, 333, 334, 347, 
31640, 334, 333, 336, 345, 
31671, 338, 337, 337, 333, 
31700, 340, 341, 341, 324, 
31730, 337, 338, 338, 333, 
31761, 334, 332, 334, 346, 
31791, 332, 332, 333, 348, 
31821, 337, 336, 336, 336, 
31851, 339, 341, 340, 325, 
31882, 338, 340, 339, 329, 
31911, 334, 335, 336, 342, 
31942, 334, 331, 334, 348, 
31972, 335, 335, 333, 338, 
32003, 339, 340, 339, 326, 
32032, 338, 340, 340, 326, 
32062, 335, 334, 337, 338, 
32093, 333, 330, 334, 348, 
32122, 335, 334, 335, 341, 
32153, 338, 339, 339, 329, 
32183, 339, 340, 340, 325, 
32214, 337, 336, 337, 335, 
32243, 333, 333, 334, 347, 
32274, 334, 332, 335, 345, 
32304, 337, 338, 337, 333, 
32334, 339, 342, 340, 325, 
32364, 337, 338, 338, 333, 
32394, 334, 333, 335, 345, 
32424, 333, 332, 333, 347, 
32454, 337, 337, 336, 336, 
32485, 340, 341, 340, 326, 
32515, 338, 340, 337, 330, 
32545, 334, 334, 336, 344, 
32575, 333, 331, 334, 349, 
32606, 336, 335, 336, 340, 
32635, 340, 341, 339, 329, 
32666, 338, 340, 340, 328, 
32696, 335, 336, 336, 339, 
32726, 334, 331, 334, 349, 
32756, 334, 334, 335, 343, 
32786, 338, 339, 338, 330, 
32817, 339, 341, 340, 326, 
32846, 338, 337, 337, 335, 
32877, 333, 332, 334, 349, 
32907, 334, 332, 334, 345, 
32937, 337, 338, 337, 333, 
32967, 339, 342, 341, 325, 
32998, 337, 338, 339, 333, 
33028, 334, 333, 334, 345, 
33057, 334, 332, 333, 347, 
33088, 336, 336, 337, 337, 
33118, 339, 341, 340, 326, 
33148, 338, 340, 340, 330, 
33178, 335, 334, 336, 343, 
33209, 333, 331, 335, 347, 
33239, 335, 335, 335, 340, 
33269, 339, 341, 338, 328, 
33299, 338, 341, 340, 328, 
33330, 334, 336, 338, 339, 
33359, 333, 330, 334, 349, 
33389, 334, 334, 335, 343, 
33420, 338, 339, 339, 330, 
33449, 339, 342, 340, 325, 
33480, 336, 337, 338, 335, 
33510, 334, 332, 334, 348, 
33541, 333, 332, 335, 346, 
33570, 337, 337, 338, 333, 
33601, 339, 342, 340, 325, 
33631, 337, 339, 339, 333, 
33660, 334, 334, 336, 347, 
33691, 333, 332, 334, 349, 
33721, 338, 336, 336, 338, 
33752, 339, 341, 340, 327, 
33781, 338, 340, 339, 331, 
33812, 335, 334, 336, 344, 
33842, 332, 330, 333, 351, 
33872, 334, 334, 335, 343, 
33902, 337, 340, 339, 330, 
33933, 339, 341, 340, 329, 
33963, 335, 336, 337, 340, 
33992, 333, 331, 335, 350, 
34023, 334, 334, 335, 344, 
34053, 338, 339, 339, 330, 
34083, 339, 342, 340, 326, 
34113, 337, 338, 338, 335, 
34144, 334, 332, 334, 347, 
34173, 334, 332, 334, 347, 
34204, 337, 337, 337, 335, 
34234, 340, 342, 340, 326, 
34265, 337, 339, 339, 333, 
34294, 334, 332, 335, 345, 
34324, 334, 331, 334, 349, 
34355, 336, 336, 336, 338, 
34384, 339, 341, 340, 327, 
34415, 339, 340, 340, 330, 
34445, 335, 335, 336, 343, 
34476, 334, 332, 334, 350, 
34505, 335, 335, 335, 342, 
34536, 339, 341, 339, 329, 
34566, 339, 341, 340, 329, 
34596, 336, 336, 336, 340, 
34626, 333, 331, 334, 352, 
34656, 334, 333, 334, 347, 
34686, 337, 339, 338, 335, 
34716, 339, 342, 340, 327, 
34747, 337, 338, 338, 337, 
34777, 334, 332, 334, 348, 
34807, 333, 332, 333, 349, 
34837, 336, 337, 336, 337, 
34868, 339, 342, 340, 328, 
34897, 337, 339, 339, 335, 
34928, 334, 333, 336, 347, 
34958, 333, 332, 335, 350, 
34988, 336, 336, 336, 339, 
35018, 341, 342, 340, 327, 
35048, 339, 340, 340, 328, 
35079, 335, 335, 336, 340, 
35108, 333, 331, 334, 349, 
35139, 335, 334, 336, 341, 
35169, 339, 340, 339, 329, 
35200, 339, 341, 340, 326, 
35229, 336, 337, 337, 338, 
35260, 333, 332, 334, 348, 
35290, 335, 335, 334, 344, 
35319, 338, 338, 338, 332, 
35350, 339, 342, 340, 326, 
35380, 337, 338, 338, 334, 
35410, 334, 332, 335, 346, 
35440, 334, 332, 334, 347, 
35471, 337, 336, 337, 336, 
35501, 339, 342, 339, 325, 
35531, 339, 340, 339, 333, 
35561, 335, 333, 335, 343, 
35591, 333, 331, 334, 349, 
35621, 335, 336, 336, 339, 
35651, 339, 340, 340, 328, 
35682, 338, 340, 340, 330, 
35712, 335, 335, 336, 344, 
35742, 333, 331, 332, 351, 
35772, 335, 334, 335, 344, 
35803, 338, 340, 339, 330, 
35832, 340, 341, 340, 325, 
35863, 336, 337, 338, 337, 
35893, 334, 331, 334, 348, 
35922, 334, 332, 335, 344, 
35953, 338, 338, 338, 332, 
35983, 339, 341, 341, 324, 
36014, 337, 338, 337, 333, 
36043, 334, 332, 336, 347, 
36074, 334, 332, 334, 347, 
36104, 337, 337, 335, 335, 
36134, 339, 342, 340, 325, 
36164, 339, 339, 339, 330, 
36195, 335, 334, 336, 342, 
36225, 334, 331, 335, 348, 
36254, 335, 335, 336, 339, 
36285, 339, 341, 339, 327, 
36315, 340, 340, 339, 328, 
36345, 335, 335, 336, 341, 
36375, 332, 329, 333, 351, 
36406, 334, 333, 334, 345, 
36435, 338, 338, 338, 334, 
36466, 338, 341, 339, 330, 
36496, 336, 336, 336, 341, 
36527, 333, 331, 333, 352, 
36556, 330, 333, 333, 351, 
36586, 336, 338, 337, 338, 
36617, 338, 343, 340, 329, 
36646, 337, 339, 339, 336, 
36677, 333, 334, 336, 347, 
36707, 333, 332, 335, 348, 
36738, 336, 337, 337, 338, 
36767, 340, 343, 341, 325, 
36798, 340, 341, 340, 329, 
36828, 335, 334, 336, 341, 
36858, 333, 330, 334, 349, 
36888, 336, 334, 335, 339, 
36918, 339, 340, 339, 327, 
36948, 339, 340, 341, 327, 
36978, 336, 336, 337, 338, 
37009, 334, 331, 333, 349, 
37039, 335, 332, 335, 343, 
37069, 338, 338, 338, 330, 
37099, 339, 342, 340, 328, 
37130, 336, 337, 338, 336, 
37159, 333, 332, 334, 348, 
37190, 333, 333, 334, 347, 
37220, 336, 337, 337, 335, 
37250, 340, 341, 340, 327, 
37280, 337, 338, 338, 334, 
37310, 334, 332, 335, 347, 
37341, 333, 331, 334, 349, 
37370, 336, 336, 336, 337, 
37401, 339, 341, 340, 327, 
37431, 339, 340, 339, 331, 
37462, 335, 335, 336, 343, 
37491, 333, 330, 333, 350, 
37521, 336, 335, 335, 342, 
37552, 338, 341, 339, 329, 
37581, 339, 341, 340, 328, 
37612, 337, 336, 337, 339, 
37642, 333, 332, 333, 350, 
37672, 334, 334, 334, 345, 
37702, 337, 339, 338, 332, 
37733, 340, 342, 339, 326, 
37763, 336, 337, 337, 336, 
37793, 334, 332, 334, 348, 
37823, 334, 333, 334, 347, 
37853, 336, 336, 338, 336, 
37883, 339, 342, 340, 326, 
37913, 337, 338, 338, 335, 
37944, 333, 331, 334, 349, 
37974, 333, 332, 334, 352, 
38004, 335, 336, 336, 342, 
38034, 339, 342, 340, 329, 
38065, 338, 341, 340, 331, 
38094, 335, 335, 336, 342, 
38125, 332, 331, 334, 350, 
38155, 335, 334, 336, 342, 
38184, 339, 341, 340, 330, 
38215, 340, 341, 341, 326, 
38245, 337, 336, 338, 337, 
38276, 333, 332, 334, 349, 
38305, 334, 334, 334, 344, 
38336, 338, 338, 338, 331, 
38366, 340, 342, 340, 324, 
38396, 337, 337, 338, 334, 
38426, 334, 333, 335, 345, 
38457, 334, 331, 334, 346, 
38487, 337, 336, 337, 334, 
38516, 340, 343, 340, 325, 
38547, 338, 339, 339, 331, 
38577, 335, 334, 336, 343, 
38607, 333, 331, 334, 348, 
38637, 336, 336, 336, 338, 
38668, 340, 341, 341, 327, 
38697, 339, 340, 340, 328, 
38728, 336, 335, 337, 341, 
38758, 333, 330, 334, 348, 
38789, 335, 334, 335, 342, 
38818, 340, 339, 339, 329, 
38848, 339, 341, 341, 326, 
38879, 337, 337, 338, 337, 
38908, 333, 332, 334, 348, 
38939, 335, 334, 335, 344, 
38969, 337, 339, 337, 332, 
39000, 339, 342, 340, 324, 
39029, 337, 338, 338, 333, 
39060, 334, 333, 335, 345, 
39090, 334, 332, 334, 347, 
39120, 337, 337, 336, 336, 
39150, 340, 342, 340, 325, 
39180, 338, 340, 339, 330, 
39211, 335, 334, 334, 342, 
39240, 333, 331, 334, 349, 
39271, 336, 335, 336, 340, 
39301, 339, 341, 339, 327, 
39331, 339, 341, 340, 327, 
39361, 335, 335, 336, 339, 
39392, 333, 331, 334, 348, 
39421, 335, 334, 335, 343, 
39451, 339, 340, 339, 330, 
39482, 340, 342, 340, 326, 
39512, 337, 338, 338, 336, 
39542, 334, 332, 334, 347, 
