, 
143506, 338, 340, 341, 332, 
143537, 337, 337, 338, 340, 
143568, 334, 333, 335, 347, 
143599, 333, 331, 0, 333, 331, 333, 345, 
1, 333, 331, 332, 348, 
2, 333, 331, 333, 348, 
11, 340, 340, 340, 329, 
37, 336, 336, 338, 340, 
65, 334, 333, 333, 345, 
92, 340, 343, 344, 329, 
119, 334, 333, 334, 349, 
147, 336, 335, 335, 342, 
175, 339, 342, 341, 330, 
203, 335, 335, 335, 347, 
231, 334, 334, 334, 346, 
260, 340, 342, 341, 331, 
287, 337, 336, 338, 345, 
316, 334, 333, 333, 351, 
344, 340, 342, 341, 331, 
371, 336, 337, 338, 342, 
400, 334, 332, 334, 350, 
428, 339, 340, 340, 334, 
456, 338, 338, 340, 337, 
484, 333, 331, 333, 352, 
512, 338, 339, 337, 337, 
540, 339, 340, 341, 336, 
568, 333, 331, 334, 352, 
596, 337, 337, 337, 339, 
624, 340, 341, 341, 332, 
653, 334, 333, 335, 350, 
680, 336, 335, 335, 343, 
708, 339, 342, 342, 330, 
737, 334, 335, 336, 347, 
764, 335, 333, 334, 346, 
793, 340, 342, 342, 330, 
821, 336, 335, 338, 344, 
849, 334, 333, 335, 348, 
877, 340, 341, 339, 331, 
905, 337, 337, 338, 340, 
933, 334, 331, 332, 351, 
961, 339, 341, 339, 333, 
990, 338, 339, 340, 336, 
1017, 334, 331, 333, 351, 
1046, 336, 336, 337, 340, 
1076, 341, 342, 342, 329, 
1104, 336, 336, 338, 342, 
1134, 333, 332, 334, 352, 
1163, 337, 337, 336, 338, 
1192, 340, 341, 341, 330, 
1221, 336, 336, 338, 343, 
1251, 334, 331, 334, 351, 
1280, 337, 338, 339, 338, 
1308, 340, 341, 341, 331, 
1338, 336, 335, 336, 345, 
1367, 333, 330, 333, 351, 
1396, 337, 338, 338, 338, 
1425, 340, 341, 342, 331, 
1455, 335, 335, 337, 345, 
1483, 334, 331, 334, 351, 
1512, 338, 338, 338, 337, 
1542, 339, 341, 343, 333, 
1570, 335, 335, 337, 346, 
1600, 334, 333, 334, 350, 
1629, 338, 340, 338, 336, 
1658, 338, 342, 341, 332, 
1687, 336, 334, 336, 347, 
1717, 334, 332, 335, 350, 
1745, 338, 340, 339, 335, 
1774, 339, 341, 342, 333, 
1804, 334, 334, 336, 348, 
1832, 334, 333, 334, 349, 
1862, 339, 339, 340, 334, 
1891, 338, 340, 341, 333, 
1921, 334, 334, 335, 348, 
1949, 335, 333, 334, 348, 
1978, 339, 340, 339, 332, 
2008, 339, 340, 342, 334, 
2036, 334, 333, 336, 350, 
2066, 334, 333, 334, 348, 
2095, 339, 340, 340, 332, 
2124, 339, 339, 340, 334, 
2153, 334, 334, 335, 349, 
2183, 334, 334, 334, 348, 
2211, 340, 341, 340, 332, 
2240, 340, 340, 342, 336, 
2270, 334, 333, 334, 349, 
2298, 335, 334, 334, 344, 
2328, 339, 341, 340, 331, 
2357, 338, 340, 340, 335, 
2386, 334, 332, 334, 351, 
2415, 336, 335, 334, 344, 
2444, 339, 341, 341, 330, 
2473, 338, 340, 340, 334, 
2502, 334, 332, 333, 348, 
2532, 335, 335, 335, 341, 
2561, 339, 342, 342, 328, 
2590, 337, 339, 341, 335, 
2619, 333, 332, 333, 348, 
2649, 336, 335, 335, 342, 
2677, 339, 341, 341, 328, 
2706, 338, 338, 339, 337, 
2736, 333, 331, 333, 349, 
2764, 337, 335, 336, 343, 
2794, 339, 341, 341, 330, 
2823, 337, 338, 338, 339, 
2852, 334, 331, 333, 352, 
2881, 335, 336, 336, 341, 
2910, 340, 342, 342, 329, 
2939, 336, 337, 338, 340, 
2968, 333, 331, 332, 352, 
2998, 336, 336, 336, 341, 
3026, 340, 341, 341, 330, 
3056, 337, 337, 338, 341, 
3085, 333, 331, 333, 352, 
3115, 336, 337, 336, 340, 
3143, 340, 342, 342, 329, 
3172, 336, 337, 338, 342, 
3202, 333, 332, 333, 352, 
3230, 337, 337, 337, 339, 
3260, 339, 342, 342, 330, 
3289, 336, 336, 337, 343, 
3318, 333, 331, 333, 351, 
3347, 336, 337, 337, 338, 
3376, 339, 342, 342, 330, 
3405, 335, 336, 337, 343, 
3434, 334, 331, 334, 350, 
3464, 337, 336, 338, 336, 
3492, 340, 342, 342, 329, 
3522, 336, 335, 337, 344, 
3551, 333, 331, 333, 350, 
3580, 338, 338, 338, 335, 
3609, 339, 341, 342, 330, 
3638, 335, 335, 335, 345, 
3667, 333, 332, 333, 348, 
3696, 338, 338, 339, 335, 
3726, 339, 341, 341, 329, 
3755, 335, 334, 336, 344, 
3784, 333, 332, 333, 347, 
3813, 338, 338, 339, 333, 
3842, 340, 341, 342, 329, 
3871, 335, 334, 336, 344, 
3900, 334, 333, 333, 346, 
3930, 338, 340, 339, 332, 
3958, 339, 341, 341, 330, 
3988, 334, 333, 336, 345, 
4017, 334, 333, 333, 345, 
4046, 339, 340, 339, 331, 
4075, 339, 340, 341, 330, 
4104, 334, 334, 335, 344, 
4133, 335, 334, 333, 346, 
4162, 339, 340, 340, 331, 
4192, 339, 340, 342, 332, 
4220, 334, 333, 335, 346, 
4250, 334, 334, 334, 345, 
4279, 339, 340, 340, 330, 
4307, 339, 340, 341, 332, 
4337, 335, 333, 334, 347, 
4366, 335, 334, 334, 344, 
4396, 340, 341, 340, 329, 
4424, 338, 339, 340, 333, 
4454, 333, 332, 334, 348, 
4483, 335, 334, 334, 344, 
4512, 339, 341, 340, 329, 
4541, 338, 339, 340, 335, 
4570, 334, 332, 334, 349, 
4599, 335, 334, 334, 344, 
4628, 339, 341, 341, 329, 
4658, 338, 338, 340, 336, 
4686, 334, 332, 334, 350, 
4716, 335, 335, 335, 343, 
4745, 340, 342, 341, 330, 
4773, 338, 338, 340, 336, 
4803, 333, 331, 334, 350, 
4832, 335, 335, 335, 341, 
4861, 340, 342, 341, 330, 
4890, 338, 338, 339, 338, 
4920, 334, 331, 333, 351, 
4948, 335, 335, 335, 342, 
4978, 340, 342, 341, 330, 
5007, 337, 337, 339, 339, 
5036, 333, 331, 333, 351, 
5065, 335, 335, 336, 341, 
5094, 340, 342, 341, 330, 
5124, 337, 338, 340, 340, 
5152, 333, 332, 334, 352, 
5182, 337, 336, 336, 342, 
5211, 340, 343, 341, 330, 
5239, 337, 337, 338, 342, 
5269, 333, 331, 333, 352, 
5298, 337, 338, 336, 340, 
5327, 339, 342, 341, 329, 
5356, 336, 336, 338, 341, 
5386, 333, 331, 333, 351, 
5414, 338, 337, 337, 339, 
5444, 340, 341, 341, 330, 
5473, 336, 336, 337, 342, 
5501, 333, 331, 333, 351, 
5531, 337, 337, 337, 338, 
5560, 340, 342, 341, 330, 
5590, 335, 336, 337, 344, 
5618, 333, 332, 333, 350, 
5648, 337, 338, 338, 337, 
5677, 339, 341, 342, 330, 
5705, 336, 335, 336, 344, 
5735, 333, 332, 333, 351, 
5764, 337, 337, 338, 336, 
5793, 339, 342, 341, 331, 
5822, 335, 335, 336, 345, 
5852, 333, 332, 333, 351, 
5880, 337, 339, 338, 336, 
5910, 341, 342, 341, 332, 
5939, 334, 334, 336, 347, 
5967, 334, 333, 333, 350, 
5997, 338, 340, 339, 336, 
6026, 340, 341, 341, 333, 
6055, 335, 334, 337, 348, 
6084, 333, 332, 333, 350, 
6114, 338, 339, 339, 335, 
6142, 339, 341, 342, 334, 
6171, 335, 334, 336, 348, 
6201, 334, 333, 333, 349, 
6230, 339, 340, 339, 334, 
6259, 339, 340, 341, 334, 
6288, 335, 333, 335, 349, 
6318, 334, 333, 333, 348, 
6346, 338, 340, 340, 333, 
6376, 338, 339, 341, 334, 
6405, 333, 333, 335, 350, 
6433, 335, 333, 334, 348, 
6463, 339, 341, 340, 333, 
6492, 339, 340, 341, 335, 
6521, 335, 332, 335, 350, 
6550, 335, 334, 336, 347, 
6580, 339, 340, 340, 332, 
6608, 338, 340, 340, 336, 
6637, 334, 333, 334, 350, 
6667, 334, 334, 334, 347, 
6695, 338, 341, 341, 333, 
6725, 338, 339, 340, 338, 
6754, 334, 332, 335, 352, 
6784, 335, 334, 335, 346, 
6812, 339, 341, 341, 332, 
6842, 338, 339, 341, 337, 
6871, 334, 332, 334, 353, 
6899, 335, 335, 335, 345, 
6929, 341, 341, 341, 331, 
6958, 339, 338, 340, 338, 
6987, 333, 330, 333, 352, 
7016, 335, 335, 334, 344, 
7046, 339, 342, 341, 330, 
7074, 338, 340, 340, 340, 
7103, 333, 332, 332, 352, 
7133, 336, 335, 335, 344, 
7161, 339, 341, 341, 330, 
7191, 337, 338, 339, 339, 
7220, 333, 331, 333, 351, 
7249, 336, 336, 336, 342, 
7278, 340, 342, 341, 330, 
7308, 336, 338, 338, 340, 
7336, 333, 332, 333, 352, 
7365, 337, 337, 336, 341, 
7395, 339, 342, 342, 331, 
7424, 338, 337, 338, 341, 
7453, 334, 331, 333, 352, 
7482, 336, 336, 336, 342, 
7512, 340, 341, 342, 331, 
7540, 336, 336, 338, 343, 
7569, 333, 332, 332, 352, 
7599, 337, 337, 336, 341, 
7627, 340, 342, 342, 331, 
7657, 336, 336, 339, 343, 
7686, 334, 331, 333, 352, 
7715, 337, 338, 337, 339, 
7744, 340, 341, 341, 330, 
7774, 336, 336, 337, 344, 
7802, 333, 331, 333, 351, 
7831, 336, 337, 337, 338, 
7861, 340, 341, 341, 331, 
7889, 335, 335, 337, 345, 
7919, 333, 332, 334, 352, 
7948, 337, 337, 338, 338, 
7977, 340, 341, 342, 332, 
8006, 335, 335, 336, 346, 
8035, 332, 332, 333, 352, 
8065, 337, 339, 338, 337, 
8093, 339, 341, 341, 333, 
8123, 335, 334, 336, 346, 
8152, 333, 332, 333, 350, 
8181, 339, 339, 338, 336, 
8210, 339, 341, 341, 332, 
8240, 335, 334, 336, 346, 
8268, 334, 332, 334, 350, 
8297, 338, 339, 339, 333, 
8327, 339, 341, 341, 332, 
8355, 334, 334, 336, 347, 
8385, 334, 334, 334, 346, 
8414, 338, 339, 339, 333, 
8443, 339, 341, 341, 332, 
8472, 335, 333, 335, 347, 
8501, 334, 333, 333, 347, 
8530, 338, 340, 340, 332, 
8559, 339, 340, 340, 333, 
8589, 334, 333, 335, 349, 
8617, 334, 333, 333, 347, 
8647, 337, 340, 339, 333, 
8676, 338, 339, 340, 334, 
8706, 334, 333, 334, 349, 
8734, 334, 334, 334, 347, 
8763, 339, 342, 340, 332, 
8793, 338, 340, 340, 334, 
8821, 334, 332, 335, 350, 
8851, 335, 334, 334, 346, 
8880, 340, 340, 341, 331, 
8909, 339, 339, 342, 336, 
8938, 333, 332, 334, 350, 
8967, 335, 333, 334, 345, 
8996, 340, 341, 340, 330, 
9025, 339, 338, 341, 336, 
9055, 333, 332, 333, 351, 
9083, 335, 334, 334, 345, 
9113, 339, 342, 341, 331, 
9142, 338, 339, 340, 337, 
9171, 333, 330, 333, 353, 
9200, 335, 335, 335, 344, 
9229, 340, 342, 341, 330, 
9259, 338, 338, 339, 338, 
9287, 333, 331, 333, 351, 
9317, 336, 336, 335, 344, 
9346, 339, 342, 341, 330, 
9375, 337, 338, 338, 339, 
9404, 333, 331, 333, 352, 
9433, 335, 335, 336, 343, 
9462, 339, 342, 341, 331, 
9491, 337, 338, 339, 340, 
9521, 333, 332, 333, 352, 
9549, 336, 336, 336, 342, 
9579, 340, 341, 341, 330, 
9608, 337, 336, 338, 340, 
9637, 333, 331, 332, 352, 
9666, 336, 336, 336, 339, 
9695, 340, 342, 341, 331, 
9724, 336, 336, 338, 341, 
9753, 336, 331, 333, 352, 
9783, 336, 335, 336, 340, 
9811, 339, 342, 341, 329, 
9841, 336, 337, 338, 342, 
9870, 333, 331, 332, 352, 
9899, 337, 337, 337, 338, 
9928, 339, 342, 342, 331, 
9957, 336, 336, 337, 342, 
9987, 334, 331, 333, 351, 
10015, 338, 337, 337, 338, 
10046, 339, 341, 341, 330, 
10076, 338, 339, 339, 335, 
10106, 335, 334, 335, 346, 
10136, 333, 331, 332, 351, 
10167, 336, 336, 336, 341, 
10196, 340, 341, 340, 331, 
10226, 339, 341, 341, 333, 
10257, 335, 336, 337, 344, 
10287, 333, 331, 334, 352, 
10317, 336, 334, 335, 344, 
10347, 340, 340, 340, 333, 
10378, 339, 341, 341, 331, 
10407, 336, 337, 338, 341, 
10438, 333, 332, 333, 350, 
10468, 334, 333, 334, 349, 
10498, 338, 339, 338, 335, 
10528, 339, 342, 341, 331, 
10558, 337, 338, 339, 338, 
10589, 334, 333, 335, 349, 
10618, 334, 332, 333, 348, 
10649, 337, 338, 337, 338, 
10679, 340, 342, 341, 329, 
10710, 338, 340, 340, 335, 
10739, 335, 335, 335, 346, 
10770, 333, 331, 333, 350, 
10800, 336, 336, 336, 340, 
10829, 339, 341, 340, 330, 
10860, 339, 340, 341, 331, 
10890, 335, 335, 337, 344, 
10920, 333, 331, 333, 350, 
10950, 335, 334, 334, 342, 
10981, 338, 340, 339, 332, 
11011, 339, 341, 340, 330, 
11041, 336, 336, 337, 340, 
11071, 333, 332, 333, 351, 
11102, 334, 334, 334, 346, 
11131, 338, 339, 338, 334, 
11161, 340, 342, 342, 328, 
11192, 337, 339, 339, 337, 
11222, 334, 332, 334, 348, 
11252, 333, 332, 334, 348, 
11282, 337, 337, 337, 339, 
11313, 340, 342, 341, 329, 
11342, 338, 339, 340, 334, 
11373, 334, 334, 336, 346, 
11403, 333, 332, 333, 350, 
11433, 336, 336, 336, 340, 
11463, 339, 342, 341, 330, 
11493, 339, 341, 341, 331, 
11524, 336, 335, 337, 343, 
11553, 333, 331, 333, 351, 
11584, 335, 334, 334, 343, 
11614, 339, 340, 340, 333, 
11644, 340, 341, 341, 330, 
11674, 337, 337, 338, 339, 
11705, 334, 332, 333, 350, 
11735, 334, 333, 334, 346, 
11765, 339, 338, 338, 334, 
11795, 339, 343, 342, 329, 
11825, 337, 338, 339, 337, 
11855, 335, 333, 334, 347, 
11885, 334, 332, 333, 348, 
11916, 337, 337, 336, 337, 
11945, 340, 341, 341, 328, 
11976, 338, 340, 340, 335, 
12006, 335, 335, 336, 345, 
12037, 334, 331, 332, 351, 
12066, 336, 335, 336, 342, 
12097, 339, 341, 340, 331, 
12127, 339, 340, 341, 332, 
12156, 336, 335, 338, 343, 
12187, 333, 331, 333, 352, 
12217, 335, 334, 335, 343, 
12248, 338, 339, 339, 333, 
12277, 340, 342, 341, 331, 
12308, 336, 337, 338, 340, 
12338, 334, 332, 335, 350, 
12368, 334, 333, 333, 347, 
12398, 338, 338, 338, 337, 
12428, 340, 342, 341, 330, 
12459, 336, 338, 339, 338, 
12488, 334, 333, 334, 349, 
12519, 333, 331, 333, 351, 
12549, 337, 338, 336, 340, 
12579, 339, 342, 341, 331, 
12609, 338, 339, 340, 336, 
12640, 335, 334, 336, 348, 
12669, 333, 331, 333, 353, 
12700, 335, 335, 335, 343, 
12730, 339, 341, 340, 333, 
12760, 339, 340, 341, 333, 
12790, 335, 336, 337, 344, 
12820, 333, 332, 330, 353, 
12851, 335, 334, 334, 347, 
12880, 338, 339, 339, 335, 
12911, 339, 341, 342, 332, 
12941, 337, 338, 339, 341, 
12972, 334, 332, 335, 351, 
13001, 334, 333, 333, 350, 
13032, 337, 338, 337, 338, 
13062, 340, 342, 341, 331, 
13091, 338, 340, 339, 338, 
13122, 334, 333, 335, 349, 
13152, 333, 331, 333, 351, 
13182, 337, 336, 336, 342, 
13212, 340, 341, 341, 332, 
13243, 339, 340, 340, 335, 
13273, 335, 334, 336, 347, 
13303, 333, 332, 333, 353, 
13333, 336, 335, 335, 345, 
13364, 339, 340, 339, 334, 
13393, 339, 341, 342, 334, 
13423, 336, 336, 337, 344, 
13454, 333, 331, 333, 353, 
13484, 334, 334, 334, 348, 
13514, 338, 339, 339, 337, 
13544, 339, 343, 341, 331, 
13575, 338, 338, 339, 339, 
13604, 334, 332, 334, 351, 
13635, 333, 333, 333, 350, 
13665, 337, 338, 338, 339, 
13696, 339, 343, 341, 331, 
13725, 338, 339, 340, 337, 
13755, 335, 334, 335, 348, 
13786, 333, 331, 333, 354, 
13815, 336, 336, 336, 342, 
13846, 339, 341, 341, 332, 
13876, 339, 341, 341, 335, 
13906, 337, 335, 337, 346, 
13936, 333, 332, 334, 353, 
13967, 335, 334, 335, 347, 
13997, 339, 340, 339, 335, 
14027, 339, 341, 341, 334, 
14057, 337, 336, 338, 343, 
14087, 332, 332, 333, 352, 
14117, 335, 333, 334, 348, 
14147, 338, 339, 338, 337, 
14178, 340, 342, 342, 331, 
14208, 337, 338, 339, 339, 
14238, 333, 333, 334, 350, 
14268, 333, 332, 334, 350, 
14299, 337, 338, 337, 341, 
14328, 340, 342, 342, 332, 
14358, 338, 339, 340, 336, 
14389, 335, 335, 336, 348, 
14418, 334, 331, 333, 352, 
14449, 336, 335, 335, 344, 
14479, 340, 341, 340, 332, 
14510, 340, 341, 341, 334, 
14539, 336, 336, 337, 344, 
14570, 333, 331, 333, 354, 
14600, 335, 334, 334, 347, 
14630, 338, 340, 339, 335, 
14660, 340, 342, 341, 332, 
14690, 337, 338, 339, 341, 
14721, 333, 333, 334, 352, 
14750, 334, 333, 334, 349, 
14781, 337, 339, 337, 338, 
14811, 340, 342, 341, 330, 
14841, 338, 339, 340, 338, 
14871, 335, 335, 336, 348, 
14902, 334, 332, 333, 351, 
14931, 336, 336, 336, 341, 
14962, 339, 341, 341, 331, 
14992, 338, 340, 342, 335, 
15022, 335, 335, 336, 345, 
15052, 334, 332, 333, 352, 
15082, 335, 335, 335, 345, 
15113, 340, 340, 340, 334, 
15142, 339, 341, 341, 332, 
15173, 336, 336, 338, 343, 
15203, 334, 332, 334, 352, 
15234, 335, 335, 334, 347, 
15263, 338, 338, 338, 337, 
15294, 339, 343, 341, 330, 
15324, 337, 338, 340, 339, 
15353, 333, 333, 334, 349, 
15384, 333, 332, 333, 350, 
15414, 337, 336, 337, 338, 
15444, 339, 341, 341, 329, 
15474, 338, 340, 340, 335, 
15505, 335, 333, 335, 347, 
15535, 333, 331, 333, 351, 
15565, 336, 335, 336, 343, 
15595, 339, 342, 341, 332, 
15626, 340, 340, 341, 333, 
15655, 335, 335, 337, 345, 
15685, 333, 331, 333, 352, 
15716, 335, 334, 335, 346, 
15746, 338, 340, 340, 334, 
15776, 340, 341, 341, 330, 
15806, 337, 337, 338, 340, 
15837, 334, 332, 334, 350, 
15866, 334, 332, 333, 348, 
15897, 338, 338, 337, 336, 
15927, 341, 341, 341, 330, 
15958, 338, 339, 340, 336, 
15987, 335, 333, 335, 348, 
16017, 334, 331, 334, 350, 
16048, 337, 336, 334, 341, 
16077, 340, 341, 341, 331, 
16108, 339, 340, 341, 335, 
16138, 335, 335, 337, 346, 
16168, 334, 331, 333, 352, 
16198, 335, 334, 335, 346, 
16229, 339, 340, 339, 333, 
16259, 339, 341, 342, 332, 
16288, 337, 337, 338, 342, 
16319, 334, 332, 333, 352, 
16349, 334, 333, 334, 348, 
16379, 338, 339, 338, 336, 
16409, 341, 341, 342, 330, 
16440, 338, 338, 338, 340, 
16470, 333, 333, 334, 350, 
16500, 334, 332, 333, 351, 
16530, 337, 337, 336, 341, 
16561, 339, 341, 341, 330, 
16590, 339, 339, 341, 336, 
16620, 333, 334, 336, 347, 
16651, 333, 331, 333, 352, 
16680, 336, 335, 334, 343, 
16711, 339, 341, 340, 332, 
16741, 340, 341, 341, 333, 
16772, 336, 336, 337, 344, 
16801, 333, 331, 333, 351, 
16832, 334, 334, 334, 346, 
16862, 338, 339, 339, 334, 
16892, 340, 341, 341, 331, 
16922, 337, 337, 339, 340, 
16952, 333, 332, 334, 350, 
16983, 333, 332, 333, 350, 
17012, 337, 338, 337, 336, 
17043, 340, 342, 342, 330, 
17073, 339, 339, 340, 336, 
17103, 334, 333, 335, 348, 
17133, 333, 330, 333, 352, 
17164, 338, 336, 336, 341, 
17193, 340, 341, 341, 331, 
17224, 339, 340, 341, 334, 
17254, 335, 335, 337, 344, 
17284, 333, 331, 333, 350, 
17314, 335, 335, 335, 345, 
17344, 338, 339, 339, 334, 
17375, 340, 341, 341, 331, 
17404, 336, 337, 338, 340, 
17435, 335, 332, 333, 353, 
17465, 335, 333, 333, 348, 
17496, 338, 338, 338, 337, 
17525, 340, 342, 341, 330, 
17556, 338, 338, 340, 338, 
17586, 334, 333, 334, 348, 
17615, 334, 332, 332, 348, 
17646, 337, 336, 336, 339, 
17676, 339, 341, 341, 330, 
17707, 338, 340, 341, 335, 
17736, 335, 334, 336, 346, 
17767, 334, 332, 333, 352, 
17797, 335, 335, 335, 343, 
17827, 338, 342, 341, 332, 
17857, 339, 341, 342, 331, 
17888, 336, 336, 338, 342, 
17917, 334, 332, 333, 351, 
17947, 335, 334, 334, 346, 
17978, 338, 339, 339, 334, 
18008, 340, 341, 341, 330, 
18038, 337, 337, 339, 339, 
18068, 335, 332, 334, 351, 
18099, 334, 332, 333, 349, 
18128, 337, 337, 337, 338, 
18159, 340, 342, 341, 330, 
18189, 338, 340, 341, 336, 
18219, 334, 333, 335, 347, 
18249, 333, 332, 333, 351, 
18279, 336, 335, 336, 342, 
18310, 339, 341, 340, 331, 
18339, 339, 342, 341, 332, 
18370, 337, 335, 336, 344, 
18400, 333, 330, 333, 351, 
18430, 335, 335, 334, 344, 
18460, 339, 340, 339, 332, 
18491, 338, 341, 342, 329, 
18521, 338, 337, 338, 339, 
18550, 335, 332, 334, 349, 
18581, 334, 333, 334, 347, 
18611, 337, 338, 337, 336, 
18641, 340, 343, 341, 328, 
18671, 337, 339, 340, 335, 
18702, 334, 333, 335, 347, 
18732, 333, 331, 333, 350, 
18762, 336, 335, 336, 339, 
18792, 341, 341, 341, 328, 
18823, 340, 340, 341, 333, 
18852, 335, 335, 336, 345, 
18882, 333, 331, 332, 351, 
18913, 334, 335, 335, 343, 
18942, 339, 340, 339, 333, 
18973, 338, 341, 341, 330, 
19003, 336, 336, 338, 341, 
19034, 333, 332, 333, 350, 
19063, 334, 333, 334, 346, 
19094, 338, 338, 338, 335, 
19124, 339, 341, 341, 329, 
19154, 338, 338, 340, 337, 
19184, 335, 334, 335, 349, 
19214, 334, 332, 333, 349, 
19245, 337, 337, 337, 338, 
19274, 340, 342, 341, 329, 
19305, 339, 340, 340, 334, 
19335, 334, 334, 336, 346, 
19365, 334, 331, 333, 351, 
19395, 336, 335, 335, 342, 
19426, 339, 341, 340, 331, 
19456, 339, 342, 341, 331, 
19486, 336, 336, 337, 342, 
19516, 333, 332, 333, 351, 
19546, 334, 334, 333, 346, 
19576, 338, 339, 339, 334, 
19606, 340, 341, 341, 329, 
19637, 337, 337, 339, 339, 
19666, 334, 331, 334, 350, 
19697, 334, 332, 333, 348, 
19727, 338, 338, 335, 337, 
19758, 341, 342, 341, 329, 
19787, 338, 340, 340, 336, 
19818, 334, 334, 335, 345, 
19848, 333, 332, 334, 350, 
19877, 336, 336, 337, 340, 
19908, 339, 341, 341, 331, 
19938, 338, 340, 342, 333, 
19969, 335, 335, 336, 343, 
19998, 333, 331, 333, 351, 
20029, 335, 334, 335, 344, 
20059, 340, 340, 339, 333, 
20089, 339, 341, 341, 330, 
20119, 337, 338, 339, 340, 
20149, 332, 331, 333, 350, 
20179, 334, 333, 334, 347, 
20209, 338, 338, 338, 336, 
20240, 339, 342, 342, 329, 
20270, 337, 338, 340, 337, 
20300, 334, 333, 334, 348, 
20330, 334, 332, 333, 350, 
20361, 337, 337, 336, 340, 
20390, 340, 341, 341, 330, 
20421, 338, 340, 341, 334, 
20451, 335, 335, 336, 345, 
20481, 333, 331, 333, 351, 
20511, 335, 335, 335, 343, 
20541, 339, 340, 340, 332, 
20572, 339, 341, 341, 331, 
20601, 336, 336, 338, 341, 
20632, 333, 331, 333, 350, 
20662, 334, 333, 335, 346, 
20692, 338, 339, 338, 334, 
20722, 339, 341, 341, 329, 
20753, 337, 338, 339, 339, 
20783, 334, 332, 333, 349, 
20812, 333, 333, 334, 348, 
20843, 337, 337, 338, 337, 
20873, 340, 341, 341, 328, 
20903, 338, 339, 340, 334, 
20933, 334, 334, 336, 346, 
20964, 333, 331, 333, 350, 
20994, 336, 335, 336, 341, 
21024, 339, 341, 340, 330, 
21054, 338, 340, 341, 333, 
21085, 336, 336, 337, 343, 
21114, 333, 331, 334, 352, 
21144, 335, 334, 334, 345, 
21175, 337, 340, 340, 334, 
21204, 340, 341, 343, 330, 
21235, 336, 338, 339, 340, 
21265, 333, 333, 334, 351, 
21296, 334, 333, 333, 348, 
21325, 336, 339, 338, 336, 
21356, 339, 342, 341, 329, 
21386, 338, 340, 341, 336, 
21416, 334, 333, 335, 347, 
21446, 335, 332, 333, 350, 
21476, 336, 336, 336, 339, 
21507, 340, 342, 341, 332, 
21536, 339, 340, 340, 333, 
21567, 334, 335, 336, 344, 
21597, 333, 331, 333, 350, 
21627, 335, 335, 333, 342, 
21657, 339, 340, 339, 331, 
21688, 338, 341, 343, 330, 
21718, 336, 337, 339, 341, 
21748, 333, 331, 333, 350, 
21778, 334, 332, 334, 346, 
21808, 338, 340, 338, 335, 
21838, 340, 342, 342, 330, 
21868, 337, 338, 339, 338, 
21899, 334, 332, 335, 349, 
21928, 333, 333, 334, 349, 
21959, 337, 337, 336, 338, 
21989, 339, 342, 341, 329, 
22020, 338, 340, 340, 334, 
22049, 336, 334, 336, 346, 
22079, 333, 331, 333, 351, 
22110, 336, 335, 336, 342, 
22139, 340, 341, 340, 331, 
22170, 339, 342, 341, 332, 
22200, 336, 336, 338, 343, 
22231, 332, 331, 333, 351, 
22260, 335, 334, 336, 346, 
22291, 338, 339, 339, 333, 
22321, 339, 342, 341, 330, 
22351, 337, 338, 339, 340, 
22381, 334, 332, 334, 350, 
22411, 334, 333, 333, 347, 
22441, 337, 338, 337, 336, 
22471, 340, 343, 341, 329, 
22502, 338, 339, 340, 335, 
22532, 334, 334, 335, 347, 
22562, 334, 332, 334, 350, 
22592, 336, 336, 336, 340, 
22623, 338, 340, 341, 330, 
22652, 339, 341, 342, 332, 
22683, 335, 335, 337, 344, 
22713, 333, 331, 333, 351, 
22743, 334, 335, 335, 343, 
22773, 339, 341, 339, 332, 
22803, 339, 341, 342, 330, 
22834, 337, 337, 338, 341, 
22863, 333, 333, 333, 351, 
22894, 334, 333, 334, 348, 
22924, 339, 338, 338, 336, 
22955, 340, 342, 342, 329, 
22984, 337, 338, 341, 338, 
23015, 334, 333, 335, 349, 
23045, 334, 332, 333, 349, 
23074, 337, 337, 337, 338, 
23105, 339, 341, 342, 329, 
23135, 338, 340, 341, 334, 
23165, 335, 334, 336, 345, 
23195, 333, 332, 334, 351, 
23226, 336, 335, 335, 342, 
23256, 340, 341, 340, 331, 
23286, 339, 341, 342, 332, 
23316, 336, 336, 338, 343, 
23347, 333, 331, 334, 351, 
23376, 335, 335, 334, 344, 
23406, 338, 339, 338, 333, 
23437, 339, 341, 341, 329, 
23467, 337, 337, 338, 339, 
23497, 334, 332, 333, 349, 
23527, 333, 333, 333, 347, 
23558, 337, 338, 337, 337, 
23587, 340, 342, 341, 328, 
23618, 339, 339, 340, 334, 
23648, 334, 334, 335, 346, 
23678, 332, 332, 332, 350, 
23708, 336, 336, 336, 339, 
23738, 341, 341, 341, 329, 
23769, 339, 340, 340, 332, 
23798, 335, 335, 336, 343, 
23829, 333, 331, 332, 350, 
23859, 335, 334, 334, 343, 
23889, 339, 340, 339, 332, 
23919, 339, 341, 342, 329, 
23950, 336, 337, 338, 339, 
23980, 333, 332, 334, 349, 
24009, 334, 333, 334, 345, 
24040, 338, 338, 338, 333, 
24070, 340, 342, 342, 327, 
24100, 337, 338, 339, 336, 
24130, 334, 332, 335, 347, 
24161, 333, 332, 333, 347, 
24190, 337, 336, 336, 337, 
24221, 340, 342, 341, 328, 
24251, 339, 342, 340, 333, 
24282, 336, 333, 337, 344, 
24311, 332, 331, 333, 349, 
24341, 336, 336, 336, 340, 
24372, 339, 341, 340, 329, 
24401, 339, 341, 341, 330, 
24432, 336, 336, 337, 341, 
24462, 333, 332, 333, 349, 
24493, 335, 334, 334, 344, 
24522, 338, 340, 338, 332, 
24553, 339, 341, 341, 328, 
24583, 337, 336, 340, 338, 
24613, 334, 332, 333, 348, 
24643, 334, 333, 332, 347, 
24673, 337, 338, 337, 336, 
24704, 340, 342, 341, 328, 
24733, 338, 339, 340, 335, 
24764, 334, 333, 335, 346, 
24794, 333, 331, 333, 351, 
24824, 336, 336, 336, 339, 
24854, 339, 341, 340, 329, 
24885, 339, 340, 342, 333, 
24914, 335, 335, 336, 343, 
24945, 333, 331, 333, 351, 
24975, 335, 334, 335, 343, 
25005, 338, 340, 340, 332, 
25035, 339, 341, 342, 330, 
25065, 336, 337, 338, 341, 
25096, 334, 332, 333, 350, 
25125, 334, 333, 334, 346, 
25156, 337, 339, 338, 336, 
25186, 341, 342, 342, 328, 
25217, 337, 338, 339, 337, 
25246, 334, 333, 335, 348, 
25277, 334, 332, 333, 348, 
25307, 336, 337, 337, 338, 
25336, 340, 341, 340, 329, 
25367, 338, 339, 340, 335, 
25397, 334, 334, 336, 346, 
25427, 334, 331, 333, 352, 
25457, 335, 335, 335, 342, 
25488, 338, 340, 340, 332, 
25518, 339, 341, 342, 333, 
25548, 335, 336, 337, 343, 
25578, 333, 331, 333, 351, 
25609, 334, 334, 334, 345, 
25638, 338, 339, 339, 334, 
25668, 339, 341, 341, 330, 
25699, 337, 337, 338, 339, 
25729, 334, 332, 334, 350, 
25759, 334, 333, 333, 348, 
25789, 337, 338, 337, 337, 
25820, 339, 342, 342, 330, 
25849, 338, 339, 340, 336, 
25880, 334, 334, 335, 349, 
25910, 333, 332, 333, 351, 
25939, 336, 336, 336, 341, 
25970, 339, 341, 342, 331, 
26000, 339, 339, 341, 335, 
26031, 335, 335, 337, 345, 
26060, 333, 332, 333, 353, 
26091, 335, 334, 335, 345, 
26121, 339, 340, 339, 334, 
26151, 339, 341, 341, 331, 
26181, 336, 336, 339, 342, 
26212, 333, 331, 333, 351, 
26242, 335, 333, 333, 348, 
26271, 338, 339, 338, 336, 
26302, 340, 341, 341, 330, 
26332, 337, 338, 340, 338, 
26362, 334, 333, 335, 350, 
26392, 334, 332, 334, 350, 
26423, 337, 337, 337, 340, 
26452, 340, 342, 341, 330, 
26483, 338, 340, 340, 336, 
26513, 335, 335, 336, 347, 
26544, 333, 331, 333, 352, 
26573, 336, 336, 334, 343, 
26603, 339, 341, 340, 332, 
26634, 340, 341, 341, 332, 
26663, 337, 336, 337, 344, 
26694, 333, 331, 334, 352, 
26724, 334, 334, 335, 345, 
26755, 339, 339, 339, 335, 
26784, 339, 343, 343, 330, 
26815, 337, 337, 339, 339, 
26845, 333, 332, 334, 350, 
26875, 334, 333, 333, 348, 
26905, 338, 338, 337, 337, 
26935, 340, 343, 342, 329, 
26966, 337, 339, 340, 337, 
26995, 334, 335, 335, 347, 
27026, 333, 331, 333, 350, 
27056, 336, 336, 336, 340, 
27086, 340, 341, 341, 330, 
27116, 339, 341, 341, 332, 
27147, 335, 335, 336, 344, 
27176, 333, 331, 333, 351, 
27207, 335, 334, 334, 343, 
27237, 339, 340, 339, 331, 
27267, 339, 342, 342, 330, 
27297, 336, 337, 338, 340, 
27327, 333, 332, 333, 351, 
27358, 334, 334, 334, 346, 
27387, 338, 338, 338, 334, 
27418, 340, 342, 342, 329, 
27448, 336, 338, 340, 337, 
27479, 334, 333, 335, 348, 
27508, 334, 332, 334, 349, 
27539, 337, 338, 336, 338, 
27569, 340, 342, 341, 329, 
27598, 340, 339, 341, 334, 
27629, 335, 334, 337, 345, 
27659, 334, 332, 333, 350, 
27689, 335, 336, 336, 342, 
27719, 339, 340, 340, 330, 
27750, 339, 341, 341, 330, 
27780, 335, 336, 337, 342, 
27810, 332, 331, 332, 349, 
27840, 335, 334, 335, 344, 
27870, 338, 340, 339, 333, 
27900, 340, 341, 342, 328, 
27930, 337, 338, 339, 338, 
27961, 333, 332, 334, 348, 
27991, 333, 333, 334, 348, 
28021, 337, 338, 338, 336, 
28051, 339, 342, 341, 329, 
28082, 338, 339, 339, 336, 
28111, 334, 334, 335, 346, 
28142, 333, 331, 333, 350, 
28172, 336, 336, 335, 340, 
28201, 340, 341, 340, 330, 
28232, 339, 340, 341, 332, 
28262, 335, 335, 337, 343, 
28293, 333, 332, 332, 351, 
28322, 336, 334, 335, 342, 
28353, 339, 340, 340, 331, 
28383, 340, 341, 340, 329, 
28413, 336, 336, 339, 339, 
28443, 333, 332, 334, 349, 
28474, 334, 333, 334, 346, 
28504, 338, 339, 338, 334, 
28533, 340, 342, 342, 328, 
28564, 337, 338, 339, 338, 
28594, 334, 332, 335, 348, 
28624, 333, 332, 333, 348, 
28654, 336, 336, 336, 338, 
28685, 340, 342, 341, 328, 
28715, 339, 340, 341, 334, 
28745, 335, 334, 336, 345, 
28775, 334, 331, 333, 350, 
28806, 336, 335, 335, 341, 
28835, 339, 341, 340, 330, 
28865, 339, 341, 341, 330, 
28896, 336, 336, 337, 342, 
28925, 332, 331, 333, 350, 
28956, 334, 333, 334, 345, 
28986, 338, 338, 339, 334, 
29017, 339, 341, 341, 329, 
29046, 337, 338, 340, 339, 
29077, 334, 332, 334, 350, 
29107, 334, 332, 333, 349, 
29137, 338, 339, 337, 337, 
29167, 340, 342, 341, 328, 
29197, 338, 339, 340, 335, 
29228, 334, 333, 335, 347, 
29257, 333, 332, 333, 349, 
29288, 336, 335, 336, 340, 
29318, 339, 341, 340, 331, 
29348, 339, 341, 341, 332, 
29378, 335, 335, 336, 343, 
29409, 333, 331, 333, 350, 
29438, 335, 334, 335, 343, 
29469, 339, 340, 340, 333, 
29499, 339, 341, 341, 330, 
29529, 336, 336, 338, 340, 
29559, 333, 331, 333, 350, 
29589, 335, 333, 333, 345, 
29620, 338, 338, 338, 335, 
29649, 339, 342, 342, 328, 
29680, 337, 338, 338, 338, 
29710, 334, 333, 336, 348, 
29741, 333, 333, 333, 348, 
29770, 336, 337, 336, 338, 
29800, 339, 342, 341, 328, 
29831, 339, 340, 340, 334, 
29860, 334, 334, 336, 345, 
29891, 333, 331, 333, 350, 
29921, 335, 335, 335, 341, 
29952, 339, 341, 338, 330, 
29981, 340, 341, 341, 332, 
30012, 337, 335, 338, 342, 
30042, 333, 331, 331, 351, 
30072, 334, 333, 334, 346, 
30102, 338, 339, 338, 335, 
30132, 340, 341, 341, 329, 
30162, 337, 338, 339, 340, 
30192, 333, 332, 334, 350, 
30223, 333, 333, 333, 349, 
30253, 337, 338, 337, 336, 
30283, 339, 341, 341, 329, 
30313, 339, 339, 340, 336, 
30344, 335, 333, 335, 347, 
30373, 334, 332, 333, 351, 
30404, 336, 336, 336, 341, 
30434, 340, 341, 341, 331, 
30464, 339, 340, 341, 333, 
30494, 335, 335, 337, 344, 
30524, 333, 331, 333, 351, 
30555, 336, 335, 334, 344, 
30584, 340, 340, 339, 332, 
30615, 340, 341, 341, 330, 
30645, 336, 336, 338, 340, 
30675, 334, 332, 334, 350, 
30705, 335, 333, 334, 347, 
30736, 338, 338, 339, 335, 
30766, 339, 342, 342, 329, 
30795, 337, 338, 340, 338, 
30826, 334, 333, 335, 348, 
30856, 334, 332, 333, 348, 
30886, 338, 337, 337, 338, 
30916, 339, 342, 341, 329, 
30947, 338, 340, 340, 335, 
30977, 335, 334, 336, 345, 
31007, 333, 331, 332, 351, 
31037, 336, 335, 335, 342, 
31068, 339, 340, 340, 332, 
31097, 340, 340, 341, 332, 
31127, 335, 336, 337, 343, 
31158, 333, 331, 333, 351, 
31187, 334, 334, 334, 345, 
31218, 338, 338, 338, 333, 
31248, 339, 342, 342, 329, 
31279, 337, 337, 340, 339, 
31308, 333, 332, 334, 350, 
31339, 335, 333, 332, 348, 
31369, 337, 338, 337, 336, 
31399, 340, 341, 341, 329, 
31429, 338, 339, 341, 336, 
31459, 334, 334, 335, 347, 
31490, 333, 332, 333, 350, 
31519, 336, 337, 336, 339, 
31550, 339, 341, 340, 330, 
31580, 339, 340, 341, 332, 
31610, 335, 335, 337, 344, 
31640, 333, 331, 333, 351, 
31671, 335, 335, 335, 343, 
31700, 339, 339, 340, 332, 
31730, 339, 341, 342, 330, 
31761, 336, 337, 338, 341, 
31791, 333, 332, 333, 351, 
31821, 334, 334, 334, 346, 
31851, 338, 338, 338, 335, 
31882, 340, 342, 342, 329, 
31911, 337, 338, 339, 337, 
31942, 334, 333, 335, 347, 
31972, 334, 332, 333, 348, 
32003, 337, 337, 337, 337, 
32032, 340, 342, 342, 328, 
32062, 338, 339, 341, 333, 
32093, 334, 334, 335, 345, 
32122, 333, 332, 333, 350, 
32153, 337, 335, 335, 342, 
32183, 339, 340, 340, 330, 
32214, 339, 340, 342, 331, 
32243, 335, 335, 337, 342, 
32274, 333, 332, 333, 350, 
32304, 335, 334, 334, 343, 
32334, 338, 340, 340, 332, 
32364, 339, 341, 342, 328, 
32394, 337, 337, 339, 338, 
32424, 333, 332, 333, 348, 
32454, 334, 333, 334, 348, 
32485, 337, 338, 337, 335, 
32515, 340, 342, 342, 328, 
32545, 338, 340, 340, 335, 
32575, 334, 333, 335, 346, 
32606, 333, 332, 332, 349, 
32635, 336, 336, 335, 339, 
32666, 340, 341, 340, 329, 
32696, 339, 341, 341, 333, 
32726, 336, 335, 336, 343, 
32756, 333, 331, 333, 351, 
32786, 335, 334, 335, 343, 
32817, 339, 340, 339, 330, 
32846, 340, 341, 341, 329, 
32877, 336, 336, 338, 340, 
32907, 333, 332, 332, 351, 
32937, 334, 333, 335, 345, 
32967, 338, 339, 338, 334, 
32998, 340, 342, 341, 328, 
33028, 338, 338, 339, 337, 
33057, 334, 332, 334, 348, 
33088, 333, 332, 334, 349, 
33118, 336, 337, 338, 336, 
33148, 339, 341, 341, 329, 
33178, 338, 339, 340, 333, 
33209, 335, 334, 336, 345, 
33239, 334, 332, 333, 349, 
33269, 335, 335, 337, 340, 
33299, 339, 341, 341, 329, 
33330, 340, 340, 341, 331, 
33359, 335, 335, 337, 342, 
33389, 333, 331, 333, 350, 
33420, 335, 335, 334, 343, 
33449, 338, 341, 339, 332, 
33480, 339, 341, 342, 330, 
33510, 336, 337, 338, 339, 
33541, 333, 331, 333, 350, 
33570, 334, 333, 333, 347, 
33601, 339, 338, 340, 336, 
33631, 340, 343, 341, 329, 
33660, 338, 339, 340, 337, 
33691, 334, 333, 335, 348, 
33721, 334, 332, 333, 349, 
33752, 337, 336, 336, 339, 
33781, 339, 342, 341, 330, 
33812, 338, 340, 340, 334, 
33842, 335, 334, 336, 345, 
33872, 334, 331, 333, 351, 
33902, 335, 336, 335, 343, 
33933, 339, 340, 340, 332, 
33963, 339, 341, 341, 332, 
33992, 336, 337, 338, 343, 
34023, 333, 332, 333, 352, 
34053, 335, 333, 334, 346, 
34083, 338, 340, 338, 334, 
34113, 340, 342, 342, 329, 
34144, 337, 338, 339, 338, 
34173, 335, 332, 334, 349, 
34204, 334, 332, 333, 348, 
34234, 338, 339, 337, 337, 
34265, 340, 342, 341, 328, 
34294, 338, 339, 340, 335, 
34324, 335, 334, 335, 345, 
34355, 334, 331, 334, 350, 
34384, 336, 336, 335, 340, 
34415, 340, 341, 340, 330, 
34445, 340, 341, 341, 331, 
34476, 336, 336, 337, 342, 
34505, 333, 332, 333, 349, 
34536, 335, 333, 334, 343, 
34566, 339, 340, 339, 330, 
34596, 339, 341, 341, 329, 
34626, 337, 337, 338, 340, 
34656, 333, 333, 334, 349, 
34686, 334, 334, 333, 346, 
34716, 338, 339, 338, 335, 
34747, 340, 342, 341, 328, 
34777, 338, 338, 340, 336, 
34807, 334, 333, 335, 347, 
34837, 334, 332, 333, 349, 
34868, 337, 337, 336, 338, 
34897, 340, 342, 342, 329, 
34928, 339, 340, 340, 334, 
34958, 335, 335, 337, 345, 
34988, 334, 332, 333, 351, 
35018, 336, 335, 336, 341, 
35048, 339, 342, 340, 332, 
35079, 339, 341, 341, 331, 
35108, 336, 336, 337, 341, 
35139, 333, 332, 333, 350, 
35169, 334, 333, 334, 344, 
35200, 338, 339, 339, 334, 
35229, 341, 342, 342, 328, 
35260, 337, 337, 339, 337, 
35290, 334, 333, 334, 348, 
35319, 335, 333, 333, 347, 
35350, 339, 338, 338, 336, 
35380, 340, 342, 341, 328, 
35410, 338, 339, 341, 335, 
35440, 336, 333, 336, 346, 
35471, 333, 332, 333, 350, 
35501, 336, 336, 336, 342, 
35531, 340, 341, 341, 330, 
35561, 339, 340, 341, 332, 
35591, 336, 335, 337, 343, 
35621, 334, 331, 333, 351, 
35651, 335, 336, 335, 343, 
35682, 340, 340, 339, 332, 
35712, 339, 341, 341, 330, 
35742, 336, 338, 338, 340, 
35772, 334, 332, 333, 350, 
35803, 335, 333, 333, 346, 
35832, 338, 339, 338, 335, 
35863, 340, 342, 341, 329, 
35893, 337, 338, 339, 337, 
35922, 334, 334, 334, 348, 
35953, 334, 333, 333, 349, 
35983, 337, 337, 336, 338, 
36014, 340, 342, 341, 329, 
36043, 338, 339, 340, 334, 
36074, 334, 335, 336, 345, 
36104, 333, 331, 332, 351, 
36134, 336, 336, 336, 342, 
36164, 339, 340, 340, 331, 
36195, 339, 341, 342, 332, 
36225, 335, 336, 337, 343, 
36254, 333, 331, 333, 351, 
36285, 334, 333, 334, 345, 
36315, 338, 339, 339, 333, 
36345, 340, 341, 342, 329, 
36375, 337, 338, 339, 339, 
36406, 333, 331, 334, 350, 
36435, 334, 333, 333, 348, 
36466, 337, 337, 338, 337, 
36496, 340, 342, 343, 330, 
36527, 337, 339, 341, 337, 
36556, 334, 334, 335, 348, 
36586, 333, 332, 333, 351, 
36617, 336, 336, 336, 340, 
36646, 339, 341, 341, 330, 
36677, 339, 341, 341, 333, 
36707, 336, 335, 337, 345, 
36738, 333, 332, 333, 351, 
36767, 335, 334, 335, 343, 
36798, 339, 340, 340, 333, 
36828, 339, 341, 341, 331, 
36858, 336, 337, 338, 341, 
36888, 334, 332, 333, 351, 
36918, 334, 334, 334, 345, 
36948, 338, 339, 338, 335, 
36978, 340, 342, 342, 329, 
37009, 338, 338, 340, 337, 
37039, 334, 333, 335, 349, 
37069, 335, 332, 334, 349, 
37099, 337, 338, 337, 337, 
37130, 340, 342, 341, 329, 
37159, 339, 341, 340, 335, 
37190, 336, 333, 335, 346, 
37220, 333, 332, 333, 351, 
37250, 336, 336, 336, 342, 
37280, 339, 341, 340, 331, 
37310, 340, 341, 341, 332, 
37341, 336, 336, 337, 345, 
37370, 333, 331, 333, 351, 
37401, 335, 335, 334, 346, 
37431, 339, 340, 339, 333, 
37462, 339, 342, 342, 331, 
37491, 337, 337, 340, 341, 
37521, 332, 333, 334, 351, 
37552, 334, 332, 334, 348, 
37581, 337, 339, 338, 337, 
37612, 340, 342, 341, 331, 
37642, 337, 339, 340, 337, 
37672, 335, 333, 335, 349, 
37702, 332, 332, 333, 351, 
37733, 337, 336, 336, 340, 
37763, 340, 342, 341, 331, 
37793, 340, 340, 341, 334, 
37823, 335, 335, 337, 346, 
37853, 334, 331, 333, 352, 
37883, 336, 335, 335, 343, 
37913, 339, 341, 340, 332, 
37944, 339, 342, 341, 333, 
37974, 335, 336, 338, 342, 
38004, 333, 332, 334, 351, 
38034, 334, 334, 334, 346, 
38065, 338, 339, 339, 334, 
38094, 339, 341, 342, 329, 
38125, 336, 338, 339, 339, 
38155, 333, 332, 334, 350, 
38184, 334, 333, 333, 348, 
38215, 337, 337, 337, 337, 
38245, 341, 343, 341, 329, 
38276, 338, 339, 340, 336, 
38305, 334, 334, 334, 347, 
38336, 333, 331, 333, 350, 
38366, 337, 336, 336, 340, 
38396, 339, 340, 340, 329, 
38426, 339, 340, 341, 333, 
38457, 335, 335, 336, 343, 
38487, 333, 332, 334, 350, 
38516, 336, 335, 335, 342, 
38547, 339, 340, 339, 331, 
38577, 339, 341, 341, 330, 
38607, 336, 337, 338, 340, 
38637, 334, 332, 334, 350, 
38668, 335, 334, 334, 345, 
38697, 339, 339, 338, 333, 
38728, 340, 342, 341, 328, 
38758, 337, 338, 339, 337, 
38789, 333, 332, 334, 347, 
38818, 333, 332, 333, 348, 
38848, 337, 338, 337, 337, 
38879, 339, 341, 341, 329, 
38908, 338, 340, 340, 334, 
38939, 334, 333, 334, 346, 
38969, 334, 331, 333, 350, 
39000, 336, 335, 336, 341, 
39029, 340, 341, 340, 330, 
39060, 338, 340, 341, 332, 
39090, 336, 336, 337, 343, 
39120, 333, 331, 332, 352, 
39150, 334, 334, 334, 345, 
39180, 338, 340, 339, 334, 
39211, 339, 342, 341, 330, 
39240, 336, 338, 338, 342, 
39271, 333, 332, 334, 351, 
39301, 334, 333, 334, 348, 
39331, 337, 338, 338, 336, 
39361, 340, 342, 342, 330, 
39392, 338, 339, 340, 336, 
39421, 334, 334, 335, 349, 
39451, 334, 333, 333, 350, 
39482, 336, 338, 336, 340, 
39512, 339, 343, 341, 330, 
39542, 338, 341, 341, 335, 
39572, 334, 335, 336, 347, 
39603, 333, 331, 333, 352, 
39632, 336, 336, 336, 344, 
39663, 339, 341, 340, 332, 
39693, 339, 340, 341, 333, 
39724, 336, 336, 337, 344, 
39753, 333, 332, 334, 352, 
39783, 335, 333, 335, 346, 
39814, 339, 340, 339, 334, 
39843, 339, 342, 342, 331, 
39874, 336, 337, 339, 340, 
39904, 333, 332, 334, 351, 
39934, 334, 333, 334, 348, 
39964, 338, 338, 338, 336, 
39995, 340, 342, 342, 329, 
40025, 338, 338, 340, 336, 
40055, 334, 333, 335, 348, 
40085, 334, 331, 334, 349, 
40115, 337, 337, 336, 339, 
40145, 340, 342, 341, 329, 
40175, 339, 341, 341, 333, 
40206, 335, 335, 336, 345, 
40236, 333, 332, 333, 351, 
40266, 335, 335, 336, 342, 
40296, 339, 341, 340, 330, 
40327, 338, 341, 341, 330, 
40356, 337, 337, 339, 341, 
40387, 333, 331, 333, 350, 
40417, 335, 334, 334, 344, 
40446, 338, 339, 339, 334, 
40477, 341, 343, 342, 329, 
40507, 338, 338, 339, 338, 
40538, 334, 334, 334, 349, 
40567, 335, 333, 333, 348, 
40598, 338, 337, 337, 337, 
40628, 340, 342, 342, 329, 
40658, 338, 340, 341, 336, 
40688, 334, 334, 336, 347, 
40719, 333, 332, 333, 350, 
40749, 336, 336, 335, 341, 
40778, 339, 341, 341, 330, 
40809, 338, 340, 342, 333, 
40839, 335, 336, 337, 344, 
40869, 333, 331, 333, 351, 
40899, 335, 335, 334, 344, 
40930, 339, 340, 339, 333, 
40960, 339, 341, 341, 331, 
40990, 336, 336, 338, 341, 
41020, 333, 332, 334, 351, 
41051, 334, 333, 333, 347, 
41080, 338, 339, 338, 335, 
41110, 339, 343, 341, 328, 
41141, 338, 340, 339, 338, 
41170, 333, 332, 334, 348, 
41201, 333, 333, 333, 349, 
41231, 337, 337, 337, 337, 
41262, 340, 342, 342, 329, 
41291, 338, 340, 340, 335, 
41322, 334, 334, 335, 346, 
41352, 333, 331, 333, 350, 
41381, 336, 336, 336, 341, 
41412, 339, 341, 340, 330, 
41442, 339, 341, 341, 332, 
41473, 334, 335, 336, 343, 
41502, 333, 331, 333, 350, 
41533, 335, 334, 334, 344, 
41563, 339, 341, 339, 333, 
41593, 340, 341, 341, 330, 
41623, 336, 337, 339, 340, 
41654, 333, 332, 333, 350, 
41683, 335, 334, 333, 347, 
41713, 338, 338, 337, 335, 
41744, 340, 342, 342, 329, 
41774, 338, 340, 339, 336, 
41804, 334, 333, 335, 348, 
41834, 333, 332, 332, 349, 
41865, 336, 337, 337, 339, 
41894, 341, 342, 341, 329, 
41925, 339, 340, 340, 334, 
41955, 335, 335, 337, 345, 
41986, 333, 332, 333, 349, 
42015, 335, 336, 335, 341, 
42045, 339, 341, 340, 330, 
42076, 339, 340, 341, 330, 
42105, 335, 336, 338, 343, 
42136, 333, 332, 333, 351, 
42166, 335, 335, 335, 344, 
42196, 338, 340, 339, 333, 
42226, 339, 342, 341, 330, 
42257, 337, 337, 338, 339, 
42287, 333, 333, 334, 350, 
42317, 335, 333, 333, 348, 
42347, 338, 338, 337, 335, 
42377, 339, 342, 341, 329, 
42407, 338, 339, 339, 336, 
42437, 334, 333, 336, 347, 
42468, 333, 333, 334, 350, 
42498, 336, 336, 336, 339, 
42528, 340, 342, 341, 329, 
42558, 339, 340, 341, 333, 
42589, 335, 334, 336, 346, 
42618, 332, 331, 332, 351, 
42649, 336, 336, 335, 343, 
42679, 339, 340, 340, 331, 
42708, 339, 341, 341, 331, 
42739, 336, 336, 337, 342, 
42769, 332, 331, 333, 351, 
42800, 335, 334, 335, 345, 
42829, 338, 340, 339, 334, 
42860, 339, 342, 341, 330, 
42890, 337, 337, 339, 339, 
42920, 333, 332, 334, 350, 
42950, 334, 332, 333, 349, 
42981, 337, 338, 337, 337, 
43011, 340, 343, 341, 330, 
43040, 338, 339, 340, 337, 
43071, 334, 334, 335, 348, 
43101, 333, 333, 333, 350, 
43131, 336, 336, 336, 340, 
43161, 339, 341, 340, 329, 
43192, 339, 341, 341, 332, 
43222, 335, 335, 335, 344, 
43252, 333, 332, 334, 351, 
43282, 335, 335, 335, 344, 
43312, 339, 340, 340, 332, 
43342, 340, 341, 341, 330, 
43372, 335, 337, 338, 341, 
43403, 334, 331, 333, 351, 
43432, 335, 334, 334, 346, 
43463, 337, 339, 338, 335, 
43493, 340, 341, 341, 329, 
43524, 337, 337, 338, 339, 
43553, 333, 334, 334, 350, 
43584, 334, 332, 333, 349, 
43614, 337, 338, 337, 337, 
43643, 339, 342, 341, 329, 
43674, 339, 339, 340, 336, 
43704, 335, 333, 336, 348, 
43735, 333, 332, 333, 351, 
43764, 336, 336, 336, 341, 
43795, 339, 342, 340, 331, 
43825, 339, 340, 341, 334, 
43855, 335, 335, 336, 345, 
43885, 333, 333, 332, 351, 
43916, 336, 336, 335, 345, 
43945, 339, 341, 339, 332, 
43975, 339, 342, 341, 331, 
44006, 336, 336, 338, 341, 
44036, 333, 331, 333, 351, 
44066, 335, 333, 334, 346, 
44096, 338, 340, 338, 335, 
44127, 340, 341, 343, 331, 
44156, 337, 338, 339, 338, 
44187, 335, 332, 334, 349, 
44217, 334, 332, 333, 349, 
44248, 336, 337, 336, 338, 
44277, 340, 343, 341, 330, 
44307, 338, 339, 340, 336, 
44338, 335, 334, 335, 347, 
44367, 334, 331, 333, 351, 
44398, 337, 336, 336, 341, 
44428, 340, 341, 340, 330, 
44459, 339, 342, 342, 333, 
44488, 336, 336, 337, 344, 
44519, 333, 331, 333, 351, 
44549, 335, 334, 335, 344, 
44579, 339, 340, 339, 333, 
44609, 339, 341, 342, 330, 
44639, 337, 338, 338, 341, 
44669, 333, 331, 334, 351, 
44699, 335, 334, 334, 346, 
44730, 338, 338, 339, 335, 
44760, 340, 341, 341, 329, 
44790, 337, 338, 339, 338, 
44820, 335, 334, 335, 349, 
44851, 334, 333, 333, 349, 
44880, 338, 338, 337, 338, 
44911, 340, 343, 341, 329, 
44941, 338, 340, 340, 335, 
44971, 335, 334, 336, 346, 
45001, 333, 333, 333, 350, 
45031, 336, 337, 335, 340, 
45062, 340, 341, 340, 331, 
45091, 339, 340, 341, 331, 
45122, 336, 336, 337, 343, 
45152, 333, 331, 333, 351, 
45182, 335, 335, 335, 343, 
45212, 339, 341, 339, 332, 
45242, 340, 342, 341, 330, 
45273, 336, 337, 338, 340, 
45302, 333, 331, 333, 351, 
45333, 334, 333, 333, 346, 
45363, 338, 339, 338, 335, 
45393, 339, 342, 341, 329, 
45423, 338, 339, 339, 336, 
45454, 334, 333, 335, 348, 
45484, 334, 332, 333, 348, 
45514, 337, 337, 336, 338, 
45544, 340, 343, 341, 330, 
45574, 339, 339, 340, 335, 
45604, 336, 334, 335, 346, 
45634, 333, 332, 333, 351, 
45665, 336, 337, 336, 341, 
45694, 340, 343, 340, 330, 
45725, 339, 341, 342, 332, 
45755, 335, 336, 337, 343, 
45786, 333, 332, 334, 350, 
45815, 335, 334, 334, 344, 
45846, 338, 340, 339, 332, 
45876, 340, 341, 341, 329, 
45905, 338, 338, 338, 340, 
45936, 333, 331, 334, 350, 
45966, 334, 333, 334, 346, 
45997, 338, 338, 338, 335, 
46026, 340, 342, 342, 329, 
46057, 338, 338, 340, 336, 
46087, 334, 334, 335, 348, 
46117, 334, 332, 333, 348, 
46147, 337, 337, 335, 338, 
46178, 340, 343, 342, 328, 
46208, 338, 340, 341, 334, 
46237, 335, 335, 336, 345, 
46268, 333, 333, 333, 351, 
46298, 335, 337, 335, 341, 
46328, 340, 341, 341, 330, 
46358, 340, 341, 341, 332, 
46389, 335, 336, 337, 343, 
46418, 333, 331, 333, 351, 
46449, 335, 335, 335, 345, 
46479, 339, 340, 340, 332, 
46510, 339, 342, 341, 330, 
46539, 337, 337, 338, 340, 
46569, 333, 332, 333, 350, 
46600, 334, 333, 334, 347, 
46629, 338, 339, 338, 335, 
46660, 340, 342, 342, 328, 
46690, 338, 339, 340, 337, 
46721, 334, 333, 335, 348, 
46750, 334, 332, 333, 350, 
46781, 337, 337, 337, 338, 
46811, 341, 342, 342, 328, 
46841, 338, 340, 340, 332, 
46871, 334, 335, 337, 346, 
46901, 333, 332, 333, 352, 
46931, 335, 336, 336, 342, 
46961, 340, 341, 341, 331, 
46992, 339, 341, 341, 332, 
47022, 335, 336, 337, 342, 
47052, 333, 332, 333, 352, 
47082, 335, 334, 334, 346, 
47113, 338, 341, 339, 332, 
47142, 339, 341, 341, 330, 
47172, 338, 337, 339, 339, 
47203, 334, 332, 333, 350, 
47233, 334, 333, 335, 347, 
47263, 337, 338, 338, 336, 
47293, 339, 343, 342, 329, 
47324, 337, 339, 339, 337, 
47353, 335, 333, 335, 348, 
47384, 334, 332, 332, 349, 
47414, 337, 337, 336, 338, 
47444, 340, 343, 341, 329, 
47474, 338, 341, 340, 334, 
47504, 335, 334, 336, 346, 
47535, 333, 331, 334, 351, 
47564, 336, 335, 334, 342, 
47595, 339, 341, 339, 330, 
47625, 339, 341, 341, 332, 
47655, 336, 337, 337, 343, 
47685, 333, 332, 333, 351, 
47716, 334, 333, 334, 344, 
47746, 339, 340, 339, 332, 
47776, 340, 342, 342, 330, 
47806, 338, 337, 338, 340, 
47836, 333, 332, 333, 351, 
47866, 334, 333, 335, 346, 
47896, 337, 338, 338, 336, 
47927, 339, 342, 341, 329, 
47956, 337, 339, 339, 337, 
47987, 333, 332, 334, 348, 
48017, 333, 332, 333, 350, 
48048, 337, 337, 337, 339, 
48077, 340, 340, 341, 330, 
48108, 338, 340, 340, 335, 
48138, 335, 335, 336, 347, 
48167, 333, 332, 333, 351, 
48198, 336, 336, 335, 343, 
48228, 339, 342, 341, 332, 
48259, 339, 340, 341, 332, 
48288, 335, 336, 337, 344, 
48319, 334, 331, 334, 351, 
48349, 334, 335, 335, 345, 
48379, 338, 340, 339, 333, 
48409, 339, 341, 341, 332, 
48440, 337, 335, 338, 341, 
48470, 333, 331, 333, 351, 
48499, 335, 333, 334, 347, 
48530, 337, 338, 338, 335, 
48560, 339, 342, 341, 330, 
48590, 337, 337, 339, 338, 
48620, 333, 332, 335, 351, 
48651, 333, 332, 333, 350, 
48680, 337, 337, 336, 339, 
48711, 339, 342, 341, 330, 
48741, 338, 340, 340, 335, 
48772, 334, 334, 336, 347, 
48801, 334, 331, 333, 351, 
48831, 336, 336, 335, 342, 
48862, 340, 341, 340, 331, 
48891, 339, 341, 341, 334, 
48922, 335, 335, 337, 346, 
48952, 333, 331, 333, 352, 
48983, 334, 333, 334, 345, 
49012, 339, 340, 339, 333, 
49043, 340, 341, 341, 332, 
49073, 337, 336, 338, 342, 
49102, 333, 331, 333, 352, 
49133, 335, 333, 334, 348, 
49163, 338, 338, 338, 337, 
49193, 340, 341, 341, 329, 
49223, 338, 338, 339, 340, 
49254, 335, 332, 334, 351, 
49284, 334, 332, 333, 351, 
49314, 337, 337, 337, 339, 
49344, 340, 342, 340, 331, 
49375, 337, 339, 340, 336, 
49404, 334, 334, 336, 348, 
49434, 334, 332, 332, 352, 
49465, 336, 334, 335, 342, 
49495, 338, 341, 341, 332, 
49525, 339, 340, 341, 334, 
49555, 335, 335, 337, 345, 
49586, 333, 333, 333, 352, 
49615, 335, 334, 334, 345, 
49646, 339, 340, 339, 332, 
49676, 340, 342, 341, 330, 
49707, 336, 337, 337, 341, 
49736, 333, 332, 333, 350, 
49766, 334, 333, 333, 347, 
49797, 338, 339, 338, 335, 
49826, 340, 342, 341, 329, 
49857, 337, 338, 339, 338, 
49887, 334, 332, 334, 349, 
49917, 333, 333, 332, 349, 
49947, 337, 338, 337, 338, 
49978, 339, 340, 341, 330, 
50008, 338, 338, 340, 334, 
50038, 334, 334, 334, 347, 
50068, 333, 331, 332, 351, 
50098, 336, 335, 336, 341, 
50128, 341, 341, 341, 330, 
50158, 339, 339, 341, 333, 
50189, 335, 335, 337, 344, 
50219, 332, 332, 334, 351, 
50249, 336, 335, 335, 345, 
50279, 339, 340, 339, 332, 
50310, 340, 341, 341, 332, 
50339, 336, 337, 338, 342, 
50370, 333, 332, 333, 352, 
50400, 334, 333, 334, 348, 
50429, 338, 338, 338, 337, 
50460, 340, 342, 341, 332, 
50490, 337, 339, 339, 339, 
50521, 334, 333, 334, 351, 
50550, 334, 332, 333, 350, 
50581, 337, 337, 337, 339, 
50611, 340, 342, 342, 331, 
50641, 338, 339, 340, 336, 
50671, 335, 333, 335, 348, 
50702, 333, 331, 333, 353, 
50732, 336, 335, 336, 342, 
50761, 339, 341, 341, 331, 
50792, 339, 341, 341, 334, 
50822, 335, 336, 339, 346, 
50852, 333, 332, 333, 352, 
50882, 335, 335, 335, 345, 
50913, 339, 340, 339, 334, 
50942, 340, 341, 342, 332, 
50973, 336, 337, 338, 342, 
51003, 333, 332, 333, 353, 
51033, 335, 333, 334, 348, 
51063, 338, 338, 338, 337, 
51093, 340, 342, 341, 331, 
51124, 338, 339, 340, 339, 
51153, 334, 333, 334, 351, 
51184, 334, 332, 333, 351, 
51214, 337, 338, 337, 340, 
51245, 340, 342, 341, 331, 
51274, 338, 339, 341, 337, 
51305, 335, 333, 336, 349, 
51335, 334, 332, 333, 353, 
51364, 336, 336, 336, 343, 
51395, 339, 341, 341, 333, 
51425, 340, 340, 341, 335, 
51456, 336, 335, 336, 347, 
51485, 333, 331, 333, 354, 
51516, 335, 334, 334, 347, 
51546, 339, 340, 339, 336, 
51576, 340, 341, 341, 334, 
51606, 336, 337, 338, 342, 
51637, 333, 331, 334, 353, 
51666, 335, 333, 334, 348, 
51696, 338, 339, 338, 338, 
51727, 340, 342, 341, 332, 
51757, 337, 338, 339, 340, 
51787, 334, 332, 334, 351, 
51817, 334, 332, 333, 350, 
51848, 337, 337, 337, 338, 
51877, 340, 342, 342, 331, 
51908, 338, 339, 340, 337, 
51938, 334, 334, 335, 349, 
51969, 334, 332, 333, 352, 
51998, 336, 336, 336, 342, 
52028, 340, 341, 341, 331, 
52059, 339, 340, 342, 334, 
52088, 335, 335, 337, 345, 
52119, 333, 332, 333, 353, 
52149, 334, 334, 334, 346, 
52179, 339, 340, 339, 334, 
52209, 339, 341, 341, 333, 
52240, 336, 336, 338, 343, 
52270, 333, 331, 334, 352, 
52300, 335, 333, 334, 348, 
52330, 338, 339, 338, 337, 
52360, 340, 342, 341, 332, 
52390, 337, 338, 339, 341, 
52420, 335, 332, 334, 351, 
52451, 334, 332, 333, 350, 
52481, 337, 337, 337, 339, 
52511, 340, 341, 341, 331, 
52541, 338, 340, 340, 336, 
52572, 334, 334, 337, 349, 
52601, 333, 332, 333, 352, 
52632, 336, 336, 336, 343, 
52662, 340, 342, 340, 332, 
52691, 339, 341, 342, 334, 
52722, 336, 336, 337, 345, 
52752, 333, 331, 334, 353, 
52783, 335, 334, 334, 346, 
52812, 339, 339, 340, 334, 
52843, 340, 342, 341, 332, 
52873, 337, 337, 338, 342, 
52903, 333, 332, 334, 351, 
52933, 334, 333, 334, 348, 
52963, 338, 339, 339, 336, 
52994, 341, 342, 341, 328, 
53023, 337, 338, 339, 338, 
53054, 334, 333, 335, 350, 
53084, 334, 333, 333, 349, 
53114, 337, 337, 337, 338, 
53144, 340, 342, 341, 329, 
53175, 338, 339, 340, 336, 
53204, 335, 335, 335, 347, 
53235, 333, 331, 333, 351, 
53265, 336, 336, 336, 341, 
53295, 339, 341, 341, 331, 
53325, 339, 340, 341, 334, 
53355, 336, 335, 337, 343, 
53386, 334, 331, 333, 352, 
53415, 336, 335, 335, 345, 
53446, 339, 341, 339, 333, 
53476, 339, 341, 342, 332, 
53507, 337, 337, 338, 341, 
53536, 334, 333, 334, 351, 
53567, 335, 333, 333, 347, 
53597, 338, 339, 338, 336, 
53626, 339, 342, 342, 331, 
53657, 338, 338, 339, 339, 
53687, 333, 333, 334, 350, 
53718, 334, 332, 334, 351, 
53747, 338, 337, 337, 339, 
53778, 340, 342, 341, 330, 
53808, 338, 340, 340, 336, 
53838, 335, 334, 335, 348, 
53868, 333, 331, 333, 352, 
53899, 336, 336, 336, 343, 
53928, 340, 341, 340, 331, 
53958, 338, 341, 341, 334, 
53989, 335, 335, 337, 345, 
54019, 333, 331, 333, 352, 
54049, 335, 334, 335, 345, 
54079, 339, 340, 340, 333, 
54110, 340, 341, 342, 331, 
54139, 336, 337, 338, 341, 
54170, 333, 332, 333, 352, 
54200, 334, 333, 334, 349, 
54231, 338, 338, 338, 336, 
54260, 340, 342, 341, 330, 
54290, 338, 338, 339, 340, 
54321, 334, 333, 335, 351, 
54350, 334, 332, 333, 351, 
54381, 337, 337, 336, 340, 
54411, 340, 342, 341, 331, 
54441, 339, 340, 340, 338, 
54471, 335, 334, 336, 348, 
54502, 333, 331, 333, 352, 
54532, 335, 336, 336, 343, 
54562, 339, 341, 339, 333, 
54592, 339, 340, 341, 334, 
54622, 335, 336, 337, 345, 
54652, 333, 331, 334, 353, 
54682, 335, 334, 334, 346, 
54713, 338, 340, 340, 334, 
54743, 340, 341, 342, 331, 
54773, 336, 337, 339, 342, 
54803, 334, 332, 333, 352, 
54834, 335, 332, 334, 349, 
54863, 337, 338, 339, 338, 
54893, 340, 342, 341, 331, 
54924, 337, 339, 339, 340, 
54953, 334, 333, 334, 351, 
54984, 334, 333, 334, 352, 
55014, 337, 337, 337, 341, 
55045, 340, 341, 341, 332, 
55074, 338, 340, 341, 336, 
55105, 335, 334, 335, 349, 
55135, 333, 331, 332, 354, 
55165, 337, 335, 335, 344, 
55195, 339, 341, 341, 332, 
55225, 340, 341, 341, 334, 
55256, 336, 336, 337, 345, 
55285, 334, 331, 333, 353, 
55316, 335, 334, 335, 348, 
55346, 339, 340, 339, 335, 
55376, 340, 341, 343, 332, 
55406, 336, 337, 339, 342, 
55437, 334, 332, 334, 352, 
55467, 334, 333, 333, 348, 
55497, 338, 338, 338, 336, 
55527, 340, 343, 342, 332, 
55557, 337, 338, 339, 340, 
55587, 334, 333, 335, 351, 
55617, 333, 332, 334, 351, 
55648, 337, 337, 337, 340, 
55677, 340, 342, 341, 331, 
55708, 338, 340, 341, 336, 
55738, 335, 334, 336, 348, 
55769, 333, 331, 333, 353, 
55798, 336, 335, 335, 344, 
55829, 339, 340, 341, 333, 
55859, 339, 341, 341, 333, 
55888, 336, 336, 337, 345, 
55919, 333, 331, 333, 352, 
55949, 335, 334, 335, 349, 
55980, 339, 339, 339, 335, 
56009, 341, 342, 341, 331, 
56040, 337, 337, 340, 341, 
56070, 333, 331, 334, 352, 
56100, 333, 332, 334, 349, 
56130, 337, 338, 338, 338, 
56161, 340, 341, 341, 330, 
56190, 337, 338, 340, 338, 
56220, 334, 333, 335, 349, 
56251, 334, 333, 333, 352, 
56281, 337, 337, 336, 343, 
56311, 340, 342, 341, 330, 
56341, 338, 340, 340, 335, 
56372, 335, 335, 335, 348, 
56401, 333, 332, 333, 352, 
56432, 336, 336, 335, 343, 
56462, 340, 340, 340, 334, 
56493, 339, 340, 341, 332, 
56522, 336, 336, 337, 344, 
56552, 334, 332, 332, 352, 
56583, 335, 334, 334, 346, 
56612, 338, 341, 339, 334, 
56643, 340, 342, 342, 330, 
56673, 336, 337, 339, 341, 
56704, 333, 332, 334, 351, 
56733, 334, 333, 334, 348, 
56764, 337, 338, 337, 337, 
56794, 340, 342, 342, 329, 
56823, 337, 338, 340, 337, 
56854, 334, 334, 335, 349, 
56884, 333, 332, 333, 351, 
56914, 336, 336, 337, 341, 
56944, 340, 341, 340, 331, 
56975, 340, 339, 340, 335, 
57005, 336, 334, 336, 347, 
57035, 334, 331, 332, 353, 
57065, 335, 335, 335, 344, 
57096, 340, 341, 341, 334, 
57125, 339, 341, 342, 332, 
57155, 336, 336, 337, 343, 
57186, 333, 331, 334, 352, 
57216, 335, 334, 335, 346, 
57246, 339, 339, 339, 334, 
57276, 341, 342, 342, 330, 
57307, 337, 337, 340, 340, 
57336, 334, 331, 334, 351, 
57367, 333, 332, 333, 349, 
57397, 339, 339, 337, 337, 
57427, 340, 342, 341, 330, 
57457, 338, 340, 341, 337, 
57487, 336, 333, 335, 349, 
57518, 333, 332, 333, 351, 
57547, 336, 336, 336, 340, 
57578, 339, 341, 341, 330, 
57608, 339, 340, 340, 333, 
57638, 336, 335, 336, 345, 
57668, 334, 331, 332, 352, 
57699, 335, 334, 334, 343, 
57729, 339, 340, 339, 332, 
57759, 340, 341, 341, 332, 
57789, 336, 335, 337, 342, 
57819, 334, 331, 334, 352, 
57849, 334, 334, 335, 346, 
57879, 337, 339, 338, 335, 
57910, 340, 342, 342, 332, 
57939, 337, 338, 339, 340, 
57970, 333, 332, 334, 350, 
58000, 335, 333, 333, 350, 
58031, 338, 338, 338, 338, 
58060, 340, 342, 342, 331, 
58091, 338, 339, 340, 337, 
58121, 334, 333, 336, 350, 
58150, 333, 332, 333, 352, 
58181, 336, 336, 336, 342, 
58211, 339, 341, 340, 332, 
58242, 339, 340, 341, 335, 
58271, 336, 335, 336, 346, 
58302, 334, 332, 334, 354, 
58332, 335, 334, 335, 346, 
58362, 339, 340, 340, 334, 
58392, 339, 341, 342, 331, 
58423, 336, 338, 338, 343, 
58452, 333, 333, 334, 352, 
58482, 334, 333, 333, 348, 
58513, 338, 339, 338, 336, 
58543, 341, 342, 341, 330, 
58573, 337, 338, 339, 339, 
58603, 334, 332, 334, 350, 
58634, 334, 332, 333, 350, 
58663, 337, 337, 338, 338, 
58694, 340, 342, 341, 330, 
58724, 338, 339, 340, 336, 
58754, 335, 334, 336, 349, 
58784, 334, 332, 332, 351, 
58814, 336, 336, 336, 341, 
58845, 338, 342, 340, 331, 
58874, 339, 341, 341, 333, 
58905, 336, 335, 337, 345, 
58935, 333, 331, 333, 352, 
58966, 335, 335, 335, 345, 
58995, 339, 340, 340, 333, 
59026, 339, 341, 342, 331, 
59056, 337, 336, 337, 342, 
59085, 333, 332, 334, 352, 
59116, 335, 333, 334, 348, 
59146, 339, 339, 338, 336, 
59176, 339, 341, 341, 330, 
59206, 336, 338, 338, 339, 
59237, 334, 332, 334, 351, 
59267, 334, 332, 334, 350, 
59297, 338, 337, 337, 339, 
59327, 340, 341, 341, 330, 
59358, 339, 339, 340, 336, 
59387, 336, 334, 336, 348, 
59417, 334, 331, 333, 352, 
59448, 336, 337, 336, 343, 
59478, 339, 341, 341, 331, 
59508, 339, 340, 341, 332, 
59538, 336, 335, 337, 345, 
59569, 333, 331, 333, 352, 
59598, 334, 334, 334, 345, 
59629, 338, 340, 339, 334, 
59659, 340, 341, 343, 332, 
59689, 335, 337, 338, 343, 
59719, 333, 331, 334, 352, 
59749, 335, 334, 334, 349, 
59780, 338, 338, 338, 336, 
59809, 339, 341, 343, 330, 
59840, 337, 338, 339, 338, 
59870, 334, 332, 335, 351, 
59900, 333, 331, 333, 351, 
59930, 336, 337, 338, 340, 
59961, 339, 342, 342, 330, 
59991, 339, 339, 341, 335, 
60021, 334, 334, 336, 347, 
60051, 334, 332, 333, 352, 
60081, 336, 336, 335, 342, 
60111, 339, 341, 341, 332, 
60141, 340, 340, 341, 333, 
60172, 335, 336, 336, 346, 
60201, 333, 331, 333, 353, 
60232, 335, 334, 333, 345, 
60262, 340, 340, 339, 334, 
60293, 339, 341, 342, 332, 
60322, 337, 337, 338, 342, 
60353, 334, 332, 333, 351, 
60383, 334, 333, 334, 350, 
60412, 337, 338, 338, 338, 
60443, 339, 341, 342, 331, 
60473, 337, 339, 340, 338, 
60504, 334, 332, 335, 350, 
60533, 333, 333, 333, 352, 
60564, 336, 337, 336, 341, 
60594, 340, 342, 342, 331, 
60624, 338, 339, 340, 336, 
60654, 335, 334, 336, 346, 
60684, 333, 331, 332, 353, 
60715, 335, 335, 335, 343, 
60744, 339, 340, 340, 332, 
60775, 339, 340, 341, 334, 
60805, 337, 337, 338, 343, 
60835, 332, 331, 334, 353, 
60865, 335, 334, 334, 347, 
60896, 339, 339, 339, 333, 
60925, 339, 341, 342, 331, 
60956, 337, 337, 338, 341, 
60986, 333, 332, 334, 352, 
61016, 334, 333, 333, 349, 
61046, 338, 337, 337, 337, 
61076, 338, 342, 341, 330, 
61107, 338, 338, 339, 337, 
61136, 334, 333, 335, 349, 
61167, 333, 332, 331, 351, 
61197, 336, 336, 336, 340, 
61228, 339, 341, 341, 330, 
61257, 337, 340, 341, 334, 
61288, 335, 334, 336, 346, 
61318, 334, 331, 332, 352, 
61347, 335, 336, 336, 343, 
61378, 339, 341, 340, 332, 
61408, 339, 339, 341, 331, 
61438, 336, 336, 337, 342, 
61468, 332, 331, 333, 352, 
61499, 334, 333, 333, 348, 
61529, 338, 339, 339, 334, 
61559, 340, 342, 341, 329, 
61589, 337, 337, 339, 341, 
61620, 334, 332, 334, 351, 
61649, 333, 332, 333, 349, 
61679, 337, 337, 337, 337, 
