129684, 336, 337, 337, 337, 
129716,
129591, 338, 339, 339, 329, 
129622, 339, 342, 340, 325, 
129653, 338, 340, 339, 329, 
129684, 336, 337, 337, 337, 
129716,0, 338, 341, 339, 322, 
1, 339, 340, 339, 324, 
2, 338, 338, 338, 327, 
11, 335, 334, 336, 340, 
37, 335, 334, 335, 341, 
65, 339, 342, 340, 325, 
92, 334, 333, 334, 347, 
119, 338, 338, 338, 331, 
147, 338, 340, 339, 329, 
175, 333, 332, 334, 348, 
203, 337, 337, 337, 338, 
231, 339, 341, 340, 327, 
260, 334, 333, 336, 347, 
287, 335, 334, 335, 343, 
316, 339, 342, 341, 327, 
344, 334, 334, 336, 344, 
371, 334, 333, 334, 347, 
400, 339, 341, 341, 328, 
428, 336, 336, 337, 340, 
456, 333, 332, 334, 351, 
484, 339, 341, 339, 330, 
512, 337, 338, 338, 336, 
540, 332, 331, 333, 351, 
568, 337, 339, 338, 335, 
596, 338, 340, 339, 333, 
624, 332, 331, 333, 351, 
653, 336, 337, 337, 337, 
680, 338, 341, 338, 330, 
708, 333, 332, 335, 348, 
737, 335, 335, 336, 340, 
764, 339, 342, 340, 327, 
793, 334, 335, 335, 345, 
821, 334, 334, 335, 344, 
849, 340, 342, 340, 327, 
877, 335, 336, 337, 341, 
905, 334, 332, 335, 349, 
933, 339, 341, 339, 328, 
961, 337, 337, 337, 338, 
990, 333, 332, 334, 349, 
1017, 338, 339, 339, 330, 
1046, 338, 341, 339, 330, 
1076, 334, 332, 335, 346, 
1104, 335, 332, 334, 347, 
1134, 338, 340, 339, 330, 
1163, 338, 340, 339, 330, 
1192, 334, 332, 335, 345, 
1221, 334, 332, 334, 345, 
1251, 338, 340, 339, 329, 
1280, 338, 340, 340, 329, 
1308, 334, 333, 335, 345, 
1338, 332, 332, 335, 344, 
1367, 339, 340, 339, 328, 
1396, 338, 340, 339, 328, 
1425, 334, 333, 336, 346, 
1455, 335, 333, 336, 344, 
1483, 339, 340, 339, 328, 
1512, 338, 340, 339, 330, 
1542, 334, 333, 335, 346, 
1570, 335, 333, 335, 344, 
1600, 340, 340, 339, 328, 
1629, 338, 340, 339, 332, 
1658, 334, 332, 335, 346, 
1687, 335, 334, 335, 344, 
1717, 340, 340, 340, 328, 
1745, 339, 340, 339, 331, 
1774, 333, 332, 334, 347, 
1804, 334, 333, 335, 344, 
1832, 339, 340, 339, 330, 
1862, 337, 340, 339, 332, 
1891, 333, 331, 334, 349, 
1921, 334, 334, 336, 344, 
1949, 339, 341, 340, 328, 
1978, 339, 339, 339, 333, 
2008, 334, 331, 334, 348, 
2036, 334, 334, 335, 343, 
2066, 339, 342, 340, 327, 
2095, 337, 339, 339, 333, 
2124, 334, 332, 335, 348, 
2153, 335, 334, 335, 343, 
2183, 339, 341, 340, 327, 
2211, 338, 339, 339, 334, 
2240, 333, 331, 334, 350, 
2270, 335, 334, 336, 342, 
2298, 340, 341, 340, 327, 
2328, 337, 339, 338, 333, 
2357, 333, 332, 334, 348, 
2386, 336, 334, 336, 341, 
2415, 340, 342, 340, 326, 
2444, 337, 338, 338, 334, 
2473, 333, 331, 334, 348, 
2502, 336, 335, 335, 340, 
2532, 340, 341, 340, 325, 
2561, 337, 339, 338, 333, 
2590, 333, 332, 334, 348, 
2619, 336, 334, 336, 339, 
2649, 340, 341, 340, 325, 
2677, 337, 338, 338, 334, 
2706, 334, 331, 334, 348, 
2736, 336, 335, 336, 340, 
2764, 340, 341, 340, 325, 
2794, 337, 337, 338, 335, 
2823, 333, 331, 334, 348, 
2852, 336, 335, 337, 339, 
2881, 339, 341, 340, 324, 
2910, 336, 337, 338, 335, 
2939, 334, 331, 333, 349, 
2968, 335, 336, 336, 339, 
2998, 339, 341, 340, 325, 
3026, 336, 337, 338, 335, 
3056, 332, 331, 334, 348, 
3085, 336, 335, 336, 338, 
3115, 339, 342, 340, 325, 
3143, 336, 337, 337, 336, 
3172, 333, 330, 333, 349, 
3202, 337, 335, 336, 337, 
3230, 339, 341, 340, 325, 
3260, 336, 338, 337, 337, 
3289, 334, 332, 334, 349, 
3318, 336, 336, 337, 338, 
3347, 340, 341, 341, 326, 
3376, 336, 335, 337, 337, 
3405, 332, 331, 333, 349, 
3434, 334, 336, 336, 338, 
3464, 339, 342, 340, 325, 
3492, 336, 336, 337, 338, 
3522, 333, 331, 333, 349, 
3551, 337, 336, 336, 337, 
3580, 340, 341, 341, 324, 
3609, 336, 337, 337, 339, 
3638, 334, 331, 334, 350, 
3667, 336, 336, 336, 337, 
3696, 339, 342, 340, 326, 
3726, 336, 336, 337, 338, 
3755, 333, 331, 333, 349, 
3784, 336, 336, 336, 336, 
3813, 339, 341, 341, 325, 
3842, 336, 336, 338, 339, 
3871, 334, 331, 335, 349, 
3900, 336, 336, 337, 336, 
3930, 339, 341, 340, 326, 
3958, 335, 336, 337, 339, 
3988, 333, 331, 335, 349, 
4017, 336, 337, 337, 336, 
4046, 339, 342, 340, 325, 
4075, 335, 336, 337, 340, 
4104, 333, 331, 331, 349, 
4133, 337, 338, 337, 335, 
4162, 339, 341, 340, 326, 
4192, 335, 336, 336, 340, 
4220, 333, 332, 334, 350, 
4250, 337, 338, 337, 335, 
4279, 340, 341, 341, 327, 
4307, 336, 335, 337, 341, 
4337, 333, 331, 334, 349, 
4366, 337, 337, 339, 335, 
4396, 340, 341, 341, 327, 
4424, 335, 335, 336, 342, 
4454, 333, 332, 334, 349, 
4483, 337, 338, 338, 335, 
4512, 339, 341, 341, 327, 
4541, 335, 335, 337, 342, 
4570, 334, 332, 335, 348, 
4599, 338, 338, 338, 333, 
4628, 339, 342, 340, 327, 
4658, 335, 335, 336, 343, 
4686, 334, 332, 334, 348, 
4716, 338, 339, 339, 332, 
4745, 339, 341, 340, 327, 
4773, 336, 334, 336, 342, 
4803, 334, 333, 334, 347, 
4832, 338, 339, 338, 332, 
4861, 340, 341, 340, 327, 
4890, 336, 334, 336, 342, 
4920, 335, 332, 334, 348, 
4948, 338, 339, 339, 331, 
4978, 339, 341, 340, 327, 
5007, 335, 334, 336, 343, 
5036, 334, 333, 334, 346, 
5065, 337, 339, 338, 332, 
5094, 339, 341, 339, 327, 
5124, 334, 334, 335, 343, 
5152, 333, 332, 334, 347, 
5182, 338, 339, 338, 331, 
5211, 339, 341, 340, 329, 
5239, 335, 334, 336, 343, 
5269, 335, 333, 334, 346, 
5298, 338, 339, 339, 331, 
5327, 339, 341, 339, 328, 
5356, 335, 334, 335, 344, 
5386, 334, 333, 334, 345, 
5414, 338, 339, 339, 330, 
5444, 339, 342, 339, 327, 
5473, 334, 333, 335, 343, 
5501, 334, 332, 334, 344, 
5531, 338, 339, 339, 330, 
5560, 338, 340, 339, 329, 
5590, 333, 334, 335, 345, 
5618, 333, 332, 334, 345, 
5648, 338, 338, 340, 330, 
5677, 338, 340, 340, 329, 
5705, 334, 333, 335, 344, 
5735, 334, 332, 334, 344, 
5764, 339, 340, 339, 328, 
5793, 340, 340, 339, 328, 
5822, 334, 333, 335, 344, 
5852, 334, 332, 335, 344, 
5880, 338, 340, 339, 328, 
5910, 338, 340, 339, 329, 
5939, 334, 332, 335, 345, 
5967, 334, 333, 335, 344, 
5997, 340, 340, 340, 328, 
6026, 339, 339, 339, 330, 
6055, 335, 333, 335, 345, 
6084, 335, 333, 334, 344, 
6114, 339, 340, 340, 328, 
6142, 338, 340, 339, 330, 
6171, 334, 333, 335, 346, 
6201, 334, 333, 335, 344, 
6230, 339, 341, 339, 328, 
6259, 339, 340, 339, 331, 
6288, 333, 333, 334, 347, 
6318, 334, 333, 335, 344, 
6346, 339, 341, 340, 327, 
6376, 338, 339, 339, 332, 
6405, 334, 332, 334, 347, 
6433, 335, 333, 336, 344, 
6463, 339, 341, 340, 328, 
6492, 338, 340, 339, 332, 
6521, 334, 332, 335, 347, 
6550, 335, 334, 335, 343, 
6580, 339, 341, 340, 328, 
6608, 338, 340, 339, 332, 
6637, 333, 332, 334, 348, 
6667, 335, 335, 335, 343, 
6695, 339, 341, 340, 328, 
6725, 338, 339, 339, 333, 
6754, 334, 333, 335, 348, 
6784, 334, 334, 335, 342, 
6812, 339, 341, 341, 329, 
6842, 338, 338, 339, 333, 
6871, 333, 331, 334, 348, 
6899, 335, 334, 337, 341, 
6929, 338, 341, 340, 327, 
6958, 337, 338, 338, 333, 
6987, 333, 332, 334, 350, 
7016, 336, 335, 335, 342, 
7046, 340, 342, 340, 327, 
7074, 337, 340, 338, 333, 
7103, 333, 332, 333, 349, 
7133, 335, 334, 335, 341, 
7161, 339, 341, 340, 326, 
7191, 339, 338, 338, 334, 
7220, 334, 332, 334, 348, 
7249, 335, 334, 335, 343, 
7278, 339, 341, 340, 326, 
7308, 337, 338, 338, 334, 
7336, 334, 332, 334, 348, 
7365, 335, 335, 336, 340, 
7395, 340, 342, 340, 326, 
7424, 338, 339, 338, 335, 
7453, 333, 331, 334, 349, 
7482, 336, 334, 337, 340, 
7512, 340, 341, 341, 327, 
7540, 337, 338, 338, 335, 
7569, 333, 332, 334, 349, 
7599, 336, 335, 336, 340, 
7627, 339, 342, 341, 327, 
7657, 337, 338, 338, 335, 
7686, 333, 331, 334, 350, 
7715, 335, 335, 336, 339, 
7744, 339, 342, 340, 326, 
7774, 336, 338, 339, 335, 
7802, 334, 331, 334, 349, 
7831, 337, 335, 336, 339, 
7861, 339, 342, 340, 326, 
7889, 338, 337, 338, 336, 
7919, 333, 331, 335, 350, 
7948, 336, 336, 336, 339, 
7977, 339, 342, 341, 326, 
8006, 336, 337, 337, 337, 
8035, 333, 331, 333, 350, 
8065, 335, 336, 338, 340, 
8093, 339, 341, 340, 327, 
8123, 337, 337, 337, 337, 
8152, 333, 331, 333, 350, 
8181, 337, 336, 336, 338, 
8210, 339, 340, 340, 326, 
8240, 337, 337, 338, 338, 
8268, 333, 331, 334, 350, 
8297, 336, 336, 337, 338, 
8327, 340, 342, 343, 327, 
8355, 336, 337, 337, 338, 
8385, 333, 331, 334, 351, 
8414, 336, 336, 337, 339, 
8443, 339, 342, 340, 327, 
8472, 336, 336, 337, 338, 
8501, 333, 332, 334, 349, 
8530, 337, 336, 337, 337, 
8559, 339, 342, 340, 326, 
8589, 336, 336, 337, 339, 
8617, 334, 331, 333, 349, 
8647, 336, 337, 337, 336, 
8676, 339, 342, 340, 326, 
8706, 336, 337, 337, 338, 
8734, 333, 331, 334, 349, 
8763, 336, 336, 338, 336, 
8793, 339, 341, 340, 326, 
8821, 336, 336, 337, 339, 
8851, 333, 331, 334, 349, 
8880, 336, 337, 338, 335, 
8909, 338, 342, 340, 326, 
8938, 336, 336, 337, 339, 
8967, 333, 331, 334, 348, 
8996, 338, 337, 337, 335, 
9025, 340, 342, 338, 326, 
9055, 336, 336, 336, 339, 
9083, 333, 331, 334, 349, 
9113, 337, 337, 337, 335, 
9142, 339, 341, 340, 326, 
9171, 335, 334, 336, 340, 
9200, 333, 331, 334, 348, 
9229, 337, 337, 338, 333, 
9259, 340, 342, 340, 326, 
9287, 335, 335, 336, 340, 
9317, 333, 331, 334, 348, 
9346, 337, 338, 337, 333, 
9375, 339, 341, 341, 326, 
9404, 336, 336, 337, 340, 
9433, 334, 331, 334, 348, 
9462, 337, 337, 337, 333, 
9491, 339, 341, 340, 327, 
9521, 335, 335, 336, 341, 
9549, 334, 332, 333, 347, 
9579, 338, 337, 337, 332, 
9608, 339, 341, 339, 327, 
9637, 335, 334, 336, 342, 
9666, 333, 332, 335, 348, 
9695, 337, 338, 338, 333, 
9724, 339, 341, 340, 328, 
9753, 335, 334, 336, 343, 
9783, 333, 331, 335, 347, 
9811, 338, 338, 338, 334, 
9841, 339, 341, 340, 328, 
9870, 334, 334, 336, 343, 
9899, 334, 331, 333, 347, 
9928, 337, 338, 338, 333, 
9957, 338, 341, 340, 328, 
9987, 334, 334, 336, 343, 
10015, 334, 332, 334, 346, 
10046, 337, 337, 337, 336, 
10076, 339, 342, 340, 325, 
10106, 338, 340, 339, 331, 
10136, 335, 334, 336, 343, 
10167, 333, 331, 335, 349, 
10196, 335, 336, 336, 341, 
10226, 339, 342, 339, 328, 
10257, 340, 341, 340, 329, 
10287, 336, 336, 337, 340, 
10317, 333, 331, 335, 350, 
10347, 334, 334, 336, 344, 
10378, 339, 339, 338, 332, 
10407, 339, 341, 340, 327, 
10438, 337, 337, 338, 338, 
10468, 333, 333, 335, 348, 
10498, 333, 332, 334, 346, 
10528, 337, 337, 338, 336, 
10558, 340, 341, 340, 327, 
10589, 338, 339, 339, 333, 
10618, 334, 333, 334, 346, 
10649, 334, 331, 334, 349, 
10679, 336, 336, 337, 338, 
10710, 339, 341, 341, 328, 
10739, 339, 340, 340, 329, 
10770, 335, 336, 336, 341, 
10800, 333, 331, 334, 350, 
10829, 335, 335, 336, 342, 
10860, 338, 340, 339, 330, 
10890, 340, 341, 340, 327, 
10920, 336, 336, 337, 339, 
10950, 333, 331, 334, 348, 
10981, 334, 334, 335, 346, 
11011, 338, 338, 338, 334, 
11041, 340, 343, 341, 326, 
11071, 337, 338, 339, 334, 
11102, 333, 333, 334, 346, 
11131, 333, 331, 333, 348, 
11161, 336, 336, 336, 337, 
11192, 339, 341, 340, 327, 
11222, 337, 339, 339, 332, 
11252, 334, 334, 336, 344, 
11282, 332, 331, 334, 350, 
11313, 335, 335, 335, 340, 
11342, 339, 340, 339, 330, 
11373, 339, 341, 340, 328, 
11403, 335, 336, 338, 340, 
11433, 333, 331, 334, 350, 
11463, 335, 333, 335, 344, 
11493, 338, 339, 338, 332, 
11524, 339, 341, 341, 327, 
11553, 337, 337, 339, 336, 
11584, 334, 333, 335, 347, 
11614, 333, 332, 334, 347, 
11644, 337, 337, 337, 336, 
11674, 339, 342, 340, 326, 
11705, 338, 339, 338, 333, 
11735, 334, 334, 335, 345, 
11765, 333, 332, 334, 350, 
11795, 336, 335, 337, 340, 
11825, 339, 341, 339, 329, 
11855, 338, 340, 341, 330, 
11885, 335, 335, 336, 342, 
11916, 333, 331, 334, 350, 
11945, 335, 334, 335, 344, 
11976, 338, 339, 339, 331, 
12006, 339, 341, 340, 328, 
12037, 336, 337, 338, 337, 
12066, 334, 332, 334, 349, 
12097, 334, 332, 335, 347, 
12127, 337, 338, 338, 334, 
12156, 340, 341, 341, 327, 
12187, 337, 338, 338, 334, 
12217, 334, 333, 335, 346, 
12248, 334, 331, 334, 349, 
12277, 336, 336, 336, 338, 
12308, 339, 341, 340, 326, 
12338, 338, 340, 340, 330, 
12368, 336, 335, 336, 343, 
12398, 333, 331, 334, 350, 
12428, 335, 335, 336, 342, 
12459, 338, 340, 339, 332, 
12488, 339, 341, 340, 327, 
12519, 336, 337, 338, 338, 
12549, 333, 331, 335, 348, 
12579, 334, 334, 335, 346, 
12609, 338, 338, 338, 333, 
12640, 339, 342, 341, 326, 
12669, 337, 338, 338, 335, 
12700, 334, 333, 335, 347, 
12730, 334, 332, 334, 347, 
12760, 337, 337, 337, 336, 
12790, 339, 341, 340, 326, 
12820, 338, 339, 339, 331, 
12851, 335, 334, 336, 343, 
12880, 333, 331, 334, 350, 
12911, 336, 335, 336, 340, 
12941, 339, 340, 339, 329, 
12972, 339, 340, 340, 328, 
13001, 336, 337, 337, 339, 
13032, 333, 331, 334, 349, 
13062, 335, 334, 335, 344, 
13091, 339, 339, 339, 331, 
13122, 339, 341, 341, 326, 
13152, 337, 337, 338, 336, 
13182, 334, 331, 334, 347, 
13212, 334, 332, 334, 346, 
13243, 337, 337, 337, 334, 
13273, 339, 341, 340, 326, 
13303, 338, 340, 338, 332, 
13333, 334, 333, 335, 344, 
13364, 333, 331, 333, 348, 
13393, 336, 335, 336, 338, 
13423, 339, 341, 340, 327, 
13454, 339, 340, 339, 329, 
13484, 335, 335, 337, 341, 
13514, 333, 331, 334, 349, 
13544, 335, 334, 335, 341, 
13575, 339, 340, 339, 329, 
13604, 339, 341, 340, 326, 
13635, 338, 336, 337, 337, 
13665, 333, 331, 334, 347, 
13696, 334, 332, 335, 345, 
13725, 338, 338, 338, 332, 
13755, 339, 341, 340, 324, 
13786, 337, 339, 338, 333, 
13815, 335, 333, 333, 345, 
13846, 333, 332, 334, 348, 
13876, 336, 336, 336, 337, 
13906, 340, 341, 340, 326, 
13936, 338, 339, 339, 330, 
13967, 335, 334, 335, 342, 
13997, 333, 331, 333, 350, 
14027, 335, 335, 336, 340, 
14057, 337, 340, 339, 328, 
14087, 339, 341, 339, 327, 
14117, 337, 336, 337, 338, 
14147, 333, 331, 333, 348, 
14178, 335, 333, 335, 344, 
14208, 338, 339, 338, 331, 
14238, 339, 341, 340, 325, 
14268, 337, 338, 338, 335, 
14299, 334, 332, 335, 346, 
14328, 334, 332, 334, 346, 
14358, 337, 337, 338, 335, 
14389, 339, 342, 340, 325, 
14418, 338, 339, 339, 331, 
14449, 335, 334, 335, 343, 
14479, 334, 331, 334, 349, 
14510, 336, 336, 336, 339, 
14539, 339, 341, 339, 328, 
14570, 338, 340, 338, 329, 
14600, 336, 335, 336, 340, 
14630, 333, 331, 333, 349, 
14660, 335, 334, 335, 343, 
14690, 338, 340, 338, 330, 
14721, 339, 341, 341, 326, 
14750, 336, 337, 337, 336, 
14781, 334, 332, 334, 348, 
14811, 335, 333, 334, 346, 
14841, 337, 337, 337, 333, 
14871, 340, 342, 340, 325, 
14902, 337, 339, 338, 332, 
14931, 334, 333, 335, 345, 
14962, 334, 331, 334, 348, 
14992, 336, 336, 337, 337, 
15022, 339, 342, 339, 327, 
15052, 339, 340, 339, 330, 
15082, 335, 335, 337, 342, 
15113, 333, 331, 334, 349, 
15142, 335, 334, 336, 341, 
15173, 339, 340, 340, 329, 
15203, 339, 341, 340, 327, 
15234, 337, 336, 338, 337, 
15263, 333, 331, 334, 349, 
15294, 334, 332, 335, 344, 
15324, 337, 340, 338, 332, 
15353, 339, 342, 340, 325, 
15384, 337, 338, 338, 334, 
15414, 334, 333, 334, 346, 
15444, 334, 332, 335, 347, 
15474, 336, 337, 337, 336, 
15505, 340, 341, 340, 326, 
15535, 338, 340, 340, 330, 
15565, 334, 333, 336, 343, 
15595, 333, 331, 333, 349, 
15626, 336, 335, 336, 339, 
15655, 339, 341, 340, 327, 
15685, 339, 340, 340, 327, 
15716, 336, 336, 337, 340, 
15746, 333, 331, 334, 348, 
15776, 335, 334, 335, 344, 
15806, 338, 339, 339, 331, 
15837, 339, 342, 340, 326, 
15866, 336, 339, 338, 336, 
15897, 334, 332, 335, 348, 
15927, 334, 333, 334, 346, 
15958, 337, 338, 337, 333, 
15987, 339, 342, 340, 327, 
16017, 337, 339, 339, 332, 
16048, 334, 334, 335, 345, 
16077, 334, 332, 334, 349, 
16108, 336, 336, 336, 338, 
16138, 340, 341, 338, 327, 
16168, 339, 340, 340, 329, 
16198, 335, 335, 336, 342, 
16229, 333, 331, 333, 349, 
16259, 335, 334, 335, 342, 
16288, 338, 339, 339, 329, 
16319, 339, 341, 340, 327, 
16349, 336, 336, 338, 335, 
16379, 333, 331, 334, 348, 
16409, 334, 333, 334, 344, 
16440, 338, 338, 338, 334, 
16470, 339, 342, 340, 325, 
16500, 337, 338, 338, 334, 
16530, 334, 333, 335, 346, 
16561, 334, 331, 334, 348, 
16590, 336, 336, 336, 337, 
16620, 340, 341, 340, 326, 
16651, 338, 339, 339, 331, 
16680, 335, 334, 336, 343, 
16711, 333, 331, 333, 349, 
16741, 335, 334, 335, 341, 
16772, 340, 340, 339, 329, 
16801, 339, 341, 340, 329, 
16832, 336, 336, 337, 339, 
16862, 334, 332, 334, 350, 
16892, 333, 333, 335, 344, 
16922, 338, 339, 338, 331, 
16952, 341, 340, 341, 325, 
16983, 337, 337, 338, 335, 
17012, 334, 332, 334, 348, 
17043, 333, 332, 334, 347, 
17073, 336, 337, 337, 336, 
17103, 339, 341, 339, 326, 
17133, 337, 339, 339, 332, 
17164, 334, 334, 336, 345, 
17193, 333, 331, 334, 350, 
17224, 336, 336, 336, 340, 
17254, 339, 342, 341, 328, 
17284, 339, 341, 340, 330, 
17314, 335, 336, 336, 342, 
17344, 334, 331, 335, 350, 
17375, 334, 334, 335, 344, 
17404, 338, 339, 339, 331, 
17435, 339, 341, 340, 327, 
17465, 337, 337, 338, 338, 
17496, 333, 332, 334, 348, 
17525, 336, 334, 334, 346, 
17556, 337, 337, 339, 334, 
17586, 340, 342, 340, 326, 
17615, 339, 338, 339, 334, 
17646, 334, 333, 335, 345, 
17676, 334, 331, 333, 348, 
17707, 336, 335, 336, 338, 
17736, 339, 340, 339, 327, 
17767, 338, 340, 339, 330, 
17797, 335, 334, 336, 342, 
17827, 334, 331, 333, 350, 
17857, 335, 334, 335, 342, 
17888, 338, 340, 339, 331, 
17917, 338, 341, 341, 328, 
17947, 335, 337, 338, 339, 
17978, 333, 332, 334, 349, 
18008, 334, 333, 334, 346, 
18038, 337, 338, 338, 334, 
18068, 339, 342, 341, 326, 
18099, 337, 338, 338, 335, 
18128, 334, 333, 336, 347, 
18159, 334, 331, 333, 348, 
18189, 337, 337, 337, 337, 
18219, 339, 341, 340, 327, 
18249, 336, 339, 339, 331, 
18279, 335, 334, 336, 344, 
18310, 334, 331, 334, 349, 
18339, 336, 335, 335, 341, 
18370, 339, 340, 339, 329, 
18400, 339, 341, 340, 328, 
18430, 336, 336, 338, 339, 
18460, 333, 331, 335, 349, 
18491, 333, 333, 336, 344, 
18521, 339, 337, 338, 331, 
18550, 339, 341, 340, 326, 
18581, 336, 337, 338, 335, 
18611, 334, 332, 335, 347, 
18641, 334, 333, 334, 347, 
18671, 338, 337, 336, 335, 
18702, 340, 342, 341, 327, 
18732, 339, 339, 339, 332, 
18762, 335, 335, 336, 344, 
18792, 333, 331, 332, 349, 
18823, 336, 336, 337, 340, 
18852, 340, 341, 339, 328, 
18882, 339, 341, 340, 329, 
18913, 336, 336, 336, 341, 
18942, 334, 330, 334, 349, 
18973, 334, 334, 335, 342, 
19003, 339, 339, 338, 329, 
19034, 341, 342, 341, 325, 
19063, 337, 337, 338, 335, 
19094, 334, 331, 335, 346, 
19124, 334, 332, 334, 344, 
19154, 337, 337, 339, 334, 
19184, 340, 342, 340, 325, 
19214, 339, 339, 338, 331, 
19245, 334, 334, 335, 344, 
19274, 333, 333, 334, 347, 
19305, 336, 336, 336, 337, 
19335, 340, 342, 340, 326, 
19365, 339, 340, 339, 328, 
19395, 335, 335, 336, 340, 
19426, 333, 331, 333, 349, 
19456, 335, 334, 335, 341, 
19486, 338, 339, 339, 330, 
19516, 340, 341, 341, 326, 
19546, 336, 337, 338, 337, 
19576, 334, 332, 334, 347, 
19606, 333, 333, 333, 345, 
19637, 338, 338, 338, 333, 
19666, 340, 342, 341, 325, 
19697, 337, 338, 339, 333, 
19727, 334, 333, 335, 345, 
19758, 334, 331, 333, 347, 
19787, 336, 336, 336, 336, 
19818, 339, 341, 339, 325, 
19848, 338, 339, 338, 329, 
19877, 335, 334, 336, 341, 
19908, 334, 331, 333, 347, 
19938, 335, 334, 335, 339, 
19969, 339, 339, 339, 328, 
19998, 340, 341, 340, 327, 
20029, 336, 336, 337, 337, 
20059, 334, 331, 334, 347, 
20089, 334, 333, 335, 345, 
20119, 339, 338, 338, 332, 
20149, 339, 341, 340, 324, 
20179, 337, 338, 338, 334, 
20209, 334, 333, 335, 345, 
20240, 334, 331, 334, 346, 
20270, 337, 337, 337, 336, 
20300, 341, 341, 340, 327, 
20330, 339, 339, 339, 330, 
20361, 335, 335, 336, 342, 
20390, 333, 331, 334, 349, 
20421, 336, 335, 337, 339, 
20451, 339, 340, 339, 327, 
20481, 339, 341, 340, 327, 
20511, 336, 337, 337, 340, 
20541, 333, 331, 334, 349, 
20572, 335, 333, 335, 343, 
20601, 338, 339, 338, 331, 
20632, 340, 342, 340, 325, 
20662, 337, 338, 338, 335, 
20692, 334, 333, 335, 346, 
20722, 334, 332, 334, 346, 
20753, 336, 337, 337, 336, 
20783, 339, 342, 340, 327, 
20812, 338, 339, 340, 332, 
20843, 336, 334, 336, 343, 
20873, 333, 331, 334, 349, 
20903, 336, 335, 336, 340, 
20933, 339, 340, 339, 328, 
20964, 339, 341, 339, 327, 
20994, 335, 336, 337, 340, 
21024, 334, 331, 333, 349, 
21054, 334, 334, 335, 343, 
21085, 338, 339, 338, 332, 
21114, 340, 342, 340, 326, 
21144, 337, 338, 338, 336, 
21175, 333, 332, 335, 347, 
21204, 334, 332, 334, 347, 
21235, 336, 337, 337, 335, 
21265, 339, 342, 341, 326, 
21296, 337, 339, 339, 332, 
21325, 334, 334, 336, 343, 
21356, 333, 332, 334, 349, 
21386, 336, 334, 336, 339, 
21416, 338, 341, 339, 327, 
21446, 339, 341, 339, 329, 
21476, 336, 336, 338, 340, 
21507, 332, 331, 334, 349, 
21536, 335, 334, 335, 343, 
21567, 339, 339, 339, 331, 
21597, 339, 342, 340, 326, 
21627, 336, 338, 338, 336, 
21657, 333, 333, 334, 346, 
21688, 334, 332, 335, 346, 
21718, 337, 337, 337, 333, 
21748, 339, 343, 339, 325, 
21778, 338, 339, 339, 332, 
21808, 334, 334, 335, 344, 
21838, 333, 331, 334, 348, 
21868, 336, 337, 337, 338, 
21899, 339, 341, 338, 327, 
21928, 338, 341, 339, 329, 
21959, 335, 335, 336, 340, 
21989, 333, 331, 334, 349, 
22020, 334, 334, 335, 342, 
22049, 338, 340, 339, 331, 
22079, 339, 341, 340, 326, 
22110, 337, 338, 337, 337, 
22139, 333, 331, 336, 348, 
22170, 334, 333, 334, 345, 
22200, 337, 338, 338, 334, 
22231, 339, 342, 341, 325, 
22260, 338, 340, 340, 332, 
22291, 336, 334, 334, 344, 
22321, 334, 331, 334, 348, 
22351, 336, 336, 336, 337, 
22381, 339, 341, 340, 326, 
22411, 337, 340, 340, 330, 
22441, 334, 336, 336, 341, 
22471, 333, 332, 332, 349, 
22502, 335, 334, 335, 342, 
22532, 339, 340, 339, 330, 
22562, 338, 342, 339, 327, 
22592, 336, 337, 337, 337, 
22623, 333, 332, 334, 349, 
22652, 336, 335, 334, 345, 
22683, 337, 338, 338, 335, 
22713, 339, 342, 339, 325, 
22743, 337, 339, 338, 333, 
22773, 334, 333, 334, 346, 
22803, 333, 332, 333, 349, 
22834, 336, 337, 336, 338, 
22863, 339, 341, 339, 328, 
22894, 338, 340, 339, 331, 
22924, 335, 335, 336, 342, 
22955, 333, 331, 334, 349, 
22984, 335, 334, 335, 341, 
23015, 340, 340, 339, 329, 
23045, 339, 341, 340, 327, 
23074, 337, 337, 339, 338, 
23105, 333, 331, 333, 348, 
23135, 334, 333, 335, 346, 
23165, 337, 338, 338, 333, 
23195, 339, 342, 340, 326, 
23226, 337, 338, 337, 334, 
23256, 333, 333, 335, 345, 
23286, 333, 331, 334, 348, 
23316, 336, 336, 336, 337, 
23347, 339, 341, 339, 326, 
23376, 338, 340, 339, 330, 
23406, 335, 335, 336, 341, 
23437, 333, 331, 333, 349, 
23467, 335, 335, 335, 341, 
23497, 338, 341, 339, 328, 
23527, 339, 340, 339, 326, 
23558, 336, 336, 339, 338, 
23587, 333, 332, 334, 348, 
23618, 334, 332, 336, 344, 
23648, 338, 337, 339, 332, 
23678, 340, 342, 340, 325, 
23708, 337, 338, 338, 334, 
23738, 333, 333, 334, 346, 
23769, 334, 331, 334, 347, 
23798, 336, 337, 336, 337, 
23829, 339, 341, 340, 327, 
23859, 337, 340, 339, 332, 
23889, 335, 334, 335, 343, 
23919, 333, 331, 334, 350, 
23950, 336, 334, 335, 343, 
23980, 338, 340, 339, 329, 
24009, 338, 340, 340, 329, 
24040, 336, 336, 337, 339, 
24070, 332, 332, 334, 348, 
24100, 334, 333, 336, 344, 
24130, 338, 339, 338, 331, 
24161, 339, 341, 341, 326, 
24190, 337, 338, 338, 334, 
24221, 334, 332, 335, 346, 
24251, 332, 333, 334, 347, 
24282, 336, 337, 337, 335, 
24311, 339, 342, 340, 327, 
24341, 337, 339, 339, 332, 
24372, 334, 334, 337, 343, 
24401, 333, 332, 333, 349, 
24432, 335, 335, 336, 340, 
24462, 338, 340, 339, 328, 
24493, 339, 341, 341, 328, 
24522, 335, 336, 337, 340, 
24553, 333, 331, 334, 349, 
24583, 334, 334, 335, 344, 
24613, 337, 338, 338, 332, 
24643, 339, 342, 340, 326, 
24673, 337, 337, 338, 335, 
24704, 333, 332, 334, 347, 
24733, 334, 332, 334, 347, 
24764, 336, 337, 336, 336, 
24794, 339, 342, 340, 327, 
24824, 337, 339, 339, 332, 
24854, 334, 334, 336, 344, 
24885, 332, 331, 333, 350, 
24914, 335, 335, 336, 340, 
24945, 339, 340, 339, 329, 
24975, 338, 342, 339, 329, 
25005, 335, 336, 337, 340, 
25035, 333, 331, 334, 351, 
25065, 335, 333, 335, 344, 
25096, 338, 339, 338, 332, 
25125, 339, 343, 340, 327, 
25156, 337, 338, 338, 336, 
25186, 333, 332, 334, 348, 
25217, 333, 332, 334, 348, 
25246, 337, 337, 337, 336, 
25277, 339, 341, 340, 326, 
25307, 338, 340, 339, 334, 
25336, 335, 335, 336, 344, 
25367, 332, 331, 333, 350, 
25397, 335, 335, 336, 340, 
25427, 338, 341, 340, 328, 
25457, 338, 340, 340, 330, 
25488, 334, 336, 336, 341, 
25518, 333, 331, 333, 350, 
25548, 334, 333, 335, 344, 
25578, 337, 339, 338, 331, 
25609, 339, 341, 340, 327, 
25638, 336, 337, 338, 337, 
25668, 333, 332, 335, 349, 
25699, 334, 332, 335, 347, 
25729, 337, 337, 338, 335, 
25759, 339, 341, 340, 326, 
25789, 338, 339, 339, 333, 
25820, 334, 333, 335, 344, 
25849, 333, 331, 334, 348, 
25880, 336, 335, 336, 340, 
25910, 338, 341, 340, 327, 
25939, 338, 341, 339, 329, 
25970, 335, 335, 336, 341, 
26000, 333, 331, 333, 350, 
26031, 335, 334, 335, 342, 
26060, 338, 340, 339, 330, 
26091, 339, 341, 340, 327, 
26121, 336, 337, 338, 338, 
26151, 333, 332, 334, 348, 
26181, 334, 332, 335, 346, 
26212, 337, 338, 337, 334, 
26242, 340, 342, 341, 326, 
26271, 337, 338, 340, 334, 
26302, 334, 333, 335, 345, 
26332, 333, 331, 334, 348, 
26362, 336, 336, 336, 337, 
26392, 339, 341, 340, 327, 
26423, 338, 340, 339, 329, 
26452, 335, 334, 336, 342, 
26483, 333, 331, 334, 350, 
26513, 335, 335, 336, 343, 
26544, 338, 340, 339, 329, 
26573, 339, 341, 340, 328, 
26603, 338, 337, 337, 337, 
26634, 335, 332, 334, 348, 
26663, 333, 333, 334, 346, 
26694, 337, 338, 338, 333, 
26724, 340, 341, 341, 325, 
26755, 338, 338, 338, 333, 
26784, 335, 333, 335, 346, 
26815, 335, 331, 335, 349, 
26845, 338, 336, 337, 337, 
26875, 340, 341, 341, 327, 
26905, 339, 340, 339, 329, 
26935, 336, 335, 336, 342, 
26966, 334, 331, 334, 349, 
26995, 334, 334, 335, 341, 
27026, 339, 340, 340, 329, 
27056, 340, 341, 340, 327, 
27086, 336, 336, 336, 338, 
27116, 333, 331, 334, 348, 
27147, 334, 333, 335, 344, 
27176, 337, 338, 338, 333, 
27207, 339, 342, 340, 325, 
27237, 337, 338, 339, 334, 
27267, 334, 332, 335, 346, 
27297, 334, 331, 334, 347, 
27327, 336, 337, 337, 336, 
27358, 339, 341, 340, 326, 
27387, 338, 339, 339, 331, 
27418, 335, 334, 336, 342, 
27448, 334, 331, 335, 349, 
27479, 336, 335, 335, 340, 
27508, 338, 341, 339, 328, 
27539, 339, 341, 341, 328, 
27569, 335, 336, 337, 339, 
27598, 333, 331, 334, 349, 
27629, 335, 333, 335, 344, 
27659, 338, 338, 338, 331, 
27689, 339, 341, 341, 326, 
27719, 337, 337, 338, 336, 
27750, 334, 332, 334, 345, 
27780, 334, 330, 334, 345, 
27810, 337, 336, 336, 335, 
27840, 339, 342, 340, 325, 
27870, 338, 339, 339, 332, 
27900, 334, 333, 336, 343, 
27930, 333, 331, 334, 348, 
27961, 336, 336, 336, 340, 
27991, 340, 340, 340, 327, 
28021, 339, 341, 339, 328, 
28051, 335, 335, 336, 340, 
28082, 333, 330, 334, 349, 
28111, 334, 333, 335, 343, 
28142, 338, 339, 338, 331, 
28172, 339, 342, 340, 326, 
28201, 336, 338, 337, 336, 
28232, 334, 332, 335, 348, 
28262, 334, 332, 334, 345, 
28293, 337, 337, 339, 334, 
28322, 339, 341, 340, 326, 
28353, 337, 338, 338, 334, 
28383, 335, 333, 335, 345, 
28413, 334, 331, 333, 348, 
28443, 336, 335, 336, 338, 
28474, 339, 341, 340, 327, 
28504, 338, 341, 339, 329, 
28533, 335, 335, 336, 341, 
28564, 333, 330, 333, 350, 
28594, 335, 334, 336, 343, 
28624, 338, 340, 339, 329, 
28654, 339, 341, 340, 327, 
28685, 336, 338, 337, 337, 
28715, 333, 332, 334, 347, 
28745, 334, 333, 334, 345, 
28775, 337, 338, 338, 334, 
28806, 339, 341, 341, 325, 
28835, 336, 339, 339, 333, 
28865, 335, 333, 335, 345, 
28896, 333, 332, 334, 347, 
28925, 336, 336, 336, 337, 
28956, 340, 341, 340, 326, 
28986, 338, 339, 339, 331, 
29017, 335, 334, 336, 339, 
29046, 334, 331, 334, 348, 
29077, 335, 334, 335, 341, 
29107, 339, 340, 339, 329, 
29137, 338, 341, 340, 328, 
29167, 336, 336, 338, 337, 
29197, 333, 331, 334, 348, 
29228, 334, 334, 335, 344, 
29257, 338, 338, 338, 332, 
29288, 340, 342, 340, 326, 
29318, 337, 338, 338, 334, 
29348, 334, 334, 335, 346, 
29378, 333, 332, 334, 347, 
29409, 337, 337, 337, 336, 
29438, 339, 341, 340, 327, 
29469, 338, 340, 339, 331, 
29499, 335, 334, 335, 342, 
29529, 333, 331, 333, 350, 
29559, 335, 335, 336, 340, 
29589, 339, 340, 339, 328, 
29620, 339, 342, 340, 327, 
29649, 336, 336, 337, 339, 
29680, 333, 331, 334, 348, 
29710, 334, 333, 334, 343, 
29741, 338, 339, 339, 331, 
29770, 340, 342, 340, 324, 
29800, 338, 337, 339, 335, 
29831, 334, 332, 335, 347, 
29860, 335, 332, 334, 346, 
29891, 337, 337, 337, 334, 
29921, 340, 343, 340, 324, 
29952, 338, 339, 339, 331, 
29981, 335, 334, 335, 345, 
30012, 334, 330, 334, 349, 
30042, 336, 334, 336, 339, 
30072, 339, 341, 340, 327, 
30102, 339, 340, 339, 328, 
30132, 336, 334, 336, 340, 
30162, 333, 331, 334, 350, 
30192, 335, 335, 336, 343, 
30223, 338, 338, 339, 330, 
30253, 339, 341, 340, 326, 
30283, 337, 337, 338, 336, 
30313, 334, 332, 334, 347, 
30344, 334, 333, 334, 347, 
30373, 337, 338, 338, 335, 
30404, 339, 342, 340, 326, 
30434, 337, 339, 338, 333, 
30464, 334, 333, 335, 345, 
30494, 333, 331, 333, 349, 
30524, 337, 336, 336, 338, 
30555, 339, 342, 340, 327, 
30584, 338, 340, 340, 330, 
30615, 335, 335, 336, 342, 
30645, 333, 331, 334, 349, 
30675, 335, 334, 335, 341, 
30705, 338, 340, 338, 329, 
30736, 339, 341, 340, 326, 
30766, 336, 336, 339, 338, 
30795, 334, 331, 334, 349, 
30826, 334, 333, 335, 344, 
30856, 338, 339, 338, 332, 
30886, 340, 342, 339, 326, 
30916, 339, 338, 338, 333, 
30947, 334, 333, 335, 347, 
30977, 333, 332, 334, 348, 
31007, 337, 336, 338, 338, 
31037, 340, 341, 340, 326, 
31068, 338, 340, 339, 330, 
31097, 335, 337, 336, 342, 
31127, 334, 332, 333, 348, 
31158, 335, 334, 337, 340, 
31187, 339, 340, 339, 328, 
31218, 339, 342, 340, 327, 
31248, 336, 336, 337, 338, 
31279, 333, 332, 334, 348, 
31308, 334, 333, 336, 344, 
31339, 338, 339, 337, 333, 
31369, 339, 341, 341, 326, 
31399, 337, 337, 338, 335, 
31429, 335, 332, 336, 347, 
31459, 334, 331, 334, 346, 
31490, 337, 337, 337, 335, 
31519, 339, 341, 339, 325, 
31550, 338, 340, 339, 331, 
31580, 334, 334, 335, 344, 
31610, 333, 331, 334, 349, 
31640, 336, 337, 336, 339, 
31671, 339, 341, 340, 327, 
31700, 339, 340, 340, 330, 
31730, 335, 336, 337, 340, 
31761, 333, 331, 334, 349, 
31791, 334, 334, 336, 343, 
31821, 339, 339, 338, 331, 
31851, 339, 341, 340, 327, 
31882, 336, 338, 337, 337, 
31911, 333, 332, 334, 348, 
31942, 334, 333, 334, 346, 
31972, 337, 338, 337, 334, 
32003, 339, 342, 340, 326, 
32032, 337, 338, 338, 333, 
32062, 334, 333, 336, 345, 
32093, 334, 331, 335, 348, 
32122, 336, 336, 336, 338, 
32153, 339, 341, 339, 326, 
32183, 338, 340, 339, 329, 
32214, 335, 335, 337, 342, 
32243, 333, 331, 334, 349, 
32274, 335, 334, 335, 341, 
32304, 338, 340, 339, 329, 
32334, 339, 341, 339, 326, 
32364, 336, 337, 337, 337, 
32394, 334, 332, 334, 347, 
32424, 334, 333, 335, 345, 
32454, 337, 339, 338, 332, 
32485, 339, 342, 340, 325, 
32515, 337, 338, 338, 334, 
32545, 334, 332, 335, 345, 
32575, 333, 332, 334, 347, 
32606, 336, 337, 337, 336, 
32635, 339, 340, 340, 326, 
32666, 338, 339, 339, 330, 
32696, 335, 334, 336, 343, 
32726, 334, 331, 334, 349, 
32756, 335, 334, 335, 341, 
32786, 339, 340, 339, 329, 
32817, 339, 340, 340, 327, 
32846, 336, 336, 337, 340, 
32877, 334, 331, 333, 348, 
32907, 335, 334, 335, 345, 
32937, 338, 339, 338, 331, 
32967, 338, 342, 340, 326, 
32998, 336, 338, 338, 335, 
33028, 333, 332, 334, 347, 
33057, 333, 332, 334, 347, 
33088, 339, 337, 337, 336, 
33118, 339, 342, 340, 326, 
33148, 337, 340, 339, 331, 
33178, 334, 334, 336, 344, 
33209, 333, 331, 334, 348, 
33239, 336, 335, 336, 339, 
33269, 340, 342, 340, 328, 
33299, 338, 340, 339, 328, 
33330, 335, 335, 337, 340, 
33359, 333, 331, 334, 349, 
33389, 334, 335, 335, 342, 
33420, 341, 339, 339, 329, 
33449, 339, 342, 340, 326, 
33480, 336, 337, 338, 337, 
33510, 333, 332, 334, 347, 
33541, 334, 332, 334, 346, 
33570, 337, 337, 337, 333, 
33601, 339, 342, 341, 325, 
33631, 337, 338, 338, 331, 
33660, 334, 333, 335, 345, 
33691, 333, 331, 335, 348, 
33721, 336, 336, 336, 338, 
33752, 339, 340, 340, 327, 
33781, 338, 340, 339, 330, 
33812, 335, 334, 335, 341, 
33842, 333, 332, 333, 349, 
33872, 335, 335, 336, 341, 
33902, 338, 340, 339, 329, 
33933, 339, 341, 340, 327, 
33963, 336, 336, 337, 338, 
33992, 333, 331, 334, 349, 
34023, 335, 333, 335, 344, 
34053, 337, 338, 338, 332, 
34083, 339, 342, 340, 326, 
34113, 337, 337, 338, 335, 
34144, 333, 333, 335, 346, 
34173, 335, 332, 334, 347, 
34204, 336, 336, 337, 336, 
34234, 339, 341, 340, 326, 
34265, 338, 339, 338, 331, 
34294, 334, 334, 335, 342, 
34324, 333, 333, 333, 349, 
34355, 335, 335, 335, 339, 
34384, 338, 340, 339, 328, 
34415, 339, 341, 339, 328, 
34445, 335, 335, 336, 339, 
34476, 332, 330, 335, 349, 
34505, 334, 334, 335, 343, 
34536, 338, 339, 337, 330, 
34566, 338, 341, 339, 327, 
34596, 336, 337, 338, 336, 
34626, 333, 332, 334, 348, 
34656, 333, 332, 334, 347, 
34686, 336, 337, 337, 335, 
34716, 339, 341, 339, 326, 
34747, 337, 339, 339, 332, 
34777, 334, 333, 335, 345, 
34807, 333, 331, 334, 349, 
34837, 336, 336, 336, 339, 
34868, 339, 341, 339, 327, 
34897, 336, 340, 339, 330, 
34928, 335, 335, 336, 341, 
34958, 332, 331, 334, 349, 
34988, 334, 333, 336, 342, 
35018, 338, 339, 339, 329, 
35048, 338, 341, 340, 326, 
35079, 337, 337, 338, 337, 
35108, 333, 330, 334, 347, 
35139, 334, 333, 334, 345, 
35169, 337, 338, 338, 333, 
35200, 339, 341, 340, 326, 
35229, 337, 339, 340, 334, 
35260, 334, 333, 336, 346, 
35290, 335, 332, 334, 348, 
35319, 335, 337, 335, 338, 
35350, 339, 341, 340, 326, 
35380, 338, 340, 339, 331, 
35410, 335, 335, 336, 343, 
35440, 332, 331, 335, 350, 
35471, 336, 335, 335, 341, 
35501, 338, 340, 339, 329, 
35531, 338, 339, 340, 328, 
35561, 337, 336, 337, 339, 
35591, 334, 332, 333, 350, 
35621, 334, 333, 336, 344, 
35651, 337, 340, 338, 332, 
35682, 339, 342, 340, 326, 
35712, 337, 338, 339, 335, 
35742, 333, 332, 334, 347, 
35772, 334, 332, 334, 347, 
35803, 337, 337, 338, 336, 
35832, 339, 342, 340, 327, 
35863, 337, 339, 339, 333, 
35893, 334, 334, 338, 344, 
35922, 333, 331, 334, 349, 
35953, 335, 336, 336, 340, 
35983, 339, 341, 340, 328, 
36014, 338, 340, 339, 329, 
36043, 335, 335, 336, 341, 
36074, 333, 332, 333, 350, 
36104, 334, 335, 336, 344, 
36134, 339, 339, 338, 331, 
36164, 339, 341, 340, 327, 
36195, 336, 338, 337, 339, 
36225, 333, 332, 334, 349, 
36254, 333, 333, 334, 347, 
36285, 338, 338, 337, 335, 
36315, 339, 343, 339, 327, 
36345, 337, 339, 339, 334, 
36375, 335, 334, 336, 346, 
36406, 333, 332, 334, 349, 
36435, 336, 336, 336, 339, 
36466, 340, 341, 339, 327, 
36496, 337, 340, 338, 330, 
36527, 335, 335, 337, 343, 
36556, 333, 331, 334, 351, 
36586, 336, 334, 336, 342, 
36617, 338, 339, 339, 330, 
36646, 340, 341, 340, 327, 
36677, 336, 336, 338, 338, 
36707, 333, 331, 334, 349, 
36738, 334, 333, 335, 345, 
36767, 338, 338, 338, 333, 
36798, 339, 340, 340, 326, 
36828, 338, 338, 339, 335, 
36858, 333, 332, 335, 347, 
36888, 334, 331, 334, 348, 
36918, 337, 337, 337, 337, 
36948, 340, 341, 340, 327, 
36978, 338, 340, 340, 331, 
37009, 335, 334, 337, 343, 
37039, 333, 331, 334, 349, 
37069, 335, 335, 336, 340, 
37099, 338, 340, 339, 328, 
37130, 340, 341, 339, 329, 
37159, 336, 336, 337, 339, 
37190, 333, 331, 334, 349, 
37220, 334, 333, 335, 343, 
37250, 338, 339, 339, 331, 
37280, 339, 341, 340, 326, 
37310, 336, 337, 339, 337, 
37341, 333, 333, 335, 347, 
37370, 334, 331, 335, 347, 
37401, 337, 337, 338, 335, 
37431, 340, 341, 341, 326, 
37462, 337, 339, 339, 332, 
37491, 335, 333, 336, 346, 
37521, 333, 332, 334, 349, 
37552, 336, 335, 337, 338, 
37581, 339, 341, 339, 327, 
37612, 339, 340, 339, 328, 
37642, 336, 335, 335, 340, 
37672, 334, 331, 333, 349, 
37702, 335, 334, 335, 343, 
37733, 339, 341, 339, 329, 
37763, 340, 341, 340, 327, 
37793, 337, 337, 338, 336, 
37823, 334, 333, 334, 348, 
37853, 334, 333, 335, 346, 
37883, 338, 338, 338, 333, 
37913, 340, 342, 340, 325, 
37944, 337, 339, 339, 333, 
37974, 335, 333, 335, 345, 
38004, 333, 331, 334, 348, 
38034, 336, 336, 337, 337, 
38065, 340, 341, 339, 327, 
38094, 338, 341, 339, 330, 
38125, 335, 334, 336, 342, 
38155, 334, 331, 334, 349, 
38184, 336, 335, 336, 341, 
38215, 339, 340, 339, 329, 
38245, 338, 341, 340, 327, 
38276, 336, 336, 337, 338, 
38305, 334, 332, 334, 348, 
38336, 335, 333, 335, 344, 
38366, 338, 339, 338, 331, 
38396, 340, 341, 340, 326, 
38426, 337, 338, 339, 335, 
38457, 333, 333, 335, 347, 
38487, 333, 332, 334, 347, 
38516, 337, 336, 337, 336, 
38547, 340, 341, 340, 326, 
38577, 339, 340, 339, 332, 
38607, 334, 334, 336, 344, 
38637, 334, 331, 334, 349, 
38668, 336, 335, 336, 339, 
38697, 340, 340, 339, 328, 
38728, 338, 341, 340, 330, 
38758, 336, 336, 337, 340, 
38789, 333, 331, 333, 349, 
38818, 335, 333, 335, 343, 
38848, 338, 339, 339, 331, 
38879, 339, 341, 340, 326, 
38908, 336, 338, 338, 336, 
38939, 334, 332, 334, 348, 
38969, 333, 332, 334, 347, 
39000, 337, 337, 337, 334, 
39029, 340, 342, 340, 326, 
39060, 338, 339, 339, 333, 
39090, 334, 333, 335, 345, 
39120, 333, 331, 333, 349, 
39150, 336, 335, 336, 339, 
39180, 339, 342, 339, 327, 
39211, 338, 340, 340, 329, 
39240, 336, 335, 336, 341, 
39271, 333, 331, 334, 351, 
39301, 335, 334, 336, 342, 
39331, 338, 340, 339, 329, 
39361, 338, 341, 340, 327, 
39392, 336, 337, 337, 338, 
39421, 333, 331, 334, 349, 
39451, 334, 333, 335, 345, 
39482, 337, 338, 338, 333, 
39512, 339, 341, 340, 326, 
39542, 337, 339, 338, 334, 
39572, 334, 333, 335, 346, 
39603, 334, 331, 334, 347, 
39632, 336, 337, 337, 336, 
39663, 339, 341, 340, 326, 
39693, 338, 339, 339, 331, 
39724, 334, 335, 336, 343, 
39753, 333, 331, 334, 350, 
39783, 335, 334, 336, 341, 
39814, 339, 340, 339, 328, 
39843, 338, 341, 340, 329, 
39874, 336, 336, 337, 339, 
39904, 333, 331, 334, 349, 
39934, 334, 333, 335, 344, 
39964, 338, 339, 338, 332, 
39995, 339, 342, 340, 326, 
40025, 337, 338, 338, 336, 
40055, 333, 332, 334, 348, 
40085, 333, 331, 334, 348, 
40115, 337, 336, 338, 337, 
40145, 339, 341, 340, 327, 
40175, 338, 339, 339, 332, 
40206, 334, 334, 336, 344, 
40236, 333, 332, 333, 350, 
40266, 335, 336, 336, 340, 
40296, 339, 340, 340, 328, 
40327, 337, 340, 339, 329, 
40356, 336, 334, 336, 341, 
40387, 331, 331, 333, 350, 
40417, 334, 334, 335, 343, 
40446, 338, 339, 338, 332, 
40477, 339, 342, 340, 328, 
40507, 337, 337, 337, 338, 
40538, 333, 332, 336, 350, 
40567, 334, 333, 335, 348, 
40598, 337, 337, 337, 335, 
40628, 339, 341, 340, 326, 
40658, 337, 339, 339, 334, 
40688, 334, 333, 335, 346, 
40719, 333, 331, 334, 349, 
40749, 336, 336, 337, 338, 
40778, 339, 341, 340, 327, 
40809, 337, 340, 339, 330, 
40839, 334, 334, 335, 342, 
40869, 333, 331, 332, 349, 
40899, 335, 334, 336, 342, 
40930, 339, 340, 339, 330, 
40960, 339, 342, 340, 328, 
40990, 337, 337, 337, 339, 
41020, 333, 332, 335, 351, 
41051, 335, 334, 334, 346, 
41080, 337, 338, 338, 334, 
41110, 339, 342, 340, 327, 
41141, 337, 339, 339, 335, 
41170, 333, 333, 335, 347, 
41201, 333, 332, 335, 349, 
41231, 338, 338, 337, 337, 
41262, 339, 341, 340, 327, 
41291, 338, 340, 339, 331, 
41322, 335, 334, 336, 345, 
41352, 334, 331, 335, 349, 
41381, 336, 335, 336, 340, 
41412, 338, 340, 338, 328, 
41442, 339, 340, 339, 328, 
41473, 336, 337, 337, 339, 
41502, 333, 331, 334, 348, 
41533, 334, 333, 335, 343, 
41563, 338, 339, 338, 330, 
41593, 339, 341, 340, 326, 
41623, 337, 338, 337, 335, 
41654, 334, 333, 335, 346, 
41683, 334, 332, 334, 348, 
41713, 337, 337, 338, 334, 
41744, 340, 341, 340, 325, 
41774, 337, 340, 339, 331, 
41804, 334, 333, 335, 344, 
41834, 334, 331, 333, 348, 
41865, 336, 336, 336, 338, 
41894, 340, 341, 339, 327, 
41925, 338, 340, 340, 330, 
41955, 335, 336, 336, 341, 
41986, 333, 331, 334, 349, 
42015, 336, 334, 335, 343, 
42045, 339, 339, 339, 330, 
42076, 339, 342, 340, 326, 
42105, 337, 337, 338, 336, 
42136, 335, 332, 334, 348, 
42166, 334, 332, 334, 346, 
42196, 339, 337, 337, 333, 
42226, 339, 342, 340, 325, 
42257, 337, 339, 339, 333, 
42287, 335, 333, 335, 345, 
42317, 333, 330, 334, 347, 
42347, 336, 336, 336, 338, 
42377, 339, 341, 340, 326, 
42407, 338, 340, 339, 330, 
42437, 335, 335, 336, 341, 
42468, 333, 331, 334, 350, 
42498, 335, 334, 335, 341, 
42528, 339, 340, 340, 328, 
42558, 340, 341, 340, 326, 
42589, 336, 336, 338, 337, 
42618, 334, 332, 334, 347, 
42649, 335, 334, 335, 344, 
42679, 338, 338, 338, 333, 
42708, 339, 343, 340, 325, 
42739, 338, 338, 338, 334, 
42769, 334, 333, 336, 345, 
42800, 334, 333, 334, 347, 
42829, 337, 337, 337, 336, 
42860, 339, 341, 340, 325, 
42890, 338, 340, 339, 330, 
42920, 335, 334, 336, 342, 
42950, 333, 331, 334, 348, 
42981, 336, 334, 337, 339, 
43011, 340, 340, 339, 328, 
43040, 338, 341, 339, 327, 
43071, 336, 335, 337, 338, 
43101, 333, 331, 334, 348, 
43131, 334, 333, 336, 343, 
43161, 339, 339, 339, 330, 
43192, 339, 341, 340, 325, 
43222, 336, 337, 338, 335, 
43252, 334, 332, 335, 346, 
43282, 334, 332, 334, 346, 
43312, 337, 337, 338, 334, 
43342, 339, 341, 340, 325, 
43372, 337, 339, 339, 332, 
43403, 334, 334, 336, 344, 
43432, 333, 331, 334, 349, 
43463, 336, 335, 336, 338, 
43493, 339, 341, 340, 327, 
43524, 338, 340, 340, 328, 
43553, 335, 335, 336, 340, 
43584, 333, 331, 334, 349, 
43614, 335, 334, 335, 342, 
43643, 339, 341, 339, 329, 
43674, 339, 341, 341, 326, 
43704, 336, 338, 337, 336, 
43735, 333, 331, 334, 347, 
43764, 335, 333, 334, 345, 
43795, 337, 338, 337, 332, 
43825, 340, 342, 340, 325, 
43855, 337, 338, 338, 333, 
43885, 334, 333, 335, 344, 
43916, 334, 331, 335, 347, 
43945, 337, 336, 337, 336, 
43975, 339, 341, 340, 325, 
44006, 339, 340, 340, 330, 
44036, 334, 334, 336, 341, 
44066, 333, 331, 334, 348, 
44096, 336, 335, 337, 341, 
44127, 340, 339, 340, 329, 
44156, 338, 341, 341, 327, 
44187, 336, 336, 338, 338, 
44217, 333, 331, 334, 348, 
44248, 334, 333, 334, 343, 
44277, 337, 338, 338, 332, 
44307, 339, 341, 339, 325, 
44338, 337, 338, 339, 335, 
44367, 334, 332, 336, 347, 
44398, 335, 332, 335, 347, 
44428, 337, 337, 337, 335, 
44459, 340, 341, 341, 325, 
44488, 339, 339, 339, 331, 
44519, 335, 334, 336, 343, 
44549, 334, 331, 333, 349, 
44579, 337, 335, 336, 339, 
44609, 339, 341, 340, 327, 
44639, 339, 341, 339, 328, 
44669, 335, 335, 337, 339, 
44699, 332, 331, 334, 349, 
44730, 336, 333, 335, 343, 
44760, 339, 339, 338, 330, 
44790, 339, 342, 340, 326, 
44820, 337, 337, 338, 336, 
44851, 332, 332, 335, 348, 
44880, 334, 332, 334, 346, 
44911, 337, 338, 338, 334, 
44941, 340, 342, 340, 326, 
44971, 338, 339, 338, 332, 
45001, 334, 334, 336, 345, 
45031, 333, 331, 335, 349, 
45062, 336, 336, 336, 338, 
45091, 339, 341, 340, 327, 
45122, 339, 341, 339, 329, 
45152, 335, 335, 336, 341, 
45182, 333, 331, 334, 349, 
45212, 335, 334, 335, 342, 
45242, 338, 340, 340, 329, 
45273, 340, 342, 340, 327, 
45302, 337, 336, 337, 337, 
45333, 334, 332, 334, 348, 
45363, 334, 332, 334, 345, 
45393, 338, 338, 339, 333, 
45423, 340, 342, 341, 325, 
45454, 337, 338, 338, 334, 
45484, 334, 332, 335, 346, 
45514, 334, 331, 334, 348, 
45544, 336, 336, 337, 337, 
45574, 339, 341, 340, 326, 
45604, 339, 339, 340, 331, 
45634, 335, 334, 337, 343, 
45665, 334, 330, 334, 350, 
45694, 336, 335, 336, 340, 
45725, 339, 340, 339, 329, 
45755, 338, 340, 339, 328, 
45786, 335, 336, 338, 339, 
45815, 333, 331, 334, 349, 
45846, 335, 333, 334, 344, 
45876, 338, 339, 339, 330, 
45905, 339, 342, 340, 325, 
45936, 335, 338, 337, 335, 
45966, 333, 332, 334, 347, 
45997, 334, 332, 334, 347, 
46026, 337, 337, 337, 335, 
46057, 339, 341, 340, 324, 
46087, 338, 340, 339, 331, 
46117, 334, 333, 336, 344, 
46147, 333, 331, 333, 349, 
46178, 336, 335, 336, 339, 
46208, 339, 341, 340, 327, 
46237, 337, 340, 340, 329, 
46268, 336, 335, 336, 340, 
