09, 339, 341, 340, 328, 
82339, 336
82219, 334, 331, 334, 349, 
82248, 335, 335, 336, 341, 
82279, 339, 340, 340, 329, 
82309, 339, 341, 340, 328, 
82339, 3360, 336, 337, 337, 331, 
1, 336, 335, 336, 336, 
2, 334, 333, 334, 342, 
11, 339, 341, 340, 329, 
37, 333, 332, 335, 350, 
65, 339, 340, 339, 330, 
92, 336, 338, 338, 339, 
119, 334, 333, 334, 346, 
147, 341, 342, 340, 328, 
175, 334, 337, 338, 340, 
203, 334, 333, 333, 350, 
231, 339, 342, 340, 330, 
260, 337, 339, 339, 336, 
287, 334, 332, 335, 351, 
316, 339, 340, 339, 333, 
344, 337, 340, 340, 333, 
371, 333, 331, 334, 350, 
400, 337, 337, 337, 336, 
428, 339, 341, 340, 330, 
456, 333, 331, 335, 348, 
484, 336, 336, 336, 339, 
512, 339, 341, 342, 328, 
540, 334, 333, 336, 346, 
568, 335, 335, 337, 343, 
596, 340, 341, 341, 327, 
624, 335, 335, 337, 343, 
653, 334, 333, 334, 346, 
680, 340, 342, 340, 328, 
708, 336, 336, 338, 340, 
737, 334, 333, 335, 349, 
764, 340, 341, 340, 330, 
793, 337, 339, 339, 336, 
821, 333, 332, 333, 350, 
849, 338, 340, 338, 333, 
877, 338, 340, 339, 333, 
905, 333, 331, 332, 350, 
933, 337, 338, 337, 336, 
961, 339, 340, 340, 330, 
990, 333, 332, 334, 349, 
1017, 336, 336, 336, 338, 
1046, 340, 342, 340, 327, 
1076, 336, 337, 338, 338, 
1104, 333, 331, 333, 351, 
1134, 336, 337, 336, 339, 
1163, 339, 342, 341, 327, 
1192, 336, 335, 337, 339, 
1221, 333, 331, 334, 351, 
1251, 336, 337, 337, 339, 
1280, 339, 342, 340, 328, 
1308, 336, 336, 337, 342, 
1338, 334, 331, 333, 352, 
1367, 336, 337, 337, 338, 
1396, 339, 342, 340, 329, 
1425, 335, 336, 337, 343, 
1455, 333, 331, 333, 352, 
1483, 336, 338, 337, 338, 
1512, 338, 341, 340, 329, 
1542, 335, 335, 336, 344, 
1570, 333, 332, 335, 351, 
1600, 337, 338, 338, 336, 
1629, 340, 342, 341, 329, 
1658, 336, 335, 336, 344, 
1687, 333, 333, 334, 350, 
1717, 337, 338, 338, 335, 
1745, 339, 341, 340, 330, 
1774, 335, 335, 337, 345, 
1804, 334, 333, 334, 349, 
1832, 338, 340, 339, 334, 
1862, 339, 341, 341, 330, 
1891, 335, 334, 336, 346, 
1921, 334, 332, 334, 348, 
1949, 338, 339, 339, 332, 
1978, 340, 341, 340, 330, 
2008, 336, 334, 336, 346, 
2036, 334, 332, 334, 347, 
2066, 339, 340, 339, 331, 
2095, 340, 340, 341, 330, 
2124, 334, 334, 336, 346, 
2153, 336, 333, 335, 346, 
2183, 339, 340, 339, 330, 
2211, 339, 340, 340, 331, 
2240, 334, 333, 336, 346, 
2270, 335, 333, 335, 345, 
2298, 340, 341, 340, 330, 
2328, 339, 340, 340, 331, 
2357, 334, 332, 334, 348, 
2386, 335, 334, 335, 345, 
2415, 339, 342, 340, 329, 
2444, 338, 340, 340, 332, 
2473, 334, 333, 335, 348, 
2502, 334, 333, 335, 343, 
2532, 340, 341, 340, 328, 
2561, 338, 340, 340, 332, 
2590, 335, 332, 335, 348, 
2619, 336, 335, 335, 342, 
2649, 340, 342, 341, 326, 
2677, 339, 339, 340, 333, 
2706, 333, 332, 334, 348, 
2736, 335, 334, 335, 341, 
2764, 340, 342, 340, 325, 
2794, 337, 339, 339, 333, 
2823, 334, 331, 335, 348, 
2852, 336, 335, 336, 340, 
2881, 340, 342, 341, 325, 
2910, 338, 338, 339, 334, 
2939, 334, 331, 335, 348, 
2968, 336, 336, 337, 339, 
2998, 340, 343, 341, 325, 
3026, 337, 338, 340, 335, 
3056, 334, 331, 334, 349, 
3085, 336, 336, 336, 338, 
3115, 340, 342, 341, 326, 
3143, 337, 337, 338, 336, 
3172, 334, 331, 333, 349, 
3202, 338, 337, 337, 337, 
3230, 340, 342, 341, 326, 
3260, 337, 337, 339, 337, 
3289, 334, 332, 334, 350, 
3318, 337, 337, 337, 336, 
3347, 340, 343, 342, 325, 
3376, 336, 336, 338, 338, 
3405, 333, 332, 334, 349, 
3434, 337, 337, 337, 336, 
3464, 339, 342, 341, 326, 
3492, 336, 336, 337, 337, 
3522, 333, 331, 334, 348, 
3551, 337, 337, 337, 335, 
3580, 340, 340, 341, 325, 
3609, 337, 336, 337, 340, 
3638, 334, 331, 333, 348, 
3667, 337, 338, 337, 334, 
3696, 339, 341, 342, 326, 
3726, 336, 335, 336, 341, 
3755, 334, 333, 335, 348, 
3784, 337, 339, 338, 334, 
3813, 339, 342, 340, 327, 
3842, 335, 334, 336, 342, 
3871, 334, 332, 334, 348, 
3900, 338, 338, 338, 333, 
3930, 339, 341, 341, 328, 
3958, 335, 334, 335, 343, 
3988, 334, 332, 334, 348, 
4017, 338, 340, 338, 332, 
4046, 339, 341, 341, 328, 
4075, 335, 335, 336, 343, 
4104, 335, 333, 334, 347, 
4133, 338, 339, 339, 331, 
4162, 339, 341, 340, 329, 
4192, 334, 333, 336, 344, 
4220, 334, 332, 334, 346, 
4250, 339, 341, 340, 332, 
4279, 339, 340, 340, 329, 
4307, 334, 334, 335, 345, 
4337, 334, 333, 335, 346, 
4366, 339, 340, 339, 329, 
4396, 340, 340, 340, 330, 
4424, 334, 333, 335, 346, 
4454, 335, 333, 334, 346, 
4483, 340, 340, 340, 330, 
4512, 338, 341, 340, 331, 
4541, 334, 332, 336, 347, 
4570, 334, 333, 336, 345, 
4599, 339, 341, 339, 329, 
4628, 338, 340, 341, 332, 
4658, 334, 332, 335, 348, 
4686, 336, 334, 334, 344, 
4716, 339, 341, 338, 328, 
4745, 338, 339, 339, 333, 
4773, 335, 332, 335, 349, 
4803, 335, 334, 335, 342, 
4832, 339, 341, 340, 327, 
4861, 339, 339, 340, 333, 
4890, 334, 332, 335, 349, 
4920, 336, 335, 335, 342, 
4948, 340, 342, 340, 328, 
4978, 338, 339, 340, 335, 
5007, 333, 332, 335, 351, 
5036, 335, 335, 335, 342, 
5065, 339, 342, 340, 327, 
5094, 337, 339, 339, 336, 
5124, 333, 332, 334, 350, 
5152, 335, 335, 336, 341, 
5182, 339, 342, 341, 326, 
5211, 337, 338, 339, 336, 
5239, 334, 331, 335, 349, 
5269, 336, 335, 336, 340, 
5298, 339, 342, 342, 327, 
5327, 338, 337, 338, 337, 
5356, 334, 331, 333, 350, 
5386, 336, 336, 336, 339, 
5414, 340, 342, 340, 327, 
5444, 337, 337, 338, 337, 
5473, 333, 332, 334, 349, 
5501, 335, 336, 337, 338, 
5531, 340, 342, 341, 326, 
5560, 336, 336, 338, 338, 
5590, 333, 330, 334, 349, 
5618, 335, 338, 336, 337, 
5648, 340, 342, 341, 327, 
5677, 337, 336, 338, 338, 
5705, 333, 332, 335, 349, 
5735, 337, 337, 337, 336, 
5764, 339, 342, 341, 326, 
5793, 336, 336, 337, 340, 
5822, 334, 332, 334, 349, 
5852, 335, 338, 338, 336, 
5880, 340, 342, 341, 326, 
5910, 337, 336, 337, 340, 
5939, 334, 332, 334, 348, 
5967, 337, 338, 336, 334, 
5997, 339, 342, 341, 326, 
6026, 336, 335, 337, 341, 
6055, 333, 332, 334, 348, 
6084, 339, 339, 338, 333, 
6114, 340, 341, 341, 326, 
6142, 336, 335, 337, 342, 
6171, 334, 332, 334, 347, 
6201, 338, 339, 339, 332, 
6230, 338, 342, 341, 327, 
6259, 336, 335, 337, 342, 
6288, 334, 332, 334, 346, 
6318, 338, 339, 338, 331, 
6346, 340, 341, 340, 328, 
6376, 338, 334, 336, 343, 
6405, 334, 333, 334, 346, 
6433, 338, 341, 338, 331, 
6463, 340, 341, 340, 328, 
6492, 335, 334, 336, 344, 
6521, 335, 333, 334, 347, 
6550, 339, 340, 339, 332, 
6580, 339, 341, 340, 329, 
6608, 335, 334, 337, 345, 
6637, 334, 333, 335, 345, 
6667, 340, 340, 339, 330, 
6695, 339, 340, 340, 330, 
6725, 335, 333, 336, 346, 
6754, 334, 334, 336, 345, 
6784, 338, 341, 340, 330, 
6812, 338, 341, 341, 331, 
6842, 334, 333, 335, 346, 
6871, 334, 333, 335, 344, 
6899, 339, 341, 339, 328, 
6929, 338, 339, 340, 331, 
6958, 334, 332, 335, 347, 
6987, 334, 334, 335, 344, 
7016, 340, 341, 341, 328, 
7046, 339, 339, 340, 332, 
7074, 334, 332, 334, 347, 
7103, 335, 334, 335, 342, 
7133, 339, 341, 340, 327, 
7161, 338, 339, 340, 334, 
7191, 332, 332, 335, 348, 
7220, 335, 334, 336, 342, 
7249, 340, 341, 339, 326, 
7278, 338, 340, 339, 334, 
7308, 334, 332, 334, 349, 
7336, 335, 335, 335, 341, 
7365, 340, 342, 340, 327, 
7395, 337, 338, 338, 334, 
7424, 334, 332, 334, 349, 
7453, 336, 335, 336, 342, 
7482, 340, 342, 340, 327, 
7512, 337, 339, 340, 337, 
7540, 334, 332, 334, 350, 
7569, 335, 335, 335, 340, 
7599, 339, 342, 341, 327, 
7627, 337, 338, 338, 337, 
7657, 333, 331, 333, 350, 
7686, 336, 335, 336, 340, 
7715, 339, 342, 340, 326, 
7744, 336, 337, 339, 338, 
7774, 333, 331, 334, 351, 
7802, 336, 336, 336, 340, 
7831, 339, 341, 341, 328, 
7861, 335, 337, 338, 339, 
7889, 333, 331, 334, 350, 
7919, 336, 337, 337, 339, 
7948, 339, 343, 341, 327, 
7977, 336, 336, 338, 340, 
8006, 333, 331, 334, 351, 
8035, 336, 337, 338, 338, 
8065, 339, 342, 341, 327, 
8093, 336, 336, 338, 340, 
8123, 333, 332, 333, 350, 
8152, 337, 338, 338, 336, 
8181, 339, 342, 341, 327, 
8210, 335, 337, 337, 341, 
8240, 333, 332, 334, 350, 
8268, 337, 338, 338, 336, 
8297, 340, 343, 341, 328, 
8327, 336, 335, 337, 342, 
8355, 333, 332, 335, 351, 
8385, 339, 339, 340, 334, 
8414, 340, 341, 341, 328, 
8443, 336, 335, 337, 342, 
8472, 334, 334, 334, 348, 
8501, 337, 338, 338, 333, 
8530, 339, 341, 341, 327, 
8559, 335, 335, 336, 343, 
8589, 333, 332, 334, 348, 
8617, 338, 339, 339, 333, 
8647, 339, 341, 340, 328, 
8676, 335, 333, 336, 344, 
8706, 334, 332, 334, 347, 
8734, 339, 341, 340, 332, 
8763, 339, 339, 341, 329, 
8793, 335, 334, 336, 345, 
8821, 334, 331, 334, 347, 
8851, 338, 340, 340, 332, 
8880, 339, 341, 340, 330, 
8909, 335, 334, 335, 346, 
8938, 334, 333, 335, 346, 
8967, 339, 340, 339, 331, 
8996, 339, 341, 340, 329, 
9025, 335, 333, 335, 347, 
9055, 335, 333, 334, 346, 
9083, 339, 340, 339, 330, 
9113, 339, 340, 339, 331, 
9142, 334, 333, 335, 347, 
9171, 335, 333, 335, 345, 
9200, 338, 340, 339, 329, 
9229, 338, 339, 339, 332, 
9259, 334, 333, 335, 348, 
9287, 335, 333, 334, 345, 
9317, 339, 341, 340, 329, 
9346, 338, 341, 339, 333, 
9375, 334, 332, 335, 348, 
9404, 335, 334, 335, 344, 
9433, 339, 341, 340, 328, 
9462, 338, 339, 339, 334, 
9491, 333, 332, 334, 349, 
9521, 335, 333, 335, 343, 
9549, 339, 342, 340, 329, 
9579, 338, 338, 340, 335, 
9608, 333, 332, 334, 350, 
9637, 335, 335, 335, 342, 
9666, 339, 341, 340, 328, 
9695, 337, 338, 339, 336, 
9724, 334, 331, 334, 350, 
9753, 336, 335, 336, 342, 
9783, 339, 341, 340, 327, 
9811, 337, 338, 339, 336, 
9841, 334, 332, 333, 350, 
9870, 335, 335, 335, 340, 
9899, 339, 342, 340, 326, 
9928, 337, 338, 338, 335, 
9957, 333, 331, 334, 349, 
9987, 336, 336, 335, 340, 
10015, 340, 342, 340, 326, 
10046, 338, 339, 339, 333, 
10076, 334, 333, 335, 345, 
10106, 334, 332, 334, 350, 
10136, 335, 336, 336, 338, 
10167, 339, 341, 340, 327, 
10196, 338, 340, 340, 330, 
10226, 335, 335, 336, 342, 
10257, 333, 332, 333, 350, 
10287, 335, 335, 336, 341, 
10317, 339, 340, 340, 328, 
10347, 339, 342, 340, 327, 
10378, 336, 336, 337, 339, 
10407, 333, 331, 334, 349, 
10438, 335, 333, 334, 344, 
10468, 338, 338, 338, 333, 
10498, 338, 341, 341, 326, 
10528, 337, 337, 338, 336, 
10558, 334, 332, 334, 347, 
10589, 334, 332, 334, 347, 
10618, 337, 338, 337, 334, 
10649, 340, 342, 341, 326, 
10679, 338, 339, 339, 333, 
10710, 334, 334, 336, 345, 
10739, 333, 331, 333, 349, 
10770, 336, 336, 337, 338, 
10800, 339, 341, 340, 327, 
10829, 338, 340, 340, 331, 
10860, 335, 334, 337, 343, 
10890, 334, 331, 333, 350, 
10920, 335, 335, 336, 341, 
10950, 339, 341, 339, 329, 
10981, 339, 341, 341, 328, 
11011, 336, 336, 338, 339, 
11041, 333, 332, 334, 350, 
11071, 335, 333, 334, 343, 
11102, 338, 339, 338, 332, 
11131, 339, 342, 340, 327, 
11161, 338, 338, 338, 336, 
11192, 334, 332, 334, 348, 
11222, 334, 332, 334, 346, 
11252, 337, 339, 338, 334, 
11282, 339, 342, 341, 325, 
11313, 338, 339, 339, 332, 
11342, 334, 333, 335, 345, 
11373, 334, 330, 335, 347, 
11403, 336, 336, 336, 336, 
11433, 339, 342, 340, 326, 
11463, 338, 341, 340, 330, 
11493, 335, 334, 336, 342, 
11524, 333, 331, 333, 349, 
11553, 335, 335, 336, 341, 
11584, 340, 340, 339, 328, 
11614, 339, 341, 340, 328, 
11644, 335, 336, 337, 339, 
11674, 333, 331, 334, 349, 
11705, 335, 333, 334, 343, 
11735, 339, 339, 338, 331, 
11765, 339, 341, 341, 327, 
11795, 337, 337, 338, 337, 
11825, 332, 332, 334, 349, 
11855, 334, 333, 334, 346, 
11885, 337, 338, 337, 334, 
11916, 341, 342, 340, 325, 
11945, 337, 339, 340, 334, 
11976, 334, 333, 335, 347, 
12006, 332, 332, 334, 348, 
12037, 336, 337, 336, 338, 
12066, 341, 342, 340, 328, 
12097, 338, 339, 340, 332, 
12127, 335, 334, 337, 343, 
12156, 334, 331, 334, 350, 
12187, 334, 335, 335, 341, 
12217, 339, 340, 339, 328, 
12248, 339, 341, 340, 327, 
12277, 336, 336, 337, 339, 
12308, 334, 332, 334, 349, 
12338, 335, 334, 334, 343, 
12368, 338, 340, 338, 331, 
12398, 339, 341, 341, 326, 
12428, 337, 337, 338, 336, 
12459, 335, 332, 334, 348, 
12488, 334, 333, 334, 346, 
12519, 336, 338, 338, 333, 
12549, 340, 342, 341, 327, 
12579, 338, 339, 339, 333, 
12609, 334, 333, 336, 345, 
12640, 335, 331, 335, 348, 
12669, 337, 336, 336, 336, 
12700, 340, 342, 339, 326, 
12730, 339, 340, 339, 331, 
12760, 335, 334, 336, 342, 
12790, 333, 331, 333, 349, 
12820, 336, 336, 336, 339, 
12851, 339, 341, 339, 328, 
12880, 339, 341, 340, 329, 
12911, 336, 336, 337, 339, 
12941, 333, 331, 335, 349, 
12972, 334, 333, 335, 343, 
13001, 339, 341, 338, 331, 
13032, 340, 341, 342, 326, 
13062, 337, 337, 339, 338, 
13091, 335, 332, 334, 348, 
13122, 335, 333, 335, 345, 
13152, 338, 338, 337, 333, 
13182, 341, 342, 340, 326, 
13212, 337, 339, 339, 334, 
13243, 334, 333, 335, 345, 
13273, 335, 332, 334, 347, 
13303, 336, 336, 337, 336, 
13333, 340, 342, 341, 326, 
13364, 339, 340, 339, 330, 
13393, 335, 335, 336, 343, 
13423, 334, 331, 334, 349, 
13454, 337, 335, 336, 340, 
13484, 339, 341, 339, 328, 
13514, 339, 341, 340, 329, 
13544, 336, 336, 337, 342, 
13575, 334, 331, 334, 349, 
13604, 335, 334, 335, 343, 
13635, 340, 340, 339, 331, 
13665, 339, 342, 341, 327, 
13696, 336, 337, 338, 338, 
13725, 334, 332, 335, 348, 
13755, 334, 333, 334, 346, 
13786, 338, 338, 338, 334, 
13815, 341, 342, 339, 326, 
13846, 337, 338, 339, 334, 
13876, 334, 333, 336, 347, 
13906, 335, 332, 332, 348, 
13936, 338, 337, 336, 337, 
13967, 340, 342, 340, 326, 
13997, 340, 340, 341, 332, 
14027, 334, 335, 336, 344, 
14057, 334, 332, 334, 349, 
14087, 337, 337, 336, 340, 
14117, 339, 341, 340, 328, 
14147, 340, 341, 340, 330, 
14178, 337, 336, 337, 342, 
14208, 332, 331, 335, 350, 
14238, 335, 335, 335, 345, 
14268, 338, 340, 339, 331, 
14299, 339, 341, 341, 327, 
14328, 337, 337, 337, 338, 
14358, 334, 333, 334, 349, 
14389, 334, 333, 334, 346, 
14418, 339, 339, 338, 333, 
14449, 340, 342, 342, 327, 
14479, 338, 338, 339, 335, 
14510, 334, 333, 335, 347, 
14539, 335, 332, 335, 349, 
14570, 338, 338, 338, 336, 
14600, 340, 342, 341, 326, 
14630, 338, 339, 340, 332, 
14660, 335, 334, 336, 344, 
14690, 334, 331, 334, 349, 
14721, 337, 336, 336, 338, 
14750, 339, 341, 341, 327, 
14781, 338, 340, 340, 329, 
14811, 336, 336, 336, 340, 
14841, 334, 331, 333, 349, 
14871, 336, 334, 334, 342, 
14902, 340, 340, 339, 329, 
14931, 341, 342, 341, 327, 
14962, 336, 337, 338, 339, 
14992, 333, 332, 333, 349, 
15022, 334, 333, 333, 345, 
15052, 339, 339, 338, 332, 
15082, 342, 342, 341, 326, 
15113, 337, 339, 339, 335, 
15142, 334, 333, 335, 347, 
15173, 334, 332, 335, 347, 
15203, 337, 337, 337, 335, 
15234, 340, 342, 340, 327, 
15263, 339, 339, 339, 332, 
15294, 334, 333, 336, 344, 
15324, 334, 330, 334, 349, 
15353, 337, 336, 336, 339, 
15384, 339, 341, 340, 327, 
15414, 339, 340, 341, 329, 
15444, 336, 335, 336, 341, 
15474, 334, 332, 334, 349, 
15505, 335, 335, 335, 342, 
15535, 339, 340, 339, 329, 
15565, 339, 341, 341, 327, 
15595, 336, 336, 338, 339, 
15626, 334, 331, 335, 349, 
15655, 334, 333, 335, 344, 
15685, 338, 339, 338, 332, 
15716, 339, 342, 341, 327, 
15746, 337, 338, 338, 336, 
15776, 334, 332, 335, 348, 
15806, 335, 333, 334, 348, 
15837, 338, 338, 337, 335, 
15866, 339, 342, 341, 326, 
15897, 338, 339, 340, 333, 
15927, 334, 333, 336, 345, 
15958, 333, 333, 334, 348, 
15987, 337, 336, 336, 338, 
16017, 339, 341, 341, 326, 
16048, 339, 340, 340, 331, 
16077, 336, 334, 338, 343, 
16108, 333, 331, 335, 349, 
16138, 336, 335, 336, 341, 
16168, 340, 341, 340, 328, 
16198, 340, 341, 340, 327, 
16229, 336, 336, 338, 340, 
16259, 334, 331, 335, 349, 
16288, 335, 334, 335, 345, 
16319, 338, 340, 339, 331, 
16349, 340, 342, 341, 327, 
16379, 337, 337, 339, 335, 
16409, 335, 332, 334, 348, 
16440, 335, 333, 334, 346, 
16470, 339, 338, 337, 334, 
16500, 340, 342, 342, 327, 
16530, 338, 339, 340, 334, 
16561, 334, 333, 335, 346, 
16590, 334, 332, 334, 350, 
16620, 336, 337, 336, 337, 
16651, 339, 342, 341, 327, 
16680, 339, 340, 341, 332, 
16711, 335, 334, 336, 344, 
16741, 333, 331, 335, 351, 
16772, 335, 335, 336, 341, 
16801, 339, 340, 340, 329, 
16832, 339, 341, 339, 331, 
16862, 336, 336, 337, 341, 
16892, 334, 332, 335, 350, 
16922, 335, 334, 337, 345, 
16952, 339, 340, 339, 331, 
16983, 339, 341, 342, 328, 
17012, 337, 337, 338, 338, 
17043, 334, 332, 334, 349, 
17073, 335, 334, 335, 346, 
17103, 338, 338, 339, 335, 
17133, 339, 342, 341, 326, 
17164, 338, 338, 339, 335, 
17193, 334, 332, 336, 348, 
17224, 334, 332, 334, 347, 
17254, 337, 338, 337, 337, 
17284, 340, 342, 341, 327, 
17314, 339, 339, 339, 332, 
17344, 334, 335, 336, 344, 
17375, 333, 331, 334, 349, 
17404, 336, 336, 336, 340, 
17435, 340, 341, 340, 328, 
17465, 339, 341, 340, 331, 
17496, 335, 335, 338, 341, 
17525, 333, 330, 334, 351, 
17556, 335, 334, 336, 343, 
17586, 339, 340, 339, 330, 
17615, 339, 341, 340, 327, 
17646, 337, 336, 339, 340, 
17676, 333, 331, 334, 349, 
17707, 334, 333, 335, 345, 
17736, 338, 339, 338, 332, 
17767, 339, 342, 341, 326, 
17797, 338, 339, 339, 336, 
17827, 335, 332, 336, 349, 
17857, 334, 333, 334, 347, 
17888, 337, 339, 338, 336, 
17917, 340, 342, 340, 326, 
17947, 338, 339, 339, 335, 
17978, 335, 334, 335, 346, 
18008, 333, 331, 334, 350, 
18038, 337, 336, 336, 338, 
18068, 339, 341, 339, 328, 
18099, 338, 340, 341, 332, 
18128, 335, 334, 336, 343, 
18159, 333, 332, 333, 350, 
18189, 335, 335, 336, 342, 
18219, 339, 340, 339, 329, 
18249, 339, 342, 341, 328, 
18279, 336, 336, 337, 339, 
18310, 333, 331, 334, 349, 
18339, 335, 334, 335, 342, 
18370, 338, 340, 339, 332, 
18400, 339, 341, 341, 326, 
18430, 337, 337, 338, 336, 
18460, 334, 332, 334, 348, 
18491, 335, 332, 334, 347, 
18521, 338, 338, 338, 335, 
18550, 340, 342, 341, 326, 
18581, 338, 339, 339, 333, 
18611, 334, 333, 335, 346, 
18641, 334, 332, 333, 348, 
18671, 337, 337, 336, 337, 
18702, 339, 342, 340, 327, 
18732, 338, 340, 341, 331, 
18762, 335, 335, 336, 342, 
18792, 333, 331, 333, 349, 
18823, 337, 335, 336, 340, 
18852, 339, 341, 340, 328, 
18882, 339, 341, 340, 329, 
18913, 337, 336, 338, 341, 
18942, 333, 331, 334, 349, 
18973, 335, 334, 335, 343, 
19003, 338, 340, 339, 330, 
19034, 339, 342, 341, 326, 
19063, 337, 337, 338, 338, 
19094, 334, 333, 334, 349, 
19124, 334, 333, 334, 346, 
19154, 338, 338, 338, 333, 
19184, 340, 342, 341, 326, 
19214, 337, 337, 340, 335, 
19245, 334, 333, 335, 347, 
19274, 334, 332, 334, 348, 
19305, 337, 337, 337, 336, 
19335, 340, 342, 341, 326, 
19365, 337, 339, 340, 332, 
19395, 335, 334, 335, 345, 
19426, 333, 331, 334, 350, 
19456, 337, 336, 337, 340, 
19486, 339, 342, 340, 328, 
19516, 339, 341, 340, 330, 
19546, 336, 335, 337, 343, 
19576, 334, 332, 335, 350, 
19606, 335, 335, 335, 343, 
19637, 340, 341, 340, 331, 
19666, 339, 342, 341, 328, 
19697, 336, 337, 338, 340, 
19727, 334, 331, 334, 349, 
19758, 334, 333, 333, 345, 
19787, 338, 339, 338, 332, 
19818, 339, 342, 341, 327, 
19848, 337, 338, 338, 335, 
19877, 334, 334, 334, 347, 
19908, 333, 332, 334, 348, 
19938, 337, 337, 337, 336, 
19969, 340, 342, 340, 326, 
19998, 338, 340, 338, 333, 
20029, 334, 333, 335, 345, 
20059, 334, 332, 333, 349, 
20089, 336, 336, 336, 338, 
20119, 339, 341, 339, 328, 
20149, 339, 340, 340, 332, 
20179, 336, 335, 336, 343, 
20209, 333, 329, 333, 349, 
20240, 336, 335, 335, 341, 
20270, 339, 340, 339, 329, 
20300, 339, 341, 341, 329, 
20330, 337, 337, 337, 340, 
20361, 333, 332, 335, 350, 
20390, 335, 334, 335, 344, 
20421, 338, 339, 338, 333, 
20451, 340, 341, 341, 327, 
20481, 337, 337, 338, 336, 
20511, 334, 332, 334, 348, 
20541, 334, 333, 334, 347, 
20572, 337, 338, 338, 334, 
20601, 340, 342, 341, 326, 
20632, 338, 339, 340, 334, 
20662, 335, 333, 336, 345, 
20692, 334, 332, 334, 349, 
20722, 337, 337, 337, 338, 
20753, 340, 342, 341, 328, 
20783, 339, 340, 340, 331, 
20812, 335, 334, 336, 344, 
20843, 334, 331, 334, 349, 
20873, 336, 336, 336, 341, 
20903, 339, 341, 340, 329, 
20933, 339, 341, 340, 329, 
20964, 336, 335, 338, 341, 
20994, 333, 331, 334, 349, 
21024, 335, 334, 335, 343, 
21054, 338, 340, 339, 331, 
21085, 339, 341, 341, 328, 
21114, 337, 338, 338, 337, 
21144, 333, 332, 334, 348, 
21175, 334, 333, 334, 345, 
21204, 338, 339, 338, 333, 
21235, 340, 342, 341, 327, 
21265, 337, 338, 339, 335, 
21296, 334, 333, 336, 346, 
21325, 334, 332, 333, 347, 
21356, 337, 337, 336, 337, 
21386, 340, 341, 340, 326, 
21416, 338, 339, 340, 333, 
21446, 335, 334, 336, 345, 
21476, 334, 331, 335, 350, 
21507, 336, 336, 336, 340, 
21536, 339, 341, 340, 328, 
21567, 339, 341, 340, 330, 
21597, 335, 335, 337, 342, 
21627, 333, 331, 334, 350, 
21657, 336, 334, 336, 343, 
21688, 339, 340, 340, 330, 
21718, 339, 341, 340, 327, 
21748, 336, 338, 336, 339, 
21778, 333, 332, 334, 349, 
21808, 335, 334, 335, 345, 
21838, 338, 338, 338, 333, 
21868, 340, 342, 341, 327, 
21899, 339, 338, 338, 336, 
21928, 333, 332, 334, 348, 
21959, 334, 332, 333, 347, 
21989, 336, 338, 337, 336, 
22020, 340, 342, 341, 327, 
22049, 338, 339, 340, 334, 
22079, 334, 333, 335, 346, 
22110, 334, 331, 335, 348, 
22139, 336, 336, 337, 338, 
22170, 339, 341, 340, 328, 
22200, 339, 341, 340, 331, 
22231, 336, 334, 336, 343, 
22260, 333, 331, 333, 350, 
22291, 335, 334, 336, 342, 
22321, 339, 341, 339, 329, 
22351, 339, 341, 340, 330, 
22381, 336, 337, 337, 340, 
22411, 333, 331, 334, 350, 
22441, 335, 334, 335, 344, 
22471, 339, 339, 340, 331, 
22502, 339, 342, 341, 327, 
22532, 337, 337, 339, 336, 
22562, 333, 333, 334, 348, 
22592, 335, 333, 334, 346, 
22623, 337, 338, 337, 335, 
22652, 340, 342, 341, 326, 
22683, 338, 338, 339, 336, 
22713, 333, 333, 336, 346, 
22743, 334, 333, 334, 348, 
22773, 337, 336, 337, 336, 
22803, 340, 342, 340, 326, 
22834, 339, 340, 340, 330, 
22863, 335, 335, 336, 343, 
22894, 334, 332, 334, 349, 
22924, 336, 335, 336, 340, 
22955, 338, 342, 339, 327, 
22984, 339, 340, 340, 329, 
23015, 336, 336, 337, 341, 
23045, 334, 330, 334, 349, 
23074, 337, 335, 335, 342, 
23105, 339, 340, 339, 330, 
23135, 341, 343, 341, 327, 
23165, 337, 337, 338, 337, 
23195, 334, 332, 334, 348, 
23226, 334, 333, 334, 345, 
23256, 339, 338, 338, 333, 
23286, 340, 342, 341, 326, 
23316, 338, 339, 338, 334, 
23347, 334, 332, 335, 346, 
23376, 334, 333, 334, 348, 
23406, 337, 337, 337, 336, 
23437, 340, 341, 340, 327, 
23467, 338, 340, 339, 333, 
23497, 335, 334, 336, 344, 
23527, 334, 332, 334, 349, 
23558, 336, 336, 336, 339, 
23587, 339, 341, 340, 328, 
23618, 339, 342, 340, 330, 
23648, 336, 336, 337, 341, 
23678, 333, 332, 334, 349, 
23708, 335, 334, 336, 342, 
23738, 339, 342, 340, 329, 
23769, 339, 341, 339, 327, 
23798, 335, 337, 338, 338, 
23829, 333, 331, 334, 349, 
23859, 335, 334, 335, 345, 
23889, 339, 339, 338, 332, 
23919, 340, 342, 341, 326, 
23950, 337, 338, 340, 336, 
23980, 334, 332, 336, 347, 
24009, 334, 333, 334, 346, 
24040, 337, 338, 337, 335, 
24070, 340, 342, 342, 327, 
24100, 338, 342, 340, 333, 
24130, 334, 334, 336, 346, 
24161, 334, 332, 334, 349, 
24190, 336, 335, 336, 339, 
24221, 339, 343, 340, 327, 
24251, 340, 340, 340, 330, 
24282, 335, 334, 336, 342, 
24311, 333, 331, 334, 349, 
24341, 336, 334, 336, 341, 
24372, 338, 341, 340, 329, 
24401, 339, 341, 340, 328, 
24432, 336, 336, 338, 339, 
24462, 333, 331, 335, 350, 
24493, 335, 333, 335, 345, 
24522, 338, 339, 340, 332, 
24553, 339, 342, 341, 326, 
24583, 337, 339, 338, 336, 
24613, 334, 332, 334, 348, 
24643, 335, 333, 333, 347, 
24673, 337, 338, 339, 335, 
24704, 341, 343, 341, 326, 
24733, 338, 339, 339, 333, 
24764, 334, 333, 336, 345, 
24794, 334, 332, 334, 348, 
24824, 337, 336, 337, 338, 
24854, 340, 341, 341, 327, 
24885, 339, 340, 340, 331, 
24914, 335, 334, 337, 343, 
24945, 333, 331, 334, 350, 
24975, 336, 335, 335, 341, 
25005, 339, 341, 339, 329, 
25035, 339, 342, 341, 329, 
25065, 336, 336, 337, 340, 
25096, 334, 332, 333, 349, 
25125, 334, 334, 335, 343, 
25156, 339, 339, 338, 331, 
25186, 340, 341, 340, 327, 
25217, 337, 337, 338, 338, 
25246, 334, 333, 334, 348, 
25277, 335, 333, 334, 347, 
25307, 338, 338, 338, 334, 
25336, 339, 342, 340, 326, 
25367, 337, 338, 339, 334, 
25397, 333, 333, 336, 347, 
25427, 334, 332, 335, 348, 
25457, 337, 337, 337, 337, 
25488, 338, 343, 341, 326, 
25518, 338, 339, 340, 331, 
25548, 335, 334, 336, 344, 
25578, 333, 331, 335, 349, 
25609, 336, 335, 336, 340, 
25638, 338, 341, 340, 328, 
25668, 339, 342, 340, 329, 
25699, 336, 335, 337, 341, 
25729, 334, 331, 334, 350, 
25759, 335, 334, 335, 343, 
25789, 339, 340, 339, 330, 
25820, 339, 341, 341, 327, 
25849, 337, 337, 338, 337, 
25880, 333, 331, 334, 350, 
25910, 335, 333, 334, 345, 
25939, 338, 338, 338, 333, 
25970, 340, 342, 340, 326, 
26000, 337, 338, 339, 335, 
26031, 333, 332, 334, 347, 
26060, 334, 332, 334, 347, 
26091, 337, 337, 337, 336, 
26121, 339, 341, 341, 325, 
26151, 338, 340, 339, 331, 
26181, 334, 334, 336, 344, 
26212, 334, 333, 333, 348, 
26242, 336, 335, 336, 338, 
26271, 339, 341, 340, 327, 
26302, 338, 340, 340, 329, 
26332, 334, 336, 337, 341, 
26362, 333, 331, 334, 349, 
26392, 335, 334, 335, 341, 
26423, 339, 340, 339, 329, 
26452, 339, 341, 340, 327, 
26483, 336, 336, 337, 338, 
26513, 334, 331, 334, 348, 
26544, 334, 333, 334, 344, 
26573, 339, 339, 339, 332, 
26603, 340, 342, 341, 327, 
26634, 337, 338, 339, 335, 
26663, 334, 332, 335, 347, 
26694, 334, 332, 334, 346, 
26724, 337, 337, 337, 335, 
26755, 340, 342, 340, 325, 
26784, 337, 339, 340, 331, 
26815, 334, 334, 336, 344, 
26845, 333, 331, 334, 348, 
26875, 336, 336, 336, 338, 
26905, 340, 341, 340, 328, 
26935, 339, 340, 340, 330, 
26966, 335, 334, 337, 342, 
26995, 333, 331, 334, 349, 
27026, 335, 335, 336, 341, 
27056, 339, 341, 340, 328, 
27086, 339, 341, 340, 328, 
27116, 336, 337, 337, 339, 
27147, 333, 331, 334, 349, 
27176, 335, 334, 335, 343, 
27207, 338, 339, 339, 332, 
27237, 339, 342, 341, 326, 
27267, 337, 337, 338, 336, 
27297, 335, 332, 334, 347, 
27327, 334, 332, 334, 347, 
27358, 337, 338, 337, 334, 
27387, 339, 342, 340, 326, 
27418, 337, 339, 339, 333, 
27448, 334, 333, 335, 346, 
27479, 334, 332, 334, 347, 
27508, 338, 336, 336, 337, 
27539, 339, 342, 340, 326, 
27569, 338, 340, 339, 330, 
27598, 335, 335, 336, 343, 
27629, 334, 331, 334, 349, 
27659, 336, 335, 335, 340, 
27689, 339, 341, 340, 329, 
27719, 339, 341, 341, 329, 
27750, 335, 336, 337, 340, 
27780, 334, 331, 334, 349, 
27810, 335, 334, 335, 342, 
27840, 338, 340, 339, 330, 
27870, 338, 341, 341, 327, 
27900, 337, 337, 338, 337, 
27930, 333, 332, 334, 349, 
27961, 334, 333, 334, 345, 
27991, 338, 338, 338, 333, 
28021, 341, 342, 340, 325, 
28051, 338, 338, 339, 333, 
28082, 335, 333, 336, 346, 
28111, 334, 332, 334, 348, 
28142, 337, 337, 337, 336, 
28172, 339, 342, 340, 326, 
28201, 338, 340, 340, 332, 
28232, 335, 333, 336, 344, 
28262, 334, 332, 334, 348, 
28293, 336, 336, 337, 339, 
28322, 340, 343, 340, 328, 
28353, 339, 340, 341, 329, 
28383, 335, 335, 337, 341, 
28413, 333, 331, 333, 349, 
28443, 335, 334, 335, 343, 
28474, 339, 340, 339, 329, 
28504, 339, 342, 340, 327, 
28533, 336, 337, 338, 338, 
28564, 334, 332, 334, 348, 
28594, 335, 333, 335, 345, 
28624, 338, 339, 338, 332, 
28654, 339, 342, 341, 326, 
28685, 337, 338, 339, 335, 
28715, 334, 331, 335, 347, 
28745, 334, 332, 334, 347, 
28775, 337, 337, 336, 335, 
28806, 340, 342, 340, 326, 
28835, 339, 339, 339, 332, 
28865, 335, 333, 335, 344, 
28896, 334, 331, 333, 349, 
28925, 336, 336, 336, 338, 
28956, 340, 341, 340, 327, 
28986, 338, 340, 339, 330, 
29017, 335, 335, 337, 343, 
29046, 334, 333, 333, 349, 
29077, 335, 335, 335, 341, 
29107, 340, 341, 340, 329, 
29137, 339, 341, 340, 328, 
29167, 336, 336, 337, 339, 
29197, 333, 331, 334, 350, 
29228, 335, 333, 335, 344, 
29257, 338, 340, 339, 332, 
29288, 339, 341, 340, 327, 
29318, 337, 337, 338, 337, 
29348, 334, 332, 335, 349, 
29378, 334, 333, 334, 347, 
29409, 338, 338, 338, 335, 
29438, 340, 342, 340, 326, 
29469, 338, 339, 339, 333, 
29499, 334, 333, 334, 345, 
29529, 333, 331, 334, 348, 
29559, 336, 337, 339, 337, 
29589, 339, 342, 340, 326, 
29620, 338, 339, 340, 330, 
29649, 334, 334, 336, 343, 
29680, 333, 331, 334, 349, 
29710, 336, 335, 335, 340, 
29741, 339, 341, 339, 329, 
29770, 340, 342, 340, 329, 
29800, 336, 334, 337, 340, 
29831, 333, 332, 334, 350, 
29860, 335, 334, 336, 343, 
29891, 339, 340, 339, 331, 
29921, 338, 342, 341, 327, 
29952, 337, 337, 338, 338, 
29981, 333, 332, 336, 348, 
30012, 335, 333, 335, 346, 
30042, 338, 338, 339, 334, 
30072, 340, 342, 341, 327, 
30102, 337, 339, 339, 335, 
30132, 334, 334, 335, 346, 
30162, 334, 332, 334, 349, 
30192, 337, 338, 337, 337, 
30223, 340, 342, 341, 329, 
30253, 338, 338, 339, 332, 
30283, 335, 334, 337, 345, 
30313, 333, 331, 333, 350, 
30344, 335, 336, 337, 340, 
30373, 338, 341, 340, 328, 
30404, 339, 341, 341, 330, 
30434, 336, 335, 337, 342, 
30464, 333, 331, 333, 350, 
30494, 335, 335, 336, 342, 
30524, 338, 340, 339, 329, 
30555, 339, 342, 340, 328, 
30584, 337, 337, 338, 340, 
30615, 333, 331, 334, 349, 
30645, 335, 334, 335, 345, 
30675, 338, 340, 338, 333, 
30705, 339, 342, 341, 327, 
30736, 338, 338, 339, 336, 
30766, 335, 332, 335, 348, 
30795, 335, 332, 334, 347, 
30826, 336, 336, 337, 336, 
30856, 340, 342, 342, 326, 
30886, 338, 339, 340, 333, 
30916, 335, 334, 337, 345, 
30947, 333, 331, 334, 349, 
30977, 337, 336, 336, 339, 
31007, 340, 341, 340, 327, 
31037, 339, 342, 340, 330, 
31068, 335, 336, 336, 342, 
31097, 333, 331, 335, 349, 
31127, 335, 335, 335, 342, 
31158, 339, 340, 340, 329, 
31187, 340, 342, 341, 329, 
31218, 336, 336, 338, 339, 
31248, 335, 332, 334, 350, 
31279, 335, 334, 335, 344, 
31308, 338, 339, 339, 332, 
31339, 339, 342, 341, 327, 
31369, 337, 338, 339, 337, 
31399, 334, 332, 335, 348, 
31429, 335, 333, 335, 346, 
31459, 338, 338, 337, 334, 
31490, 340, 342, 341, 326, 
31519, 339, 339, 339, 334, 
31550, 335, 333, 335, 346, 
31580, 334, 332, 334, 348, 
31610, 337, 337, 336, 338, 
31640, 341, 343, 341, 327, 
31671, 339, 340, 340, 331, 
31700, 336, 334, 336, 343, 
31730, 333, 331, 333, 350, 
31761, 336, 336, 336, 341, 
31791, 339, 341, 340, 329, 
31821, 339, 341, 339, 328, 
31851, 336, 335, 338, 340, 
31882, 332, 330, 334, 350, 
31911, 335, 334, 335, 343, 
31942, 338, 339, 340, 330, 
31972, 342, 341, 340, 328, 
32003, 338, 337, 338, 337, 
32032, 332, 332, 334, 348, 
32062, 334, 334, 335, 346, 
32093, 338, 339, 339, 333, 
32122, 340, 342, 341, 326, 
32153, 339, 338, 338, 334, 
32183, 334, 333, 335, 346, 
32214, 334, 332, 335, 347, 
32243, 338, 339, 337, 337, 
32274, 339, 343, 341, 326, 
32304, 340, 340, 340, 332, 
32334, 335, 334, 336, 344, 
32364, 333, 332, 334, 349, 
32394, 336, 336, 336, 339, 
32424, 340, 341, 340, 329, 
32454, 339, 342, 339, 330, 
32485, 337, 335, 338, 341, 
32515, 334, 331, 334, 350, 
32545, 335, 334, 335, 342, 
32575, 338, 340, 340, 328, 
32606, 339, 342, 340, 328, 
32635, 336, 336, 338, 339, 
32666, 333, 331, 334, 349, 
32696, 334, 333, 334, 344, 
32726, 338, 339, 338, 332, 
32756, 339, 342, 340, 326, 
32786, 338, 337, 338, 336, 
32817, 334, 332, 335, 348, 
32846, 334, 334, 335, 347, 
32877, 337, 338, 338, 335, 
32907, 340, 342, 342, 326, 
32937, 338, 339, 339, 333, 
32967, 334, 333, 336, 345, 
32998, 334, 332, 334, 348, 
33028, 336, 336, 336, 339, 
33057, 339, 342, 341, 327, 
33088, 338, 340, 339, 331, 
33118, 335, 335, 336, 343, 
33148, 334, 331, 334, 350, 
33178, 335, 335, 336, 341, 
33209, 339, 341, 339, 329, 
33239, 339, 342, 341, 329, 
33269, 336, 336, 338, 340, 
33299, 334, 331, 334, 350, 
33330, 336, 334, 335, 344, 
33359, 338, 339, 340, 331, 
33389, 340, 341, 341, 327, 
33420, 336, 337, 339, 337, 
33449, 333, 332, 334, 348, 
33480, 334, 333, 335, 346, 
33510, 338, 339, 338, 334, 
33541, 340, 343, 342, 326, 
33570, 337, 338, 339, 333, 
33601, 335, 333, 336, 347, 
33631, 333, 332, 334, 348, 
33660, 337, 337, 336, 337, 
33691, 340, 342, 340, 325, 
33721, 339, 340, 340, 332, 
33752, 335, 335, 336, 344, 
33781, 333, 331, 333, 349, 
33812, 336, 336, 336, 340, 
33842, 339, 341, 340, 329, 
33872, 339, 341, 341, 330, 
33902, 337, 335, 337, 342, 
33933, 333, 331, 334, 349, 
33963, 336, 334, 335, 342, 
33992, 339, 340, 339, 330, 
34023, 338, 341, 341, 328, 
34053, 336, 336, 338, 339, 
34083, 334, 332, 334, 350, 
34113, 335, 333, 335, 345, 
34144, 338, 339, 338, 333, 
34173, 339, 342, 340, 325, 
34204, 336, 338, 339, 336, 
34234, 332, 332, 335, 348, 
34265, 334, 332, 334, 347, 
34294, 337, 338, 336, 335, 
34324, 340, 342, 340, 326, 
34355, 339, 339, 339, 332, 
34384, 334, 333, 336, 346, 
34415, 333, 332, 334, 349, 
34445, 336, 336, 336, 339, 
34476, 339, 341, 340, 328, 
34505, 338, 340, 341, 330, 
34536, 335, 335, 337, 343, 
34566, 333, 331, 334, 350, 
34596, 337, 335, 336, 341, 
34626, 340, 341, 340, 329, 
34656, 339, 341, 341, 328, 
34686, 337, 336, 337, 341, 
34716, 333, 331, 334, 349, 
34747, 335, 334, 335, 345, 
34777, 338, 340, 339, 330, 
34807, 340, 341, 342, 327, 
34837, 337, 337, 338, 336, 
34868, 334, 331, 335, 348, 
34897, 336, 333, 334, 347, 
34928, 338, 338, 338, 334, 
34958, 340, 343, 341, 326, 
34988, 338, 339, 339, 334, 
35018, 333, 333, 335, 346, 
35048, 334, 332, 335, 348, 
35079, 338, 337, 337, 337, 
35108, 340, 342, 341, 328, 
35139, 339, 340, 340, 331, 
35169, 335, 334, 335, 344, 
35200, 334, 331, 334, 349, 
35229, 336, 335, 336, 340, 
35260, 339, 341, 340, 328, 
35290, 340, 341, 341, 329, 
35319, 337, 336, 337, 341, 
35350, 334, 332, 334, 350, 
35380, 335, 335, 335, 344, 
35410, 339, 340, 340, 330, 
35440, 339, 342, 339, 326, 
35471, 336, 337, 338, 339, 
35501, 334, 331, 334, 349, 
35531, 336, 334, 335, 345, 
35561, 338, 338, 338, 332, 
35591, 339, 342, 340, 326, 
35621, 338, 338, 339, 335, 
35651, 335, 332, 335, 347, 
35682, 334, 332, 334, 347, 
35712, 337, 337, 338, 336, 
35742, 340, 342, 341, 327, 
35772, 338, 340, 340, 332, 
35803, 335, 334, 336, 345, 
35832, 333, 332, 334, 349, 
35863, 336, 336, 336, 339, 
35893, 340, 342, 341, 329, 
35922, 339, 340, 340, 330, 
35953, 336, 335, 336, 342, 
35983, 333, 332, 334, 351, 
36014, 336, 335, 335, 342, 
36043, 340, 341, 340, 330, 
36074, 339, 342, 341, 330, 
36104, 336, 337, 338, 339, 
36134, 333, 332, 334, 349, 
36164, 335, 334, 334, 344, 
36195, 338, 339, 338, 333, 
36225, 340, 342, 341, 327, 
36254, 337, 338, 339, 337, 
36285, 333, 333, 335, 348, 
36315, 334, 333, 334, 347, 
36345, 337, 338, 337, 336, 
36375, 339, 342, 341, 327, 
36406, 339, 340, 340, 334, 
36435, 334, 334, 337, 347, 
36466, 333, 332, 334, 349, 
36496, 337, 337, 338, 338, 
36527, 340, 342, 340, 326, 
36556, 339, 340, 340, 332, 
36586, 336, 335, 337, 344, 
36617, 334, 331, 335, 350, 
36646, 336, 335, 336, 341, 
36677, 339, 341, 338, 329, 
36707, 340, 341, 340, 329, 
36738, 336, 336, 337, 341, 
36767, 333, 331, 333, 350, 
36798, 335, 334, 335, 343, 
36828, 338, 340, 339, 331, 
36858, 340, 342, 341, 327, 
36888, 337, 337, 339, 338, 
36918, 334, 331, 334, 349, 
36948, 334, 333, 335, 346, 
36978, 338, 340, 338, 334, 
37009, 339, 342, 341, 327, 
37039, 337, 338, 340, 334, 
37069, 334, 334, 336, 346, 
37099, 333, 332, 334, 348, 
37130, 337, 337, 337, 336, 
37159, 340, 343, 342, 327, 
37190, 339, 340, 340, 331, 
37220, 335, 334, 335, 343, 
37250, 334, 332, 334, 349, 
37280, 336, 336, 336, 339, 
37310, 339, 341, 340, 328, 
37341, 339, 341, 341, 328, 
37370, 336, 335, 337, 340, 
37401, 334, 331, 333, 349, 
37431, 334, 335, 336, 342, 
37462, 339, 340, 339, 330, 
37491, 339, 341, 341, 327, 
37521, 337, 337, 338, 338, 
37552, 333, 332, 333, 349, 
37581, 335, 333, 335, 343, 
37612, 338, 339, 338, 332, 
37642, 340, 342, 341, 327, 
37672, 337, 338, 340, 335, 
37702, 334, 333, 335, 347, 
37733, 334, 332, 334, 346, 
37763, 337, 337, 338, 336, 
37793, 340, 342, 341, 327, 
37823, 338, 339, 340, 332, 
37853, 335, 333, 336, 345, 
37883, 333, 332, 334, 349, 
37913, 336, 336, 336, 339, 
37944, 339, 340, 340, 327, 
37974, 339, 340, 340, 330, 
38004, 335, 335, 337, 342, 
38034, 333, 331, 333, 350, 
38065, 336, 335, 336, 342, 
38094, 340, 340, 339, 330, 
38125, 339, 341, 340, 329, 
38155, 336, 337, 338, 339, 
38184, 335, 331, 334, 349, 
38215, 335, 333, 335, 345, 
38245, 338, 339, 339, 331, 
38276, 340, 341, 341, 327, 
38305, 337, 338, 339, 336, 
38336, 335, 332, 336, 349, 
38366, 335, 332, 334, 347, 
38396, 337, 337, 338, 335, 
38426, 340, 343, 341, 326, 
38457, 338, 337, 339, 333, 
38487, 334, 333, 336, 345, 
38516, 334, 332, 335, 350, 
38547, 337, 336, 337, 338, 
38577, 340, 342, 341, 329, 
38607, 339, 340, 340, 331, 
38637, 335, 333, 336, 343, 
38668, 333, 331, 333, 349, 
38697, 335, 335, 336, 341, 
38728, 339, 340, 339, 329, 
38758, 339, 341, 340, 328, 
38789, 337, 337, 338, 340, 
38818, 333, 332, 334, 351, 
38848, 335, 334, 335, 344, 
38879, 338, 339, 339, 331, 
38908, 339, 340, 342, 330, 
38939, 337, 338, 339, 337, 
38969, 334, 332, 334, 348, 
39000, 334, 333, 334, 347, 
39029, 337, 338, 338, 334, 
39060, 339, 342, 341, 326, 
39090, 338, 338, 340, 334, 
39120, 334, 334, 335, 346, 
39150, 335, 332, 335, 348, 
39180, 337, 337, 338, 337, 
39211, 340, 342, 340, 328, 
39240, 338, 340, 340, 331, 
39271, 335, 335, 336, 343, 
39301, 333, 331, 335, 350, 
39331, 336, 336, 336, 340, 
39361, 339, 341, 340, 328, 
39392, 339, 341, 340, 329, 
39421, 336, 336, 337, 340, 
39451, 334, 331, 334, 349, 
39482, 333, 334, 335, 343, 
39512, 338, 340, 339, 331, 
39542, 339, 341, 340, 326, 
39572, 336, 337, 338, 337, 
39603, 334, 332, 334, 347, 
39632, 335, 334, 335, 346, 
39663, 338, 339, 339, 333, 
39693, 340, 342, 341, 326, 
39724, 338, 339, 340, 333, 
39753, 335, 334, 335, 346, 
39783, 334, 331, 334, 348, 
39814, 337, 338, 337, 336, 
39843, 340, 341, 340, 326, 
39874, 339, 340, 340, 332, 
39904, 335, 334, 336, 344, 
39934, 334, 332, 334, 349, 
39964, 336, 336, 336, 339, 
39995, 339, 342, 341, 328, 
40025, 339, 341, 341, 330, 
40055, 336, 337, 337, 342, 
40085, 332, 332, 334, 350, 
40115, 335, 334, 335, 342, 
40145, 339, 340, 339, 330, 
40175, 340, 343, 341, 327, 
40206, 337, 337, 338, 338, 
40236, 334, 332, 335, 349, 
40266, 334, 333, 334, 346, 
40296, 338, 340, 338, 333, 
40327, 341, 342, 340, 326, 
40356, 337, 340, 339, 335, 
40387, 335, 333, 335, 348, 
40417, 335, 332, 335, 348, 
40446, 338, 337, 337, 335, 
40477, 340, 342, 341, 326, 
40507, 339, 339, 339, 331, 
40538, 335, 336, 336, 344, 
40567, 335, 331, 334, 349, 
40598, 336, 336, 336, 339, 
40628, 340, 342, 339, 327, 
40658, 339, 341, 340, 329, 
40688, 335, 335, 336, 341, 
40719, 333, 332, 334, 349, 
40749, 335, 335, 335, 341, 
40778, 339, 341, 339, 329, 
40809, 339, 341, 340, 327, 
40839, 338, 337, 338, 338, 
40869, 334, 331, 335, 349, 
40899, 335, 334, 334, 344, 
40930, 338, 338, 338, 332, 
40960, 339, 342, 342, 326, 
40990, 336, 338, 339, 335, 
41020, 335, 332, 335, 347, 
41051, 334, 333, 334, 347, 
41080, 335, 339, 337, 335, 
41110, 338, 342, 341, 326, 
41141, 338, 340, 340, 333, 
41170, 334, 333, 336, 344, 
41201, 334, 332, 334, 348, 
41231, 336, 336, 336, 338, 
41262, 339, 342, 340, 328, 
41291, 338, 340, 340, 330, 
41322, 336, 335, 336, 341, 
41352, 333, 331, 334, 350, 
41381, 335, 334, 335, 342, 
41412, 339, 340, 339, 330, 
41442, 339, 342, 340, 327, 
41473, 336, 336, 337, 339, 
41502, 333, 331, 333, 350, 
41533, 334, 333, 334, 345, 
41563, 338, 339, 339, 332, 
41593, 339, 342, 341, 326, 
41623, 337, 338, 339, 337, 
41654, 334, 332, 335, 348, 
41683, 334, 334, 335, 347, 
41713, 337, 338, 338, 335, 
41744, 340, 342, 340, 327, 
41774, 338, 339, 339, 334, 
41804, 334, 334, 335, 345, 
41834, 334, 332, 334, 349, 
41865, 336, 336, 336, 337, 
41894, 339, 342, 340, 327, 
41925, 339, 340, 340, 330, 
41955, 335, 335, 338, 342, 
41986, 333, 333, 334, 349, 
42015, 335, 335, 336, 342, 
42045, 339, 341, 340, 329, 
42076, 339, 342, 341, 328, 
42105, 337, 336, 337, 339, 
42136, 332, 331, 334, 349, 
42166, 335, 334, 336, 344, 
42196, 338, 339, 338, 331, 
42226, 340, 342, 341, 327, 
42257, 337, 338, 338, 336, 
42287, 334, 332, 335, 348, 
42317, 334, 333, 335, 347, 
42347, 339, 339, 338, 335, 
42377, 340, 342, 340, 326, 
42407, 338, 339, 340, 334, 
42437, 334, 333, 335, 346, 
42468, 334, 332, 334, 349, 
42498, 337, 337, 337, 338, 
42528, 340, 342, 341, 327, 
42558, 339, 340, 340, 331, 
42589, 335, 336, 336, 343, 
42618, 333, 331, 333, 349, 
42649, 335, 335, 336, 341, 
42679, 339, 340, 340, 328, 
42708, 340, 342, 341, 328, 
42739, 336, 336, 337, 339, 
42769, 334, 332, 334, 348, 
42800, 335, 334, 335, 343, 
42829, 338, 339, 339, 332, 
42860, 340, 342, 341, 326, 
42890, 337, 338, 338, 337, 
42920, 334, 332, 335, 347, 
42950, 335, 333, 334, 345, 
42981, 338, 338, 337, 334, 
43011, 340, 343, 341, 326, 
43040, 338, 339, 339, 334, 
43071, 334, 333, 335, 346, 
43101, 334, 332, 334, 348, 
43131, 337, 337, 337, 337, 
43161, 341, 342, 340, 327, 
43192, 338, 340, 340, 332, 
43222, 335, 334, 337, 344, 
43252, 333, 332, 333, 350, 
43282, 336, 337, 336, 340, 
43312, 338, 342, 340, 329, 
43342, 339, 341, 340, 329, 
43372, 336, 335, 337, 341, 
43403, 335, 331, 334, 350, 
43432, 336, 334, 335, 343, 
43463, 338, 339, 338, 331, 
43493, 339, 343, 341, 327, 
43524, 336, 337, 338, 337, 
43553, 333, 332, 334, 349, 
43584, 335, 333, 335, 346, 
43614, 339, 339, 338, 334, 
43643, 340, 343, 341, 326, 
43674, 338, 339, 339, 334, 
43704, 334, 333, 335, 347, 
43735, 334, 332, 334, 348, 
43764, 337, 337, 337, 336, 
43795, 340, 342, 341, 327, 
43825, 339, 340, 340, 332, 
43855, 334, 333, 337, 344, 
43885, 333, 332, 334, 349, 
43916, 336, 335, 336, 339, 
43945, 339, 341, 340, 328, 
43975, 339, 341, 340, 329, 
44006, 336, 335, 337, 341, 
44036, 333, 331, 334, 351, 
44066, 336, 334, 335, 342, 
44096, 339, 340, 339, 330, 
44127, 339, 341, 341, 327, 
44156, 338, 337, 339, 338, 
44187, 333, 332, 334, 349, 
44217, 334, 334, 335, 345, 
44248, 338, 339, 338, 333, 
44277, 339, 342, 340, 326, 
44307, 337, 338, 339, 335, 
44338, 334, 332, 335, 345, 
44367, 334, 333, 334, 346, 
44398, 337, 338, 337, 334, 
44428, 340, 342, 340, 326, 
44459, 338, 339, 339, 332, 
44488, 333, 333, 336, 344, 
44519, 335, 331, 334, 349, 
44549, 336, 336, 336, 339, 
44579, 339, 341, 340, 327, 
44609, 338, 341, 340, 330, 
44639, 336, 335, 337, 342, 
44669, 333, 332, 334, 349, 
44699, 335, 335, 336, 342, 
44730, 340, 340, 339, 330, 
44760, 339, 341, 341, 328, 
44790, 336, 336, 338, 340, 
44820, 334, 332, 334, 349, 
44851, 335, 335, 335, 344, 
44880, 339, 340, 340, 331, 
44911, 340, 343, 341, 326, 
44941, 337, 338, 339, 336, 
44971, 334, 332, 335, 348, 
45001, 334, 333, 334, 347, 
45031, 337, 338, 337, 335, 
45062, 340, 342, 341, 326, 
45091, 338, 339, 339, 334, 
45122, 334, 334, 336, 346, 
45152, 335, 331, 333, 348, 
45182, 336, 337, 336, 338, 
45212, 340, 342, 340, 327, 
45242, 339, 340, 340, 331, 
45273, 335, 335, 336, 343, 
45302, 335, 332, 334, 350, 
45333, 336, 335, 335, 340, 
45363, 339, 340, 340, 328, 
45393, 339, 341, 340, 328, 
45423, 336, 336, 337, 340, 
45454, 333, 331, 334, 349, 
45484, 335, 335, 335, 343, 
45514, 338, 340, 337, 330, 
45544, 339, 342, 340, 326, 
45574, 337, 338, 338, 337, 
45604, 334, 332, 335, 349, 
45634, 334, 333, 334, 346, 
45665, 337, 339, 338, 334, 
45694, 340, 342, 340, 326, 
45725, 337, 339, 339, 334, 
45755, 334, 331, 335, 346, 
45786, 334, 332, 335, 348, 
45815, 337, 338, 337, 337, 
45846, 340, 343, 340, 326, 
45876, 338, 340, 340, 331, 
45905, 336, 334, 336, 343, 
45936, 333, 331, 334, 350, 
45966, 336, 336, 336, 339, 
45997, 340, 341, 340, 328, 
46026, 339, 341, 340, 330, 
46057, 335, 335, 337, 340, 
46087, 333, 331, 333, 349, 
46117, 335, 334, 335, 342, 
46147, 339, 340, 339, 330, 
46178, 340, 342, 341, 328, 
46208, 338, 338, 338, 338, 
46237, 333, 331, 334, 349, 
46268, 334, 334, 334, 345, 
46298, 337, 340, 338, 333, 
46328, 340, 342, 341, 326, 
46358, 337, 338, 339, 336, 
46389, 335, 333, 333, 348, 
46418, 334, 332, 334, 348, 
46449, 337, 337, 337, 336, 
46479, 339, 342, 340, 326, 
46510, 339, 339, 340, 333, 
46539, 335, 333, 335, 345, 
46569, 334, 331, 334, 349, 
46600, 336, 336, 336, 338, 
46629, 339, 341, 340, 327, 
46660, 338, 340, 339, 330, 
46690, 335, 335, 337, 344, 
46721, 333, 331, 333, 349, 
46750, 335, 335, 335, 341, 
46781, 339, 340, 340, 329, 
46811, 339, 341, 341, 328, 
46841, 336, 335, 337, 339, 
46871, 333, 332, 335, 349, 
46901, 335, 333, 334, 344, 
46931, 338, 340, 338, 331, 
46961, 340, 341, 341, 326, 
46992, 337, 337, 338, 336, 
47022, 333, 332, 334, 347, 
47052, 334, 332, 334, 346, 
47082, 337, 338, 337, 334, 
47113, 341, 342, 340, 327, 
47142, 338, 339, 339, 333, 
47172, 334, 333, 335, 346, 
47203, 333, 332, 334, 348, 
47233, 337, 336, 337, 339, 
47263, 339, 341, 341, 327, 
47293, 339, 340, 340, 331, 
47324, 334, 334, 336, 343, 
47353, 333, 331, 333, 349, 
47384, 336, 335, 335, 340, 
47414, 339, 341, 340, 328, 
47444, 339, 341, 340, 328, 
47474, 336, 336, 338, 340, 
47504, 333, 331, 334, 349, 
47535, 332, 334, 335, 342, 
47564, 338, 339, 339, 330, 
47595, 339, 341, 341, 327, 
47625, 336, 337, 338, 338, 
47655, 334, 332, 334, 350, 
47685, 334, 333, 335, 346, 
47716, 337, 338, 338, 334, 
47746, 339, 341, 340, 326, 
47776, 337, 338, 339, 335, 
47806, 334, 333, 335, 347, 
47836, 334, 333, 334, 348, 
47866, 337, 337, 338, 336, 
47896, 339, 342, 341, 326, 
47927, 338, 340, 339, 333, 
47956, 335, 333, 335, 344, 
47987, 334, 331, 333, 349, 
48017, 337, 336, 337, 340, 
48048, 338, 341, 340, 328, 
48077, 337, 341, 340, 331, 
48108, 336, 335, 336, 342, 
48138, 334, 331, 334, 350, 
48167, 335, 335, 335, 341, 
48198, 339, 340, 340, 330, 
48228, 339, 340, 340, 328, 
48259, 337, 336, 338, 339, 
48288, 334, 332, 334, 349, 
48319, 335, 334, 336, 346, 
48349, 338, 340, 339, 333, 
48379, 340, 342, 340, 327, 
48409, 338, 338, 339, 336, 
48440, 334, 333, 335, 349, 
48470, 335, 332, 334, 346, 
48499, 338, 338, 338, 334, 
48530, 340, 342, 340, 326, 
48560, 338, 339, 338, 333, 
48590, 334, 333, 335, 345, 
48620, 334, 332, 333, 348, 
48651, 336, 336, 336, 337, 
48680, 339, 342, 340, 327, 
48711, 338, 340, 340, 330, 
48741, 335, 335, 336, 343, 
48772, 333, 331, 334, 349, 
48801, 336, 336, 335, 340, 
48831, 338, 341, 339, 328, 
48862, 339, 341, 340, 328, 
48891, 336, 335, 338, 341, 
48922, 333, 331, 333, 350, 
48952, 336, 333, 335, 343, 
48983, 339, 339, 339, 331, 
49012, 339, 342, 341, 327, 
49043, 337, 337, 338, 337, 
49073, 333, 332, 335, 348, 
49102, 334, 333, 334, 345, 
49133, 338, 338, 339, 333, 
49163, 339, 342, 340, 326, 
49193, 337, 339, 339, 334, 
49223, 334, 332, 335, 346, 
49254, 333, 332, 333, 347, 
49284, 338, 337, 337, 336, 
49314, 341, 343, 341, 328, 
49344, 338, 340, 340, 331, 
49375, 335, 335, 336, 345, 
49404, 333, 332, 334, 349, 
49434, 336, 337, 336, 339, 
49465, 340, 341, 340, 328, 
49495, 340, 340, 341, 330, 
49525, 337, 335, 337, 342, 
49555, 333, 331, 333, 350, 
49586, 336, 334, 335, 344, 
49615, 339, 340, 340, 330, 
49646, 339, 343, 341, 328, 
