2, 
83456, 333, 331, 334, 350, 
83485, 3, 
83364, 339, 341, 340, 329, 
83395, 338, 340, 340, 330, 
83425, 335, 335, 337, 342, 
83456, 333, 331, 334, 350, 
83485, 30, 319, 320, 321, 409, 
1, 320, 322, 323, 405, 
2, 322, 325, 326, 401, 
11, 320, 322, 322, 410, 
37, 325, 332, 330, 396, 
65, 321, 329, 329, 408, 
92, 331, 343, 339, 377, 
119, 334, 346, 345, 361, 
147, 333, 341, 341, 364, 
175, 339, 349, 347, 339, 
203, 342, 349, 350, 329, 
231, 336, 337, 341, 347, 
260, 338, 338, 340, 342, 
287, 337, 336, 338, 349, 
316, 327, 322, 328, 382, 
344, 326, 320, 323, 393, 
371, 325, 324, 325, 398, 
400, 317, 316, 320, 423, 
428, 319, 321, 321, 420, 
456, 328, 338, 334, 388, 
484, 330, 338, 338, 381, 
512, 334, 340, 342, 368, 
540, 343, 352, 353, 336, 
568, 342, 348, 351, 337, 
596, 340, 341, 345, 343, 
624, 343, 345, 347, 328, 
653, 340, 337, 341, 343, 
680, 332, 326, 331, 368, 
708, 334, 330, 331, 363, 
737, 332, 330, 331, 370, 
764, 327, 324, 326, 387, 
793, 334, 336, 334, 364, 
821, 343, 346, 345, 340, 
849, 341, 344, 347, 340, 
877, 347, 350, 351, 318, 
905, 353, 357, 357, 294, 
933, 349, 349, 352, 304, 
961, 351, 348, 350, 296, 
990, 354, 354, 354, 279, 
1017, 349, 345, 347, 294, 
1046, 346, 339, 341, 302, 
1076, 349, 344, 343, 290, 
1104, 350, 344, 345, 286, 
1134, 345, 338, 340, 300, 
1163, 344, 337, 338, 304, 
1192, 349, 345, 342, 287, 
1221, 350, 348, 346, 280, 
1251, 347, 340, 342, 294, 
1280, 345, 337, 338, 297, 
1308, 348, 344, 343, 284, 
1338, 348, 343, 343, 284, 
1367, 343, 335, 337, 302, 
1396, 343, 334, 334, 305, 
1425, 347, 342, 338, 293, 
1455, 345, 342, 341, 294, 
1483, 340, 333, 334, 311, 
1512, 340, 333, 333, 313, 
1542, 344, 341, 339, 298, 
1570, 343, 341, 339, 300, 
1600, 339, 333, 335, 315, 
1629, 339, 334, 334, 315, 
1658, 343, 342, 339, 301, 
1687, 342, 340, 338, 305, 
1717, 336, 332, 334, 321, 
1745, 337, 334, 333, 319, 
1774, 341, 341, 338, 306, 
1804, 340, 338, 339, 312, 
1832, 336, 331, 332, 328, 
1862, 336, 333, 333, 325, 
1891, 340, 340, 338, 311, 
1921, 339, 338, 338, 318, 
1949, 334, 331, 333, 334, 
1978, 336, 333, 334, 328, 
2008, 340, 339, 338, 315, 
2036, 338, 337, 338, 323, 
2066, 334, 330, 332, 338, 
2095, 336, 334, 334, 332, 
2124, 340, 341, 339, 319, 
2153, 336, 336, 337, 328, 
2183, 332, 330, 332, 343, 
2211, 335, 334, 334, 335, 
2240, 338, 342, 339, 322, 
2270, 335, 336, 337, 333, 
2298, 332, 330, 331, 348, 
2328, 334, 335, 334, 337, 
2357, 338, 341, 339, 326, 
2386, 335, 335, 336, 338, 
2415, 331, 329, 332, 351, 
2444, 333, 335, 334, 339, 
2473, 337, 341, 339, 327, 
2502, 334, 335, 336, 340, 
2532, 333, 330, 332, 350, 
2561, 335, 337, 336, 338, 
2590, 339, 341, 340, 326, 
2619, 335, 337, 337, 339, 
2649, 331, 331, 332, 349, 
2677, 336, 336, 337, 336, 
2706, 338, 341, 340, 326, 
2736, 334, 335, 337, 341, 
2764, 333, 331, 334, 349, 
2794, 336, 338, 338, 335, 
2823, 338, 341, 341, 326, 
2852, 334, 335, 338, 341, 
2881, 332, 332, 333, 349, 
2910, 337, 337, 337, 334, 
2939, 338, 340, 341, 328, 
2968, 335, 334, 336, 345, 
2998, 332, 331, 333, 350, 
3026, 336, 337, 337, 335, 
3056, 338, 340, 340, 331, 
3085, 333, 333, 335, 348, 
3115, 331, 331, 333, 352, 
3143, 336, 338, 337, 337, 
3172, 337, 339, 339, 335, 
3202, 332, 332, 334, 353, 
3230, 331, 331, 332, 356, 
3260, 335, 337, 337, 341, 
3289, 335, 339, 337, 342, 
3318, 331, 330, 332, 360, 
3347, 329, 329, 329, 365, 
3376, 333, 336, 334, 352, 
3405, 332, 335, 334, 356, 
3434, 327, 328, 330, 375, 
3464, 327, 328, 328, 376, 
3492, 331, 336, 334, 363, 
3522, 330, 335, 336, 366, 
3551, 326, 329, 331, 384, 
3580, 326, 328, 331, 383, 
3609, 330, 336, 335, 369, 
3638, 328, 334, 333, 378, 
3667, 323, 325, 328, 397, 
3696, 324, 329, 329, 394, 
3726, 330, 336, 336, 377, 
3755, 330, 338, 338, 377, 
3784, 329, 333, 337, 384, 
3813, 332, 338, 339, 370, 
3842, 338, 345, 345, 351, 
3871, 335, 341, 343, 359, 
3900, 331, 333, 337, 370, 
3930, 334, 338, 339, 360, 
3958, 339, 346, 345, 342, 
3988, 338, 342, 344, 346, 
4017, 334, 336, 339, 358, 
4046, 337, 340, 341, 346, 
4075, 342, 347, 346, 329, 
4104, 340, 342, 344, 338, 
4133, 335, 335, 337, 351, 
4162, 337, 340, 338, 344, 
4192, 339, 342, 340, 337, 
4220, 334, 336, 336, 353, 
4250, 329, 326, 329, 374, 
4279, 328, 327, 327, 374, 
4307, 330, 331, 329, 376, 
4337, 322, 321, 323, 402, 
4366, 316, 314, 317, 426, 
4396, 318, 319, 320, 425, 
4424, 320, 324, 324, 424, 
4454, 316, 320, 322, 442, 
4483, 313, 318, 321, 456, 
4512, 318, 327, 327, 446, 
4541, 320, 335, 333, 436, 
4570, 318, 333, 333, 443, 
4599, 319, 334, 334, 443, 
4628, 325, 345, 342, 416, 
4658, 332, 352, 349, 395, 
4686, 331, 348, 348, 394, 
4716, 332, 347, 347, 387, 
4745, 339, 354, 352, 360, 
4773, 343, 357, 355, 342, 
4803, 341, 351, 352, 346, 
4832, 342, 347, 349, 342, 
4861, 346, 353, 352, 319, 
4890, 348, 354, 353, 309, 
4920, 346, 346, 348, 318, 
4948, 346, 344, 346, 313, 
4978, 352, 352, 352, 288, 
5007, 354, 353, 353, 280, 
5036, 350, 345, 347, 290, 
5065, 350, 342, 345, 288, 
5094, 355, 348, 349, 270, 
5124, 355, 348, 348, 268, 
5152, 350, 340, 345, 282, 
5182, 350, 339, 342, 280, 
5211, 356, 347, 347, 261, 
5239, 356, 348, 348, 258, 
5269, 352, 340, 343, 271, 
5298, 352, 340, 341, 267, 
5327, 357, 347, 346, 251, 
5356, 356, 344, 345, 253, 
5386, 351, 336, 340, 269, 
5414, 349, 337, 338, 271, 
5444, 354, 342, 341, 258, 
5473, 351, 340, 340, 266, 
5501, 346, 331, 333, 286, 
5531, 345, 332, 332, 285, 
5560, 349, 339, 337, 275, 
5590, 346, 337, 336, 284, 
5618, 340, 328, 330, 304, 
5648, 341, 332, 331, 302, 
5677, 344, 338, 335, 293, 
5705, 342, 335, 335, 303, 
5735, 336, 328, 330, 321, 
5764, 338, 332, 331, 318, 
5793, 342, 339, 336, 307, 
5822, 339, 335, 335, 319, 
5852, 334, 329, 330, 333, 
5880, 336, 333, 332, 324, 
5910, 340, 339, 338, 314, 
5939, 337, 336, 335, 325, 
5967, 332, 330, 330, 340, 
5997, 335, 335, 333, 330, 
6026, 338, 341, 338, 316, 
6055, 336, 337, 338, 327, 
6084, 334, 332, 333, 336, 
6114, 337, 338, 337, 320, 
6142, 342, 343, 342, 307, 
6171, 338, 338, 339, 317, 
6201, 336, 332, 336, 327, 
6230, 339, 339, 338, 314, 
6259, 344, 343, 342, 304, 
6288, 339, 335, 337, 317, 
6318, 337, 330, 333, 328, 
6346, 339, 336, 336, 317, 
6376, 342, 340, 340, 309, 
6405, 337, 334, 336, 325, 
6433, 335, 330, 332, 334, 
6463, 338, 336, 336, 321, 
6492, 339, 339, 339, 315, 
6521, 336, 333, 335, 329, 
6550, 333, 331, 333, 336, 
6580, 338, 338, 338, 321, 
6608, 340, 340, 340, 314, 
6637, 336, 334, 336, 330, 
6667, 333, 331, 333, 335, 
6695, 339, 340, 338, 320, 
6725, 338, 340, 340, 316, 
6754, 335, 334, 335, 333, 
6784, 333, 331, 333, 337, 
6812, 338, 338, 337, 323, 
6842, 339, 340, 340, 322, 
6871, 334, 332, 334, 339, 
6899, 332, 331, 332, 342, 
6929, 337, 338, 338, 328, 
6958, 337, 339, 338, 328, 
6987, 333, 332, 335, 344, 
7016, 333, 331, 333, 344, 
7046, 336, 338, 338, 329, 
7074, 337, 339, 340, 329, 
7103, 332, 332, 334, 344, 
7133, 333, 331, 334, 343, 
7161, 338, 340, 339, 326, 
7191, 337, 340, 340, 328, 
7220, 333, 332, 335, 343, 
7249, 334, 333, 335, 340, 
7278, 339, 341, 340, 323, 
7308, 338, 339, 339, 326, 
7336, 333, 332, 335, 341, 
7365, 335, 334, 335, 337, 
7395, 339, 341, 340, 321, 
7424, 338, 339, 340, 326, 
7453, 333, 331, 334, 342, 
7482, 335, 334, 335, 336, 
7512, 339, 341, 340, 321, 
7540, 337, 339, 339, 328, 
7569, 333, 331, 334, 344, 
7599, 335, 334, 335, 336, 
7627, 339, 341, 340, 322, 
7657, 337, 337, 339, 330, 
7686, 333, 331, 333, 345, 
7715, 335, 334, 335, 337, 
7744, 339, 341, 340, 323, 
7774, 336, 337, 338, 333, 
7802, 332, 330, 333, 347, 
7831, 335, 335, 335, 338, 
7861, 339, 344, 340, 325, 
7889, 337, 337, 338, 336, 
7919, 332, 330, 332, 349, 
7948, 335, 335, 335, 339, 
7977, 338, 341, 340, 326, 
8006, 335, 336, 339, 339, 
8035, 332, 330, 333, 350, 
8065, 335, 337, 336, 337, 
8093, 338, 342, 341, 326, 
8123, 335, 336, 337, 338, 
8152, 332, 331, 334, 350, 
8181, 337, 337, 336, 336, 
8210, 338, 343, 339, 327, 
8240, 335, 335, 337, 340, 
8268, 333, 331, 333, 350, 
8297, 336, 337, 336, 337, 
8327, 339, 340, 340, 329, 
8355, 334, 334, 336, 344, 
8385, 331, 331, 332, 354, 
8414, 335, 337, 337, 338, 
8443, 338, 341, 340, 331, 
8472, 333, 334, 336, 346, 
8501, 331, 331, 333, 353, 
8530, 336, 339, 337, 338, 
8559, 337, 342, 340, 332, 
8589, 333, 334, 336, 348, 
8617, 331, 332, 334, 353, 
8647, 336, 338, 338, 337, 
8676, 337, 342, 340, 333, 
8706, 333, 334, 336, 348, 
8734, 333, 332, 334, 351, 
8763, 336, 340, 339, 335, 
8793, 337, 340, 340, 333, 
8821, 333, 334, 336, 348, 
8851, 333, 332, 334, 351, 
8880, 337, 339, 339, 334, 
8909, 337, 340, 341, 333, 
8938, 331, 333, 337, 349, 
8967, 334, 332, 334, 349, 
8996, 338, 339, 339, 333, 
9025, 338, 340, 340, 334, 
9055, 332, 333, 335, 351, 
9083, 334, 333, 334, 348, 
9113, 338, 341, 340, 333, 
9142, 337, 340, 340, 335, 
9171, 332, 332, 335, 351, 
9200, 334, 333, 334, 347, 
9229, 338, 341, 340, 331, 
9259, 337, 339, 340, 335, 
9287, 333, 332, 334, 351, 
9317, 334, 334, 334, 346, 
9346, 337, 341, 339, 331, 
9375, 337, 339, 339, 336, 
9404, 332, 331, 334, 350, 
9433, 334, 334, 335, 345, 
9462, 338, 342, 340, 330, 
9491, 337, 337, 339, 337, 
9521, 333, 331, 335, 352, 
9549, 334, 334, 335, 345, 
9579, 338, 342, 342, 329, 
9608, 337, 339, 340, 338, 
9637, 333, 331, 335, 352, 
9666, 335, 335, 336, 345, 
9695, 337, 341, 340, 329, 
9724, 336, 337, 339, 338, 
9753, 333, 332, 335, 352, 
9783, 335, 335, 336, 343, 
9811, 339, 342, 340, 329, 
9841, 336, 338, 339, 339, 
9870, 333, 331, 334, 354, 
9899, 336, 336, 337, 341, 
9928, 340, 342, 341, 329, 
9957, 336, 338, 338, 340, 
9987, 332, 332, 334, 353, 
10015, 335, 336, 336, 341, 
10046, 338, 341, 341, 330, 
10076, 338, 340, 340, 333, 
10106, 334, 334, 337, 345, 
10136, 332, 331, 333, 352, 
10167, 335, 336, 336, 343, 
10196, 338, 341, 339, 331, 
10226, 340, 341, 341, 330, 
10257, 336, 336, 339, 342, 
10287, 333, 331, 334, 351, 
10317, 335, 334, 334, 346, 
10347, 338, 340, 338, 333, 
10378, 340, 341, 341, 329, 
10407, 337, 337, 339, 339, 
10438, 334, 332, 334, 351, 
10468, 334, 332, 335, 349, 
10498, 337, 338, 337, 337, 
10528, 340, 342, 342, 328, 
10558, 338, 339, 339, 335, 
10589, 334, 333, 335, 348, 
10618, 333, 332, 334, 351, 
10649, 336, 336, 337, 339, 
10679, 340, 342, 340, 328, 
10710, 338, 341, 340, 332, 
10739, 335, 335, 336, 345, 
10770, 333, 331, 333, 351, 
10800, 334, 335, 337, 342, 
10829, 338, 341, 339, 329, 
10860, 339, 340, 340, 330, 
10890, 336, 336, 336, 341, 
10920, 333, 331, 334, 350, 
10950, 335, 333, 335, 345, 
10981, 339, 340, 339, 332, 
11011, 339, 342, 341, 329, 
11041, 336, 338, 338, 338, 
11071, 334, 332, 336, 350, 
11102, 334, 333, 334, 347, 
11131, 337, 338, 338, 335, 
11161, 339, 342, 342, 327, 
11192, 337, 338, 339, 335, 
11222, 335, 332, 335, 347, 
11252, 334, 333, 333, 349, 
11282, 337, 337, 338, 338, 
11313, 339, 342, 341, 327, 
11342, 339, 340, 341, 332, 
11373, 335, 334, 336, 344, 
11403, 333, 331, 334, 350, 
11433, 335, 335, 336, 340, 
11463, 339, 341, 340, 329, 
11493, 338, 341, 340, 329, 
11524, 336, 336, 338, 341, 
11553, 333, 331, 334, 351, 
11584, 335, 334, 334, 344, 
11614, 339, 340, 339, 331, 
11644, 340, 342, 341, 329, 
11674, 337, 337, 339, 337, 
11705, 334, 332, 335, 349, 
11735, 335, 333, 334, 347, 
11765, 338, 338, 338, 334, 
11795, 340, 342, 341, 327, 
11825, 338, 338, 339, 335, 
11855, 334, 334, 333, 347, 
11885, 334, 333, 333, 347, 
11916, 336, 337, 337, 336, 
11945, 339, 343, 340, 326, 
11976, 338, 339, 338, 332, 
12006, 335, 335, 336, 344, 
12037, 333, 331, 333, 348, 
12066, 337, 337, 336, 340, 
12097, 339, 342, 340, 328, 
12127, 339, 341, 340, 330, 
12156, 336, 335, 337, 341, 
12187, 333, 331, 333, 350, 
12217, 335, 334, 335, 343, 
12248, 340, 340, 339, 330, 
12277, 339, 341, 342, 327, 
12308, 337, 337, 338, 336, 
12338, 333, 331, 334, 349, 
12368, 335, 334, 334, 345, 
12398, 337, 339, 338, 332, 
12428, 341, 342, 341, 326, 
12459, 339, 338, 340, 335, 
12488, 333, 333, 334, 348, 
12519, 334, 332, 333, 348, 
12549, 337, 337, 337, 337, 
12579, 340, 342, 340, 327, 
12609, 338, 339, 340, 333, 
12640, 335, 334, 336, 346, 
12669, 333, 332, 333, 350, 
12700, 336, 336, 336, 340, 
12730, 340, 342, 340, 329, 
12760, 339, 341, 341, 330, 
12790, 335, 335, 338, 342, 
12820, 333, 332, 334, 350, 
12851, 335, 335, 335, 343, 
12880, 339, 340, 339, 330, 
12911, 339, 340, 342, 327, 
12941, 336, 336, 338, 339, 
12972, 333, 331, 334, 350, 
13001, 335, 333, 335, 344, 
13032, 338, 338, 338, 333, 
13062, 339, 341, 341, 326, 
13091, 337, 336, 339, 337, 
13122, 333, 332, 334, 349, 
13152, 334, 332, 334, 348, 
13182, 337, 338, 337, 337, 
13212, 339, 341, 340, 327, 
13243, 338, 339, 340, 334, 
13273, 334, 333, 335, 347, 
13303, 333, 331, 334, 351, 
13333, 336, 336, 336, 340, 
13364, 340, 341, 341, 329, 
13393, 339, 340, 340, 332, 
13423, 335, 335, 336, 344, 
13454, 333, 331, 334, 352, 
13484, 335, 335, 335, 344, 
13514, 339, 341, 340, 331, 
13544, 339, 341, 341, 330, 
13575, 336, 336, 337, 341, 
13604, 333, 332, 334, 352, 
13635, 335, 334, 335, 346, 
13665, 339, 339, 339, 333, 
13696, 341, 342, 341, 329, 
13725, 338, 338, 339, 337, 
13755, 335, 334, 335, 349, 
13786, 334, 333, 334, 348, 
13815, 338, 338, 338, 336, 
13846, 340, 342, 341, 329, 
13876, 339, 340, 340, 334, 
13906, 334, 333, 336, 346, 
13936, 333, 332, 334, 350, 
13967, 336, 336, 337, 339, 
13997, 340, 342, 341, 327, 
14027, 338, 340, 341, 331, 
14057, 336, 337, 337, 343, 
14087, 333, 331, 333, 350, 
14117, 336, 334, 336, 342, 
14147, 340, 341, 340, 329, 
14178, 340, 342, 340, 328, 
14208, 336, 336, 338, 340, 
14238, 335, 331, 334, 350, 
14268, 336, 334, 335, 345, 
14299, 338, 339, 338, 332, 
14328, 340, 343, 341, 327, 
14358, 337, 337, 339, 336, 
14389, 334, 334, 334, 349, 
14418, 334, 332, 334, 347, 
14449, 338, 338, 338, 334, 
14479, 341, 342, 341, 326, 
14510, 338, 339, 339, 334, 
14539, 334, 333, 335, 346, 
14570, 333, 331, 334, 349, 
14600, 336, 337, 336, 338, 
14630, 339, 342, 340, 327, 
14660, 338, 340, 340, 331, 
14690, 335, 335, 336, 342, 
14721, 334, 331, 334, 350, 
14750, 337, 335, 336, 341, 
14781, 340, 341, 340, 328, 
14811, 339, 341, 341, 328, 
14841, 336, 336, 338, 339, 
14871, 333, 331, 334, 350, 
14902, 335, 335, 335, 343, 
14931, 339, 340, 339, 331, 
14962, 341, 342, 341, 326, 
14992, 337, 338, 340, 336, 
15022, 334, 332, 334, 348, 
15052, 336, 333, 335, 346, 
15082, 338, 339, 338, 334, 
15113, 340, 343, 341, 326, 
15142, 339, 339, 340, 334, 
15173, 334, 334, 336, 347, 
15203, 333, 332, 334, 348, 
15234, 336, 337, 337, 337, 
15263, 339, 343, 340, 327, 
15294, 339, 340, 340, 331, 
15324, 336, 334, 336, 342, 
15353, 334, 331, 334, 351, 
15384, 336, 334, 336, 341, 
15414, 339, 341, 339, 328, 
15444, 340, 341, 341, 328, 
15474, 336, 335, 337, 340, 
15505, 334, 331, 333, 349, 
15535, 336, 335, 335, 343, 
15565, 339, 340, 339, 331, 
15595, 339, 342, 342, 325, 
15626, 337, 338, 339, 336, 
15655, 334, 333, 335, 348, 
15685, 335, 334, 334, 344, 
15716, 338, 338, 338, 333, 
15746, 340, 342, 341, 325, 
15776, 338, 339, 339, 334, 
15806, 335, 333, 335, 345, 
15837, 333, 332, 334, 349, 
15866, 337, 336, 336, 336, 
15897, 340, 342, 341, 326, 
15927, 338, 340, 340, 331, 
15958, 335, 334, 337, 343, 
15987, 333, 332, 333, 349, 
16017, 336, 335, 336, 340, 
16048, 340, 341, 339, 329, 
16077, 339, 342, 340, 329, 
16108, 335, 336, 337, 340, 
16138, 333, 331, 334, 350, 
16168, 335, 334, 335, 343, 
16198, 338, 339, 339, 330, 
16229, 340, 341, 341, 327, 
16259, 337, 338, 338, 337, 
16288, 333, 332, 334, 348, 
16319, 334, 332, 334, 345, 
16349, 337, 338, 338, 334, 
16379, 340, 342, 341, 325, 
16409, 338, 339, 339, 333, 
16440, 334, 333, 336, 345, 
16470, 333, 332, 334, 348, 
16500, 337, 337, 336, 337, 
16530, 340, 342, 341, 326, 
16561, 338, 340, 340, 330, 
16590, 334, 334, 336, 342, 
16620, 333, 331, 334, 350, 
16651, 336, 335, 336, 340, 
16680, 339, 341, 341, 328, 
16711, 339, 342, 341, 328, 
16741, 336, 337, 337, 339, 
16772, 334, 331, 334, 349, 
16801, 335, 334, 335, 343, 
16832, 338, 339, 339, 330, 
16862, 339, 341, 341, 326, 
16892, 337, 338, 338, 336, 
16922, 333, 332, 334, 348, 
16952, 335, 333, 334, 345, 
16983, 338, 337, 337, 334, 
17012, 339, 341, 341, 325, 
17043, 337, 338, 339, 334, 
17073, 334, 333, 335, 346, 
17103, 334, 332, 335, 348, 
17133, 335, 336, 337, 336, 
17164, 340, 342, 341, 327, 
17193, 338, 340, 339, 330, 
17224, 335, 333, 336, 343, 
17254, 333, 331, 333, 349, 
17284, 336, 334, 336, 341, 
17314, 340, 341, 339, 328, 
17344, 339, 341, 340, 329, 
17375, 336, 335, 337, 340, 
17404, 333, 331, 334, 349, 
17435, 334, 334, 334, 344, 
17465, 338, 340, 339, 331, 
17496, 339, 342, 340, 325, 
17525, 337, 337, 339, 336, 
17556, 334, 332, 334, 349, 
17586, 334, 333, 334, 347, 
17615, 337, 338, 337, 335, 
17646, 340, 342, 341, 326, 
17676, 337, 339, 339, 333, 
17707, 334, 334, 336, 346, 
17736, 333, 331, 334, 349, 
17767, 337, 336, 337, 337, 
17797, 340, 342, 340, 327, 
17827, 338, 340, 340, 330, 
17857, 335, 335, 336, 343, 
17888, 333, 331, 333, 350, 
17917, 335, 335, 336, 341, 
17947, 339, 342, 339, 328, 
17978, 339, 341, 339, 327, 
18008, 337, 336, 337, 339, 
18038, 333, 331, 334, 349, 
18068, 335, 333, 334, 344, 
18099, 338, 339, 338, 331, 
18128, 340, 342, 341, 326, 
18159, 337, 337, 339, 336, 
18189, 333, 331, 334, 348, 
18219, 334, 334, 334, 346, 
18249, 337, 338, 338, 334, 
18279, 339, 342, 341, 326, 
18310, 337, 339, 340, 333, 
18339, 334, 333, 335, 346, 
18370, 334, 332, 335, 349, 
18400, 336, 336, 336, 338, 
18430, 340, 342, 342, 326, 
18460, 339, 340, 340, 331, 
18491, 335, 334, 336, 343, 
18521, 333, 331, 333, 350, 
18550, 335, 335, 335, 341, 
18581, 339, 340, 339, 329, 
18611, 339, 339, 341, 330, 
18641, 336, 336, 337, 340, 
18671, 333, 332, 335, 351, 
18702, 335, 333, 334, 345, 
18732, 338, 339, 338, 333, 
18762, 340, 342, 341, 327, 
18792, 338, 337, 338, 336, 
18823, 333, 332, 334, 349, 
18852, 333, 332, 334, 348, 
18882, 337, 337, 337, 337, 
18913, 341, 342, 341, 328, 
18942, 338, 339, 339, 335, 
18973, 335, 333, 335, 345, 
19003, 334, 332, 333, 350, 
19034, 336, 336, 335, 340, 
19063, 339, 341, 340, 328, 
19094, 338, 340, 340, 332, 
19124, 335, 335, 336, 344, 
19154, 333, 331, 333, 351, 
19184, 335, 335, 335, 343, 
19214, 338, 341, 340, 330, 
19245, 338, 341, 341, 329, 
19274, 336, 337, 338, 340, 
19305, 334, 333, 334, 350, 
19335, 335, 333, 335, 345, 
19365, 338, 339, 338, 332, 
19395, 340, 342, 341, 326, 
19426, 337, 338, 340, 334, 
19456, 334, 333, 335, 348, 
19486, 334, 332, 334, 347, 
19516, 337, 337, 338, 336, 
19546, 340, 342, 340, 325, 
19576, 338, 339, 339, 332, 
19606, 336, 334, 336, 344, 
19637, 333, 331, 334, 349, 
19666, 337, 337, 336, 338, 
19697, 339, 342, 342, 328, 
19727, 339, 340, 340, 329, 
19758, 336, 335, 337, 344, 
19787, 333, 331, 334, 349, 
19818, 335, 334, 335, 342, 
19848, 338, 340, 340, 329, 
19877, 339, 341, 341, 326, 
19908, 337, 337, 338, 337, 
19938, 334, 331, 334, 349, 
19969, 334, 333, 334, 345, 
19998, 338, 338, 338, 332, 
20029, 340, 342, 340, 325, 
20059, 337, 338, 339, 335, 
20089, 334, 332, 335, 346, 
20119, 335, 332, 334, 347, 
20149, 337, 337, 337, 336, 
20179, 339, 342, 341, 325, 
20209, 338, 340, 341, 332, 
20240, 336, 334, 336, 344, 
20270, 334, 331, 333, 349, 
20300, 336, 336, 336, 339, 
20330, 339, 341, 340, 327, 
20361, 339, 340, 340, 328, 
20390, 337, 335, 337, 340, 
20421, 333, 331, 333, 349, 
20451, 335, 333, 335, 342, 
20481, 339, 340, 339, 330, 
20511, 339, 342, 341, 327, 
20541, 337, 337, 338, 337, 
20572, 334, 332, 334, 348, 
20601, 334, 333, 334, 345, 
20632, 337, 338, 338, 334, 
20662, 339, 343, 341, 326, 
20692, 339, 339, 339, 334, 
20722, 334, 332, 335, 346, 
20753, 335, 331, 334, 348, 
20783, 337, 336, 336, 335, 
20812, 339, 342, 340, 326, 
20843, 339, 340, 340, 331, 
20873, 334, 334, 336, 343, 
20903, 333, 331, 333, 349, 
20933, 336, 335, 335, 340, 
20964, 339, 341, 339, 328, 
20994, 340, 342, 340, 328, 
21024, 336, 336, 337, 340, 
21054, 332, 332, 334, 350, 
21085, 335, 334, 335, 345, 
21114, 339, 340, 339, 331, 
21144, 340, 342, 341, 327, 
21175, 337, 337, 338, 337, 
21204, 333, 332, 334, 349, 
21235, 335, 334, 334, 347, 
21265, 338, 339, 338, 334, 
21296, 340, 343, 342, 326, 
21325, 338, 339, 339, 333, 
21356, 334, 333, 335, 348, 
21386, 334, 333, 334, 349, 
21416, 337, 338, 337, 338, 
21446, 339, 342, 340, 327, 
21476, 339, 340, 341, 331, 
21507, 335, 335, 336, 343, 
21536, 333, 331, 334, 350, 
21567, 336, 335, 336, 341, 
21597, 340, 341, 340, 328, 
21627, 339, 341, 342, 328, 
21657, 337, 337, 338, 339, 
21688, 334, 332, 334, 349, 
21718, 334, 334, 335, 345, 
21748, 339, 339, 338, 332, 
21778, 339, 342, 341, 326, 
21808, 337, 338, 339, 337, 
21838, 334, 334, 335, 348, 
21868, 334, 333, 334, 348, 
21899, 338, 338, 337, 336, 
21928, 340, 342, 340, 327, 
21959, 338, 339, 339, 334, 
21989, 335, 333, 337, 346, 
22020, 334, 332, 334, 350, 
22049, 336, 337, 336, 340, 
22079, 339, 343, 340, 328, 
22110, 339, 340, 340, 330, 
22139, 335, 335, 336, 342, 
22170, 334, 331, 333, 350, 
22200, 336, 335, 336, 343, 
22231, 339, 340, 339, 330, 
22260, 340, 341, 341, 328, 
22291, 337, 337, 338, 339, 
22321, 333, 332, 334, 350, 
22351, 334, 333, 334, 346, 
22381, 338, 340, 338, 334, 
22411, 339, 342, 341, 327, 
22441, 337, 338, 339, 336, 
22471, 333, 334, 335, 348, 
22502, 334, 332, 334, 349, 
22532, 337, 337, 338, 337, 
22562, 340, 343, 341, 327, 
22592, 338, 339, 340, 332, 
22623, 334, 332, 336, 345, 
22652, 334, 332, 334, 350, 
22683, 336, 336, 336, 340, 
22713, 339, 342, 340, 328, 
22743, 339, 341, 342, 330, 
22773, 336, 336, 337, 342, 
22803, 333, 332, 334, 351, 
22834, 336, 335, 335, 343, 
22863, 339, 340, 339, 331, 
22894, 339, 342, 342, 327, 
22924, 337, 338, 338, 338, 
22955, 333, 332, 334, 349, 
22984, 334, 334, 334, 346, 
23015, 338, 339, 338, 334, 
23045, 340, 342, 342, 326, 
23074, 338, 339, 338, 334, 
23105, 335, 332, 335, 347, 
23135, 334, 332, 334, 349, 
23165, 337, 337, 337, 336, 
23195, 341, 342, 341, 327, 
23226, 339, 341, 340, 331, 
23256, 335, 335, 337, 345, 
23286, 334, 332, 334, 350, 
23316, 336, 335, 336, 341, 
23347, 339, 341, 340, 329, 
23376, 339, 341, 341, 329, 
23406, 336, 336, 338, 340, 
23437, 333, 333, 335, 349, 
23467, 335, 334, 335, 344, 
23497, 338, 339, 339, 332, 
23527, 340, 342, 341, 327, 
23558, 338, 338, 339, 337, 
23587, 334, 332, 335, 349, 
23618, 334, 333, 334, 347, 
23648, 338, 338, 337, 335, 
23678, 339, 342, 341, 327, 
23708, 338, 339, 339, 335, 
23738, 334, 333, 336, 346, 
23769, 333, 332, 334, 350, 
23798, 336, 336, 336, 339, 
23829, 339, 342, 340, 328, 
23859, 339, 341, 341, 331, 
23889, 335, 335, 337, 343, 
23919, 333, 331, 335, 351, 
23950, 336, 335, 335, 343, 
23980, 339, 341, 339, 330, 
24009, 340, 343, 341, 328, 
24040, 336, 336, 338, 339, 
24070, 333, 331, 334, 350, 
24100, 334, 333, 335, 345, 
24130, 339, 339, 338, 333, 
24161, 339, 342, 341, 327, 
24190, 337, 338, 339, 336, 
24221, 334, 332, 335, 347, 
24251, 334, 332, 334, 348, 
24282, 337, 337, 337, 336, 
24311, 341, 342, 341, 326, 
24341, 338, 339, 340, 331, 
24372, 336, 334, 336, 345, 
24401, 334, 332, 333, 351, 
24432, 336, 336, 336, 340, 
24462, 340, 341, 340, 329, 
24493, 340, 342, 341, 329, 
24522, 336, 336, 338, 341, 
24553, 334, 332, 334, 350, 
24583, 336, 334, 336, 343, 
24613, 340, 341, 339, 330, 
24643, 340, 342, 341, 328, 
24673, 338, 337, 338, 337, 
24704, 334, 332, 335, 350, 
24733, 335, 333, 334, 347, 
24764, 338, 339, 338, 335, 
24794, 340, 342, 341, 328, 
24824, 338, 339, 339, 334, 
24854, 336, 333, 336, 347, 
24885, 333, 332, 334, 349, 
24914, 336, 336, 337, 338, 
24945, 340, 342, 340, 327, 
24975, 339, 340, 340, 332, 
25005, 335, 335, 336, 343, 
25035, 334, 332, 333, 350, 
25065, 336, 335, 335, 343, 
25096, 339, 341, 339, 329, 
25125, 340, 341, 340, 328, 
25156, 339, 337, 337, 338, 
25186, 333, 332, 335, 349, 
25217, 335, 333, 335, 345, 
25246, 338, 339, 338, 332, 
25277, 340, 342, 341, 326, 
25307, 339, 339, 339, 336, 
25336, 334, 332, 335, 347, 
25367, 334, 332, 334, 347, 
25397, 338, 338, 337, 335, 
25427, 340, 342, 340, 326, 
25457, 338, 340, 340, 332, 
25488, 335, 334, 336, 344, 
25518, 334, 332, 334, 349, 
25548, 336, 336, 336, 339, 
25578, 340, 341, 340, 327, 
25609, 339, 341, 340, 329, 
25638, 336, 336, 337, 342, 
25668, 333, 332, 333, 350, 
25699, 335, 334, 335, 343, 
25729, 339, 341, 339, 330, 
25759, 340, 343, 341, 327, 
25789, 337, 337, 338, 338, 
25820, 334, 332, 335, 349, 
25849, 334, 333, 334, 346, 
25880, 338, 339, 338, 333, 
25910, 340, 342, 341, 325, 
25939, 338, 338, 340, 334, 
25970, 334, 333, 335, 347, 
26000, 334, 331, 334, 348, 
26031, 337, 337, 337, 337, 
26060, 341, 342, 341, 326, 
26091, 339, 340, 340, 330, 
26121, 335, 334, 336, 343, 
26151, 333, 331, 333, 351, 
26181, 336, 335, 336, 341, 
26212, 340, 341, 339, 329, 
26242, 340, 341, 341, 328, 
26271, 337, 336, 338, 339, 
26302, 333, 332, 334, 349, 
26332, 335, 334, 334, 345, 
26362, 339, 339, 338, 331, 
26392, 340, 342, 341, 326, 
26423, 337, 338, 339, 335, 
26452, 334, 332, 335, 347, 
26483, 334, 333, 335, 347, 
26513, 337, 338, 336, 335, 
26544, 340, 342, 341, 326, 
26573, 338, 339, 340, 332, 
26603, 335, 334, 336, 345, 
26634, 334, 331, 334, 349, 
26663, 335, 335, 336, 339, 
26694, 339, 341, 340, 327, 
26724, 339, 341, 341, 329, 
26755, 336, 335, 338, 341, 
26784, 333, 331, 334, 349, 
26815, 335, 334, 335, 342, 
26845, 339, 340, 339, 330, 
26875, 339, 341, 341, 327, 
26905, 337, 337, 338, 337, 
26935, 334, 331, 335, 349, 
26966, 334, 333, 334, 346, 
26995, 338, 339, 338, 334, 
27026, 341, 342, 341, 325, 
27056, 338, 339, 340, 334, 
27086, 334, 333, 336, 346, 
27116, 334, 332, 334, 349, 
27147, 337, 336, 336, 337, 
27176, 340, 342, 341, 326, 
27207, 339, 340, 340, 331, 
27237, 335, 334, 336, 343, 
27267, 333, 332, 333, 350, 
27297, 335, 335, 336, 341, 
27327, 340, 341, 339, 329, 
27358, 339, 341, 341, 328, 
27387, 336, 337, 338, 339, 
27418, 334, 332, 334, 349, 
27448, 335, 334, 335, 344, 
27479, 339, 339, 338, 332, 
27508, 339, 342, 339, 326, 
27539, 337, 338, 339, 335, 
27569, 334, 332, 335, 347, 
27598, 334, 332, 334, 347, 
27629, 337, 337, 336, 336, 
27659, 340, 342, 340, 326, 
27689, 338, 340, 340, 332, 
27719, 335, 334, 336, 344, 
27750, 334, 331, 334, 350, 
27780, 335, 336, 337, 341, 
27810, 338, 342, 340, 328, 
27840, 338, 341, 340, 329, 
27870, 336, 336, 337, 341, 
27900, 333, 331, 334, 349, 
27930, 334, 334, 335, 344, 
27961, 338, 340, 342, 331, 
27991, 340, 342, 341, 327, 
28021, 336, 337, 338, 337, 
28051, 334, 332, 335, 349, 
28082, 335, 333, 334, 347, 
28111, 337, 338, 338, 335, 
28142, 340, 342, 341, 326, 
28172, 338, 339, 339, 333, 
28201, 335, 333, 336, 346, 
28232, 334, 332, 335, 350, 
28262, 337, 336, 336, 337, 
28293, 340, 342, 341, 327, 
28322, 339, 341, 340, 330, 
28353, 336, 335, 337, 342, 
28383, 333, 331, 334, 350, 
28413, 335, 335, 336, 342, 
28443, 339, 341, 340, 330, 
28474, 339, 341, 342, 328, 
28504, 336, 337, 338, 338, 
28533, 334, 332, 334, 349, 
28564, 335, 333, 334, 346, 
28594, 339, 338, 339, 333, 
28624, 340, 343, 342, 326, 
28654, 338, 339, 339, 334, 
28685, 334, 333, 335, 346, 
28715, 334, 332, 334, 348, 
28745, 337, 337, 337, 337, 
28775, 340, 342, 341, 326, 
28806, 338, 340, 339, 330, 
28835, 335, 334, 337, 343, 
28865, 334, 331, 334, 350, 
28896, 337, 335, 336, 340, 
28925, 340, 341, 340, 329, 
28956, 340, 341, 343, 327, 
28986, 337, 336, 338, 338, 
29017, 333, 332, 334, 349, 
29046, 335, 334, 335, 344, 
29077, 338, 339, 339, 331, 
29107, 340, 343, 341, 326, 
29137, 339, 338, 340, 335, 
29167, 334, 332, 335, 347, 
29197, 334, 332, 334, 347, 
29228, 338, 337, 337, 336, 
29257, 339, 342, 341, 326, 
29288, 339, 339, 339, 332, 
29318, 335, 334, 337, 344, 
29348, 334, 331, 334, 349, 
29378, 336, 336, 336, 340, 
29409, 340, 341, 340, 328, 
29438, 340, 340, 340, 329, 
29469, 336, 336, 337, 341, 
29499, 332, 332, 335, 351, 
29529, 336, 334, 335, 344, 
29559, 339, 340, 339, 331, 
29589, 340, 342, 342, 327, 
29620, 338, 337, 339, 337, 
29649, 334, 332, 335, 349, 
29680, 334, 333, 335, 346, 
29710, 340, 338, 337, 334, 
29741, 341, 342, 341, 326, 
29770, 338, 339, 340, 332, 
29800, 334, 333, 337, 345, 
29831, 333, 331, 334, 349, 
29860, 336, 336, 338, 338, 
29891, 340, 341, 341, 327, 
29921, 339, 340, 340, 330, 
29952, 335, 335, 338, 342, 
29981, 333, 331, 334, 350, 
30012, 335, 334, 336, 343, 
30042, 340, 340, 339, 329, 
30072, 340, 342, 341, 327, 
30102, 337, 337, 338, 337, 
30132, 333, 331, 333, 349, 
30162, 334, 333, 335, 345, 
30192, 338, 338, 338, 333, 
30223, 340, 342, 342, 325, 
30253, 338, 339, 339, 333, 
30283, 335, 333, 336, 346, 
30313, 333, 332, 334, 348, 
30344, 337, 336, 338, 337, 
30373, 340, 342, 340, 327, 
30404, 339, 340, 341, 330, 
30434, 335, 336, 338, 344, 
30464, 333, 331, 334, 350, 
30494, 335, 335, 336, 343, 
30524, 340, 340, 340, 329, 
30555, 339, 341, 341, 328, 
30584, 336, 337, 338, 339, 
30615, 334, 332, 335, 349, 
30645, 335, 334, 335, 344, 
30675, 338, 339, 338, 333, 
30705, 339, 342, 341, 326, 
30736, 337, 338, 340, 336, 
30766, 334, 333, 336, 348, 
30795, 334, 332, 334, 348, 
30826, 337, 337, 337, 336, 
30856, 340, 342, 341, 327, 
30886, 338, 340, 340, 332, 
30916, 335, 334, 336, 345, 
30947, 335, 331, 334, 349, 
30977, 336, 335, 336, 340, 
31007, 340, 341, 340, 328, 
31037, 339, 341, 341, 329, 
31068, 337, 336, 338, 340, 
31097, 334, 331, 334, 350, 
31127, 334, 334, 336, 342, 
31158, 339, 339, 339, 331, 
31187, 339, 342, 341, 327, 
31218, 337, 339, 339, 337, 
31248, 333, 332, 335, 348, 
31279, 334, 332, 334, 348, 
31308, 337, 338, 338, 335, 
31339, 340, 342, 340, 326, 
31369, 339, 339, 339, 332, 
31399, 334, 333, 336, 345, 
31429, 333, 331, 333, 348, 
31459, 336, 336, 336, 339, 
31490, 340, 342, 340, 327, 
31519, 339, 340, 340, 329, 
31550, 335, 335, 337, 341, 
31580, 333, 331, 334, 350, 
31610, 335, 334, 336, 343, 
31640, 338, 339, 339, 331, 
31671, 339, 341, 341, 327, 
31700, 336, 337, 338, 338, 
31730, 334, 331, 335, 349, 
31761, 334, 333, 335, 346, 
31791, 338, 338, 339, 334, 
31821, 339, 342, 341, 326, 
31851, 337, 339, 340, 334, 
31882, 334, 333, 335, 346, 
31911, 333, 332, 334, 348, 
31942, 336, 337, 337, 337, 
31972, 339, 341, 341, 326, 
32003, 338, 340, 342, 330, 
32032, 336, 335, 337, 342, 
32062, 333, 330, 334, 350, 
32093, 335, 335, 336, 341, 
32122, 339, 340, 340, 329, 
32153, 340, 341, 340, 327, 
32183, 336, 336, 338, 339, 
32214, 333, 332, 334, 349, 
32243, 334, 333, 335, 345, 
32274, 339, 339, 339, 331, 
32304, 339, 343, 341, 326, 
32334, 338, 339, 339, 335, 
32364, 335, 333, 335, 347, 
32394, 334, 333, 334, 349, 
32424, 337, 337, 337, 337, 
32454, 340, 342, 342, 327, 
32485, 339, 340, 340, 331, 
32515, 335, 334, 337, 344, 
32545, 334, 331, 334, 350, 
32575, 337, 335, 336, 341, 
32606, 339, 341, 341, 329, 
32635, 339, 341, 341, 328, 
32666, 336, 336, 337, 339, 
32696, 333, 331, 333, 349, 
32726, 335, 333, 335, 345, 
32756, 338, 339, 339, 332, 
32786, 340, 342, 341, 326, 
32817, 337, 338, 340, 336, 
32846, 334, 332, 335, 347, 
32877, 334, 332, 333, 348, 
32907, 337, 338, 338, 336, 
32937, 340, 342, 341, 326, 
32967, 339, 340, 340, 332, 
32998, 335, 334, 337, 344, 
33028, 333, 331, 335, 350, 
33057, 335, 335, 336, 339, 
33088, 339, 341, 341, 327, 
33118, 339, 341, 341, 328, 
33148, 337, 336, 338, 339, 
33178, 335, 331, 334, 349, 
33209, 335, 334, 335, 343, 
33239, 339, 340, 339, 330, 
33269, 340, 342, 341, 327, 
33299, 337, 337, 339, 336, 
33330, 334, 332, 335, 347, 
33359, 335, 333, 334, 346, 
33389, 337, 338, 337, 334, 
33420, 340, 342, 341, 325, 
33449, 338, 339, 341, 332, 
33480, 335, 333, 336, 344, 
33510, 334, 331, 334, 349, 
33541, 336, 336, 337, 339, 
33570, 339, 341, 340, 328, 
33601, 339, 341, 340, 329, 
33631, 336, 336, 337, 341, 
33660, 333, 332, 334, 350, 
33691, 336, 335, 335, 344, 
33721, 340, 340, 339, 330, 
33752, 340, 343, 341, 327, 
33781, 337, 339, 339, 336, 
33812, 333, 332, 334, 348, 
33842, 334, 333, 335, 346, 
33872, 337, 338, 338, 334, 
33902, 339, 342, 340, 325, 
33933, 338, 339, 340, 333, 
33963, 334, 334, 335, 345, 
33992, 333, 331, 334, 349, 
34023, 336, 336, 337, 337, 
34053, 340, 341, 340, 327, 
34083, 339, 340, 340, 329, 
34113, 335, 335, 337, 341, 
34144, 334, 331, 334, 349, 
34173, 337, 336, 335, 342, 
34204, 340, 340, 339, 330, 
34234, 340, 342, 341, 327, 
34265, 337, 338, 339, 338, 
34294, 334, 332, 334, 348, 
34324, 334, 334, 335, 345, 
34355, 338, 338, 338, 333, 
34384, 340, 342, 341, 325, 
34415, 338, 339, 339, 333, 
34445, 334, 333, 335, 345, 
34476, 333, 332, 334, 347, 
34505, 337, 338, 336, 337, 
34536, 339, 342, 342, 327, 
34566, 338, 340, 340, 330, 
34596, 336, 336, 337, 343, 
34626, 333, 331, 333, 351, 
34656, 335, 335, 335, 343, 
34686, 340, 340, 339, 329, 
34716, 339, 342, 341, 328, 
34747, 336, 337, 338, 338, 
34777, 333, 332, 335, 349, 
34807, 335, 333, 335, 344, 
34837, 338, 339, 338, 333, 
34868, 340, 341, 341, 325, 
34897, 338, 338, 340, 334, 
34928, 334, 333, 336, 347, 
34958, 334, 332, 334, 348, 
34988, 337, 337, 337, 336, 
35018, 340, 342, 341, 327, 
35048, 339, 340, 341, 330, 
35079, 336, 335, 337, 343, 
35108, 333, 331, 334, 350, 
35139, 335, 335, 336, 342, 
35169, 339, 341, 339, 329, 
35200, 339, 342, 341, 328, 
35229, 336, 337, 337, 338, 
35260, 334, 332, 334, 349, 
35290, 335, 333, 334, 345, 
35319, 338, 339, 338, 332, 
35350, 340, 342, 341, 327, 
35380, 337, 339, 339, 334, 
35410, 334, 333, 335, 346, 
35440, 334, 331, 335, 347, 
35471, 336, 337, 337, 336, 
35501, 339, 341, 341, 326, 
35531, 339, 340, 340, 330, 
35561, 335, 334, 336, 343, 
35591, 334, 331, 334, 349, 
35621, 336, 335, 336, 340, 
35651, 339, 341, 339, 328, 
35682, 339, 341, 342, 327, 
35712, 337, 336, 338, 339, 
35742, 333, 332, 334, 349, 
35772, 335, 333, 336, 344, 
35803, 339, 339, 339, 332, 
35832, 340, 343, 341, 326, 
35863, 338, 338, 339, 335, 
35893, 334, 332, 336, 348, 
35922, 334, 332, 334, 347, 
35953, 337, 337, 337, 336, 
35983, 340, 342, 341, 327, 
36014, 339, 340, 340, 332, 
36043, 335, 335, 336, 344, 
36074, 333, 331, 334, 350, 
36104, 336, 336, 336, 341, 
36134, 340, 342, 339, 328, 
36164, 340, 342, 342, 327, 
36195, 337, 336, 338, 338, 
36225, 334, 332, 334, 348, 
36254, 336, 334, 335, 342, 
36285, 338, 340, 339, 330, 
36315, 340, 342, 341, 324, 
36345, 339, 339, 339, 333, 
36375, 335, 332, 335, 345, 
36406, 334, 331, 334, 346, 
36435, 337, 337, 336, 334, 
36466, 340, 342, 341, 325, 
36496, 338, 340, 340, 330, 
36527, 335, 334, 337, 343, 
36556, 334, 331, 333, 349, 
36586, 336, 336, 335, 340, 
36617, 339, 341, 340, 327, 
36646, 339, 341, 341, 328, 
36677, 336, 336, 337, 339, 
36707, 334, 332, 335, 349, 
36738, 335, 334, 335, 343, 
36767, 339, 339, 339, 331, 
36798, 340, 342, 341, 327, 
36828, 337, 338, 338, 337, 
36858, 334, 332, 335, 348, 
36888, 335, 333, 335, 348, 
36918, 337, 337, 337, 336, 
36948, 339, 343, 340, 327, 
36978, 338, 339, 340, 333, 
37009, 334, 333, 336, 345, 
37039, 333, 332, 334, 350, 
37069, 336, 336, 336, 339, 
37099, 340, 341, 340, 328, 
37130, 339, 341, 340, 329, 
37159, 336, 336, 337, 341, 
37190, 333, 331, 334, 351, 
37220, 335, 335, 334, 344, 
37250, 338, 341, 339, 333, 
37280, 340, 341, 341, 327, 
37310, 337, 337, 337, 337, 
37341, 335, 332, 335, 348, 
37370, 334, 333, 334, 348, 
37401, 337, 338, 338, 334, 
37431, 340, 342, 341, 326, 
37462, 339, 339, 340, 333, 
37491, 334, 334, 335, 345, 
37521, 333, 332, 333, 350, 
37552, 336, 336, 336, 339, 
37581, 339, 341, 339, 327, 
37612, 338, 340, 340, 330, 
37642, 336, 335, 337, 343, 
37672, 333, 332, 333, 350, 
37702, 335, 334, 335, 343, 
37733, 339, 340, 339, 330, 
37763, 339, 342, 341, 327, 
37793, 336, 337, 338, 338, 
37823, 333, 331, 334, 350, 
37853, 334, 334, 334, 347, 
37883, 337, 338, 338, 334, 
37913, 339, 342, 342, 326, 
37944, 338, 339, 339, 333, 
37974, 335, 333, 336, 347, 
38004, 333, 331, 334, 349, 
38034, 337, 336, 338, 339, 
38065, 340, 342, 341, 329, 
38094, 339, 341, 340, 332, 
38125, 335, 335, 335, 343, 
38155, 333, 331, 334, 351, 
38184, 336, 335, 336, 343, 
38215, 339, 340, 340, 330, 
38245, 339, 342, 341, 328, 
38276, 336, 338, 338, 340, 
38305, 333, 332, 334, 349, 
38336, 335, 333, 335, 346, 
38366, 338, 339, 338, 333, 
38396, 340, 343, 342, 325, 
38426, 337, 339, 340, 335, 
38457, 334, 334, 336, 348, 
38487, 334, 332, 334, 348, 
38516, 337, 337, 338, 338, 
38547, 339, 342, 341, 326, 
38577, 339, 340, 340, 332, 
38607, 336, 333, 336, 344, 
38637, 334, 333, 334, 351, 
38668, 336, 334, 336, 341, 
38697, 339, 341, 340, 329, 
38728, 340, 341, 341, 328, 
38758, 336, 336, 338, 340, 
38789, 334, 331, 334, 349, 
38818, 335, 334, 335, 345, 
38848, 338, 338, 339, 332, 
38879, 340, 342, 343, 327, 
38908, 338, 338, 339, 335, 
38939, 334, 333, 335, 347, 
38969, 334, 332, 334, 347, 
39000, 337, 337, 338, 335, 
39029, 340, 342, 341, 326, 
39060, 338, 340, 342, 333, 
39090, 335, 334, 336, 344, 
39120, 334, 332, 335, 349, 
39150, 336, 336, 336, 340, 
39180, 340, 341, 341, 329, 
39211, 339, 341, 342, 329, 
39240, 336, 336, 338, 341, 
39271, 333, 332, 334, 350, 
39301, 335, 332, 335, 344, 
39331, 339, 339, 339, 331, 
39361, 340, 343, 341, 327, 
39392, 337, 338, 339, 337, 
39421, 334, 332, 335, 349, 
39451, 334, 332, 334, 348, 
39482, 337, 338, 338, 335, 
39512, 340, 341, 341, 326, 
39542, 338, 339, 340, 333, 
39572, 334, 333, 335, 345, 
39603, 335, 332, 335, 349, 
39632, 336, 336, 336, 338, 
39663, 339, 342, 340, 328, 
39693, 339, 340, 340, 329, 
39724, 335, 336, 336, 341, 
39753, 333, 331, 333, 349, 
39783, 335, 334, 335, 342, 
39814, 339, 341, 339, 329, 
39843, 339, 341, 341, 327, 
39874, 336, 337, 338, 338, 
39904, 333, 331, 334, 349, 
39934, 334, 332, 334, 346, 
39964, 337, 338, 338, 333, 
39995, 339, 342, 340, 327, 
40025, 337, 339, 339, 334, 
40055, 334, 333, 335, 346, 
40085, 334, 333, 334, 349, 
40115, 338, 337, 337, 337, 
40145, 339, 342, 342, 326, 
40175, 339, 340, 340, 331, 
40206, 335, 334, 336, 342, 
40236, 333, 331, 334, 350, 
40266, 335, 335, 335, 341, 
40296, 339, 341, 340, 329, 
40327, 339, 342, 341, 328, 
40356, 336, 336, 338, 339, 
40387, 333, 331, 334, 349, 
40417, 335, 334, 335, 344, 
40446, 338, 339, 339, 334, 
40477, 340, 342, 341, 326, 
40507, 336, 339, 339, 335, 
40538, 333, 333, 335, 348, 
40567, 334, 332, 334, 349, 
40598, 337, 338, 338, 337, 
40628, 339, 343, 341, 327, 
40658, 339, 340, 339, 332, 
40688, 335, 334, 337, 344, 
40719, 333, 332, 333, 350, 
40749, 336, 336, 336, 340, 
40778, 339, 341, 340, 328, 
40809, 339, 341, 341, 329, 
40839, 336, 336, 337, 341, 
40869, 333, 331, 334, 352, 
40899, 335, 334, 335, 343, 
40930, 338, 340, 339, 332, 
40960, 339, 342, 341, 327, 
40990, 337, 337, 339, 337, 
41020, 333, 331, 334, 349, 
