0, 337, 340, 340, 328, 
1, 339, 341, 340, 325, 
2, 341, 342, 342, 325, 
11, 334, 331, 334, 347, 
37, 339, 338, 337, 332, 
65, 337, 338, 338, 334, 
92, 334, 330, 333, 348, 
119, 340, 342, 340, 327, 
147, 337, 336, 337, 339, 
175, 334, 332, 334, 348, 
203, 339, 340, 339, 330, 
231, 337, 338, 339, 336, 
260, 333, 331, 334, 351, 
287, 338, 339, 339, 333, 
316, 337, 339, 339, 333, 
344, 333, 331, 333, 348, 
371, 337, 337, 337, 336, 
400, 338, 341, 340, 331, 
428, 333, 332, 334, 348, 
456, 336, 336, 337, 340, 
484, 339, 341, 340, 328, 
512, 335, 333, 335, 346, 
540, 335, 334, 335, 343, 
568, 340, 342, 340, 327, 
596, 335, 335, 336, 343, 
624, 334, 334, 335, 346, 
653, 339, 342, 340, 328, 
680, 336, 336, 337, 339, 
708, 334, 332, 334, 349, 
737, 340, 340, 340, 331, 
764, 339, 338, 339, 337, 
793, 334, 331, 334, 352, 
821, 338, 339, 338, 333, 
849, 336, 340, 340, 333, 
877, 333, 332, 335, 351, 
905, 337, 337, 338, 337, 
933, 338, 341, 341, 330, 
961, 334, 332, 336, 349, 
990, 336, 336, 336, 339, 
1017, 339, 342, 340, 328, 
1046, 335, 335, 337, 343, 
1076, 334, 333, 334, 349, 
1104, 337, 339, 338, 334, 
1134, 339, 341, 340, 328, 
1163, 335, 335, 337, 344, 
1192, 334, 332, 334, 350, 
1221, 338, 338, 338, 333, 
1251, 340, 341, 340, 329, 
1280, 335, 335, 336, 344, 
1308, 334, 332, 334, 349, 
1338, 338, 340, 338, 333, 
1367, 339, 341, 340, 331, 
1396, 335, 334, 337, 343, 
1425, 334, 332, 335, 347, 
1455, 337, 339, 338, 332, 
1483, 338, 340, 340, 329, 
1512, 334, 334, 336, 345, 
1542, 334, 332, 335, 346, 
1570, 338, 339, 339, 330, 
1600, 339, 340, 341, 330, 
1629, 334, 333, 336, 346, 
1658, 335, 333, 335, 345, 
1687, 340, 341, 339, 330, 
1717, 339, 340, 339, 330, 
1745, 334, 333, 335, 347, 
1774, 334, 334, 336, 344, 
1804, 339, 340, 340, 329, 
1832, 338, 340, 341, 331, 
1862, 334, 332, 335, 346, 
1891, 334, 334, 336, 344, 
1921, 339, 341, 340, 328, 
1949, 338, 339, 339, 331, 
1978, 335, 331, 335, 346, 
2008, 335, 334, 335, 343, 
2036, 339, 341, 340, 327, 
2066, 338, 339, 339, 333, 
2095, 334, 332, 334, 347, 
2124, 335, 333, 335, 342, 
2153, 339, 341, 340, 327, 
2183, 338, 339, 339, 333, 
2211, 333, 332, 334, 348, 
2240, 336, 335, 336, 342, 
2270, 339, 342, 341, 328, 
2298, 338, 339, 338, 335, 
2328, 334, 332, 334, 349, 
2357, 335, 335, 336, 341, 
2386, 340, 341, 340, 326, 
2415, 337, 339, 338, 334, 
2444, 333, 330, 334, 349, 
2473, 336, 335, 337, 340, 
2502, 339, 341, 339, 326, 
2532, 337, 338, 338, 336, 
2561, 333, 332, 334, 349, 
2590, 336, 336, 336, 339, 
2619, 339, 342, 340, 326, 
2649, 337, 337, 338, 337, 
2677, 333, 331, 334, 349, 
2706, 336, 336, 337, 338, 
2736, 339, 341, 340, 325, 
2764, 337, 337, 338, 337, 
2794, 334, 331, 334, 350, 
2823, 336, 336, 337, 338, 
2852, 339, 340, 340, 325, 
2881, 336, 336, 337, 338, 
2910, 333, 331, 334, 349, 
2939, 336, 336, 337, 336, 
2968, 339, 341, 341, 325, 
2998, 335, 336, 338, 338, 
3026, 333, 329, 334, 348, 
3056, 336, 337, 337, 335, 
3085, 339, 341, 340, 326, 
3115, 337, 336, 337, 338, 
3143, 334, 331, 334, 348, 
3172, 337, 337, 337, 334, 
3202, 340, 341, 340, 326, 
3230, 336, 336, 337, 340, 
3260, 335, 331, 334, 347, 
3289, 338, 338, 339, 334, 
3318, 340, 341, 342, 327, 
3347, 335, 336, 337, 341, 
3376, 334, 331, 334, 348, 
3405, 337, 338, 338, 334, 
3434, 339, 341, 340, 327, 
3464, 335, 335, 336, 343, 
3492, 334, 332, 334, 348, 
3522, 338, 338, 338, 334, 
3551, 339, 341, 340, 329, 
3580, 335, 335, 336, 343, 
3609, 334, 335, 334, 347, 
3638, 338, 339, 338, 332, 
3667, 339, 341, 340, 329, 
3696, 335, 334, 336, 344, 
3726, 334, 333, 335, 347, 
3755, 338, 339, 340, 331, 
3784, 338, 340, 340, 330, 
3813, 334, 333, 335, 344, 
3842, 335, 334, 335, 346, 
3871, 339, 340, 339, 330, 
3900, 339, 340, 340, 329, 
3930, 335, 333, 335, 345, 
3958, 334, 333, 334, 346, 
3988, 338, 340, 339, 330, 
4017, 338, 340, 339, 331, 
4046, 335, 332, 335, 347, 
4075, 335, 333, 335, 345, 
4104, 339, 340, 339, 329, 
4133, 338, 340, 340, 331, 
4162, 334, 333, 335, 346, 
4192, 335, 334, 335, 344, 
4220, 339, 340, 339, 329, 
4250, 338, 339, 339, 332, 
4279, 334, 333, 335, 347, 
4307, 334, 334, 335, 344, 
4337, 339, 340, 339, 328, 
4366, 338, 340, 340, 332, 
4396, 334, 331, 335, 347, 
4424, 335, 334, 335, 343, 
4454, 339, 341, 340, 327, 
4483, 338, 340, 339, 333, 
4512, 333, 331, 334, 348, 
4541, 335, 334, 336, 342, 
4570, 339, 341, 340, 327, 
4599, 337, 338, 339, 334, 
4628, 333, 331, 334, 348, 
4658, 335, 334, 335, 341, 
4686, 339, 341, 341, 327, 
4716, 337, 338, 339, 334, 
4745, 333, 331, 335, 349, 
4773, 336, 335, 336, 342, 
4803, 340, 341, 340, 326, 
4832, 337, 338, 339, 335, 
4861, 333, 331, 333, 350, 
4890, 336, 335, 335, 340, 
4920, 339, 342, 340, 326, 
4948, 338, 337, 338, 337, 
4978, 334, 331, 334, 350, 
5007, 336, 336, 336, 339, 
5036, 341, 342, 340, 326, 
5065, 336, 337, 338, 338, 
5094, 333, 332, 334, 350, 
5124, 336, 336, 336, 338, 
5152, 340, 342, 341, 327, 
5182, 337, 336, 337, 338, 
5211, 333, 331, 334, 349, 
5239, 336, 336, 337, 337, 
5269, 339, 340, 341, 326, 
5298, 335, 336, 338, 338, 
5327, 334, 331, 334, 349, 
5356, 337, 336, 338, 337, 
5386, 339, 342, 340, 326, 
5414, 337, 336, 337, 339, 
5444, 332, 331, 334, 348, 
5473, 336, 337, 337, 335, 
5501, 339, 341, 341, 326, 
5531, 335, 335, 338, 340, 
5560, 333, 331, 334, 349, 
5590, 337, 337, 337, 335, 
5618, 339, 341, 340, 326, 
5648, 336, 335, 336, 341, 
5677, 333, 331, 333, 348, 
5705, 337, 338, 337, 335, 
5735, 339, 341, 340, 327, 
5764, 335, 335, 337, 342, 
5793, 334, 332, 334, 348, 
5822, 336, 338, 337, 333, 
5852, 339, 341, 340, 328, 
5880, 334, 334, 336, 343, 
5910, 334, 333, 335, 348, 
5939, 337, 337, 338, 333, 
5967, 339, 341, 340, 328, 
5997, 335, 334, 336, 343, 
6026, 334, 332, 334, 346, 
6055, 338, 339, 338, 332, 
6084, 339, 342, 341, 328, 
6114, 334, 335, 336, 344, 
6142, 334, 333, 334, 346, 
6171, 338, 339, 339, 330, 
6201, 339, 340, 340, 329, 
6230, 335, 334, 337, 344, 
6259, 334, 332, 334, 345, 
6288, 338, 340, 339, 331, 
6318, 338, 339, 340, 329, 
6346, 335, 334, 335, 344, 
6376, 334, 332, 334, 345, 
6405, 339, 340, 339, 329, 
6433, 338, 340, 339, 331, 
6463, 335, 334, 335, 346, 
6492, 335, 333, 335, 345, 
6521, 338, 340, 339, 329, 
6550, 338, 340, 339, 331, 
6580, 333, 333, 335, 346, 
6608, 334, 334, 335, 345, 
6637, 339, 340, 339, 329, 
6667, 338, 340, 339, 332, 
6695, 334, 333, 335, 347, 
6725, 335, 334, 336, 344, 
6754, 339, 341, 340, 329, 
6784, 338, 340, 339, 332, 
6812, 334, 332, 335, 347, 
6842, 335, 334, 335, 343, 
6871, 339, 341, 340, 327, 
6899, 338, 339, 339, 333, 
6929, 334, 332, 335, 347, 
6958, 335, 334, 336, 342, 
6987, 339, 341, 339, 326, 
7016, 338, 339, 339, 334, 
7046, 334, 332, 334, 348, 
7074, 336, 334, 336, 342, 
7103, 340, 341, 340, 327, 
7133, 337, 337, 338, 334, 
7161, 333, 333, 334, 349, 
7191, 336, 335, 335, 341, 
7220, 339, 341, 340, 327, 
7249, 338, 338, 338, 335, 
7278, 333, 331, 335, 349, 
7308, 335, 335, 336, 340, 
7336, 339, 342, 340, 326, 
7365, 337, 337, 339, 335, 
7395, 333, 332, 334, 349, 
7424, 336, 335, 336, 339, 
7453, 339, 342, 340, 326, 
7482, 337, 337, 338, 336, 
7512, 333, 331, 335, 348, 
7540, 336, 335, 336, 338, 
7569, 339, 342, 340, 326, 
7599, 336, 337, 338, 338, 
7627, 333, 331, 335, 350, 
7657, 336, 336, 336, 339, 
7686, 340, 343, 341, 326, 
7715, 336, 337, 338, 339, 
7744, 333, 331, 334, 351, 
7774, 336, 336, 337, 338, 
7802, 339, 342, 340, 327, 
7831, 336, 337, 337, 339, 
7861, 333, 331, 333, 350, 
7889, 336, 336, 337, 337, 
7919, 339, 343, 341, 327, 
7948, 336, 336, 339, 340, 
7977, 333, 331, 334, 349, 
8006, 338, 337, 337, 336, 
8035, 339, 341, 341, 326, 
8065, 336, 336, 336, 341, 
8093, 334, 331, 334, 349, 
8123, 337, 337, 337, 336, 
8152, 340, 341, 340, 327, 
8181, 336, 335, 338, 341, 
8210, 333, 331, 334, 349, 
8240, 337, 337, 338, 335, 
8268, 339, 341, 341, 327, 
8297, 335, 335, 337, 341, 
8327, 334, 332, 334, 349, 
8355, 338, 339, 338, 334, 
8385, 339, 342, 340, 327, 
8414, 335, 335, 336, 341, 
8443, 334, 333, 335, 349, 
8472, 338, 338, 337, 332, 
8501, 339, 341, 340, 328, 
8530, 335, 335, 336, 342, 
8559, 334, 332, 334, 347, 
8589, 337, 339, 339, 333, 
8617, 339, 341, 340, 328, 
8647, 335, 334, 336, 343, 
8676, 334, 332, 334, 347, 
8706, 339, 339, 339, 331, 
8734, 339, 340, 339, 328, 
8763, 335, 333, 335, 343, 
8793, 334, 331, 335, 346, 
8821, 338, 339, 337, 331, 
8851, 339, 340, 341, 329, 
8880, 334, 333, 337, 343, 
8909, 334, 332, 334, 345, 
8938, 338, 340, 338, 329, 
8967, 337, 340, 340, 328, 
8996, 335, 334, 335, 345, 
9025, 334, 333, 334, 345, 
9055, 338, 340, 339, 330, 
9083, 338, 339, 340, 329, 
9113, 334, 333, 336, 347, 
9142, 333, 332, 335, 346, 
9171, 339, 340, 339, 329, 
9200, 339, 339, 339, 330, 
9229, 333, 333, 335, 345, 
9259, 334, 334, 335, 344, 
9287, 339, 341, 339, 329, 
9317, 338, 339, 339, 331, 
9346, 334, 332, 335, 347, 
9375, 334, 334, 335, 344, 
9404, 339, 341, 340, 328, 
9433, 338, 339, 339, 331, 
9462, 334, 332, 335, 347, 
9491, 335, 333, 335, 344, 
9521, 339, 341, 339, 329, 
9549, 337, 338, 339, 333, 
9579, 333, 332, 334, 348, 
9608, 335, 333, 336, 343, 
9637, 339, 341, 340, 328, 
9666, 338, 339, 339, 333, 
9695, 333, 333, 334, 348, 
9724, 335, 334, 336, 343, 
9753, 339, 341, 340, 328, 
9783, 337, 338, 338, 334, 
9811, 333, 331, 334, 347, 
9841, 334, 334, 336, 342, 
9870, 339, 341, 339, 327, 
9899, 337, 338, 339, 333, 
9928, 333, 330, 334, 349, 
9957, 334, 334, 335, 342, 
9987, 339, 341, 340, 326, 
10015, 337, 338, 339, 334, 
10046, 335, 332, 335, 347, 
10076, 333, 332, 334, 348, 
10106, 336, 336, 336, 336, 
10136, 339, 342, 340, 326, 
10167, 338, 339, 339, 331, 
10196, 334, 335, 336, 343, 
10226, 333, 330, 334, 350, 
10257, 335, 335, 336, 340, 
10287, 339, 340, 340, 328, 
10317, 338, 340, 340, 329, 
10347, 336, 335, 337, 340, 
10378, 334, 331, 333, 349, 
10407, 335, 334, 335, 342, 
10438, 338, 339, 338, 331, 
10468, 339, 341, 340, 327, 
10498, 337, 337, 338, 337, 
10528, 333, 332, 334, 348, 
10558, 334, 332, 334, 345, 
10589, 337, 338, 337, 333, 
10618, 339, 341, 340, 326, 
10649, 338, 339, 339, 333, 
10679, 334, 334, 334, 346, 
10710, 333, 332, 334, 348, 
10739, 336, 336, 336, 337, 
10770, 340, 341, 340, 326, 
10800, 338, 340, 340, 331, 
10829, 335, 335, 335, 342, 
10860, 333, 331, 334, 349, 
10890, 335, 335, 335, 340, 
10920, 339, 341, 339, 327, 
10950, 339, 340, 340, 329, 
10981, 336, 336, 337, 339, 
11011, 333, 332, 334, 349, 
11041, 335, 333, 335, 343, 
11071, 339, 339, 339, 331, 
11102, 339, 342, 340, 326, 
11131, 335, 337, 338, 335, 
11161, 334, 331, 334, 346, 
11192, 334, 332, 334, 345, 
11222, 337, 337, 338, 333, 
11252, 340, 341, 340, 325, 
11282, 338, 338, 339, 332, 
11313, 334, 334, 336, 344, 
11342, 332, 331, 334, 347, 
11373, 336, 336, 336, 337, 
11403, 339, 341, 340, 326, 
11433, 339, 340, 340, 330, 
11463, 335, 335, 336, 341, 
11493, 333, 331, 334, 349, 
11524, 335, 333, 336, 341, 
11553, 338, 340, 338, 329, 
11584, 339, 341, 340, 327, 
11614, 337, 337, 337, 338, 
11644, 333, 332, 334, 348, 
11674, 334, 333, 334, 345, 
11705, 338, 339, 338, 332, 
11735, 339, 342, 340, 325, 
11765, 337, 337, 338, 334, 
11795, 334, 332, 335, 346, 
11825, 334, 332, 335, 347, 
11855, 337, 337, 337, 335, 
11885, 340, 342, 340, 326, 
11916, 338, 339, 340, 331, 
11945, 335, 335, 334, 344, 
11976, 335, 331, 334, 349, 
12006, 335, 336, 336, 339, 
12037, 340, 341, 339, 327, 
12066, 338, 341, 339, 329, 
12097, 335, 335, 336, 342, 
12127, 333, 331, 333, 350, 
12156, 334, 334, 335, 343, 
12187, 337, 339, 338, 331, 
12217, 339, 341, 340, 328, 
12248, 336, 337, 337, 339, 
12277, 333, 331, 334, 349, 
12308, 335, 333, 334, 346, 
12338, 337, 339, 338, 334, 
12368, 339, 342, 340, 326, 
12398, 338, 338, 338, 334, 
12428, 333, 333, 335, 346, 
12459, 333, 333, 335, 347, 
12488, 336, 336, 337, 336, 
12519, 340, 341, 340, 326, 
12549, 339, 340, 339, 331, 
12579, 335, 335, 336, 343, 
12609, 333, 332, 334, 349, 
12640, 335, 335, 336, 340, 
12669, 339, 341, 340, 328, 
12700, 339, 340, 340, 330, 
12730, 335, 336, 337, 340, 
12760, 333, 331, 334, 349, 
12790, 334, 333, 334, 345, 
12820, 338, 339, 338, 331, 
12851, 339, 341, 340, 327, 
12880, 337, 337, 338, 337, 
12911, 333, 331, 335, 348, 
12941, 334, 332, 334, 346, 
12972, 337, 338, 337, 335, 
13001, 339, 342, 340, 327, 
13032, 337, 338, 338, 334, 
13062, 334, 333, 335, 347, 
13091, 333, 331, 335, 348, 
13122, 336, 335, 336, 338, 
13152, 339, 342, 340, 328, 
13182, 338, 340, 340, 331, 
13212, 335, 334, 337, 343, 
13243, 333, 331, 334, 350, 
13273, 335, 334, 336, 341, 
13303, 339, 340, 340, 329, 
13333, 339, 341, 340, 328, 
13364, 336, 336, 337, 340, 
13393, 333, 331, 334, 349, 
13423, 334, 333, 335, 344, 
13454, 338, 339, 339, 331, 
13484, 339, 341, 342, 326, 
13514, 337, 338, 338, 336, 
13544, 333, 332, 334, 347, 
13575, 334, 332, 334, 347, 
13604, 336, 337, 338, 336, 
13635, 339, 341, 341, 326, 
13665, 338, 339, 339, 332, 
13696, 334, 333, 336, 344, 
13725, 333, 331, 334, 348, 
13755, 336, 335, 336, 338, 
13786, 340, 341, 340, 327, 
13815, 339, 340, 339, 329, 
13846, 335, 335, 336, 342, 
13876, 333, 331, 334, 349, 
13906, 335, 334, 335, 342, 
13936, 339, 340, 339, 330, 
13967, 339, 341, 341, 327, 
13997, 336, 337, 337, 337, 
14027, 333, 331, 335, 348, 
14057, 334, 333, 334, 345, 
14087, 337, 338, 337, 333, 
14117, 340, 341, 340, 326, 
14147, 337, 338, 338, 335, 
14178, 334, 333, 334, 346, 
14208, 334, 332, 333, 348, 
14238, 336, 336, 337, 335, 
14268, 339, 341, 339, 327, 
14299, 338, 340, 338, 331, 
14328, 335, 334, 336, 344, 
14358, 333, 331, 335, 348, 
14389, 335, 335, 337, 340, 
14418, 339, 340, 340, 328, 
14449, 339, 341, 340, 328, 
14479, 336, 335, 337, 340, 
14510, 334, 331, 334, 348, 
14539, 335, 334, 335, 343, 
14570, 338, 339, 338, 330, 
14600, 340, 341, 340, 326, 
14630, 337, 337, 338, 337, 
14660, 333, 332, 335, 347, 
14690, 334, 333, 334, 345, 
14721, 337, 337, 336, 333, 
14750, 339, 341, 340, 326, 
14781, 338, 338, 338, 334, 
14811, 334, 333, 336, 346, 
14841, 333, 331, 334, 348, 
14871, 336, 336, 337, 338, 
14902, 339, 341, 340, 326, 
14931, 338, 339, 340, 331, 
14962, 336, 334, 336, 342, 
14992, 333, 331, 333, 349, 
15022, 335, 334, 335, 341, 
15052, 339, 341, 339, 328, 
15082, 339, 340, 340, 328, 
15113, 336, 336, 337, 339, 
15142, 334, 331, 335, 349, 
15173, 334, 334, 334, 345, 
15203, 338, 338, 338, 332, 
15234, 339, 342, 341, 327, 
15263, 337, 337, 338, 336, 
15294, 333, 333, 334, 347, 
15324, 334, 332, 335, 348, 
15353, 336, 337, 337, 335, 
15384, 339, 341, 340, 327, 
15414, 338, 339, 339, 333, 
15444, 334, 333, 336, 345, 
15474, 333, 331, 333, 350, 
15505, 336, 337, 335, 339, 
15535, 338, 342, 340, 328, 
15565, 338, 340, 339, 330, 
15595, 335, 335, 337, 341, 
15626, 333, 331, 333, 349, 
15655, 335, 335, 335, 342, 
15685, 339, 339, 340, 330, 
15716, 337, 342, 341, 329, 
15746, 336, 336, 336, 339, 
15776, 333, 331, 334, 350, 
15806, 334, 333, 335, 347, 
15837, 337, 339, 338, 335, 
15866, 340, 342, 340, 328, 
15897, 337, 339, 338, 336, 
15927, 333, 332, 333, 347, 
15958, 333, 332, 334, 347, 
15987, 336, 338, 338, 337, 
16017, 340, 341, 340, 327, 
16048, 338, 340, 340, 331, 
16077, 335, 334, 337, 343, 
16108, 334, 332, 334, 348, 
16138, 336, 335, 336, 339, 
16168, 339, 341, 340, 327, 
16198, 338, 341, 341, 327, 
16229, 336, 336, 337, 340, 
16259, 335, 331, 335, 348, 
16288, 335, 334, 335, 341, 
16319, 338, 339, 339, 330, 
16349, 339, 341, 341, 327, 
16379, 338, 337, 338, 335, 
16409, 333, 332, 335, 348, 
16440, 336, 334, 335, 346, 
16470, 337, 338, 339, 333, 
16500, 340, 341, 340, 325, 
16530, 338, 339, 339, 333, 
16561, 334, 333, 335, 344, 
16590, 335, 331, 333, 347, 
16620, 338, 336, 336, 337, 
16651, 339, 341, 340, 326, 
16680, 339, 339, 340, 330, 
16711, 336, 334, 336, 342, 
16741, 334, 331, 335, 349, 
16772, 336, 335, 336, 341, 
16801, 340, 341, 338, 327, 
16832, 339, 340, 340, 328, 
16862, 336, 336, 337, 339, 
16892, 333, 331, 334, 349, 
16922, 335, 333, 336, 344, 
16952, 338, 339, 339, 331, 
16983, 341, 343, 341, 326, 
17012, 337, 337, 338, 335, 
17043, 333, 332, 335, 347, 
17073, 335, 333, 334, 346, 
17103, 337, 337, 337, 335, 
17133, 340, 342, 341, 325, 
17164, 339, 339, 339, 332, 
17193, 335, 333, 336, 343, 
17224, 335, 332, 334, 348, 
17254, 336, 335, 337, 338, 
17284, 340, 341, 339, 327, 
17314, 339, 341, 339, 329, 
17344, 336, 335, 336, 342, 
17375, 333, 331, 334, 349, 
17404, 335, 334, 336, 341, 
17435, 339, 339, 339, 330, 
17465, 340, 341, 340, 327, 
17496, 337, 337, 337, 337, 
17525, 335, 332, 335, 349, 
17556, 334, 333, 335, 345, 
17586, 339, 338, 339, 333, 
17615, 341, 342, 341, 326, 
17646, 338, 338, 339, 334, 
17676, 334, 332, 335, 345, 
17707, 334, 332, 334, 345, 
17736, 336, 337, 337, 336, 
17767, 340, 341, 340, 326, 
17797, 339, 339, 341, 330, 
17827, 335, 334, 337, 343, 
17857, 333, 331, 334, 349, 
17888, 336, 335, 336, 339, 
17917, 339, 340, 341, 328, 
17947, 339, 341, 340, 328, 
17978, 336, 336, 337, 339, 
18008, 333, 331, 334, 349, 
18038, 335, 334, 335, 343, 
18068, 339, 339, 339, 331, 
18099, 339, 341, 341, 326, 
18128, 337, 338, 338, 337, 
18159, 334, 332, 335, 347, 
18189, 334, 333, 334, 346, 
18219, 337, 338, 338, 335, 
18249, 340, 342, 341, 327, 
18279, 336, 339, 339, 333, 
18310, 334, 333, 336, 346, 
18339, 333, 332, 334, 349, 
18370, 336, 336, 336, 338, 
18400, 339, 341, 339, 327, 
18430, 339, 340, 339, 331, 
18460, 335, 336, 336, 342, 
18491, 333, 331, 334, 350, 
18521, 336, 335, 336, 341, 
18550, 339, 341, 340, 331, 
18581, 339, 341, 340, 329, 
18611, 336, 336, 337, 339, 
18641, 334, 332, 334, 350, 
18671, 335, 334, 336, 345, 
18702, 338, 338, 338, 333, 
18732, 340, 341, 340, 327, 
18762, 337, 338, 338, 336, 
18792, 334, 332, 335, 347, 
18823, 333, 333, 335, 348, 
18852, 337, 337, 338, 337, 
18882, 339, 342, 340, 327, 
18913, 338, 339, 339, 333, 
18942, 335, 333, 335, 344, 
18973, 334, 332, 333, 348, 
19003, 337, 336, 337, 339, 
19034, 339, 341, 340, 328, 
19063, 339, 341, 340, 328, 
19094, 336, 335, 337, 341, 
19124, 333, 331, 334, 349, 
19154, 335, 334, 335, 342, 
19184, 338, 340, 339, 331, 
19214, 339, 341, 340, 327, 
19245, 336, 338, 338, 337, 
19274, 334, 332, 334, 348, 
19305, 335, 334, 335, 345, 
19335, 338, 338, 338, 333, 
19365, 340, 342, 341, 328, 
19395, 338, 338, 338, 335, 
19426, 333, 333, 336, 346, 
19456, 334, 332, 335, 348, 
19486, 338, 337, 337, 338, 
19516, 340, 342, 341, 327, 
19546, 339, 340, 340, 334, 
19576, 335, 334, 336, 344, 
19606, 333, 331, 334, 349, 
19637, 336, 335, 336, 340, 
19666, 339, 341, 340, 328, 
19697, 339, 341, 340, 330, 
19727, 336, 336, 338, 342, 
19758, 333, 331, 334, 350, 
19787, 335, 334, 335, 343, 
19818, 338, 340, 339, 331, 
19848, 340, 341, 340, 328, 
19877, 336, 337, 338, 338, 
19908, 334, 332, 335, 350, 
19938, 334, 333, 334, 346, 
19969, 337, 338, 338, 336, 
19998, 339, 341, 340, 327, 
20029, 337, 338, 339, 334, 
20059, 334, 332, 336, 346, 
20089, 333, 331, 334, 348, 
20119, 336, 336, 337, 337, 
20149, 339, 342, 340, 327, 
20179, 338, 340, 340, 331, 
20209, 335, 334, 336, 343, 
20240, 333, 331, 333, 349, 
20270, 335, 335, 336, 341, 
20300, 339, 341, 340, 329, 
20330, 339, 341, 339, 329, 
20361, 336, 335, 338, 340, 
20390, 333, 331, 334, 349, 
20421, 335, 334, 335, 343, 
20451, 339, 340, 338, 332, 
20481, 339, 342, 341, 326, 
20511, 337, 337, 338, 336, 
20541, 334, 332, 335, 348, 
20572, 334, 332, 335, 346, 
20601, 337, 338, 338, 334, 
20632, 339, 341, 341, 327, 
20662, 337, 338, 339, 333, 
20692, 334, 333, 335, 346, 
20722, 333, 332, 335, 348, 
20753, 336, 336, 336, 337, 
20783, 339, 342, 340, 327, 
20812, 339, 341, 339, 330, 
20843, 335, 334, 336, 342, 
20873, 332, 330, 333, 348, 
20903, 336, 335, 335, 340, 
20933, 339, 339, 339, 328, 
20964, 339, 340, 340, 328, 
20994, 336, 336, 338, 339, 
21024, 334, 331, 334, 348, 
21054, 334, 333, 335, 344, 
21085, 338, 339, 338, 332, 
21114, 340, 341, 340, 326, 
21144, 337, 338, 338, 336, 
21175, 333, 332, 335, 348, 
21204, 334, 333, 335, 347, 
21235, 337, 338, 338, 335, 
21265, 340, 342, 341, 326, 
21296, 338, 339, 339, 334, 
21325, 334, 334, 336, 345, 
21356, 334, 332, 334, 349, 
21386, 337, 336, 337, 338, 
21416, 339, 341, 340, 327, 
21446, 339, 340, 340, 330, 
21476, 335, 335, 336, 343, 
21507, 333, 331, 334, 350, 
21536, 336, 334, 336, 342, 
21567, 339, 340, 339, 329, 
21597, 338, 341, 340, 328, 
21627, 336, 336, 338, 339, 
21657, 333, 331, 334, 349, 
21688, 333, 333, 335, 345, 
21718, 337, 340, 338, 332, 
21748, 339, 342, 341, 326, 
21778, 337, 338, 339, 333, 
21808, 333, 332, 335, 347, 
21838, 333, 332, 335, 347, 
21868, 336, 337, 337, 336, 
21899, 339, 342, 340, 326, 
21928, 338, 339, 339, 332, 
21959, 334, 333, 335, 344, 
21989, 333, 331, 334, 349, 
22020, 335, 335, 337, 340, 
22049, 339, 340, 339, 329, 
22079, 338, 343, 339, 331, 
22110, 335, 335, 337, 343, 
22139, 333, 331, 334, 351, 
22170, 334, 334, 335, 343, 
22200, 338, 340, 339, 331, 
22231, 339, 341, 340, 328, 
22260, 336, 337, 338, 339, 
22291, 333, 331, 335, 349, 
22321, 334, 333, 334, 347, 
22351, 337, 338, 338, 334, 
22381, 339, 342, 340, 327, 
22411, 337, 339, 338, 335, 
22441, 333, 332, 335, 347, 
22471, 334, 332, 335, 349, 
22502, 336, 337, 337, 337, 
22532, 339, 342, 340, 327, 
22562, 338, 340, 339, 332, 
22592, 334, 334, 336, 344, 
22623, 333, 331, 334, 349, 
22652, 334, 335, 336, 340, 
22683, 339, 342, 339, 329, 
22713, 339, 340, 339, 329, 
22743, 335, 335, 337, 341, 
22773, 333, 331, 333, 349, 
22803, 335, 334, 335, 343, 
22834, 339, 339, 339, 331, 
22863, 339, 341, 341, 328, 
22894, 337, 336, 338, 337, 
22924, 334, 332, 334, 348, 
22955, 334, 333, 334, 346, 
22984, 338, 338, 338, 334, 
23015, 339, 342, 340, 326, 
23045, 337, 339, 339, 335, 
23074, 334, 333, 335, 346, 
23105, 335, 332, 334, 348, 
23135, 336, 336, 337, 336, 
23165, 339, 341, 341, 327, 
23195, 338, 339, 339, 331, 
23226, 335, 334, 336, 343, 
23256, 334, 331, 334, 349, 
23286, 336, 335, 336, 339, 
23316, 339, 340, 339, 327, 
23347, 339, 340, 339, 328, 
23376, 336, 335, 337, 339, 
23406, 333, 331, 334, 348, 
23437, 336, 333, 335, 342, 
23467, 338, 339, 338, 330, 
23497, 339, 341, 340, 326, 
23527, 337, 337, 338, 336, 
23558, 333, 331, 334, 348, 
23587, 334, 332, 334, 345, 
23618, 337, 338, 337, 333, 
23648, 339, 342, 340, 325, 
23678, 337, 338, 339, 333, 
23708, 334, 333, 335, 346, 
23738, 333, 332, 334, 347, 
23769, 336, 336, 336, 336, 
23798, 339, 341, 340, 326, 
23829, 338, 339, 339, 331, 
23859, 335, 334, 336, 343, 
23889, 333, 331, 333, 349, 
23919, 336, 335, 336, 340, 
23950, 339, 340, 339, 328, 
23980, 339, 340, 340, 328, 
24009, 336, 335, 337, 340, 
24040, 333, 331, 334, 349, 
24070, 335, 333, 335, 343, 
24100, 338, 339, 338, 330, 
24130, 339, 341, 340, 326, 
24161, 337, 337, 338, 336, 
24190, 333, 332, 334, 347, 
24221, 334, 333, 334, 346, 
24251, 338, 337, 337, 334, 
24282, 339, 342, 340, 325, 
24311, 337, 338, 340, 332, 
24341, 334, 333, 336, 345, 
24372, 332, 332, 333, 347, 
24401, 336, 336, 337, 337, 
24432, 340, 341, 340, 327, 
24462, 338, 340, 340, 330, 
24493, 335, 334, 336, 343, 
24522, 334, 331, 334, 349, 
24553, 334, 334, 335, 341, 
24583, 338, 340, 339, 330, 
24613, 339, 342, 340, 329, 
24643, 336, 337, 337, 339, 
24673, 333, 332, 333, 349, 
24704, 334, 333, 335, 344, 
24733, 338, 340, 338, 332, 
24764, 338, 342, 340, 326, 
24794, 338, 337, 338, 336, 
24824, 334, 332, 335, 347, 
24854, 333, 332, 334, 346, 
24885, 338, 337, 337, 335, 
24914, 339, 342, 340, 326, 
24945, 337, 339, 339, 333, 
24975, 335, 333, 336, 345, 
25005, 333, 331, 334, 348, 
25035, 336, 337, 336, 337, 
25065, 339, 341, 340, 327, 
25096, 338, 340, 339, 330, 
25125, 335, 335, 337, 341, 
25156, 333, 331, 334, 349, 
25186, 335, 334, 335, 341, 
25217, 338, 341, 338, 329, 
25246, 339, 341, 340, 327, 
25277, 336, 336, 338, 339, 
25307, 333, 331, 334, 348, 
25336, 334, 333, 335, 344, 
25367, 338, 339, 338, 333, 
25397, 339, 341, 340, 326, 
25427, 337, 338, 338, 336, 
25457, 334, 332, 335, 347, 
25488, 334, 332, 334, 348, 
25518, 337, 337, 337, 336, 
25548, 339, 341, 340, 327, 
25578, 339, 339, 339, 333, 
25609, 334, 334, 335, 346, 
25638, 334, 331, 334, 349, 
25668, 336, 336, 336, 339, 
25699, 339, 341, 340, 327, 
25729, 339, 340, 340, 329, 
25759, 335, 335, 337, 340, 
25789, 333, 331, 335, 348, 
25820, 336, 336, 336, 340, 
25849, 339, 340, 339, 328, 
25880, 341, 342, 340, 327, 
25910, 337, 337, 339, 337, 
25939, 334, 332, 334, 348, 
25970, 335, 333, 335, 343, 
26000, 338, 339, 339, 331, 
26031, 339, 341, 340, 325, 
26060, 337, 338, 339, 334, 
26091, 334, 332, 334, 345, 
26121, 334, 332, 334, 348, 
26151, 337, 337, 337, 335, 
26181, 341, 342, 341, 327, 
26212, 338, 339, 339, 331, 
26242, 334, 334, 336, 344, 
26271, 333, 331, 334, 349, 
26302, 336, 335, 336, 339, 
26332, 339, 340, 340, 328, 
26362, 339, 340, 340, 329, 
26392, 335, 335, 337, 341, 
26423, 333, 332, 334, 349, 
26452, 335, 335, 335, 342, 
26483, 338, 339, 339, 330, 
26513, 339, 341, 340, 327, 
26544, 336, 337, 338, 337, 
26573, 334, 332, 334, 348, 
26603, 334, 333, 334, 345, 
26634, 338, 338, 338, 334, 
26663, 340, 342, 340, 326, 
26694, 337, 338, 338, 334, 
26724, 334, 333, 335, 346, 
26755, 335, 332, 334, 347, 
26784, 337, 336, 337, 337, 
26815, 339, 342, 340, 327, 
26845, 338, 340, 339, 331, 
26875, 335, 334, 336, 343, 
26905, 333, 331, 334, 349, 
26935, 336, 335, 336, 340, 
26966, 339, 342, 339, 328, 
26995, 339, 341, 340, 329, 
27026, 336, 336, 338, 340, 
27056, 333, 331, 334, 349, 
27086, 334, 333, 335, 343, 
27116, 338, 339, 338, 330, 
27147, 340, 342, 340, 327, 
27176, 337, 337, 338, 336, 
27207, 333, 332, 334, 346, 
27237, 334, 333, 334, 345, 
27267, 337, 337, 338, 333, 
27297, 339, 342, 340, 326, 
27327, 338, 339, 338, 333, 
27358, 334, 333, 336, 345, 
27387, 334, 332, 334, 347, 
27418, 337, 336, 336, 337, 
27448, 339, 341, 340, 327, 
27479, 338, 339, 338, 330, 
27508, 335, 334, 337, 342, 
27539, 333, 331, 334, 349, 
27569, 335, 335, 336, 340, 
27598, 339, 340, 339, 328, 
27629, 337, 341, 340, 327, 
27659, 336, 336, 337, 339, 
27689, 333, 331, 334, 348, 
27719, 335, 333, 335, 343, 
27750, 339, 339, 339, 331, 
27780, 339, 341, 339, 326, 
27810, 337, 337, 338, 335, 
27840, 334, 332, 334, 347, 
27870, 334, 333, 334, 346, 
27900, 337, 338, 338, 334, 
27930, 339, 342, 341, 326, 
27961, 337, 339, 339, 332, 
27991, 335, 333, 336, 345, 
28021, 332, 331, 333, 348, 
28051, 336, 336, 335, 337, 
28082, 339, 341, 340, 326, 
28111, 339, 340, 339, 330, 
28142, 335, 335, 337, 341, 
28172, 334, 331, 334, 348, 
28201, 335, 334, 335, 340, 
28232, 339, 339, 339, 330, 
28262, 337, 341, 340, 328, 
28293, 336, 336, 337, 338, 
28322, 333, 331, 334, 349, 
28353, 335, 334, 334, 343, 
28383, 339, 338, 338, 331, 
28413, 339, 342, 340, 326, 
28443, 338, 338, 338, 336, 
28474, 333, 332, 335, 346, 
28504, 334, 332, 335, 346, 
28533, 338, 337, 337, 334, 
28564, 340, 342, 340, 326, 
28594, 337, 339, 339, 332, 
28624, 334, 333, 335, 344, 
28654, 334, 331, 333, 348, 
28685, 336, 336, 336, 339, 
28715, 338, 341, 340, 327, 
28745, 339, 340, 339, 329, 
28775, 335, 335, 336, 341, 
28806, 333, 332, 334, 349, 
28835, 336, 334, 335, 342, 
28865, 339, 340, 339, 329, 
28896, 339, 341, 340, 327, 
28925, 336, 336, 337, 338, 
28956, 333, 331, 334, 349, 
28986, 334, 333, 334, 345, 
29017, 338, 338, 339, 333, 
29046, 339, 342, 340, 326, 
29077, 337, 339, 338, 336, 
29107, 333, 332, 336, 347, 
29137, 335, 332, 335, 347, 
29167, 337, 337, 338, 336, 
29197, 340, 341, 341, 327, 
29228, 338, 339, 339, 332, 
29257, 335, 334, 336, 345, 
29288, 333, 331, 335, 349, 
29318, 336, 336, 336, 340, 
29348, 339, 341, 339, 328, 
29378, 339, 341, 341, 329, 
29409, 336, 335, 337, 341, 
29438, 333, 331, 333, 349, 
29469, 336, 334, 336, 342, 
29499, 338, 339, 339, 330, 
29529, 340, 341, 341, 327, 
29559, 336, 337, 338, 337, 
29589, 333, 331, 335, 348, 
29620, 334, 333, 333, 346, 
29649, 337, 338, 338, 333, 
29680, 339, 342, 341, 326, 
29710, 339, 338, 338, 335, 
29741, 335, 333, 336, 346, 
29770, 335, 332, 334, 347, 
29800, 337, 337, 338, 337, 
29831, 339, 342, 340, 327, 
29860, 338, 340, 339, 331, 
29891, 334, 334, 335, 344, 
29921, 334, 332, 334, 349, 
29952, 336, 335, 335, 340, 
29981, 339, 341, 340, 330, 
30012, 338, 340, 340, 330, 
30042, 336, 336, 337, 342, 
30072, 333, 331, 334, 350, 
30102, 335, 335, 335, 344, 
30132, 339, 339, 339, 332, 
30162, 339, 341, 341, 328, 
30192, 336, 337, 338, 338, 
30223, 333, 332, 335, 349, 
30253, 334, 332, 334, 347, 
30283, 337, 338, 338, 336, 
30313, 339, 341, 340, 328, 
30344, 337, 339, 339, 336, 
30373, 335, 334, 336, 348, 
30404, 334, 331, 334, 349, 
30434, 334, 336, 336, 339, 
30464, 339, 341, 340, 329, 
30494, 337, 340, 339, 333, 
30524, 333, 335, 337, 345, 
30555, 333, 331, 334, 351, 
30584, 335, 335, 335, 342, 
30615, 338, 340, 339, 331, 
30645, 339, 340, 340, 330, 
30675, 334, 335, 337, 341, 
30705, 333, 331, 334, 350, 
30736, 334, 334, 335, 344, 
30766, 337, 339, 339, 332, 
30795, 339, 341, 340, 328, 
30826, 337, 337, 338, 339, 
30856, 333, 332, 334, 349, 
30886, 334, 332, 334, 347, 
30916, 337, 337, 337, 335, 
30947, 340, 342, 341, 327, 
30977, 337, 339, 340, 334, 
31007, 334, 334, 336, 345, 
31037, 334, 332, 334, 348, 
31068, 336, 336, 337, 337, 
31097, 340, 342, 340, 327, 
31127, 338, 340, 340, 331, 
31158, 335, 334, 336, 342, 
31187, 333, 331, 335, 351, 
31218, 335, 334, 336, 341, 
31248, 339, 340, 339, 329, 
31279, 339, 341, 340, 328, 
31308, 336, 337, 337, 338, 
31339, 333, 331, 334, 347, 
31369, 335, 333, 335, 343, 
31399, 338, 339, 338, 331, 
31429, 339, 341, 340, 327, 
31459, 337, 337, 338, 336, 
31490, 335, 332, 334, 347, 
31519, 335, 332, 334, 346, 
31550, 337, 337, 337, 336, 
31580, 339, 342, 340, 327, 
31610, 338, 339, 339, 333, 
31640, 335, 333, 335, 345, 
31671, 334, 332, 334, 348, 
31700, 337, 336, 337, 337, 
31730, 340, 341, 340, 327, 
31761, 339, 340, 339, 330, 
31791, 335, 334, 336, 342, 
31821, 334, 331, 334, 349, 
31851, 335, 335, 335, 341, 
31882, 339, 340, 340, 329, 
31911, 339, 341, 340, 329, 
31942, 336, 336, 337, 339, 
31972, 333, 331, 335, 349, 
32003, 335, 333, 335, 344, 
32032, 337, 339, 338, 332, 
32062, 339, 341, 340, 326, 
32093, 338, 337, 339, 336, 
32122, 334, 332, 334, 347, 
32153, 334, 332, 334, 347, 
32183, 337, 337, 338, 336, 
32214, 340, 342, 340, 326, 
32243, 339, 339, 339, 333, 
32274, 334, 334, 334, 345, 
32304, 333, 331, 334, 348, 
32334, 336, 336, 336, 338, 
32364, 339, 341, 340, 327, 
32394, 339, 340, 340, 329, 
32424, 335, 335, 336, 341, 
32454, 333, 332, 334, 349, 
32485, 335, 334, 335, 340, 
32515, 338, 341, 339, 329, 
32545, 339, 341, 341, 328, 
32575, 336, 336, 338, 339, 
32606, 333, 331, 334, 349, 
32635, 335, 333, 335, 344, 
32666, 338, 339, 338, 331, 
32696, 340, 342, 341, 326, 
32726, 337, 337, 338, 336, 
32756, 334, 332, 336, 346, 
32786, 333, 332, 335, 346, 
32817, 337, 338, 337, 334, 
32846, 341, 341, 340, 326, 
32877, 337, 339, 339, 331, 
32907, 334, 333, 335, 345, 
32937, 333, 332, 334, 347, 
32967, 336, 336, 336, 337, 
32998, 339, 341, 340, 327, 
33028, 338, 340, 339, 329, 
33057, 335, 335, 337, 341, 
33088, 334, 331, 333, 350, 
33118, 335, 334, 335, 341, 
33148, 339, 340, 339, 330, 
33178, 339, 341, 341, 327, 
33209, 337, 336, 337, 338, 
33239, 333, 331, 334, 349, 
33269, 334, 333, 335, 345, 
33299, 339, 338, 338, 333, 
33330, 339, 341, 340, 326, 
33359, 335, 336, 338, 335, 
33389, 334, 332, 335, 347, 
33420, 334, 332, 334, 346, 
33449, 336, 337, 337, 335, 
33480, 340, 342, 340, 326, 
33510, 338, 340, 339, 331, 
33541, 334, 333, 336, 344, 
33570, 333, 331, 332, 348, 
33601, 336, 335, 336, 339, 
33631, 339, 341, 340, 327, 
33660, 339, 340, 339, 327, 
33691, 335, 335, 337, 340, 
33721, 334, 332, 334, 349, 
33752, 335, 334, 336, 342, 
33781, 339, 340, 339, 329, 
33812, 339, 341, 340, 327, 
33842, 335, 336, 337, 338, 
33872, 334, 330, 334, 349, 
33902, 335, 333, 334, 344, 
33933, 338, 338, 338, 332, 
33963, 339, 341, 340, 326, 
33992, 337, 338, 337, 335, 
34023, 334, 332, 335, 346, 
34053, 334, 333, 335, 346, 
34083, 337, 337, 337, 335, 
34113, 339, 340, 340, 327, 
34144, 337, 340, 340, 331, 
34173, 335, 334, 335, 344, 
34204, 334, 332, 334, 348, 
34234, 336, 335, 336, 338, 
34265, 339, 340, 340, 327, 
34294, 338, 339, 341, 330, 
34324, 335, 335, 336, 339, 
34355, 333, 331, 333, 349, 
34384, 335, 335, 335, 342, 
34415, 339, 340, 339, 329, 
34445, 339, 341, 340, 327, 
34476, 336, 336, 338, 337, 
34505, 333, 331, 334, 348, 
34536, 334, 333, 335, 344, 
34566, 337, 338, 338, 332, 
34596, 339, 341, 340, 325, 
34626, 337, 338, 339, 334, 
34656, 334, 333, 335, 346, 
34686, 334, 332, 334, 348, 
34716, 337, 337, 337, 336, 
34747, 339, 342, 340, 326, 
34777, 338, 339, 339, 331, 
34807, 334, 333, 335, 343, 
34837, 333, 332, 334, 349, 
34868, 335, 335, 336, 338, 
34897, 339, 341, 340, 328, 
34928, 338, 340, 340, 330, 
34958, 335, 335, 336, 341, 
34988, 333, 331, 334, 349, 
35018, 335, 335, 335, 342, 
35048, 338, 340, 339, 331, 
35079, 340, 341, 340, 327, 
35108, 337, 337, 338, 337, 
35139, 333, 332, 334, 348, 
35169, 334, 333, 335, 345, 
35200, 338, 339, 338, 333, 
35229, 341, 341, 340, 327, 
35260, 337, 337, 338, 334, 
35290, 334, 332, 335, 346, 
35319, 334, 331, 334, 347, 
35350, 337, 336, 337, 336, 
35380, 339, 342, 340, 326, 
35410, 338, 339, 339, 332, 
35440, 334, 334, 337, 344, 
35471, 334, 331, 334, 348, 
35501, 335, 336, 336, 340, 
35531, 338, 340, 339, 328, 
35561, 338, 341, 339, 329, 
35591, 335, 335, 336, 340, 
35621, 333, 331, 334, 349, 
35651, 337, 334, 335, 342, 
35682, 338, 340, 339, 329, 
35712, 338, 342, 340, 327, 
35742, 336, 337, 337, 338, 
35772, 333, 331, 335, 348, 
35803, 334, 333, 336, 344, 
35832, 338, 339, 338, 333, 
35863, 339, 341, 340, 326, 
35893, 337, 338, 339, 335, 
35922, 334, 333, 335, 347, 
35953, 334, 332, 334, 348, 
35983, 336, 338, 337, 337, 
36014, 339, 342, 339, 326, 
36043, 338, 339, 339, 331, 
36074, 334, 334, 335, 344, 
36104, 333, 332, 334, 349, 
36134, 335, 335, 336, 339, 
36164, 339, 341, 339, 328, 
36195, 339, 340, 340, 329, 
36225, 335, 336, 336, 340, 
36254, 333, 331, 334, 348, 
36285, 335, 334, 335, 341, 
36315, 339, 340, 339, 329, 
36345, 339, 341, 340, 326, 
36375, 338, 337, 336, 337, 
36406, 333, 331, 334, 348, 
36435, 334, 332, 334, 344, 
36466, 338, 339, 338, 333, 
36496, 339, 341, 340, 326, 
36527, 337, 338, 338, 335, 
36556, 333, 332, 335, 346, 
36586, 334, 331, 334, 347, 
36617, 337, 337, 337, 336, 
36646, 339, 342, 341, 326, 
36677, 338, 340, 339, 332, 
36707, 334, 335, 336, 344, 
36738, 334, 331, 334, 347, 
36767, 336, 334, 336, 338, 
36798, 339, 340, 341, 327, 
36828, 339, 340, 340, 329, 
36858, 336, 335, 336, 340, 
36888, 333, 332, 334, 349, 
36918, 337, 335, 335, 342, 
36948, 338, 339, 339, 330, 
36978, 339, 340, 340, 328, 
37009, 336, 336, 337, 338, 
37039, 333, 333, 334, 348, 
37069, 334, 333, 334, 345, 
37099, 339, 339, 339, 333, 
37130, 339, 343, 340, 326, 
37159, 338, 339, 339, 334, 
37190, 334, 333, 335, 346, 
37220, 335, 332, 334, 348, 
37250, 337, 337, 337, 335, 
37280, 340, 342, 340, 326, 
37310, 338, 340, 339, 332, 
37341, 334, 333, 336, 344, 
37370, 333, 332, 334, 349, 
37401, 336, 336, 336, 339, 
37431, 339, 341, 340, 328, 
37462, 339, 341, 340, 329, 
37491, 335, 335, 336, 341, 
37521, 334, 331, 334, 349, 
37552, 335, 334, 337, 343, 
37581, 337, 339, 338, 330, 
37612, 339, 341, 340, 328, 
37642, 336, 336, 338, 339, 
37672, 333, 332, 334, 349, 
37702, 334, 334, 335, 345, 
37733, 339, 339, 338, 333, 
37763, 339, 341, 340, 327, 
37793, 337, 337, 338, 336, 
37823, 334, 333, 334, 348, 
37853, 333, 332, 334, 348, 
37883, 337, 337, 337, 336, 
37913, 339, 342, 340, 327, 
37944, 338, 340, 339, 333, 
37974, 334, 335, 336, 345, 
38004, 334, 332, 334, 349, 
38034, 336, 336, 337, 340, 
38065, 339, 341, 339, 328, 
38094, 339, 340, 340, 330, 
38125, 335, 335, 336, 343, 
38155, 333, 332, 334, 350, 
38184, 336, 335, 336, 342, 
38215, 339, 340, 339, 330, 
38245, 338, 341, 340, 328, 
38276, 336, 337, 337, 339, 
38305, 334, 331, 334, 349, 
38336, 334, 333, 335, 344, 
38366, 338, 339, 339, 332, 
38396, 339, 342, 340, 326, 
38426, 337, 339, 338, 335, 
38457, 334, 333, 335, 347, 
38487, 334, 333, 335, 347, 
38516, 337, 338, 337, 334, 
38547, 340, 343, 341, 325, 
38577, 338, 339, 339, 331, 
38607, 335, 333, 336, 343, 
38637, 335, 332, 334, 347, 
38668, 336, 336, 337, 337, 
38697, 339, 341, 340, 326, 
38728, 338, 340, 340, 329, 
38758, 335, 335, 336, 342, 
38789, 334, 331, 333, 348, 
38818, 336, 335, 336, 341, 
38848, 339, 341, 340, 328, 
38879, 339, 341, 340, 328, 
38908, 335, 336, 338, 338, 
38939, 333, 331, 334, 348, 
38969, 335, 333, 335, 344, 
39000, 338, 339, 338, 331, 
39029, 339, 342, 340, 326, 
39060, 337, 337, 338, 336, 
39090, 333, 332, 335, 347, 
39120, 334, 332, 334, 346, 
39150, 338, 338, 338, 334, 
39180, 340, 342, 340, 326, 
39211, 338, 339, 339, 334, 
39240, 334, 333, 336, 346, 
39271, 334, 333, 333, 348, 
39301, 337, 336, 336, 338, 
39331, 339, 340, 340, 328, 
39361, 339, 340, 339, 331, 
39392, 335, 335, 336, 343, 
39421, 333, 332, 334, 349, 
39451, 336, 335, 337, 339, 
39482, 339, 341, 339, 327, 
39512, 340, 341, 340, 327, 
39542, 336, 336, 339, 339, 
39572, 333, 332, 334, 348, 
39603, 335, 333, 335, 342, 
39632, 338, 339, 339, 330, 
39663, 340, 341, 340, 326, 
39693, 337, 337, 337, 336, 
39724, 333, 332, 334, 348, 
39753, 334, 333, 334, 345, 
39783, 337, 338, 338, 335, 
39814, 340, 343, 340, 326, 
39843, 338, 337, 338, 334, 
39874, 334, 333, 336, 346, 
39904, 333, 332, 334, 347, 
39934, 336, 337, 337, 337, 
39964, 339, 342, 340, 327, 
39995, 338, 340, 340, 331, 
40025, 335, 334, 336, 344, 
40055, 334, 332, 334, 349, 
40085, 336, 335, 336, 340, 
40115, 339, 341, 341, 329, 
40145, 339, 341, 340, 329, 
40175, 336, 335, 337, 340, 
40206, 334, 331, 334, 350, 
40236, 336, 334, 335, 342, 
40266, 338, 339, 339, 330, 
40296, 339, 341, 341, 326, 
40327, 336, 337, 338, 337, 
40356, 333, 332, 334, 347, 
40387, 335, 333, 334, 345, 
40417, 337, 338, 337, 332, 
40446, 339, 342, 340, 326, 
40477, 337, 338, 338, 334, 
40507, 335, 333, 335, 345, 
40538, 334, 333, 334, 346, 
40567, 337, 336, 337, 336, 
40598, 340, 341, 341, 326, 
40628, 337, 339, 339, 331, 
40658, 335, 335, 337, 344, 
40688, 333, 332, 334, 349, 
40719, 336, 336, 336, 339, 
40749, 339, 341, 340, 328, 
40778, 338, 340, 339, 329, 
40809, 335, 335, 336, 341, 
40839, 333, 331, 334, 349, 
40869, 335, 334, 335, 342, 
40899, 339, 340, 338, 329, 
40930, 338, 341, 340, 328, 
40960, 338, 336, 337, 338, 
40990, 333, 331, 335, 348, 
41020, 335, 333, 335, 344, 
41051, 338, 339, 339, 333, 
41080, 339, 343, 340, 326, 
41110, 337, 338, 338, 335, 
41141, 334, 332, 335, 347, 
41170, 334, 332, 334, 346, 
41201, 337, 337, 337, 335, 
41231, 339, 342, 340, 326, 
41262, 338, 339, 339, 332, 
41291, 334, 333, 335, 344, 
41322, 334, 331, 334, 348, 
41352, 335, 335, 336, 338, 
41381, 339, 341, 340, 327, 
41412, 339, 341, 341, 329, 
41442, 336, 336, 337, 342, 
41473, 333, 330, 333, 349, 
41502, 335, 334, 334, 342, 
41533, 338, 340, 339, 328, 
41563, 338, 341, 339, 327, 
41593, 337, 336, 337, 339, 
41623, 335, 331, 334, 348, 
41654, 335, 333, 335, 343, 
41683, 338, 339, 339, 332, 
41713, 340, 342, 340, 326, 
41744, 337, 337, 338, 335, 
41774, 333, 332, 336, 347, 
41804, 334, 332, 334, 347, 
41834, 338, 337, 337, 335, 
41865, 339, 343, 340, 326, 
41894, 337, 338, 339, 334, 
41925, 334, 333, 335, 345, 
41955, 333, 331, 334, 348, 
41986, 336, 336, 336, 337, 
42015, 340, 342, 340, 327, 
42045, 338, 339, 340, 331, 
42076, 335, 334, 336, 342, 
42105, 333, 332, 334, 349, 
42136, 335, 335, 334, 341, 
42166, 339, 341, 338, 329, 
42196, 339, 341, 340, 328, 
42226, 336, 336, 338, 340, 
42257, 333, 331, 335, 348, 
42287, 334, 333, 335, 343, 
42317, 338, 339, 338, 330, 
42347, 339, 341, 340, 326, 
42377, 337, 337, 338, 336, 
42407, 333, 332, 334, 347, 
42437, 333, 332, 334, 345, 
42468, 337, 338, 338, 333, 
42498, 340, 341, 340, 326, 
42528, 339, 339, 339, 333, 
42558, 335, 333, 335, 346, 
42589, 334, 332, 334, 348, 
42618, 336, 336, 337, 336, 
42649, 340, 342, 340, 326, 
42679, 338, 339, 339, 331, 
42708, 334, 334, 336, 345, 
42739, 333, 331, 334, 349, 
42769, 335, 335, 336, 339, 
42800, 339, 340, 339, 328, 
42829, 339, 340, 340, 329, 
42860, 336, 336, 337, 340, 
42890, 333, 332, 334, 348, 
42920, 334, 334, 335, 341, 
42950, 339, 340, 339, 330, 
42981, 339, 341, 341, 326, 
43011, 335, 337, 338, 337, 
43040, 334, 331, 334, 348, 
43071, 335, 332, 334, 345, 
43101, 338, 338, 338, 332, 
43131, 340, 342, 340, 325, 
43161, 337, 338, 338, 333, 
43192, 335, 334, 336, 345, 
43222, 335, 332, 334, 347, 
43252, 337, 336, 337, 335, 
43282, 340, 341, 340, 325, 
43312, 339, 339, 339, 331, 
43342, 334, 333, 336, 344, 
43372, 333, 331, 334, 348, 
43403, 335, 335, 336, 339, 
43432, 339, 341, 337, 328, 
43463, 338, 340, 339, 329, 
43493, 335, 335, 336, 341, 
43524, 333, 331, 334, 349, 
43553, 334, 334, 335, 342, 
43584, 339, 339, 339, 330, 
43614, 339, 341, 340, 327, 
43643, 336, 336, 337, 339, 
43674, 333, 331, 334, 349, 
43704, 334, 332, 336, 344, 
43735, 338, 338, 338, 333, 
43764, 339, 342, 341, 326, 
43795, 338, 339, 338, 335, 
43825, 333, 332, 334, 347, 
43855, 334, 332, 334, 347, 
43885, 337, 337, 337, 335, 
43916, 339, 342, 340, 326, 
43945, 338, 340, 339, 332, 
43975, 334, 334, 336, 344, 
44006, 333, 331, 334, 350, 
44036, 337, 336, 336, 338, 
44066, 339, 341, 340, 327, 
44096, 338, 340, 340, 330, 
44127, 335, 335, 336, 342, 
44156, 333, 332, 334, 349, 
44187, 335, 334, 336, 341, 
44217, 340, 340, 339, 329, 
44248, 339, 341, 340, 327, 
44277, 336, 336, 338, 339, 
44307, 332, 331, 333, 349, 
44338, 335, 333, 334, 344, 
44367, 337, 339, 338, 332, 
44398, 339, 341, 340, 327, 
44428, 336, 337, 338, 337, 
44459, 334, 332, 335, 347, 
44488, 335, 333, 335, 348, 
44519, 337, 338, 337, 336, 
44549, 339, 342, 340, 326, 
44579, 338, 339, 339, 334, 
44609, 334, 333, 336, 345, 
44639, 333, 332, 334, 349, 
44669, 337, 336, 336, 337, 
44699, 340, 341, 340, 327, 
44730, 338, 340, 339, 331, 
44760, 335, 334, 336, 344, 
44790, 333, 332, 334, 350, 
