 0, 338, 339, 339, 329, 
1, 339, 341, 341, 326, 
2, 339, 341, 340, 324, 
11, 333, 331, 335, 349, 
37, 338, 339, 338, 332, 
65, 337, 338, 339, 334, 
92, 334, 332, 334, 348, 
119, 339, 342, 340, 327, 
147, 336, 336, 337, 341, 
175, 334, 332, 333, 349, 
203, 339, 342, 339, 330, 
231, 337, 338, 339, 337, 
260, 334, 331, 334, 351, 
287, 339, 339, 340, 333, 
316, 339, 340, 340, 334, 
344, 334, 331, 334, 351, 
371, 339, 339, 338, 336, 
400, 339, 340, 340, 331, 
428, 333, 333, 334, 349, 
456, 337, 336, 337, 340, 
484, 339, 341, 341, 328, 
512, 334, 333, 335, 348, 
540, 335, 335, 336, 343, 
568, 339, 342, 341, 327, 
596, 335, 335, 337, 345, 
624, 334, 333, 335, 345, 
653, 340, 342, 340, 328, 
680, 337, 336, 338, 340, 
708, 334, 331, 334, 349, 
737, 339, 341, 340, 330, 
764, 336, 338, 340, 336, 
793, 333, 331, 334, 351, 
821, 338, 339, 339, 334, 
849, 338, 339, 341, 334, 
877, 334, 331, 335, 350, 
905, 338, 338, 337, 336, 
933, 339, 342, 340, 331, 
961, 333, 331, 334, 349, 
990, 336, 336, 336, 338, 
1017, 339, 341, 341, 328, 
1046, 335, 335, 337, 343, 
1076, 334, 331, 334, 349, 
1104, 337, 339, 339, 334, 
1134, 339, 341, 341, 327, 
1163, 336, 335, 337, 343, 
1192, 334, 331, 334, 348, 
1221, 338, 339, 339, 333, 
1251, 339, 342, 340, 329, 
1280, 335, 334, 336, 343, 
1308, 334, 332, 334, 347, 
1338, 338, 339, 338, 332, 
1367, 339, 341, 340, 328, 
1396, 335, 334, 336, 345, 
1425, 334, 332, 334, 348, 
1455, 338, 338, 338, 331, 
1483, 339, 342, 340, 328, 
1512, 334, 332, 336, 344, 
1542, 334, 332, 334, 346, 
1570, 339, 340, 339, 331, 
1600, 339, 340, 340, 329, 
1629, 334, 333, 336, 345, 
1658, 334, 333, 334, 346, 
1687, 340, 340, 340, 331, 
1717, 339, 341, 340, 330, 
1745, 334, 334, 336, 346, 
1774, 335, 333, 334, 345, 
1804, 339, 341, 339, 330, 
1832, 338, 340, 340, 331, 
1862, 333, 333, 335, 347, 
1891, 334, 333, 334, 345, 
1921, 339, 341, 339, 329, 
1949, 339, 340, 341, 331, 
1978, 335, 332, 336, 347, 
2008, 334, 333, 335, 344, 
2036, 340, 341, 341, 329, 
2066, 338, 340, 340, 332, 
2095, 333, 332, 336, 347, 
2124, 335, 334, 335, 344, 
2153, 340, 341, 339, 328, 
2183, 338, 339, 340, 333, 
2211, 334, 333, 334, 348, 
2240, 335, 333, 335, 344, 
2270, 339, 342, 341, 328, 
2298, 338, 339, 339, 333, 
2328, 335, 332, 334, 349, 
2357, 335, 334, 334, 343, 
2386, 339, 342, 340, 328, 
2415, 337, 338, 339, 336, 
2444, 333, 331, 333, 351, 
2473, 335, 335, 334, 344, 
2502, 339, 342, 339, 330, 
2532, 337, 338, 338, 338, 
2561, 332, 331, 333, 352, 
2590, 335, 335, 335, 344, 
2619, 339, 343, 340, 329, 
2649, 337, 338, 339, 337, 
2677, 334, 332, 334, 351, 
2706, 335, 336, 337, 341, 
2736, 341, 342, 341, 328, 
2764, 337, 338, 339, 337, 
2794, 334, 332, 334, 351, 
2823, 336, 335, 336, 340, 
2852, 340, 342, 341, 327, 
2881, 337, 338, 338, 339, 
2910, 333, 331, 334, 351, 
2939, 336, 336, 336, 341, 
2968, 339, 342, 340, 327, 
2998, 336, 337, 338, 338, 
3026, 333, 332, 334, 350, 
3056, 336, 336, 337, 340, 
3085, 339, 341, 341, 327, 
3115, 336, 337, 338, 338, 
3143, 332, 331, 333, 352, 
3172, 336, 336, 336, 339, 
3202, 340, 342, 341, 328, 
3230, 335, 336, 337, 343, 
3260, 332, 331, 333, 354, 
3289, 335, 336, 336, 342, 
3318, 338, 341, 340, 333, 
3347, 336, 336, 337, 345, 
3376, 331, 331, 333, 355, 
3405, 335, 337, 336, 344, 
3434, 338, 341, 339, 333, 
3464, 335, 336, 336, 345, 
3492, 333, 331, 333, 357, 
3522, 335, 337, 337, 345, 
3551, 337, 341, 340, 338, 
3580, 334, 334, 334, 352, 
3609, 330, 330, 331, 363, 
3638, 334, 336, 336, 350, 
3667, 337, 341, 340, 341, 
3696, 333, 335, 337, 355, 
3726, 331, 332, 333, 361, 
3755, 336, 339, 338, 343, 
3784, 337, 343, 342, 335, 
3813, 334, 335, 337, 350, 
3842, 332, 331, 333, 358, 
3871, 335, 337, 337, 348, 
3900, 335, 337, 337, 347, 
3930, 329, 330, 331, 371, 
3958, 326, 326, 327, 383, 
3988, 330, 334, 331, 374, 
4017, 330, 336, 335, 371, 
4046, 324, 327, 328, 395, 
4075, 319, 321, 322, 416, 
4104, 320, 327, 325, 413, 
4133, 321, 332, 329, 410, 
4162, 320, 331, 329, 416, 
4192, 325, 339, 336, 396, 
4220, 335, 352, 348, 356, 
4250, 342, 355, 353, 333, 
4279, 342, 349, 351, 332, 
4307, 344, 347, 351, 321, 
4337, 349, 350, 354, 301, 
4366, 348, 347, 350, 300, 
4396, 342, 334, 341, 323, 
4424, 337, 327, 334, 338, 
4454, 337, 329, 333, 340, 
4483, 334, 326, 329, 356, 
4512, 326, 318, 323, 384, 
4541, 324, 317, 320, 395, 
4570, 329, 327, 327, 382, 
4599, 331, 335, 333, 374, 
4628, 332, 334, 335, 373, 
4658, 335, 338, 339, 358, 
4686, 343, 346, 347, 332, 
4716, 344, 347, 348, 328, 
4745, 340, 339, 344, 337, 
4773, 341, 337, 341, 335, 
4803, 345, 341, 343, 324, 
4832, 340, 336, 339, 337, 
4861, 333, 326, 330, 361, 
4890, 332, 326, 328, 366, 
4920, 337, 337, 336, 347, 
4948, 340, 341, 342, 337, 
4978, 340, 340, 343, 338, 
5007, 344, 344, 346, 322, 
5036, 350, 352, 352, 299, 
5065, 350, 350, 352, 296, 
5094, 346, 342, 345, 308, 
5124, 348, 341, 343, 303, 
5152, 349, 347, 346, 290, 
5182, 347, 343, 343, 299, 
5211, 343, 333, 336, 317, 
5239, 342, 336, 336, 314, 
5269, 347, 343, 342, 299, 
5298, 346, 340, 342, 302, 
5327, 342, 337, 338, 312, 
5356, 345, 340, 341, 302, 
5386, 351, 348, 347, 283, 
5414, 349, 345, 345, 288, 
5444, 344, 336, 339, 304, 
5473, 345, 339, 339, 298, 
5501, 348, 345, 343, 285, 
5531, 345, 341, 340, 295, 
5560, 341, 333, 334, 311, 
5590, 342, 336, 333, 306, 
5618, 345, 342, 339, 296, 
5648, 342, 338, 337, 305, 
5677, 337, 331, 334, 320, 
5705, 340, 336, 334, 313, 
5735, 343, 342, 341, 300, 
5764, 341, 338, 338, 309, 
5793, 337, 332, 334, 323, 
5822, 339, 336, 336, 313, 
5852, 344, 343, 340, 302, 
5880, 340, 339, 338, 314, 
5910, 337, 331, 332, 328, 
5939, 338, 336, 335, 319, 
5967, 341, 342, 339, 309, 
5997, 338, 337, 336, 320, 
6026, 334, 330, 332, 335, 
6055, 337, 335, 335, 324, 
6084, 340, 342, 340, 311, 
6114, 337, 336, 336, 324, 
6142, 334, 330, 332, 337, 
6171, 337, 336, 336, 327, 
6201, 339, 342, 340, 315, 
6230, 336, 336, 336, 328, 
6259, 332, 330, 332, 341, 
6288, 336, 335, 336, 329, 
6318, 338, 341, 339, 320, 
6346, 335, 335, 336, 333, 
6376, 332, 330, 332, 344, 
6405, 336, 336, 335, 331, 
6433, 338, 340, 339, 322, 
6463, 334, 335, 336, 336, 
6492, 332, 330, 332, 346, 
6521, 336, 337, 336, 333, 
6550, 338, 341, 340, 324, 
6580, 335, 335, 336, 339, 
6608, 333, 330, 332, 348, 
6637, 335, 337, 336, 334, 
6667, 338, 341, 340, 326, 
6695, 334, 334, 336, 341, 
6725, 330, 330, 333, 350, 
6754, 336, 337, 337, 335, 
6784, 338, 340, 340, 328, 
6812, 334, 334, 336, 343, 
6842, 332, 331, 333, 349, 
6871, 336, 338, 338, 335, 
6899, 337, 341, 340, 328, 
6929, 333, 335, 337, 344, 
6958, 332, 331, 333, 350, 
6987, 337, 338, 337, 335, 
7016, 337, 341, 339, 329, 
7046, 334, 334, 337, 345, 
7074, 332, 332, 333, 351, 
7103, 336, 338, 337, 335, 
7133, 338, 341, 340, 330, 
7161, 334, 334, 336, 345, 
7191, 333, 331, 333, 350, 
7220, 337, 338, 337, 334, 
7249, 338, 340, 339, 331, 
7278, 333, 333, 335, 346, 
7308, 332, 332, 333, 350, 
7336, 337, 339, 338, 336, 
7365, 337, 341, 339, 333, 
7395, 332, 333, 335, 349, 
7424, 332, 331, 333, 354, 
7453, 337, 338, 338, 337, 
7482, 336, 339, 339, 335, 
7512, 332, 332, 335, 351, 
7540, 331, 331, 334, 353, 
7569, 336, 338, 338, 338, 
7599, 338, 339, 340, 337, 
7627, 332, 333, 335, 352, 
7657, 332, 332, 334, 352, 
7686, 337, 340, 339, 335, 
7715, 337, 340, 339, 335, 
7744, 334, 333, 335, 350, 
7774, 333, 333, 335, 349, 
7802, 339, 340, 341, 333, 
7831, 338, 340, 341, 333, 
7861, 333, 333, 336, 348, 
7889, 334, 333, 335, 346, 
7919, 339, 342, 340, 330, 
7948, 338, 340, 340, 333, 
7977, 333, 334, 336, 346, 
8006, 335, 335, 335, 342, 
8035, 339, 341, 340, 327, 
8065, 339, 340, 340, 330, 
8093, 333, 333, 336, 345, 
8123, 334, 334, 335, 342, 
8152, 338, 341, 340, 327, 
8181, 336, 339, 340, 331, 
8210, 333, 332, 336, 347, 
8240, 335, 334, 336, 342, 
8268, 339, 341, 340, 327, 
8297, 337, 339, 340, 332, 
8327, 333, 330, 335, 348, 
8355, 335, 334, 335, 343, 
8385, 339, 341, 340, 327, 
8414, 338, 339, 339, 332, 
8443, 333, 331, 334, 348, 
8472, 334, 334, 335, 342, 
8501, 339, 341, 341, 327, 
8530, 337, 339, 339, 334, 
8559, 332, 331, 334, 350, 
8589, 334, 334, 334, 344, 
8617, 338, 341, 341, 330, 
8647, 336, 338, 338, 337, 
8676, 332, 330, 333, 352, 
8706, 334, 334, 335, 346, 
8734, 338, 341, 340, 329, 
8763, 336, 338, 339, 337, 
8793, 335, 331, 335, 350, 
8821, 335, 335, 336, 342, 
8851, 339, 342, 341, 327, 
8880, 337, 339, 339, 337, 
8909, 334, 332, 335, 349, 
8938, 336, 336, 336, 340, 
8967, 340, 342, 341, 326, 
8996, 337, 338, 339, 335, 
9025, 333, 331, 334, 349, 
9055, 336, 336, 336, 339, 
9083, 340, 342, 341, 326, 
9113, 338, 338, 338, 336, 
9142, 334, 331, 334, 349, 
9171, 336, 336, 337, 338, 
9200, 340, 342, 341, 326, 
9229, 338, 337, 338, 337, 
9259, 333, 331, 333, 348, 
9287, 337, 336, 337, 339, 
9317, 340, 343, 341, 325, 
9346, 337, 338, 338, 338, 
9375, 333, 331, 333, 349, 
9404, 336, 338, 337, 337, 
9433, 340, 342, 341, 326, 
9462, 336, 337, 337, 337, 
9491, 333, 331, 333, 348, 
9521, 337, 337, 337, 336, 
9549, 339, 342, 342, 325, 
9579, 336, 337, 338, 338, 
9608, 334, 331, 334, 349, 
9637, 337, 337, 338, 335, 
9666, 340, 342, 341, 326, 
9695, 336, 336, 338, 339, 
9724, 333, 331, 334, 350, 
9753, 337, 338, 337, 336, 
9783, 339, 342, 341, 327, 
9811, 336, 336, 337, 340, 
9841, 333, 331, 333, 349, 
9870, 337, 338, 337, 335, 
9899, 340, 341, 340, 327, 
9928, 336, 335, 337, 342, 
9957, 334, 331, 333, 349, 
9987, 337, 338, 337, 335, 
10015, 339, 341, 340, 329, 
10046, 336, 337, 337, 338, 
10076, 334, 331, 334, 350, 
10106, 334, 332, 335, 346, 
10136, 337, 338, 338, 334, 
10167, 339, 342, 341, 327, 
10196, 338, 339, 339, 335, 
10226, 333, 333, 336, 346, 
10257, 333, 331, 335, 349, 
10287, 336, 336, 337, 339, 
10317, 339, 342, 341, 327, 
10347, 338, 340, 339, 332, 
10378, 334, 334, 335, 345, 
10407, 334, 331, 333, 350, 
10438, 336, 335, 335, 342, 
10468, 340, 340, 339, 330, 
10498, 338, 341, 340, 331, 
10528, 336, 336, 338, 341, 
10558, 334, 331, 334, 350, 
10589, 334, 333, 335, 345, 
10618, 338, 339, 338, 332, 
10649, 339, 341, 341, 327, 
10679, 336, 337, 338, 338, 
10710, 333, 331, 334, 350, 
10739, 334, 332, 334, 351, 
10770, 336, 337, 337, 338, 
10800, 339, 341, 340, 330, 
10829, 337, 339, 338, 338, 
10860, 333, 332, 334, 351, 
10890, 333, 331, 333, 353, 
10920, 337, 336, 336, 343, 
10950, 339, 342, 341, 332, 
10981, 338, 340, 340, 335, 
11011, 334, 335, 337, 347, 
11041, 333, 331, 333, 353, 
11071, 335, 336, 335, 345, 
11102, 339, 341, 339, 334, 
11131, 338, 341, 340, 333, 
11161, 335, 335, 336, 347, 
11192, 331, 329, 331, 359, 
11222, 333, 331, 333, 357, 
11252, 335, 337, 336, 346, 
11282, 338, 339, 338, 341, 
11313, 334, 336, 337, 350, 
11342, 331, 331, 334, 361, 
11373, 332, 333, 335, 359, 
11403, 336, 338, 338, 344, 
11433, 339, 343, 341, 333, 
11463, 339, 340, 340, 338, 
11493, 334, 335, 336, 350, 
11524, 333, 332, 333, 355, 
11553, 335, 336, 335, 349, 
11584, 338, 340, 340, 338, 
11614, 338, 339, 337, 343, 
11644, 333, 333, 335, 356, 
11674, 331, 328, 331, 365, 
11705, 332, 332, 333, 360, 
11735, 336, 337, 336, 350, 
11765, 335, 338, 337, 351, 
11795, 332, 334, 336, 361, 
11825, 331, 329, 333, 369, 
11855, 331, 332, 335, 365, 
11885, 335, 338, 337, 353, 
11916, 336, 340, 340, 350, 
11945, 334, 335, 336, 362, 
11976, 328, 327, 329, 379, 
12006, 327, 326, 328, 386, 
12037, 328, 329, 328, 382, 
12066, 329, 333, 331, 380, 
12097, 326, 331, 330, 389, 
12127, 323, 325, 327, 405, 
12156, 321, 324, 325, 411, 
12187, 325, 329, 327, 403, 
12217, 329, 338, 335, 390, 
12248, 330, 339, 340, 387, 
12277, 330, 338, 341, 387, 
12308, 334, 339, 343, 380, 
12338, 340, 346, 349, 355, 
12368, 348, 355, 357, 322, 
12398, 352, 360, 362, 299, 
12428, 353, 356, 360, 295, 
12459, 350, 348, 354, 300, 
12488, 350, 345, 351, 295, 
12519, 352, 348, 351, 284, 
12549, 352, 348, 349, 280, 
12579, 348, 342, 345, 292, 
12609, 343, 334, 338, 309, 
12640, 342, 332, 334, 316, 
12669, 343, 336, 336, 310, 
12700, 344, 341, 339, 306, 
12730, 341, 337, 337, 317, 
12760, 337, 330, 333, 333, 
12790, 333, 325, 327, 348, 
12820, 332, 326, 326, 352, 
12851, 332, 328, 326, 355, 
12880, 328, 326, 324, 372, 
12911, 323, 319, 320, 396, 
12941, 318, 315, 317, 414, 
12972, 319, 319, 320, 416, 
13001, 322, 326, 325, 412, 
13032, 321, 329, 327, 416, 
13062, 318, 326, 325, 432, 
13091, 315, 323, 323, 444, 
13122, 316, 328, 326, 441, 
13152, 321, 336, 332, 425, 
13182, 324, 343, 338, 415, 
13212, 323, 341, 338, 416, 
13243, 322, 337, 336, 423, 
13273, 323, 337, 336, 419, 
13303, 328, 343, 340, 400, 
13333, 333, 350, 347, 380, 
13364, 334, 350, 348, 373, 
13393, 334, 347, 348, 369, 
13423, 335, 345, 346, 359, 
13454, 343, 351, 351, 333, 
13484, 350, 359, 359, 301, 
13514, 356, 361, 362, 282, 
13544, 355, 356, 360, 275, 
13575, 356, 351, 357, 269, 
13604, 361, 352, 356, 255, 
13635, 363, 356, 358, 237, 
13665, 364, 354, 358, 230, 
13696, 360, 346, 351, 240, 
13725, 356, 338, 344, 252, 
13755, 355, 337, 342, 254, 
13786, 357, 341, 343, 246, 
13815, 358, 344, 345, 241, 
13846, 354, 339, 340, 253, 
13876, 350, 332, 335, 271, 
13906, 347, 330, 332, 279, 
13936, 348, 334, 334, 274, 
13967, 350, 339, 337, 270, 
13997, 348, 338, 337, 280, 
14027, 342, 331, 332, 295, 
14057, 341, 328, 329, 307, 
14087, 341, 332, 331, 303, 
14117, 344, 337, 335, 296, 
14147, 342, 336, 334, 303, 
14178, 336, 330, 330, 323, 
14208, 331, 324, 325, 341, 
14238, 332, 328, 326, 341, 
14268, 337, 335, 331, 332, 
14299, 336, 337, 333, 332, 
14328, 334, 334, 333, 344, 
14358, 330, 329, 330, 355, 
14389, 330, 331, 331, 349, 
14418, 335, 339, 336, 333, 
14449, 340, 345, 341, 318, 
14479, 339, 343, 342, 320, 
14510, 337, 337, 339, 326, 
14539, 337, 336, 337, 325, 
14570, 340, 340, 341, 310, 
14600, 345, 345, 344, 299, 
14630, 343, 341, 343, 303, 
14660, 339, 335, 338, 316, 
14690, 337, 330, 334, 324, 
14721, 339, 334, 335, 318, 
14750, 341, 338, 338, 308, 
14781, 342, 338, 339, 312, 
14811, 337, 333, 335, 324, 
14841, 334, 328, 332, 336, 
14871, 337, 331, 334, 329, 
14902, 340, 339, 339, 314, 
14931, 342, 342, 343, 304, 
14962, 340, 338, 341, 311, 
14992, 338, 333, 337, 321, 
15022, 338, 333, 336, 318, 
15052, 342, 338, 339, 307, 
15082, 344, 342, 341, 298, 
15113, 342, 339, 340, 305, 
15142, 338, 332, 336, 318, 
15173, 337, 330, 334, 322, 
15203, 341, 335, 336, 314, 
15234, 343, 340, 340, 304, 
15263, 341, 338, 339, 309, 
15294, 337, 333, 335, 323, 
15324, 334, 330, 332, 332, 
15353, 336, 332, 334, 327, 
15384, 340, 337, 336, 318, 
15414, 339, 338, 338, 319, 
15444, 336, 333, 335, 331, 
15474, 333, 329, 332, 344, 
15505, 334, 332, 333, 338, 
15535, 338, 338, 337, 325, 
15565, 339, 341, 339, 320, 
15595, 336, 337, 338, 331, 
15626, 333, 331, 334, 341, 
15655, 333, 332, 334, 341, 
15685, 336, 337, 337, 327, 
15716, 339, 342, 341, 319, 
15746, 338, 339, 339, 324, 
15776, 334, 333, 336, 336, 
15806, 333, 332, 334, 340, 
15837, 336, 336, 336, 331, 
15866, 340, 341, 340, 319, 
15897, 338, 340, 340, 324, 
15927, 335, 334, 337, 337, 
15958, 333, 330, 333, 344, 
15987, 334, 333, 334, 337, 
16017, 338, 339, 339, 328, 
16048, 337, 341, 339, 326, 
16077, 335, 335, 336, 338, 
16108, 332, 330, 332, 348, 
16138, 332, 332, 333, 345, 
16168, 336, 338, 337, 332, 
16198, 338, 341, 340, 329, 
16229, 335, 337, 338, 338, 
16259, 332, 331, 334, 349, 
16288, 332, 331, 334, 350, 
16319, 334, 338, 337, 337, 
16349, 338, 343, 340, 328, 
16379, 336, 338, 339, 336, 
16409, 333, 333, 335, 347, 
16440, 331, 331, 333, 351, 
16470, 336, 336, 336, 341, 
16500, 337, 341, 339, 330, 
16530, 337, 340, 340, 333, 
16561, 333, 335, 336, 346, 
16590, 331, 331, 333, 352, 
16620, 333, 334, 335, 345, 
16651, 337, 340, 339, 335, 
16680, 337, 341, 340, 332, 
16711, 334, 337, 337, 344, 
16741, 331, 331, 334, 354, 
16772, 332, 333, 334, 349, 
16801, 335, 338, 337, 338, 
16832, 338, 342, 341, 331, 
16862, 335, 337, 338, 340, 
16892, 332, 332, 334, 352, 
16922, 332, 332, 334, 353, 
16952, 335, 337, 336, 341, 
16983, 338, 342, 340, 332, 
17012, 336, 339, 339, 337, 
17043, 333, 333, 335, 350, 
17073, 332, 332, 334, 354, 
17103, 335, 336, 337, 345, 
17133, 338, 341, 340, 332, 
17164, 337, 340, 340, 334, 
17193, 333, 335, 337, 347, 
17224, 331, 332, 333, 354, 
17254, 333, 335, 336, 348, 
17284, 337, 340, 339, 336, 
17314, 337, 341, 340, 332, 
17344, 335, 336, 338, 343, 
17375, 332, 332, 335, 353, 
17404, 334, 333, 334, 350, 
17435, 337, 339, 338, 337, 
17465, 338, 342, 341, 332, 
17496, 336, 338, 339, 340, 
17525, 332, 332, 335, 352, 
17556, 333, 332, 334, 352, 
17586, 336, 337, 337, 340, 
17615, 338, 342, 340, 331, 
17646, 337, 339, 341, 338, 
17676, 333, 334, 336, 349, 
17707, 332, 332, 334, 353, 
17736, 335, 336, 336, 343, 
17767, 338, 342, 340, 332, 
17797, 338, 341, 340, 334, 
17827, 335, 335, 337, 347, 
17857, 332, 331, 333, 354, 
17888, 335, 334, 335, 346, 
17917, 338, 340, 339, 333, 
17947, 338, 341, 340, 332, 
17978, 336, 337, 337, 343, 
18008, 333, 332, 334, 353, 
18038, 334, 334, 334, 349, 
18068, 337, 339, 339, 336, 
18099, 339, 342, 342, 330, 
18128, 336, 338, 339, 339, 
18159, 334, 333, 336, 351, 
18189, 332, 333, 334, 351, 
18219, 336, 338, 337, 338, 
18249, 339, 342, 341, 329, 
18279, 338, 339, 339, 335, 
18310, 334, 334, 336, 348, 
18339, 333, 332, 334, 351, 
18370, 336, 336, 338, 342, 
18400, 339, 341, 340, 330, 
18430, 338, 341, 340, 332, 
18460, 335, 335, 337, 344, 
18491, 331, 331, 334, 352, 
18521, 335, 335, 335, 343, 
18550, 339, 340, 339, 332, 
18581, 340, 341, 341, 330, 
18611, 336, 337, 338, 341, 
18641, 333, 331, 334, 351, 
18671, 334, 333, 335, 347, 
18702, 338, 339, 338, 335, 
18732, 339, 342, 341, 329, 
18762, 337, 337, 339, 338, 
18792, 334, 332, 335, 350, 
18823, 334, 333, 334, 350, 
18852, 337, 337, 337, 337, 
18882, 340, 343, 341, 328, 
18913, 338, 339, 340, 335, 
18942, 335, 333, 336, 347, 
18973, 334, 332, 333, 351, 
19003, 336, 336, 337, 340, 
19034, 339, 341, 340, 329, 
19063, 338, 340, 340, 332, 
19094, 335, 335, 338, 344, 
19124, 333, 332, 332, 352, 
19154, 336, 335, 335, 343, 
19184, 339, 341, 340, 330, 
19214, 339, 341, 340, 329, 
19245, 336, 336, 337, 340, 
19274, 333, 331, 334, 351, 
19305, 335, 332, 335, 347, 
19335, 338, 339, 338, 334, 
19365, 340, 342, 341, 328, 
19395, 339, 338, 339, 336, 
19426, 334, 333, 335, 349, 
19456, 334, 333, 334, 348, 
19486, 338, 338, 337, 334, 
19516, 340, 342, 341, 328, 
19546, 338, 339, 339, 335, 
19576, 336, 333, 336, 346, 
19606, 334, 331, 334, 350, 
19637, 336, 336, 336, 339, 
19666, 339, 342, 340, 328, 
19697, 338, 341, 340, 331, 
19727, 336, 335, 336, 344, 
19758, 334, 331, 334, 350, 
19787, 335, 335, 335, 342, 
19818, 340, 340, 339, 330, 
19848, 339, 341, 341, 330, 
19877, 336, 337, 338, 340, 
19908, 333, 331, 334, 350, 
19938, 335, 333, 335, 345, 
19969, 338, 340, 339, 332, 
19998, 340, 342, 341, 328, 
20029, 338, 338, 340, 337, 
20059, 333, 333, 334, 349, 
20089, 334, 332, 334, 347, 
20119, 337, 338, 338, 337, 
20149, 340, 343, 341, 326, 
20179, 338, 339, 339, 335, 
20209, 334, 333, 336, 346, 
20240, 333, 332, 334, 350, 
20270, 337, 337, 337, 338, 
20300, 339, 343, 339, 327, 
20330, 338, 340, 340, 331, 
20361, 335, 333, 336, 344, 
20390, 333, 331, 333, 350, 
20421, 335, 335, 335, 341, 
20451, 339, 340, 339, 330, 
20481, 340, 341, 340, 329, 
20511, 336, 336, 335, 341, 
20541, 333, 331, 333, 350, 
20572, 335, 333, 335, 344, 
20601, 338, 339, 338, 333, 
20632, 340, 341, 341, 327, 
20662, 337, 337, 338, 338, 
20692, 333, 332, 336, 350, 
20722, 335, 333, 334, 347, 
20753, 337, 337, 337, 335, 
20783, 340, 342, 340, 327, 
20812, 338, 338, 340, 335, 
20843, 334, 333, 337, 348, 
20873, 334, 332, 334, 349, 
20903, 336, 337, 337, 338, 
20933, 341, 342, 340, 327, 
20964, 338, 340, 341, 332, 
20994, 335, 334, 337, 344, 
21024, 333, 331, 334, 350, 
21054, 336, 335, 336, 340, 
21085, 339, 341, 340, 329, 
21114, 339, 342, 341, 329, 
21144, 336, 336, 337, 341, 
21175, 334, 331, 334, 350, 
21204, 336, 334, 336, 345, 
21235, 338, 340, 339, 331, 
21265, 339, 342, 341, 328, 
21296, 337, 337, 338, 339, 
21325, 333, 332, 334, 350, 
21356, 334, 333, 335, 346, 
21386, 338, 338, 338, 334, 
21416, 340, 342, 341, 328, 
21446, 338, 338, 339, 335, 
21476, 334, 332, 335, 347, 
21507, 334, 332, 333, 349, 
21536, 337, 337, 336, 337, 
21567, 339, 342, 340, 327, 
21597, 338, 341, 340, 332, 
21627, 334, 334, 336, 345, 
21657, 334, 331, 334, 350, 
21688, 336, 336, 336, 340, 
21718, 339, 341, 341, 329, 
21748, 339, 341, 341, 330, 
21778, 335, 335, 337, 342, 
21808, 333, 332, 334, 350, 
21838, 335, 334, 335, 343, 
21868, 338, 340, 339, 330, 
21899, 339, 341, 341, 327, 
21928, 336, 336, 338, 339, 
21959, 333, 332, 335, 349, 
21989, 334, 333, 334, 345, 
22020, 338, 339, 338, 332, 
22049, 340, 342, 341, 326, 
22079, 339, 338, 340, 335, 
22110, 334, 332, 335, 347, 
22139, 334, 332, 334, 348, 
22170, 338, 338, 337, 336, 
22200, 340, 342, 341, 327, 
22231, 338, 339, 339, 333, 
22260, 336, 333, 336, 345, 
22291, 334, 331, 334, 349, 
22321, 336, 336, 336, 338, 
22351, 340, 341, 340, 327, 
22381, 339, 340, 340, 331, 
22411, 336, 336, 337, 343, 
22441, 333, 331, 334, 349, 
22471, 336, 335, 336, 341, 
22502, 339, 341, 340, 330, 
22532, 338, 341, 341, 328, 
22562, 336, 336, 338, 339, 
22592, 333, 331, 334, 350, 
22623, 335, 334, 335, 345, 
22652, 338, 339, 339, 332, 
22683, 340, 342, 341, 327, 
22713, 337, 338, 339, 336, 
22743, 334, 332, 335, 348, 
22773, 334, 332, 334, 347, 
22803, 339, 338, 338, 335, 
22834, 339, 341, 342, 327, 
22863, 337, 339, 340, 333, 
22894, 334, 333, 335, 346, 
22924, 333, 331, 334, 349, 
22955, 336, 337, 337, 338, 
22984, 339, 342, 341, 327, 
23015, 337, 341, 340, 331, 
23045, 335, 335, 336, 343, 
23074, 333, 331, 334, 350, 
23105, 337, 336, 336, 340, 
23135, 339, 341, 339, 328, 
23165, 338, 340, 340, 328, 
23195, 336, 335, 337, 341, 
23226, 333, 332, 334, 350, 
23256, 335, 334, 335, 344, 
23286, 338, 339, 339, 331, 
23316, 339, 342, 341, 327, 
23347, 336, 337, 338, 337, 
23376, 333, 333, 334, 349, 
23406, 334, 333, 334, 346, 
23437, 337, 339, 338, 334, 
23467, 339, 342, 340, 326, 
23497, 338, 340, 339, 335, 
23527, 334, 333, 335, 347, 
23558, 334, 332, 334, 348, 
23587, 337, 337, 337, 337, 
23618, 339, 342, 341, 326, 
23648, 338, 340, 339, 331, 
23678, 335, 334, 336, 345, 
23708, 334, 331, 334, 349, 
23738, 335, 335, 336, 340, 
23769, 339, 341, 340, 328, 
23798, 338, 339, 340, 330, 
23829, 336, 335, 336, 343, 
23859, 333, 331, 333, 350, 
23889, 336, 334, 335, 343, 
23919, 339, 340, 339, 331, 
23950, 339, 343, 341, 329, 
23980, 336, 336, 339, 339, 
24009, 333, 331, 334, 350, 
24040, 334, 333, 334, 345, 
24070, 338, 339, 338, 333, 
24100, 340, 342, 341, 326, 
24130, 337, 338, 339, 336, 
24161, 334, 332, 335, 347, 
24190, 334, 332, 334, 346, 
24221, 338, 338, 337, 336, 
24251, 340, 341, 341, 326, 
24282, 338, 339, 339, 332, 
24311, 335, 334, 336, 345, 
24341, 334, 332, 334, 349, 
24372, 337, 336, 337, 339, 
24401, 339, 341, 340, 327, 
24432, 339, 340, 340, 329, 
24462, 335, 335, 337, 343, 
24493, 333, 331, 333, 350, 
24522, 335, 335, 335, 342, 
24553, 339, 341, 340, 330, 
24583, 339, 341, 340, 330, 
24613, 337, 336, 337, 340, 
24643, 333, 330, 335, 351, 
24673, 334, 335, 333, 345, 
24704, 338, 339, 339, 332, 
24733, 339, 342, 341, 326, 
24764, 337, 338, 338, 336, 
24794, 333, 332, 335, 347, 
24824, 335, 333, 333, 348, 
24854, 337, 338, 340, 335, 
24885, 340, 342, 340, 326, 
24914, 338, 339, 339, 333, 
24945, 333, 334, 337, 346, 
24975, 334, 332, 334, 348, 
25005, 336, 337, 337, 338, 
25035, 338, 343, 341, 326, 
25065, 338, 340, 340, 331, 
25096, 335, 335, 338, 344, 
25125, 333, 331, 335, 350, 
25156, 336, 335, 336, 340, 
25186, 339, 341, 340, 329, 
25217, 339, 341, 341, 330, 
25246, 336, 336, 337, 340, 
25277, 333, 331, 334, 351, 
25307, 336, 333, 334, 344, 
25336, 339, 340, 340, 331, 
25367, 340, 343, 341, 327, 
25397, 337, 338, 338, 338, 
25427, 334, 332, 334, 350, 
25457, 335, 334, 334, 347, 
25488, 338, 339, 338, 334, 
25518, 340, 342, 341, 326, 
25548, 338, 338, 339, 335, 
25578, 334, 334, 336, 346, 
25609, 334, 332, 334, 348, 
25638, 337, 337, 337, 337, 
25668, 340, 343, 341, 326, 
25699, 338, 340, 340, 331, 
25729, 335, 334, 336, 344, 
25759, 333, 332, 334, 350, 
25789, 336, 336, 336, 339, 
25820, 339, 341, 340, 328, 
25849, 339, 341, 340, 329, 
25880, 336, 335, 338, 341, 
25910, 333, 331, 334, 350, 
25939, 335, 335, 335, 342, 
25970, 339, 338, 339, 330, 
26000, 339, 342, 341, 327, 
26031, 336, 337, 338, 339, 
26060, 333, 332, 335, 349, 
26091, 335, 334, 335, 346, 
26121, 337, 339, 339, 333, 
26151, 340, 342, 341, 326, 
26181, 338, 338, 339, 335, 
26212, 335, 333, 335, 347, 
26242, 334, 332, 334, 349, 
26271, 337, 337, 337, 337, 
26302, 340, 343, 341, 327, 
26332, 338, 339, 340, 332, 
26362, 334, 333, 336, 345, 
26392, 333, 332, 334, 349, 
26423, 336, 336, 336, 340, 
26452, 340, 342, 340, 328, 
26483, 339, 341, 340, 330, 
26513, 336, 335, 337, 342, 
26544, 334, 331, 334, 350, 
26573, 335, 334, 336, 343, 
26603, 339, 340, 339, 329, 
26634, 340, 342, 341, 330, 
26663, 336, 337, 339, 339, 
26694, 333, 332, 334, 349, 
26724, 335, 334, 335, 346, 
26755, 340, 340, 339, 332, 
26784, 340, 342, 342, 326, 
26815, 338, 338, 340, 337, 
26845, 334, 332, 335, 347, 
26875, 335, 332, 334, 347, 
26905, 337, 338, 338, 335, 
26935, 340, 342, 341, 327, 
26966, 338, 339, 339, 334, 
26995, 334, 334, 336, 346, 
27026, 334, 332, 334, 349, 
27056, 337, 337, 336, 338, 
27086, 340, 342, 340, 327, 
27116, 339, 341, 340, 330, 
27147, 336, 334, 336, 342, 
27176, 334, 332, 334, 350, 
27207, 337, 335, 336, 341, 
27237, 339, 342, 340, 329, 
27267, 340, 341, 341, 328, 
27297, 336, 336, 337, 340, 
27327, 333, 330, 334, 350, 
27358, 335, 334, 335, 345, 
27387, 338, 340, 338, 331, 
27418, 340, 342, 340, 327, 
27448, 337, 338, 338, 337, 
27479, 334, 332, 335, 349, 
27508, 335, 333, 334, 347, 
27539, 338, 338, 338, 335, 
27569, 340, 342, 342, 326, 
27598, 338, 340, 340, 334, 
27629, 335, 333, 336, 347, 
27659, 334, 332, 333, 348, 
27689, 337, 337, 337, 338, 
27719, 340, 342, 340, 329, 
27750, 338, 340, 339, 331, 
27780, 335, 334, 336, 344, 
27810, 334, 333, 334, 350, 
27840, 335, 336, 336, 341, 
27870, 340, 341, 340, 329, 
27900, 339, 341, 341, 329, 
27930, 337, 336, 337, 341, 
27961, 333, 331, 334, 350, 
27991, 335, 334, 335, 344, 
28021, 338, 340, 339, 331, 
28051, 340, 342, 341, 328, 
28082, 337, 337, 340, 338, 
28111, 334, 331, 335, 349, 
28142, 334, 333, 335, 346, 
28172, 338, 339, 339, 334, 
28201, 341, 342, 341, 326, 
28232, 339, 339, 339, 335, 
28262, 334, 333, 335, 347, 
28293, 334, 332, 335, 348, 
28322, 337, 336, 337, 336, 
28353, 340, 342, 341, 326, 
28383, 338, 340, 340, 332, 
28413, 335, 334, 336, 345, 
28443, 333, 331, 334, 350, 
28474, 337, 336, 336, 340, 
28504, 339, 341, 340, 327, 
28533, 339, 340, 340, 329, 
28564, 337, 336, 337, 342, 
28594, 334, 331, 334, 350, 
28624, 335, 334, 336, 342, 
28654, 338, 340, 339, 330, 
28685, 339, 341, 340, 327, 
28715, 337, 336, 338, 338, 
28745, 334, 331, 335, 349, 
28775, 335, 333, 335, 345, 
28806, 339, 338, 338, 333, 
28835, 340, 342, 340, 326, 
28865, 336, 338, 339, 335, 
28896, 334, 332, 335, 347, 
28925, 334, 332, 334, 348, 
28956, 337, 337, 337, 335, 
28986, 339, 342, 341, 327, 
29017, 339, 339, 339, 333, 
29046, 335, 334, 336, 345, 
29077, 334, 332, 334, 351, 
29107, 336, 336, 336, 340, 
29137, 339, 341, 340, 328, 
29167, 339, 339, 340, 330, 
29197, 335, 335, 337, 342, 
29228, 333, 331, 334, 350, 
29257, 336, 333, 336, 342, 
29288, 339, 341, 340, 330, 
29318, 339, 341, 341, 328, 
29348, 337, 336, 337, 340, 
29378, 333, 331, 333, 350, 
29409, 335, 333, 335, 344, 
29438, 338, 339, 339, 332, 
29469, 340, 342, 342, 326, 
29499, 337, 338, 339, 336, 
29529, 334, 332, 334, 348, 
29559, 334, 333, 334, 348, 
29589, 338, 338, 336, 335, 
29620, 340, 342, 341, 326, 
29649, 338, 340, 340, 333, 
29680, 334, 333, 335, 346, 
29710, 333, 331, 334, 349, 
29741, 336, 336, 336, 339, 
29770, 340, 342, 340, 327, 
29800, 338, 340, 340, 331, 
29831, 335, 335, 337, 343, 
29860, 334, 331, 334, 350, 
29891, 335, 334, 335, 342, 
29921, 340, 340, 339, 329, 
29952, 339, 342, 341, 328, 
29981, 337, 336, 338, 339, 
30012, 333, 332, 334, 350, 
30042, 335, 334, 335, 344, 
30072, 338, 340, 338, 332, 
30102, 340, 342, 341, 326, 
30132, 337, 338, 339, 336, 
30162, 334, 333, 335, 349, 
30192, 334, 332, 333, 348, 
30223, 337, 337, 339, 335, 
30253, 340, 342, 341, 327, 
30283, 338, 339, 340, 333, 
30313, 335, 334, 336, 346, 
30344, 333, 331, 334, 349, 
30373, 336, 336, 336, 339, 
30404, 340, 341, 341, 327, 
30434, 339, 340, 341, 330, 
30464, 336, 335, 337, 342, 
30494, 333, 331, 334, 350, 
30524, 337, 335, 336, 342, 
30555, 339, 341, 339, 330, 
30584, 339, 341, 342, 328, 
30615, 337, 336, 337, 339, 
30645, 333, 332, 334, 349, 
30675, 334, 333, 334, 344, 
30705, 338, 339, 340, 332, 
30736, 340, 342, 340, 326, 
30766, 337, 337, 339, 335, 
30795, 334, 332, 334, 347, 
30826, 334, 332, 334, 346, 
30856, 337, 338, 337, 333, 
30886, 340, 340, 341, 325, 
30916, 338, 339, 340, 332, 
30947, 334, 333, 336, 346, 
30977, 333, 332, 334, 349, 
31007, 336, 336, 335, 339, 
31037, 340, 341, 340, 326, 
31068, 340, 340, 341, 331, 
31097, 336, 335, 336, 342, 
31127, 333, 331, 334, 350, 
31158, 336, 335, 336, 342, 
31187, 340, 339, 339, 329, 
31218, 339, 341, 341, 327, 
31248, 338, 337, 338, 338, 
31279, 333, 331, 334, 349, 
31308, 335, 333, 334, 345, 
31339, 338, 339, 338, 333, 
31369, 341, 342, 341, 326, 
31399, 337, 338, 338, 336, 
31429, 333, 332, 334, 347, 
31459, 335, 333, 334, 347, 
31490, 338, 337, 338, 336, 
31519, 340, 342, 340, 327, 
31550, 339, 339, 340, 332, 
31580, 334, 333, 336, 344, 
31610, 333, 331, 333, 349, 
31640, 336, 335, 336, 339, 
31671, 340, 341, 340, 328, 
31700, 339, 341, 340, 330, 
31730, 336, 335, 337, 341, 
31761, 333, 331, 333, 350, 
31791, 335, 334, 335, 342, 
31821, 339, 341, 339, 329, 
31851, 339, 341, 340, 327, 
31882, 336, 337, 338, 338, 
31911, 334, 333, 335, 348, 
31942, 335, 333, 334, 345, 
31972, 338, 339, 338, 334, 
32003, 340, 342, 341, 326, 
32032, 337, 338, 339, 335, 
32062, 334, 333, 335, 347, 
32093, 335, 332, 334, 348, 
32122, 337, 337, 337, 336, 
32153, 340, 342, 340, 327, 
32183, 339, 340, 339, 331, 
32214, 335, 334, 336, 344, 
32243, 333, 331, 333, 350, 
32274, 336, 336, 336, 340, 
32304, 340, 341, 342, 329, 
32334, 340, 341, 339, 329, 
32364, 336, 336, 337, 341, 
32394, 333, 331, 333, 350, 
32424, 335, 334, 335, 343, 
32454, 340, 339, 339, 331, 
32485, 339, 341, 342, 327, 
32515, 338, 337, 338, 337, 
32545, 332, 332, 335, 349, 
32575, 334, 333, 335, 346, 
32606, 338, 338, 338, 333, 
32635, 339, 342, 341, 326, 
32666, 338, 339, 339, 334, 
32696, 334, 333, 335, 346, 
32726, 333, 332, 334, 349, 
32756, 336, 337, 336, 337, 
32786, 339, 342, 341, 327, 
32817, 339, 340, 340, 331, 
32846, 335, 334, 336, 343, 
32877, 334, 331, 335, 350, 
32907, 336, 335, 335, 340, 
32937, 340, 341, 341, 328, 
32967, 339, 341, 341, 330, 
32998, 335, 336, 338, 340, 
33028, 333, 332, 333, 350, 
33057, 335, 334, 335, 343, 
33088, 338, 339, 339, 331, 
33118, 339, 342, 341, 327, 
33148, 337, 337, 338, 337, 
33178, 335, 332, 334, 349, 
33209, 334, 332, 334, 347, 
33239, 337, 338, 338, 335, 
33269, 340, 342, 341, 326, 
33299, 338, 339, 340, 334, 
33330, 334, 334, 336, 347, 
33359, 334, 331, 334, 348, 
33389, 336, 336, 336, 338, 
33420, 339, 341, 340, 326, 
33449, 339, 340, 340, 330, 
33480, 335, 334, 336, 343, 
33510, 334, 331, 334, 350, 
33541, 336, 335, 335, 341, 
33570, 340, 341, 339, 330, 
33601, 339, 341, 342, 328, 
33631, 336, 336, 339, 340, 
33660, 333, 331, 334, 350, 
33691, 335, 334, 335, 344, 
33721, 337, 339, 339, 331, 
33752, 339, 342, 340, 326, 
33781, 336, 337, 338, 336, 
33812, 333, 333, 335, 347, 
33842, 334, 332, 334, 347, 
33872, 338, 338, 337, 335, 
33902, 340, 342, 340, 325, 
33933, 337, 338, 340, 332, 
33963, 334, 333, 335, 346, 
33992, 334, 332, 333, 349, 
34023, 336, 336, 336, 339, 
34053, 339, 341, 340, 327, 
34083, 338, 340, 340, 330, 
34113, 335, 335, 336, 343, 
34144, 333, 331, 334, 351, 
34173, 336, 336, 335, 341, 
34204, 339, 340, 339, 329, 
34234, 339, 342, 341, 329, 
34265, 336, 336, 337, 339, 
34294, 334, 331, 333, 349, 
34324, 334, 333, 334, 346, 
34355, 338, 339, 339, 331, 
34384, 340, 342, 341, 326, 
34415, 338, 337, 339, 335, 
34445, 334, 333, 336, 347, 
34476, 334, 332, 334, 346, 
34505, 337, 338, 337, 335, 
34536, 339, 342, 341, 327, 
34566, 338, 339, 339, 332, 
34596, 335, 334, 336, 344, 
34626, 334, 331, 334, 349, 
34656, 336, 336, 337, 338, 
34686, 339, 341, 341, 327, 
34716, 339, 341, 340, 330, 
34747, 336, 335, 335, 341, 
34777, 334, 332, 334, 351, 
34807, 335, 334, 335, 341, 
34837, 338, 341, 339, 330, 
34868, 339, 341, 342, 327, 
34897, 337, 337, 338, 338, 
34928, 333, 331, 334, 349, 
34958, 335, 331, 335, 345, 
34988, 338, 338, 338, 332, 
35018, 341, 342, 340, 325, 
35048, 337, 338, 339, 334, 
35079, 334, 334, 335, 347, 
35108, 334, 332, 334, 348, 
35139, 337, 337, 337, 337, 
35169, 340, 342, 340, 326, 
35200, 339, 340, 340, 331, 
35229, 335, 334, 336, 345, 
35260, 333, 331, 335, 350, 
35290, 336, 335, 336, 341, 
35319, 340, 342, 341, 329, 
35350, 340, 341, 341, 328, 
35380, 336, 336, 338, 339, 
35410, 334, 330, 334, 349, 
35440, 335, 334, 335, 343, 
35471, 340, 340, 339, 331, 
35501, 340, 343, 342, 326, 
35531, 337, 337, 338, 337, 
35561, 335, 332, 334, 349, 
35591, 334, 333, 334, 346, 
35621, 339, 338, 338, 334, 
35651, 340, 342, 341, 326, 
35682, 338, 340, 339, 333, 
35712, 334, 333, 335, 346, 
35742, 334, 332, 334, 348, 
35772, 337, 338, 337, 338, 
35803, 341, 342, 341, 328, 
35832, 339, 340, 340, 331, 
35863, 334, 334, 338, 343, 
35893, 334, 332, 333, 351, 
35922, 336, 335, 335, 341, 
35953, 340, 341, 340, 329, 
35983, 339, 341, 342, 328, 
36014, 336, 336, 338, 340, 
36043, 334, 331, 335, 351, 
36074, 335, 334, 335, 344, 
36104, 338, 339, 339, 333, 
36134, 339, 342, 341, 327, 
36164, 336, 337, 340, 337, 
36195, 333, 332, 335, 348, 
36225, 334, 332, 334, 348, 
36254, 338, 339, 337, 337, 
36285, 341, 343, 341, 328, 
36315, 338, 339, 340, 333, 
36345, 336, 333, 336, 347, 
36375, 334, 332, 334, 350, 
36406, 336, 336, 337, 339, 
36435, 340, 341, 341, 327, 
36466, 338, 340, 341, 330, 
36496, 335, 336, 337, 342, 
36527, 333, 331, 335, 350, 
36556, 335, 335, 336, 342, 
36586, 340, 341, 340, 329, 
36617, 340, 342, 342, 327, 
36646, 337, 337, 338, 339, 
36677, 334, 331, 335, 349, 
36707, 335, 333, 334, 346, 
36738, 337, 339, 338, 333, 
36767, 340, 343, 341, 325, 
36798, 339, 338, 339, 335, 
36828, 334, 332, 335, 348, 
36858, 334, 332, 334, 348, 
36888, 338, 337, 337, 336, 
36918, 340, 342, 341, 326, 
36948, 339, 341, 340, 331, 
36978, 335, 334, 335, 344, 
37009, 333, 331, 334, 350, 
37039, 336, 335, 336, 340, 
37069, 339, 341, 340, 328, 
37099, 339, 340, 341, 330, 
37130, 336, 336, 338, 339, 
37159, 334, 331, 334, 351, 
37190, 335, 335, 335, 344, 
37220, 338, 339, 339, 331, 
37250, 338, 342, 341, 327, 
37280, 337, 337, 338, 337, 
37310, 334, 332, 335, 349, 
37341, 335, 333, 334, 346, 
37370, 337, 338, 338, 335, 
37401, 340, 342, 341, 326, 
37431, 337, 339, 340, 334, 
37462, 335, 333, 336, 346, 
37491, 334, 332, 334, 348, 
37521, 336, 338, 337, 338, 
37552, 340, 342, 340, 327, 
37581, 338, 340, 340, 330, 
37612, 336, 335, 337, 343, 
37642, 333, 331, 333, 350, 
37672, 336, 335, 335, 341, 
37702, 339, 341, 339, 329, 
37733, 339, 342, 340, 328, 
37763, 338, 336, 338, 339, 
37793, 334, 331, 334, 349, 
37823, 335, 333, 335, 344, 
37853, 338, 339, 338, 332, 
37883, 340, 342, 341, 326, 
37913, 338, 338, 339, 336, 
37944, 334, 332, 336, 349, 
37974, 335, 333, 334, 347, 
38004, 338, 338, 338, 335, 
38034, 340, 342, 341, 326, 
38065, 338, 339, 340, 332, 
38094, 335, 334, 335, 345, 
38125, 334, 331, 334, 349, 
38155, 336, 336, 336, 339, 
38184, 340, 342, 340, 327, 
38215, 339, 341, 340, 329, 
38245, 336, 336, 337, 342, 
38276, 336, 331, 334, 350, 
38305, 336, 335, 336, 342, 
38336, 339, 340, 340, 329, 
38366, 340, 342, 341, 328, 
38396, 337, 337, 338, 337, 
38426, 334, 331, 333, 349, 
38457, 334, 334, 334, 346, 
38487, 338, 338, 338, 333, 
38516, 340, 343, 342, 326, 
38547, 338, 338, 339, 334, 
38577, 335, 333, 336, 346, 
38607, 334, 332, 334, 348, 
38637, 337, 337, 336, 337, 
38668, 340, 342, 340, 326, 
38697, 339, 340, 341, 331, 
38728, 335, 334, 336, 342, 
38758, 334, 332, 334, 350, 
38789, 336, 335, 336, 340, 
38818, 339, 341, 340, 328, 
38848, 339, 339, 340, 329, 
38879, 336, 336, 336, 341, 
38908, 334, 331, 334, 350, 
38939, 336, 334, 335, 343, 
38969, 339, 340, 339, 331, 
39000, 339, 342, 341, 327, 
39029, 337, 338, 339, 337, 
39060, 334, 332, 335, 348, 
39090, 333, 333, 334, 346, 
39120, 338, 338, 338, 334, 
39150, 340, 342, 341, 326, 
39180, 338, 339, 340, 333, 
39211, 334, 333, 336, 345, 
39240, 333, 332, 334, 349, 
39271, 336, 336, 336, 338, 
39301, 341, 342, 340, 325, 
39331, 339, 341, 340, 330, 
39361, 335, 335, 337, 342, 
39392, 333, 332, 334, 349, 
39421, 336, 335, 336, 341, 
39451, 339, 340, 339, 329, 
39482, 340, 341, 341, 328, 
39512, 337, 336, 339, 339, 
39542, 333, 332, 334, 349, 
39572, 335, 334, 335, 345, 
39603, 339, 340, 338, 332, 
39632, 340, 342, 341, 326, 
39663, 337, 338, 339, 335, 
39693, 334, 332, 334, 348, 
39724, 334, 332, 334, 347, 
39753, 335, 338, 337, 336, 
39783, 340, 343, 341, 327, 
39814, 338, 339, 340, 332, 
39843, 336, 334, 335, 345, 
39874, 335, 331, 334, 350, 
39904, 337, 336, 337, 340, 
39934, 341, 342, 340, 328, 
39964, 339, 341, 340, 330, 
39995, 336, 334, 338, 341, 
40025, 334, 331, 333, 350, 
40055, 335, 333, 335, 343, 
40085, 339, 340, 339, 331, 
40115, 339, 342, 341, 327, 
40145, 336, 337, 338, 338, 
40175, 334, 330, 335, 349, 
40206, 335, 334, 334, 346, 
40236, 338, 338, 339, 334, 
40266, 341, 342, 342, 326, 
40296, 338, 339, 339, 334, 
40327, 334, 332, 336, 347, 
40356, 334, 331, 333, 349, 
40387, 337, 337, 337, 337, 
40417, 340, 343, 340, 325, 
40446, 338, 340, 340, 331, 
40477, 335, 334, 336, 344, 
40507, 333, 332, 334, 350, 
40538, 335, 334, 335, 341, 
40567, 340, 341, 339, 328, 
40598, 339, 341, 340, 329, 
40628, 336, 336, 337, 340, 
40658, 333, 332, 334, 349, 
40688, 334, 335, 335, 345, 
40719, 338, 339, 339, 332, 
40749, 340, 342, 340, 327, 
40778, 337, 337, 338, 337, 
40809, 332, 332, 334, 348, 
40839, 334, 332, 334, 347, 
40869, 337, 338, 338, 335, 
40899, 340, 342, 341, 325, 
40930, 338, 339, 338, 333, 
40960, 334, 333, 336, 345, 
40990, 333, 331, 335, 349, 
41020, 336, 336, 336, 338, 
41051, 339, 342, 340, 327, 
41080, 339, 341, 342, 330, 
41110, 335, 335, 336, 342, 
41141, 333, 331, 334, 350, 
41170, 336, 334, 336, 342, 
41201, 338, 339, 339, 329, 
41231, 339, 341, 339, 328, 
41262, 336, 338, 338, 339, 
41291, 332, 332, 334, 349, 
41322, 335, 333, 334, 345, 
41352, 338, 339, 338, 333, 
41381, 339, 342, 341, 325, 
41412, 338, 338, 339, 335, 
41442, 334, 334, 335, 348, 
41473, 334, 332, 334, 348, 
41502, 336, 337, 336, 337, 
41533, 339, 342, 340, 326, 
41563, 338, 340, 339, 332, 
41593, 335, 334, 336, 345, 
41623, 333, 333, 333, 350, 
41654, 337, 336, 336, 342, 
41683, 339, 341, 341, 329, 
41713, 339, 341, 341, 330, 
41744, 336, 336, 337, 340, 
41774, 333, 331, 334, 350, 
41804, 335, 335, 335, 343, 
41834, 338, 341, 339, 330, 
41865, 340, 342, 341, 328, 
41894, 336, 338, 338, 337, 
41925, 335, 332, 334, 349, 
41955, 335, 332, 334, 346, 
41986, 337, 339, 339, 334, 
42015, 341, 344, 342, 326, 
42045, 337, 338, 339, 334, 
42076, 334, 333, 336, 346, 
42105, 333, 331, 334, 349, 
42136, 336, 336, 337, 337, 
42166, 340, 342, 340, 327, 
42196, 339, 341, 341, 331, 
42226, 335, 334, 335, 343, 
42257, 333, 332, 333, 350, 
42287, 336, 335, 336, 341, 
42317, 339, 340, 341, 331, 
42347, 339, 342, 341, 328, 
42377, 337, 336, 337, 340, 
42407, 333, 331, 334, 349, 
42437, 335, 334, 335, 343, 
42468, 339, 339, 338, 331, 
42498, 342, 342, 341, 326, 
42528, 337, 339, 338, 336, 
42558, 335, 332, 334, 348, 
42589, 335, 332, 334, 347, 
42618, 338, 337, 337, 335, 
42649, 340, 342, 341, 325, 
42679, 339, 340, 340, 333, 
42708, 334, 334, 336, 344, 
42739, 335, 332, 333, 349, 
42769, 337, 336, 336, 338, 
42800, 339, 341, 340, 327, 
42829, 338, 342, 340, 330, 
42860, 335, 335, 337, 342, 
42890, 333, 332, 333, 349, 
42920, 336, 334, 335, 342, 
42950, 339, 340, 339, 330, 
42981, 339, 341, 340, 329, 
43011, 336, 337, 338, 340, 
43040, 333, 331, 334, 350, 
43071, 334, 334, 335, 346, 
43101, 338, 339, 338, 333, 
43131, 339, 342, 340, 327, 
43161, 337, 339, 339, 335, 
43192, 334, 332, 335, 347, 
43222, 334, 332, 334, 348, 
43252, 336, 338, 338, 337, 
43282, 340, 342, 340, 326, 
43312, 338, 340, 340, 332, 
43342, 335, 334, 336, 345, 
43372, 333, 331, 333, 350, 
43403, 337, 334, 336, 340, 
43432, 339, 342, 340, 328, 
43463, 340, 341, 340, 329, 
43493, 337, 335, 336, 341, 
43524, 333, 331, 334, 351, 
43553, 334, 334, 335, 344, 
43584, 338, 340, 339, 332, 
43614, 338, 342, 341, 327, 
43643, 337, 337, 339, 338, 
43674, 333, 332, 335, 349, 
43704, 334, 334, 334, 347, 
43735, 337, 338, 338, 334, 
43764, 339, 342, 341, 326, 
43795, 338, 339, 339, 334, 
43825, 335, 333, 335, 347, 
43855, 334, 333, 334, 349, 
43885, 337, 336, 336, 337, 
43916, 339, 341, 340, 327, 
43945, 339, 340, 340, 331, 
43975, 335, 335, 336, 343, 
44006, 334, 331, 334, 350, 
44036, 335, 335, 335, 340, 
44066, 339, 341, 339, 327, 
44096, 339, 341, 340, 328, 
44127, 336, 337, 337, 340, 
44156, 333, 332, 334, 350, 
44187, 335, 333, 335, 344, 
44217, 337, 340, 338, 332, 
44248, 340, 342, 340, 326, 
44277, 337, 337, 338, 337, 
44307, 335, 332, 335, 348, 
44338, 334, 333, 334, 347, 
44367, 338, 338, 337, 335, 
44398, 340, 344, 342, 326, 
44428, 339, 339, 340, 333, 
44459, 334, 334, 335, 346, 
44488, 334, 333, 334, 349, 
44519, 336, 336, 335, 338, 
44549, 341, 341, 340, 327, 
44579, 339, 340, 340, 330, 
44609, 335, 335, 337, 343, 
44639, 333, 331, 333, 350, 
44669, 336, 335, 336, 342, 
44699, 339, 341, 339, 329, 
44730, 339, 341, 340, 328, 
44760, 336, 336, 338, 339, 
44790, 334, 331, 334, 350, 
44820, 334, 333, 334, 345, 
44851, 338, 339, 339, 332, 
44880, 340, 342, 341, 326, 
44911, 338, 338, 338, 336, 
44941, 334, 332, 335, 348, 
44971, 334, 333, 334, 348, 
45001, 336, 336, 338, 336, 
45031, 339, 342, 341, 326, 
45062, 338, 340, 340, 332, 
45091, 335, 334, 336, 345, 
45122, 334, 331, 333, 349, 
45152, 335, 336, 336, 339, 
45182, 340, 341, 340, 328, 
45212, 339, 342, 341, 330, 
45242, 336, 336, 337, 342, 
45273, 334, 331, 334, 350, 
45302, 335, 334, 335, 343, 
45333, 339, 340, 340, 329, 
45363, 339, 342, 341, 327, 
45393, 337, 337, 337, 338, 
45423, 334, 332, 335, 349, 
45454, 335, 333, 334, 345, 
45484, 338, 340, 339, 332, 
45514, 340, 342, 341, 326, 
45544, 337, 338, 339, 335, 
45574, 333, 333, 335, 348, 
45604, 335, 332, 335, 348, 
45634, 338, 337, 337, 336, 
45665, 340, 342, 340, 325, 
45694, 338, 339, 339, 333, 
45725, 335, 334, 336, 344, 
45755, 333, 331, 333, 350, 
45786, 336, 336, 336, 340, 
45815, 339, 341, 339, 329, 
