32, 334, 348, 
75643, 336, 336, 336, 337, 
75674, 339, 341, 340, 326, 
75704, 30, 336, 335, 336, 336, 
1, 334, 334, 335, 341, 
2, 334, 331, 335, 345, 
11, 339, 341, 341, 327, 
37, 334, 332, 333, 348, 
65, 337, 337, 337, 334, 
92, 338, 339, 339, 333, 
119, 333, 331, 334, 350, 
147, 338, 339, 338, 331, 
175, 337, 339, 339, 335, 
203, 333, 331, 333, 350, 
231, 337, 338, 338, 336, 
260, 338, 340, 339, 331, 
287, 333, 331, 334, 349, 
316, 336, 336, 337, 338, 
344, 338, 341, 340, 328, 
371, 333, 332, 335, 347, 
400, 335, 335, 336, 342, 
428, 339, 342, 342, 327, 
456, 335, 334, 336, 343, 
484, 334, 334, 334, 344, 
512, 340, 341, 340, 328, 
540, 336, 335, 337, 339, 
568, 333, 332, 334, 349, 
596, 339, 340, 339, 330, 
624, 337, 337, 338, 336, 
653, 333, 331, 335, 349, 
680, 339, 338, 338, 332, 
708, 338, 339, 339, 332, 
737, 334, 331, 334, 349, 
764, 337, 337, 337, 337, 
793, 338, 340, 339, 329, 
821, 333, 331, 334, 347, 
849, 336, 335, 336, 340, 
877, 340, 341, 340, 327, 
905, 334, 333, 336, 346, 
933, 334, 334, 334, 342, 
961, 340, 343, 340, 326, 
990, 336, 335, 336, 342, 
1017, 335, 332, 334, 346, 
1046, 338, 339, 339, 330, 
1076, 339, 340, 340, 330, 
1104, 335, 333, 336, 346, 
1134, 334, 333, 335, 346, 
1163, 338, 342, 339, 329, 
1192, 338, 340, 339, 331, 
1221, 333, 333, 335, 347, 
1251, 334, 333, 335, 345, 
1280, 338, 340, 340, 330, 
1308, 338, 340, 340, 332, 
1338, 334, 333, 335, 347, 
1367, 334, 333, 335, 344, 
1396, 340, 341, 340, 329, 
1425, 338, 340, 339, 331, 
1455, 334, 332, 335, 347, 
1483, 335, 334, 335, 343, 
1512, 339, 342, 339, 328, 
1542, 338, 339, 339, 330, 
1570, 333, 332, 336, 347, 
1600, 335, 332, 335, 343, 
1629, 339, 340, 340, 328, 
1658, 337, 339, 340, 333, 
1687, 334, 332, 334, 348, 
1717, 335, 334, 336, 343, 
1745, 340, 342, 340, 327, 
1774, 338, 339, 339, 333, 
1804, 333, 332, 334, 347, 
1832, 335, 334, 336, 342, 
1862, 339, 341, 340, 327, 
1891, 339, 337, 339, 334, 
1921, 334, 332, 335, 348, 
1949, 335, 333, 336, 342, 
1978, 340, 341, 340, 327, 
2008, 338, 339, 339, 335, 
2036, 333, 331, 335, 349, 
2066, 336, 335, 335, 342, 
2095, 340, 342, 340, 327, 
2124, 337, 339, 338, 336, 
2153, 333, 331, 334, 349, 
2183, 335, 335, 336, 341, 
2211, 339, 342, 340, 327, 
2240, 337, 338, 338, 335, 
2270, 333, 331, 335, 349, 
2298, 335, 335, 336, 341, 
2328, 339, 341, 340, 326, 
2357, 337, 338, 338, 338, 
2386, 334, 331, 334, 350, 
2415, 336, 335, 336, 339, 
2444, 339, 341, 340, 327, 
2473, 337, 337, 338, 336, 
2502, 333, 331, 334, 349, 
2532, 336, 336, 336, 339, 
2561, 339, 342, 340, 326, 
2590, 336, 337, 339, 337, 
2619, 333, 331, 334, 349, 
2649, 336, 337, 337, 338, 
2677, 340, 342, 340, 325, 
2706, 337, 337, 337, 338, 
2736, 334, 331, 334, 349, 
2764, 336, 336, 336, 337, 
2794, 339, 342, 340, 326, 
2823, 336, 336, 338, 337, 
2852, 333, 331, 333, 349, 
2881, 336, 336, 337, 337, 
2910, 339, 342, 341, 326, 
2939, 336, 336, 337, 339, 
2968, 333, 332, 333, 349, 
2998, 337, 337, 338, 337, 
3026, 339, 341, 340, 327, 
3056, 336, 336, 337, 340, 
3085, 333, 331, 334, 349, 
3115, 336, 337, 337, 337, 
3143, 339, 343, 340, 327, 
3172, 336, 335, 336, 340, 
3202, 333, 332, 333, 348, 
3230, 337, 337, 338, 334, 
3260, 338, 342, 340, 326, 
3289, 335, 335, 337, 341, 
3318, 333, 331, 334, 349, 
3347, 337, 338, 338, 335, 
3376, 339, 342, 339, 327, 
3405, 337, 335, 337, 342, 
3434, 334, 332, 334, 349, 
3464, 338, 338, 338, 334, 
3492, 340, 342, 341, 328, 
3522, 337, 335, 337, 342, 
3551, 333, 333, 334, 348, 
3580, 338, 339, 337, 333, 
3609, 339, 341, 341, 328, 
3638, 335, 335, 336, 342, 
3667, 334, 331, 335, 349, 
3696, 338, 339, 338, 333, 
3726, 339, 341, 339, 328, 
3755, 335, 334, 336, 343, 
3784, 334, 333, 334, 347, 
3813, 338, 339, 339, 332, 
3842, 339, 341, 339, 329, 
3871, 335, 334, 336, 344, 
3900, 334, 333, 334, 346, 
3930, 338, 339, 339, 332, 
3958, 338, 341, 340, 330, 
3988, 334, 334, 335, 344, 
4017, 334, 332, 334, 346, 
4046, 339, 340, 339, 331, 
4075, 339, 341, 340, 330, 
4104, 334, 334, 336, 343, 
4133, 335, 333, 334, 345, 
4162, 338, 340, 339, 330, 
4192, 339, 340, 339, 330, 
4220, 334, 333, 335, 345, 
4250, 334, 333, 334, 345, 
4279, 337, 340, 338, 330, 
4307, 338, 339, 340, 331, 
4337, 334, 333, 336, 346, 
4366, 334, 333, 335, 347, 
4396, 339, 340, 340, 331, 
4424, 338, 339, 339, 333, 
4454, 334, 332, 335, 347, 
4483, 334, 333, 335, 345, 
4512, 339, 341, 339, 329, 
4541, 339, 340, 339, 331, 
4570, 334, 333, 335, 347, 
4599, 334, 334, 335, 343, 
4628, 339, 341, 340, 328, 
4658, 338, 339, 339, 332, 
4686, 333, 332, 335, 348, 
4716, 335, 334, 337, 343, 
4745, 339, 341, 340, 328, 
4773, 338, 339, 339, 333, 
4803, 334, 332, 335, 348, 
4832, 335, 334, 335, 342, 
4861, 339, 341, 341, 327, 
4890, 339, 339, 339, 334, 
4920, 333, 331, 335, 348, 
4948, 335, 334, 335, 342, 
4978, 339, 342, 340, 328, 
5007, 338, 338, 339, 334, 
5036, 333, 331, 335, 350, 
5065, 335, 335, 336, 342, 
5094, 339, 341, 339, 325, 
5124, 338, 339, 339, 336, 
5152, 333, 331, 334, 349, 
5182, 336, 334, 336, 341, 
5211, 340, 342, 340, 326, 
5239, 337, 338, 338, 335, 
5269, 333, 331, 334, 349, 
5298, 336, 335, 336, 339, 
5327, 339, 342, 341, 326, 
5356, 337, 337, 338, 336, 
5386, 333, 332, 335, 349, 
5414, 336, 336, 336, 338, 
5444, 340, 343, 341, 325, 
5473, 337, 337, 338, 337, 
5501, 332, 332, 334, 348, 
5531, 336, 336, 336, 338, 
5560, 339, 342, 340, 326, 
5590, 336, 337, 337, 338, 
5618, 333, 331, 334, 350, 
5648, 336, 337, 336, 338, 
5677, 340, 341, 340, 326, 
5705, 336, 336, 337, 338, 
5735, 334, 331, 335, 349, 
5764, 337, 336, 337, 336, 
5793, 340, 342, 341, 326, 
5822, 337, 336, 338, 339, 
5852, 333, 331, 334, 349, 
5880, 337, 337, 338, 336, 
5910, 339, 344, 340, 326, 
5939, 336, 336, 337, 340, 
5967, 333, 331, 334, 348, 
5997, 337, 338, 337, 335, 
6026, 339, 342, 340, 326, 
6055, 335, 335, 336, 341, 
6084, 334, 332, 334, 348, 
6114, 337, 338, 337, 334, 
6142, 340, 342, 340, 328, 
6171, 335, 333, 336, 342, 
6201, 334, 331, 334, 347, 
6230, 337, 338, 338, 333, 
6259, 338, 341, 340, 328, 
6288, 335, 335, 336, 342, 
6318, 334, 331, 334, 349, 
6346, 337, 338, 338, 332, 
6376, 339, 341, 340, 329, 
6405, 335, 333, 336, 343, 
6433, 335, 332, 335, 347, 
6463, 338, 339, 338, 332, 
6492, 338, 340, 339, 329, 
6521, 336, 334, 336, 344, 
6550, 334, 332, 334, 347, 
6580, 338, 340, 339, 331, 
6608, 339, 340, 338, 330, 
6637, 335, 333, 336, 344, 
6667, 334, 333, 335, 346, 
6695, 338, 339, 338, 330, 
6725, 339, 340, 341, 330, 
6754, 334, 333, 335, 345, 
6784, 334, 333, 334, 345, 
6812, 338, 340, 339, 329, 
6842, 338, 340, 340, 330, 
6871, 334, 333, 335, 346, 
6899, 335, 334, 334, 344, 
6929, 338, 340, 340, 329, 
6958, 338, 340, 339, 330, 
6987, 334, 333, 335, 346, 
7016, 335, 333, 335, 343, 
7046, 339, 341, 339, 328, 
7074, 338, 340, 339, 331, 
7103, 333, 332, 335, 346, 
7133, 335, 333, 335, 343, 
7161, 339, 341, 339, 327, 
7191, 337, 337, 339, 332, 
7220, 333, 332, 335, 347, 
7249, 336, 334, 335, 342, 
7278, 339, 341, 340, 326, 
7308, 337, 339, 339, 332, 
7336, 333, 332, 334, 347, 
7365, 335, 334, 335, 341, 
7395, 339, 341, 339, 326, 
7424, 337, 338, 338, 333, 
7453, 333, 331, 334, 348, 
7482, 335, 335, 337, 341, 
7512, 339, 341, 339, 326, 
7540, 337, 338, 339, 334, 
7569, 332, 331, 334, 348, 
7599, 335, 335, 336, 340, 
7627, 339, 342, 340, 326, 
7657, 337, 337, 338, 335, 
7686, 333, 331, 335, 348, 
7715, 336, 335, 336, 338, 
7744, 338, 342, 340, 325, 
7774, 337, 337, 337, 337, 
7802, 333, 331, 334, 349, 
7831, 336, 335, 337, 339, 
7861, 339, 342, 340, 326, 
7889, 336, 338, 338, 338, 
7919, 334, 331, 334, 349, 
7948, 337, 337, 338, 337, 
7977, 340, 342, 340, 327, 
8006, 336, 337, 338, 339, 
8035, 333, 332, 334, 350, 
8065, 336, 337, 337, 337, 
8093, 339, 342, 341, 327, 
8123, 336, 336, 338, 339, 
8152, 333, 331, 334, 349, 
8181, 337, 337, 338, 337, 
8210, 339, 340, 339, 326, 
8240, 336, 335, 336, 339, 
8268, 333, 331, 333, 349, 
8297, 337, 338, 337, 335, 
8327, 339, 342, 340, 327, 
8355, 335, 335, 337, 341, 
8385, 333, 332, 334, 348, 
8414, 337, 338, 338, 334, 
8443, 339, 341, 341, 328, 
8472, 335, 334, 336, 343, 
8501, 333, 332, 334, 348, 
8530, 337, 338, 338, 334, 
8559, 339, 341, 340, 327, 
8589, 335, 334, 336, 343, 
8617, 334, 332, 335, 347, 
8647, 339, 340, 338, 333, 
8676, 338, 341, 340, 328, 
8706, 335, 334, 336, 343, 
8734, 334, 332, 334, 346, 
8763, 338, 339, 338, 331, 
8793, 338, 340, 339, 329, 
8821, 333, 333, 335, 344, 
8851, 334, 332, 335, 347, 
8880, 338, 338, 339, 330, 
8909, 338, 340, 339, 329, 
8938, 334, 333, 335, 345, 
8967, 335, 332, 335, 345, 
8996, 339, 339, 339, 328, 
9025, 338, 340, 339, 330, 
9055, 334, 333, 334, 346, 
9083, 335, 333, 335, 345, 
9113, 339, 341, 339, 329, 
9142, 338, 339, 340, 332, 
9171, 333, 332, 335, 347, 
9200, 334, 333, 335, 344, 
9229, 338, 341, 340, 329, 
9259, 338, 338, 339, 332, 
9287, 333, 333, 335, 347, 
9317, 334, 334, 336, 343, 
9346, 339, 340, 339, 328, 
9375, 338, 339, 339, 332, 
9404, 333, 332, 334, 348, 
9433, 334, 334, 334, 342, 
9462, 339, 341, 340, 328, 
9491, 337, 338, 338, 334, 
9521, 333, 331, 334, 349, 
9549, 336, 335, 336, 342, 
9579, 339, 342, 340, 327, 
9608, 337, 338, 339, 334, 
9637, 334, 331, 334, 349, 
9666, 335, 335, 334, 340, 
9695, 339, 341, 340, 326, 
9724, 337, 338, 338, 335, 
9753, 333, 331, 334, 348, 
9783, 337, 335, 336, 339, 
9811, 339, 342, 341, 325, 
9841, 337, 338, 338, 336, 
9870, 334, 331, 334, 348, 
9899, 336, 336, 336, 338, 
9928, 339, 341, 340, 326, 
9957, 336, 337, 338, 337, 
9987, 333, 331, 334, 349, 
10015, 336, 336, 336, 337, 
10046, 339, 341, 340, 328, 
10076, 339, 340, 339, 330, 
10106, 335, 334, 336, 342, 
10136, 333, 331, 334, 349, 
10167, 335, 334, 335, 339, 
10196, 339, 340, 339, 329, 
10226, 340, 342, 340, 328, 
10257, 335, 336, 337, 339, 
10287, 333, 331, 334, 349, 
10317, 335, 334, 335, 343, 
10347, 337, 340, 339, 332, 
10378, 339, 341, 340, 326, 
10407, 336, 337, 339, 336, 
10438, 333, 331, 334, 347, 
10468, 334, 332, 334, 346, 
10498, 337, 339, 337, 335, 
10528, 339, 342, 340, 326, 
10558, 338, 338, 339, 333, 
10589, 335, 331, 335, 346, 
10618, 334, 331, 334, 348, 
10649, 337, 336, 336, 337, 
10679, 340, 341, 340, 327, 
10710, 339, 340, 339, 331, 
10739, 335, 334, 336, 343, 
10770, 333, 331, 334, 350, 
10800, 335, 335, 336, 340, 
10829, 339, 341, 340, 329, 
10860, 339, 339, 340, 329, 
10890, 335, 335, 336, 340, 
10920, 334, 331, 334, 349, 
10950, 335, 335, 335, 343, 
10981, 337, 339, 338, 330, 
11011, 339, 341, 340, 328, 
11041, 337, 337, 338, 337, 
11071, 333, 331, 334, 348, 
11102, 334, 333, 335, 345, 
11131, 338, 339, 337, 333, 
11161, 340, 341, 340, 326, 
11192, 338, 338, 339, 335, 
11222, 334, 333, 335, 347, 
11252, 333, 332, 334, 346, 
11282, 337, 337, 337, 336, 
11313, 339, 341, 341, 327, 
11342, 338, 339, 339, 331, 
11373, 335, 334, 336, 344, 
11403, 333, 331, 334, 349, 
11433, 336, 335, 336, 339, 
11463, 339, 341, 340, 327, 
11493, 338, 341, 340, 329, 
11524, 335, 335, 336, 341, 
11553, 334, 331, 334, 349, 
11584, 335, 334, 335, 342, 
11614, 339, 340, 339, 333, 
11644, 339, 341, 340, 328, 
11674, 336, 337, 337, 339, 
11705, 333, 331, 334, 350, 
11735, 334, 333, 334, 345, 
11765, 338, 338, 338, 332, 
11795, 337, 341, 340, 327, 
11825, 337, 337, 338, 335, 
11855, 333, 332, 336, 347, 
11885, 333, 332, 334, 346, 
11916, 336, 337, 337, 337, 
11945, 339, 341, 340, 328, 
11976, 338, 339, 339, 333, 
12006, 334, 334, 337, 345, 
12037, 333, 332, 333, 349, 
12066, 336, 336, 337, 339, 
12097, 340, 341, 340, 328, 
12127, 340, 340, 340, 331, 
12156, 335, 335, 336, 342, 
12187, 333, 331, 334, 349, 
12217, 335, 335, 336, 342, 
12248, 338, 340, 339, 330, 
12277, 339, 341, 341, 329, 
12308, 336, 336, 337, 339, 
12338, 333, 331, 334, 350, 
12368, 334, 333, 335, 344, 
12398, 338, 339, 338, 332, 
12428, 340, 341, 340, 327, 
12459, 337, 338, 338, 336, 
12488, 334, 332, 335, 347, 
12519, 334, 333, 335, 346, 
12549, 337, 338, 338, 334, 
12579, 339, 342, 340, 326, 
12609, 338, 338, 340, 334, 
12640, 335, 333, 336, 345, 
12669, 335, 332, 334, 348, 
12700, 336, 337, 337, 337, 
12730, 339, 341, 340, 328, 
12760, 338, 340, 340, 331, 
12790, 335, 333, 337, 343, 
12820, 334, 331, 334, 350, 
12851, 335, 335, 335, 340, 
12880, 339, 342, 340, 329, 
12911, 339, 341, 340, 328, 
12941, 336, 336, 337, 341, 
12972, 333, 331, 334, 349, 
13001, 334, 334, 335, 343, 
13032, 338, 338, 338, 330, 
13062, 339, 340, 341, 328, 
13091, 336, 336, 338, 337, 
13122, 334, 333, 335, 348, 
13152, 334, 333, 335, 346, 
13182, 337, 338, 338, 333, 
13212, 340, 342, 340, 327, 
13243, 337, 338, 340, 335, 
13273, 334, 333, 335, 346, 
13303, 334, 333, 334, 347, 
13333, 337, 338, 337, 336, 
13364, 340, 342, 340, 326, 
13393, 339, 339, 339, 331, 
13423, 336, 334, 335, 344, 
13454, 333, 331, 334, 348, 
13484, 336, 335, 335, 339, 
13514, 339, 342, 339, 328, 
13544, 338, 340, 339, 330, 
13575, 335, 336, 336, 341, 
13604, 334, 331, 334, 349, 
13635, 336, 334, 335, 342, 
13665, 338, 339, 339, 330, 
13696, 340, 344, 341, 327, 
13725, 336, 336, 338, 339, 
13755, 333, 332, 334, 349, 
13786, 335, 333, 335, 344, 
13815, 338, 338, 338, 332, 
13846, 339, 342, 340, 326, 
13876, 337, 339, 338, 336, 
13906, 333, 332, 335, 347, 
13936, 334, 332, 336, 347, 
13967, 337, 337, 337, 335, 
13997, 339, 343, 340, 327, 
14027, 337, 339, 339, 332, 
14057, 333, 334, 335, 344, 
14087, 333, 332, 334, 349, 
14117, 336, 336, 336, 338, 
14147, 339, 342, 340, 328, 
14178, 339, 341, 339, 330, 
14208, 335, 335, 336, 343, 
14238, 333, 332, 334, 349, 
14268, 335, 335, 335, 342, 
14299, 338, 340, 339, 329, 
14328, 339, 341, 340, 329, 
14358, 336, 336, 337, 339, 
14389, 334, 331, 334, 349, 
14418, 335, 335, 335, 344, 
14449, 338, 339, 340, 332, 
14479, 339, 342, 340, 326, 
14510, 336, 337, 339, 336, 
14539, 334, 332, 335, 348, 
14570, 335, 332, 335, 347, 
14600, 337, 338, 339, 336, 
14630, 340, 342, 340, 328, 
14660, 337, 339, 339, 334, 
14690, 334, 334, 334, 346, 
14721, 333, 332, 334, 349, 
14750, 337, 336, 336, 338, 
14781, 339, 342, 340, 327, 
14811, 338, 339, 341, 332, 
14841, 335, 334, 336, 343, 
14871, 334, 330, 333, 350, 
14902, 335, 334, 335, 341, 
14931, 340, 340, 339, 329, 
14962, 339, 341, 340, 329, 
14992, 336, 335, 337, 340, 
15022, 332, 331, 334, 349, 
15052, 335, 334, 335, 344, 
15082, 338, 339, 339, 331, 
15113, 340, 342, 340, 327, 
15142, 336, 338, 339, 338, 
15173, 334, 332, 335, 349, 
15203, 334, 333, 335, 346, 
15234, 337, 338, 339, 334, 
15263, 339, 342, 340, 327, 
15294, 337, 338, 338, 334, 
15324, 334, 333, 335, 346, 
15353, 333, 332, 335, 348, 
15384, 337, 336, 337, 337, 
15414, 339, 341, 340, 326, 
15444, 337, 340, 339, 332, 
15474, 335, 334, 336, 344, 
15505, 333, 332, 334, 349, 
15535, 336, 335, 337, 339, 
15565, 339, 341, 340, 328, 
15595, 340, 340, 339, 329, 
15626, 335, 337, 336, 340, 
15655, 334, 332, 333, 349, 
15685, 335, 335, 335, 342, 
15716, 339, 339, 340, 330, 
15746, 339, 342, 340, 327, 
15776, 338, 337, 338, 338, 
15806, 334, 331, 335, 349, 
15837, 335, 333, 335, 345, 
15866, 338, 339, 339, 333, 
15897, 340, 342, 341, 327, 
15927, 337, 338, 339, 335, 
15958, 334, 332, 336, 346, 
15987, 334, 333, 335, 347, 
16017, 337, 336, 337, 336, 
16048, 340, 342, 340, 328, 
16077, 339, 340, 340, 333, 
16108, 335, 333, 336, 344, 
16138, 333, 332, 335, 348, 
16168, 336, 336, 336, 339, 
16198, 340, 341, 340, 327, 
16229, 338, 340, 339, 328, 
16259, 336, 335, 337, 341, 
16288, 333, 332, 334, 349, 
16319, 335, 334, 335, 341, 
16349, 340, 340, 339, 329, 
16379, 339, 341, 340, 327, 
16409, 336, 336, 337, 338, 
16440, 333, 332, 334, 348, 
16470, 334, 333, 335, 343, 
16500, 338, 339, 338, 331, 
16530, 339, 343, 340, 326, 
16561, 336, 337, 338, 335, 
16590, 333, 332, 335, 347, 
16620, 334, 334, 335, 347, 
16651, 337, 337, 337, 334, 
16680, 340, 342, 340, 326, 
16711, 337, 338, 339, 332, 
16741, 334, 333, 336, 344, 
16772, 333, 331, 334, 348, 
16801, 337, 336, 337, 337, 
16832, 339, 342, 340, 327, 
16862, 338, 340, 339, 330, 
16892, 335, 334, 336, 342, 
16922, 332, 331, 334, 349, 
16952, 335, 335, 335, 341, 
16983, 339, 341, 339, 329, 
17012, 339, 340, 340, 328, 
17043, 335, 336, 337, 340, 
17073, 333, 331, 334, 349, 
17103, 335, 333, 335, 344, 
17133, 338, 339, 338, 331, 
17164, 339, 341, 339, 327, 
17193, 337, 337, 338, 336, 
17224, 334, 331, 334, 348, 
17254, 334, 332, 334, 347, 
17284, 338, 338, 337, 334, 
17314, 339, 342, 340, 326, 
17344, 337, 338, 339, 333, 
17375, 335, 333, 335, 344, 
17404, 333, 332, 334, 347, 
17435, 336, 336, 336, 337, 
17465, 339, 341, 340, 326, 
17496, 338, 339, 339, 330, 
17525, 335, 335, 336, 342, 
17556, 333, 331, 333, 348, 
17586, 335, 335, 336, 339, 
17615, 339, 341, 339, 328, 
17646, 339, 341, 339, 328, 
17676, 336, 336, 337, 340, 
17707, 334, 332, 335, 349, 
17736, 335, 334, 334, 343, 
17767, 339, 339, 339, 330, 
17797, 339, 342, 340, 327, 
17827, 336, 336, 338, 338, 
17857, 333, 332, 334, 348, 
17888, 334, 333, 334, 345, 
17917, 337, 339, 337, 334, 
17947, 339, 341, 339, 327, 
17978, 337, 338, 338, 335, 
18008, 335, 332, 334, 346, 
18038, 334, 332, 334, 348, 
18068, 337, 337, 337, 337, 
18099, 339, 341, 341, 326, 
18128, 338, 339, 339, 331, 
18159, 335, 334, 335, 345, 
18189, 334, 331, 334, 349, 
18219, 336, 335, 337, 341, 
18249, 339, 341, 340, 327, 
18279, 339, 340, 339, 329, 
18310, 335, 335, 337, 340, 
18339, 333, 331, 333, 349, 
18370, 335, 334, 335, 342, 
18400, 338, 340, 339, 330, 
18430, 339, 342, 341, 327, 
18460, 336, 337, 338, 337, 
18491, 334, 331, 334, 349, 
18521, 333, 332, 335, 345, 
18550, 338, 338, 337, 333, 
18581, 339, 341, 340, 325, 
18611, 337, 338, 338, 335, 
18641, 333, 333, 335, 346, 
18671, 333, 331, 335, 347, 
18702, 336, 337, 337, 336, 
18732, 339, 342, 340, 327, 
18762, 337, 339, 339, 333, 
18792, 334, 334, 336, 344, 
18823, 333, 331, 334, 349, 
18852, 335, 335, 336, 339, 
18882, 340, 341, 340, 328, 
18913, 339, 340, 340, 330, 
18942, 334, 335, 336, 342, 
18973, 334, 331, 334, 350, 
19003, 335, 334, 336, 342, 
19034, 339, 340, 340, 330, 
19063, 339, 341, 340, 326, 
19094, 335, 336, 338, 339, 
19124, 334, 331, 334, 350, 
19154, 334, 333, 335, 344, 
19184, 338, 338, 338, 332, 
19214, 339, 341, 340, 326, 
19245, 337, 337, 338, 335, 
19274, 334, 332, 335, 347, 
19305, 334, 332, 334, 347, 
19335, 335, 337, 337, 335, 
19365, 339, 341, 341, 326, 
19395, 338, 339, 339, 333, 
19426, 335, 333, 335, 345, 
19456, 333, 331, 335, 349, 
19486, 336, 335, 337, 338, 
19516, 339, 341, 340, 327, 
19546, 338, 340, 340, 330, 
19576, 336, 335, 337, 341, 
19606, 333, 331, 333, 350, 
19637, 335, 335, 335, 343, 
19666, 339, 340, 339, 330, 
19697, 338, 341, 340, 328, 
19727, 335, 336, 337, 339, 
19758, 333, 331, 335, 350, 
19787, 334, 333, 334, 344, 
19818, 338, 339, 338, 332, 
19848, 340, 341, 340, 326, 
19877, 337, 338, 338, 337, 
19908, 331, 332, 335, 347, 
19938, 335, 333, 334, 346, 
19969, 338, 337, 337, 335, 
19998, 340, 341, 341, 326, 
20029, 338, 339, 339, 333, 
20059, 334, 334, 335, 345, 
20089, 334, 331, 334, 349, 
20119, 337, 336, 337, 339, 
20149, 339, 341, 340, 327, 
20179, 338, 340, 339, 331, 
20209, 335, 335, 336, 342, 
20240, 334, 331, 334, 350, 
20270, 336, 334, 335, 341, 
20300, 338, 340, 339, 329, 
20330, 339, 341, 340, 328, 
20361, 336, 336, 337, 339, 
20390, 333, 331, 334, 350, 
20421, 334, 334, 335, 345, 
20451, 339, 339, 338, 332, 
20481, 339, 343, 341, 327, 
20511, 338, 337, 338, 336, 
20541, 334, 332, 335, 348, 
20572, 334, 333, 334, 347, 
20601, 338, 337, 338, 335, 
20632, 339, 342, 340, 326, 
20662, 338, 339, 340, 333, 
20692, 334, 333, 335, 345, 
20722, 334, 332, 334, 348, 
20753, 336, 336, 337, 337, 
20783, 339, 341, 341, 327, 
20812, 339, 340, 340, 330, 
20843, 335, 336, 337, 342, 
20873, 334, 333, 333, 349, 
20903, 336, 335, 336, 341, 
20933, 339, 341, 340, 329, 
20964, 340, 341, 340, 328, 
20994, 335, 336, 338, 339, 
21024, 334, 331, 334, 349, 
21054, 335, 334, 335, 344, 
21085, 338, 339, 338, 332, 
21114, 340, 342, 341, 327, 
21144, 337, 338, 339, 336, 
21175, 334, 333, 335, 348, 
21204, 335, 332, 334, 347, 
21235, 337, 338, 338, 335, 
21265, 340, 342, 340, 326, 
21296, 339, 339, 339, 333, 
21325, 335, 334, 335, 344, 
21356, 334, 331, 334, 349, 
21386, 337, 336, 337, 339, 
21416, 339, 342, 340, 327, 
21446, 339, 340, 340, 331, 
21476, 335, 335, 336, 342, 
21507, 334, 331, 335, 349, 
21536, 335, 336, 336, 340, 
21567, 339, 341, 339, 330, 
21597, 339, 341, 340, 328, 
21627, 337, 336, 337, 339, 
21657, 333, 331, 333, 348, 
21688, 334, 335, 336, 343, 
21718, 338, 339, 337, 332, 
21748, 339, 342, 341, 326, 
21778, 338, 337, 338, 334, 
21808, 334, 332, 335, 347, 
21838, 335, 332, 334, 345, 
21868, 337, 339, 338, 334, 
21899, 341, 342, 340, 325, 
21928, 339, 339, 339, 332, 
21959, 336, 333, 335, 344, 
21989, 334, 331, 334, 348, 
22020, 337, 336, 338, 337, 
22049, 340, 341, 341, 326, 
22079, 339, 340, 340, 330, 
22110, 336, 335, 336, 342, 
22139, 335, 331, 334, 349, 
22170, 336, 336, 336, 342, 
22200, 339, 340, 340, 329, 
22231, 339, 341, 341, 328, 
22260, 336, 336, 337, 339, 
22291, 333, 331, 334, 349, 
22321, 335, 333, 335, 345, 
22351, 338, 340, 338, 332, 
22381, 340, 342, 338, 326, 
22411, 338, 338, 337, 335, 
22441, 335, 332, 335, 347, 
22471, 334, 332, 334, 347, 
22502, 338, 337, 337, 335, 
22532, 339, 341, 341, 328, 
22562, 338, 339, 340, 334, 
22592, 333, 334, 336, 345, 
22623, 334, 331, 333, 349, 
22652, 336, 337, 336, 338, 
22683, 340, 342, 340, 327, 
22713, 338, 340, 340, 330, 
22743, 335, 335, 336, 343, 
22773, 333, 332, 335, 350, 
22803, 335, 335, 335, 341, 
22834, 338, 340, 340, 329, 
22863, 339, 341, 340, 328, 
22894, 336, 337, 338, 338, 
22924, 334, 331, 334, 348, 
22955, 335, 333, 335, 346, 
22984, 339, 339, 338, 331, 
23015, 339, 341, 341, 326, 
23045, 336, 339, 338, 336, 
23074, 333, 332, 334, 348, 
23105, 333, 332, 334, 348, 
23135, 336, 336, 337, 336, 
23165, 339, 342, 340, 327, 
23195, 337, 339, 339, 334, 
23226, 335, 335, 336, 345, 
23256, 333, 332, 335, 349, 
23286, 336, 336, 337, 339, 
23316, 339, 342, 340, 329, 
23347, 338, 340, 339, 330, 
23376, 335, 335, 337, 342, 
23406, 333, 331, 334, 350, 
23437, 335, 335, 336, 342, 
23467, 338, 340, 339, 330, 
23497, 340, 342, 340, 328, 
23527, 336, 336, 337, 340, 
23558, 333, 331, 334, 349, 
23587, 335, 333, 335, 345, 
23618, 338, 339, 338, 333, 
23648, 339, 342, 340, 328, 
23678, 337, 338, 338, 336, 
23708, 334, 332, 335, 348, 
23738, 334, 333, 334, 348, 
23769, 337, 338, 337, 335, 
23798, 339, 342, 340, 327, 
23829, 338, 339, 339, 332, 
23859, 335, 334, 336, 344, 
23889, 334, 332, 334, 348, 
23919, 336, 336, 336, 339, 
23950, 339, 341, 340, 328, 
23980, 338, 340, 340, 330, 
24009, 335, 335, 337, 341, 
24040, 333, 332, 334, 349, 
24070, 336, 334, 335, 341, 
24100, 338, 340, 339, 329, 
24130, 340, 341, 340, 328, 
24161, 336, 337, 338, 338, 
24190, 333, 332, 334, 350, 
24221, 336, 334, 335, 344, 
24251, 338, 339, 338, 331, 
24282, 339, 342, 342, 326, 
24311, 337, 338, 338, 335, 
24341, 334, 332, 335, 347, 
24372, 334, 332, 334, 347, 
24401, 338, 338, 337, 336, 
24432, 340, 342, 340, 326, 
24462, 338, 340, 339, 332, 
24493, 335, 333, 335, 344, 
24522, 333, 331, 334, 349, 
24553, 335, 335, 336, 338, 
24583, 339, 341, 340, 327, 
24613, 339, 340, 340, 331, 
24643, 334, 335, 337, 342, 
24673, 334, 331, 334, 349, 
24704, 335, 334, 336, 342, 
24733, 339, 339, 339, 331, 
24764, 339, 341, 340, 327, 
24794, 337, 337, 337, 338, 
24824, 333, 332, 334, 348, 
24854, 334, 333, 335, 344, 
24885, 337, 339, 338, 332, 
24914, 339, 342, 342, 326, 
24945, 337, 338, 338, 335, 
24975, 334, 334, 335, 346, 
25005, 334, 332, 335, 347, 
25035, 337, 337, 337, 335, 
25065, 339, 342, 341, 326, 
25096, 338, 340, 339, 332, 
25125, 335, 334, 336, 345, 
25156, 333, 333, 334, 348, 
25186, 336, 336, 336, 339, 
25217, 339, 340, 340, 328, 
25246, 338, 341, 339, 329, 
25277, 335, 334, 336, 341, 
25307, 333, 331, 334, 349, 
25336, 335, 335, 335, 341, 
25367, 338, 339, 338, 330, 
25397, 339, 341, 340, 328, 
25427, 336, 337, 339, 338, 
25457, 334, 331, 333, 349, 
25488, 335, 334, 335, 344, 
25518, 338, 339, 339, 333, 
25548, 339, 342, 341, 326, 
25578, 337, 338, 339, 335, 
25609, 334, 333, 335, 347, 
25638, 334, 332, 334, 347, 
25668, 337, 337, 337, 336, 
25699, 339, 343, 340, 327, 
25729, 339, 339, 339, 332, 
25759, 334, 334, 335, 344, 
25789, 333, 332, 334, 349, 
25820, 337, 336, 336, 339, 
25849, 339, 341, 339, 328, 
25880, 338, 340, 339, 329, 
25910, 336, 334, 336, 341, 
25939, 333, 331, 333, 349, 
25970, 335, 334, 335, 343, 
26000, 339, 340, 339, 330, 
26031, 339, 341, 340, 327, 
26060, 337, 337, 338, 338, 
26091, 333, 331, 334, 349, 
26121, 334, 332, 335, 345, 
26151, 337, 338, 338, 333, 
26181, 338, 342, 341, 326, 
26212, 338, 339, 339, 334, 
26242, 334, 333, 335, 346, 
26271, 334, 332, 334, 348, 
26302, 337, 337, 337, 336, 
26332, 338, 342, 341, 327, 
26362, 337, 340, 339, 332, 
26392, 335, 335, 335, 344, 
26423, 332, 331, 334, 349, 
26452, 336, 336, 337, 340, 
26483, 339, 341, 340, 328, 
26513, 339, 341, 340, 329, 
26544, 336, 336, 338, 341, 
26573, 334, 332, 334, 350, 
26603, 336, 335, 336, 343, 
26634, 339, 339, 339, 331, 
26663, 340, 341, 340, 327, 
26694, 335, 337, 338, 338, 
26724, 334, 331, 334, 349, 
26755, 335, 333, 334, 346, 
26784, 337, 338, 338, 333, 
26815, 339, 342, 340, 327, 
26845, 337, 339, 338, 335, 
26875, 334, 333, 335, 347, 
26905, 334, 333, 334, 348, 
26935, 337, 336, 337, 337, 
26966, 339, 341, 340, 327, 
26995, 338, 339, 339, 332, 
27026, 333, 334, 336, 344, 
27056, 334, 331, 334, 350, 
27086, 336, 336, 336, 341, 
27116, 339, 341, 339, 330, 
27147, 339, 341, 340, 329, 
27176, 336, 336, 337, 341, 
27207, 334, 331, 334, 349, 
27237, 335, 334, 335, 343, 
27267, 338, 340, 338, 330, 
27297, 340, 341, 340, 327, 
27327, 338, 337, 338, 337, 
27358, 334, 332, 335, 347, 
27387, 334, 333, 335, 345, 
27418, 339, 339, 337, 335, 
27448, 339, 343, 341, 325, 
27479, 338, 338, 338, 333, 
27508, 335, 333, 335, 345, 
27539, 334, 331, 334, 347, 
27569, 336, 336, 337, 336, 
27598, 340, 341, 341, 326, 
27629, 338, 340, 339, 331, 
27659, 335, 334, 336, 342, 
27689, 333, 331, 334, 348, 
27719, 335, 336, 336, 339, 
27750, 339, 340, 340, 328, 
27780, 339, 342, 340, 328, 
27810, 336, 336, 337, 339, 
27840, 334, 330, 333, 348, 
27870, 335, 334, 335, 343, 
27900, 339, 339, 339, 331, 
27930, 339, 341, 340, 326, 
27961, 337, 337, 338, 336, 
27991, 333, 332, 334, 347, 
28021, 336, 333, 334, 346, 
28051, 337, 338, 338, 333, 
28082, 339, 342, 341, 325, 
28111, 338, 338, 339, 335, 
28142, 334, 333, 335, 345, 
28172, 335, 332, 334, 348, 
28201, 337, 337, 337, 339, 
28232, 339, 341, 340, 327, 
28262, 338, 340, 339, 332, 
28293, 335, 335, 336, 343, 
28322, 333, 332, 334, 350, 
28353, 336, 335, 336, 341, 
28383, 339, 340, 339, 329, 
28413, 338, 341, 340, 330, 
28443, 337, 336, 337, 340, 
28474, 333, 331, 334, 349, 
28504, 335, 334, 335, 343, 
28533, 338, 339, 338, 331, 
28564, 339, 342, 340, 327, 
28594, 336, 337, 338, 336, 
28624, 333, 332, 334, 348, 
28654, 334, 332, 334, 346, 
28685, 338, 338, 339, 334, 
28715, 339, 342, 341, 326, 
28745, 338, 338, 338, 333, 
28775, 335, 333, 335, 345, 
28806, 333, 332, 334, 347, 
28835, 336, 336, 336, 336, 
28865, 339, 341, 340, 326, 
28896, 340, 340, 339, 331, 
28925, 335, 334, 336, 343, 
28956, 333, 331, 333, 349, 
28986, 335, 335, 336, 340, 
29017, 339, 340, 339, 328, 
29046, 340, 341, 340, 330, 
29077, 337, 336, 335, 340, 
29107, 333, 332, 334, 349, 
29137, 335, 333, 334, 343, 
29167, 338, 339, 338, 331, 
29197, 339, 342, 340, 326, 
29228, 337, 338, 338, 338, 
29257, 334, 333, 335, 348, 
29288, 334, 331, 334, 346, 
29318, 337, 338, 337, 334, 
29348, 339, 341, 341, 326, 
29378, 338, 339, 339, 334, 
29409, 335, 334, 335, 345, 
29438, 334, 332, 334, 347, 
29469, 336, 336, 336, 337, 
29499, 339, 341, 341, 326, 
29529, 338, 339, 339, 331, 
29559, 335, 334, 336, 342, 
29589, 333, 331, 334, 349, 
29620, 335, 335, 336, 339, 
29649, 339, 340, 339, 329, 
29680, 338, 340, 340, 328, 
29710, 335, 335, 337, 340, 
29741, 333, 332, 334, 349, 
29770, 334, 334, 335, 343, 
29800, 338, 340, 338, 331, 
29831, 339, 341, 340, 327, 
29860, 336, 337, 338, 337, 
29891, 333, 332, 335, 348, 
29921, 334, 332, 334, 346, 
29952, 337, 338, 337, 334, 
29981, 339, 342, 341, 327, 
30012, 338, 338, 338, 333, 
30042, 334, 333, 335, 346, 
30072, 334, 331, 333, 348, 
30102, 336, 336, 335, 337, 
30132, 339, 341, 340, 327, 
30162, 338, 340, 341, 331, 
30192, 335, 334, 336, 343, 
30223, 333, 331, 332, 349, 
30253, 335, 335, 336, 340, 
30283, 339, 341, 338, 328, 
30313, 339, 341, 340, 328, 
30344, 335, 335, 337, 339, 
30373, 333, 332, 335, 349, 
30404, 334, 333, 335, 343, 
30434, 337, 340, 338, 331, 
30464, 339, 341, 339, 327, 
30494, 337, 337, 339, 337, 
30524, 333, 333, 334, 348, 
30555, 334, 332, 335, 346, 
30584, 337, 338, 337, 334, 
30615, 339, 341, 340, 326, 
30645, 337, 338, 338, 334, 
30675, 334, 333, 335, 344, 
30705, 333, 333, 333, 347, 
30736, 336, 336, 336, 336, 
30766, 339, 341, 340, 326, 
30795, 338, 340, 340, 331, 
30826, 335, 335, 335, 342, 
30856, 334, 331, 334, 347, 
30886, 335, 335, 336, 340, 
30916, 339, 340, 339, 328, 
30947, 338, 342, 341, 329, 
30977, 336, 336, 337, 340, 
31007, 333, 332, 335, 350, 
31037, 335, 334, 336, 341, 
31068, 338, 339, 339, 331, 
31097, 339, 342, 340, 326, 
31127, 337, 337, 338, 337, 
31158, 334, 332, 334, 348, 
31187, 335, 333, 335, 345, 
31218, 337, 339, 338, 333, 
31248, 340, 342, 340, 326, 
31279, 337, 338, 338, 334, 
31308, 334, 333, 335, 346, 
31339, 332, 332, 334, 348, 
31369, 336, 337, 338, 337, 
31399, 338, 342, 340, 327, 
31429, 338, 340, 339, 331, 
31459, 335, 334, 337, 344, 
31490, 333, 331, 334, 349, 
31519, 336, 335, 336, 340, 
31550, 339, 341, 340, 328, 
31580, 338, 341, 340, 329, 
31610, 334, 336, 337, 340, 
31640, 334, 331, 334, 349, 
31671, 335, 333, 333, 342, 
31700, 339, 339, 338, 330, 
31730, 339, 341, 341, 328, 
31761, 336, 337, 337, 336, 
31791, 334, 331, 334, 347, 
31821, 334, 332, 334, 345, 
31851, 337, 338, 338, 333, 
31882, 339, 341, 340, 326, 
31911, 337, 338, 339, 333, 
31942, 333, 333, 336, 346, 
31972, 335, 331, 334, 347, 
32003, 337, 336, 336, 336, 
32032, 339, 341, 340, 326, 
32062, 338, 339, 339, 331, 
32093, 334, 334, 336, 344, 
32122, 333, 332, 333, 349, 
32153, 336, 335, 335, 339, 
32183, 339, 340, 339, 328, 
32214, 338, 340, 339, 329, 
32243, 337, 335, 337, 340, 
32274, 333, 332, 335, 349, 
32304, 335, 335, 335, 343, 
32334, 338, 339, 339, 331, 
32364, 339, 341, 340, 328, 
32394, 336, 337, 338, 338, 
32424, 333, 331, 334, 348, 
32454, 334, 333, 335, 345, 
32485, 337, 338, 339, 333, 
32515, 339, 341, 340, 326, 
32545, 337, 338, 338, 335, 
32575, 333, 332, 335, 347, 
32606, 334, 332, 334, 348, 
32635, 336, 337, 337, 337, 
32666, 339, 341, 340, 327, 
32696, 338, 339, 339, 332, 
32726, 334, 334, 336, 344, 
32756, 333, 331, 334, 349, 
32786, 336, 335, 336, 340, 
32817, 339, 341, 340, 327, 
32846, 339, 340, 340, 330, 
32877, 336, 335, 336, 341, 
32907, 333, 331, 333, 349, 
32937, 335, 334, 335, 342, 
32967, 338, 339, 339, 330, 
32998, 340, 342, 341, 327, 
33028, 336, 337, 337, 338, 
33057, 333, 331, 334, 348, 
33088, 334, 333, 335, 345, 
33118, 337, 338, 339, 333, 
33148, 339, 341, 340, 325, 
33178, 337, 338, 339, 334, 
33209, 334, 333, 335, 346, 
33239, 334, 332, 334, 347, 
33269, 337, 336, 337, 336, 
33299, 339, 342, 341, 326, 
33330, 338, 340, 340, 331, 
33359, 335, 334, 336, 344, 
33389, 333, 331, 334, 349, 
33420, 336, 335, 336, 339, 
33449, 339, 340, 339, 328, 
33480, 338, 340, 339, 330, 
33510, 335, 336, 337, 341, 
33541, 333, 331, 334, 349, 
33570, 335, 334, 336, 343, 
33601, 338, 340, 340, 330, 
33631, 339, 341, 340, 328, 
33660, 336, 336, 337, 338, 
33691, 334, 332, 333, 348, 
33721, 334, 333, 335, 345, 
33752, 337, 338, 338, 333, 
33781, 339, 341, 341, 327, 
33812, 337, 337, 338, 335, 
33842, 333, 332, 335, 346, 
33872, 334, 332, 333, 347, 
33902, 337, 337, 337, 336, 
33933, 340, 341, 340, 326, 
33963, 338, 339, 339, 332, 
33992, 334, 333, 336, 344, 
34023, 333, 332, 334, 349, 
34053, 336, 336, 336, 339, 
34083, 340, 341, 340, 328, 
34113, 338, 340, 339, 330, 
34144, 335, 335, 336, 341, 
34173, 333, 332, 334, 349, 
34204, 335, 334, 336, 342, 
34234, 339, 340, 339, 331, 
34265, 340, 341, 340, 327, 
34294, 336, 337, 339, 338, 
34324, 333, 331, 334, 348, 
34355, 334, 333, 335, 345, 
34384, 337, 338, 338, 333, 
34415, 339, 341, 341, 326, 
34445, 337, 338, 339, 335, 
34476, 334, 331, 335, 347, 
34505, 334, 332, 335, 348, 
34536, 336, 337, 337, 336, 
34566, 339, 342, 340, 326, 
34596, 337, 340, 339, 333, 
34626, 335, 333, 335, 345, 
34656, 333, 331, 334, 349, 
34686, 336, 335, 336, 339, 
34716, 339, 340, 340, 328, 
34747, 338, 340, 340, 330, 
34777, 335, 335, 335, 341, 
34807, 333, 331, 334, 349, 
34837, 335, 334, 335, 343, 
34868, 339, 340, 339, 330, 
34897, 338, 342, 340, 328, 
34928, 336, 336, 337, 339, 
34958, 333, 331, 334, 349, 
34988, 335, 333, 335, 346, 
35018, 338, 339, 339, 334, 
35048, 339, 341, 340, 326, 
35079, 337, 337, 338, 336, 
35108, 334, 332, 334, 347, 
35139, 333, 332, 334, 347, 
35169, 336, 337, 337, 336, 
35200, 340, 341, 341, 328, 
35229, 337, 339, 339, 334, 
35260, 334, 334, 335, 345, 
35290, 334, 332, 334, 349, 
35319, 336, 336, 336, 339, 
35350, 339, 341, 340, 328, 
35380, 338, 341, 340, 331, 
35410, 335, 335, 336, 342, 
35440, 332, 331, 334, 349, 
35471, 335, 334, 335, 341, 
35501, 339, 340, 339, 329, 
35531, 338, 342, 340, 328, 
35561, 336, 337, 337, 338, 
35591, 333, 331, 335, 349, 
35621, 334, 333, 334, 342, 
35651, 338, 339, 338, 331, 
35682, 339, 342, 340, 326, 
35712, 337, 337, 338, 336, 
35742, 334, 332, 335, 348, 
35772, 335, 332, 334, 346, 
35803, 337, 337, 337, 335, 
35832, 339, 341, 339, 326, 
35863, 337, 339, 339, 333, 
35893, 335, 334, 335, 345, 
35922, 334, 332, 334, 349, 
35953, 336, 336, 336, 338, 
35983, 339, 341, 340, 327, 
36014, 338, 340, 340, 330, 
36043, 335, 335, 337, 340, 
36074, 331, 331, 334, 350, 
36104, 336, 335, 336, 342, 
36134, 341, 340, 339, 329, 
36164, 339, 341, 340, 329, 
36195, 336, 336, 337, 338, 
36225, 334, 331, 334, 349, 
36254, 334, 333, 335, 344, 
36285, 338, 339, 338, 332, 
36315, 340, 341, 340, 326, 
36345, 337, 338, 338, 336, 
36375, 333, 331, 335, 347, 
36406, 334, 332, 335, 347, 
36435, 337, 337, 337, 336, 
36466, 339, 342, 340, 327, 
36496, 338, 339, 339, 333, 
36527, 335, 333, 335, 345, 
36556, 333, 331, 334, 348, 
36586, 336, 335, 337, 339, 
36617, 339, 341, 340, 329, 
36646, 338, 340, 340, 330, 
36677, 336, 335, 336, 342, 
36707, 333, 331, 333, 349, 
36738, 335, 334, 336, 341, 
36767, 340, 340, 339, 329, 
36798, 339, 340, 340, 328, 
36828, 336, 337, 337, 338, 
36858, 334, 331, 334, 349, 
36888, 335, 333, 335, 344, 
36918, 338, 339, 338, 332, 
36948, 339, 342, 340, 326, 
36978, 338, 337, 338, 335, 
37009, 334, 332, 335, 347, 
37039, 334, 332, 335, 346, 
37069, 337, 337, 337, 335, 
37099, 339, 341, 340, 326, 
37130, 338, 339, 339, 333, 
37159, 334, 333, 335, 345, 
37190, 334, 333, 334, 349, 
37220, 336, 334, 337, 338, 
37250, 339, 341, 340, 328, 
37280, 339, 341, 340, 330, 
37310, 335, 335, 336, 342, 
37341, 333, 331, 334, 351, 
37370, 335, 337, 336, 343, 
37401, 339, 340, 339, 330, 
37431, 339, 341, 341, 328, 
37462, 337, 337, 337, 338, 
37491, 333, 332, 334, 348, 
37521, 334, 333, 335, 344, 
37552, 338, 340, 338, 332, 
37581, 339, 341, 340, 326, 
37612, 336, 337, 338, 335, 
37642, 333, 332, 334, 347, 
37672, 334, 331, 334, 346, 
37702, 336, 337, 337, 335, 
37733, 340, 342, 341, 327, 
37763, 338, 339, 339, 333, 
37793, 334, 334, 335, 346, 
37823, 333, 331, 333, 349, 
37853, 336, 336, 337, 338, 
37883, 340, 341, 340, 327, 
37913, 339, 340, 340, 329, 
37944, 336, 335, 336, 341, 
37974, 333, 331, 334, 350, 
38004, 335, 334, 336, 342, 
38034, 339, 340, 339, 330, 
38065, 339, 341, 340, 328, 
38094, 336, 336, 337, 338, 
38125, 334, 331, 334, 348, 
38155, 334, 333, 334, 344, 
38184, 338, 339, 339, 332, 
38215, 339, 341, 341, 326, 
38245, 337, 338, 338, 334, 
38276, 334, 332, 335, 347, 
38305, 333, 332, 334, 347, 
38336, 337, 337, 337, 335, 
38366, 339, 341, 340, 325, 
38396, 338, 339, 339, 332, 
38426, 335, 334, 335, 343, 
38457, 334, 332, 334, 348, 
38487, 336, 336, 336, 338, 
38516, 339, 342, 340, 326, 
38547, 339, 340, 340, 329, 
38577, 336, 336, 336, 340, 
38607, 333, 331, 334, 348, 
38637, 336, 334, 336, 340, 
38668, 338, 339, 339, 329, 
38697, 339, 342, 340, 327, 
38728, 336, 336, 337, 338, 
38758, 333, 331, 335, 348, 
38789, 335, 333, 334, 343, 
38818, 339, 338, 338, 332, 
38848, 339, 341, 340, 326, 
38879, 337, 338, 338, 335, 
38908, 333, 332, 335, 346, 
38939, 335, 332, 334, 346, 
38969, 336, 337, 336, 335, 
39000, 339, 342, 340, 327, 
39029, 337, 340, 339, 331, 
39060, 334, 333, 335, 344, 
39090, 333, 332, 334, 348, 
39120, 337, 336, 336, 338, 
39150, 339, 341, 339, 328, 
39180, 339, 340, 339, 329, 
39211, 335, 335, 336, 342, 
39240, 333, 331, 334, 350, 
39271, 336, 335, 334, 342, 
39301, 339, 340, 339, 330, 
39331, 339, 341, 340, 328, 
39361, 336, 337, 337, 338, 
39392, 333, 331, 334, 348, 
39421, 334, 332, 335, 344, 
39451, 338, 339, 338, 332, 
39482, 340, 342, 340, 326, 
39512, 337, 338, 338, 334, 
39542, 333, 332, 335, 346, 
39572, 334, 331, 334, 346, 
39603, 336, 337, 338, 336, 
39632, 339, 341, 341, 326, 
39663, 337, 339, 339, 331, 
39693, 334, 334, 335, 344, 
39724, 333, 331, 334, 348, 
39753, 336, 335, 336, 338, 
39783, 339, 341, 340, 327, 
39814, 339, 340, 340, 329, 
39843, 335, 335, 337, 341, 
39874, 333, 331, 334, 349, 
39904, 335, 334, 335, 342, 
39934, 337, 340, 339, 330, 
39964, 339, 341, 340, 327, 
39995, 335, 337, 338, 338, 
40025, 335, 332, 334, 348, 
40055, 334, 333, 336, 345, 
40085, 338, 339, 338, 333, 
40115, 340, 341, 340, 326, 
40145, 337, 338, 338, 335, 
40175, 333, 333, 335, 346, 
40206, 334, 331, 335, 348, 
40236, 336, 336, 337, 337, 
40266, 339, 341, 340, 327, 
40296, 338, 339, 340, 332, 
40327, 335, 334, 336, 344, 
40356, 333, 332, 334, 349, 
40387, 335, 335, 336, 340, 
40417, 339, 341, 340, 328, 
40446, 339, 340, 340, 330, 
40477, 335, 336, 337, 340, 
40507, 333, 331, 334, 350, 
40538, 336, 334, 335, 342, 
40567, 338, 339, 339, 331, 
40598, 339, 341, 341, 327, 
40628, 336, 337, 337, 337, 
40658, 333, 333, 335, 348, 
40688, 333, 333, 335, 346, 
40719, 337, 338, 338, 333, 
40749, 340, 341, 340, 326, 
40778, 338, 338, 339, 334, 
40809, 334, 332, 335, 346, 
40839, 334, 331, 334, 349, 
40869, 336, 337, 338, 336, 
40899, 339, 341, 339, 326, 
40930, 338, 339, 339, 331, 
40960, 334, 334, 336, 344, 
40990, 333, 331, 334, 349, 
41020, 336, 334, 336, 340, 
41051, 339, 340, 339, 330, 
41080, 338, 340, 340, 329, 
41110, 336, 335, 337, 340, 
41141, 333, 331, 333, 349, 
41170, 336, 334, 335, 343, 
41201, 339, 340, 338, 331, 
41231, 339, 341, 340, 327, 
41262, 336, 336, 337, 337, 
41291, 333, 331, 335, 348, 
41322, 334, 333, 335, 345, 
41352, 337, 337, 337, 335, 
41381, 341, 342, 340, 326, 
41412, 337, 338, 339, 334, 
41442, 334, 333, 335, 345, 
41473, 332, 331, 334, 348, 
41502, 336, 336, 336, 336, 
41533, 339, 341, 340, 326, 
41563, 339, 340, 339, 331, 
41593, 335, 334, 335, 343, 
41623, 334, 331, 334, 349, 
41654, 335, 335, 335, 340, 
41683, 339, 340, 340, 330, 
41713, 340, 340, 339, 328, 
41744, 335, 336, 337, 339, 
41774, 333, 331, 334, 349, 
41804, 335, 333, 335, 343, 
41834, 338, 339, 338, 331, 
41865, 339, 341, 340, 327, 
41894, 335, 337, 338, 337, 
41925, 334, 335, 335, 347, 
41955, 334, 333, 335, 346, 
41986, 337, 338, 337, 334, 
42015, 339, 341, 340, 327, 
42045, 337, 338, 339, 333, 
42076, 334, 333, 335, 345, 
42105, 334, 331, 334, 348, 
42136, 336, 336, 336, 337, 
42166, 339, 341, 340, 326, 
42196, 339, 339, 339, 330, 
42226, 335, 334, 336, 342, 
42257, 333, 332, 334, 348, 
42287, 335, 334, 335, 340, 
42317, 338, 340, 339, 330, 
42347, 339, 342, 340, 328, 
42377, 336, 336, 337, 339, 
42407, 333, 331, 334, 348, 
42437, 335, 333, 335, 343, 
42468, 338, 339, 338, 331, 
42498, 339, 341, 340, 326, 
42528, 337, 337, 338, 335, 
42558, 334, 332, 334, 347, 
42589, 334, 332, 334, 346, 
42618, 337, 337, 338, 335, 
42649, 339, 342, 340, 325, 
42679, 338, 339, 339, 333, 
42708, 335, 333, 335, 345, 
42739, 335, 332, 334, 348, 
42769, 336, 336, 337, 338, 
42800, 339, 341, 340, 327, 
42829, 339, 340, 340, 330, 
42860, 335, 335, 336, 342, 
42890, 334, 331, 333, 349, 
42920, 336, 334, 337, 341, 
42950, 338, 340, 340, 329, 
42981, 339, 341, 340, 327, 
43011, 336, 336, 337, 339, 
43040, 333, 331, 333, 348, 
43071, 334, 334, 335, 344, 
43101, 337, 338, 338, 332, 
43131, 339, 341, 341, 326, 
43161, 337, 338, 338, 335, 
43192, 333, 332, 334, 345, 
43222, 333, 332, 334, 347, 
43252, 337, 337, 337, 335, 
43282, 340, 341, 341, 326, 
43312, 338, 338, 339, 332, 
43342, 335, 333, 335, 345, 
43372, 333, 331, 334, 348, 
43403, 335, 336, 337, 340, 
43432, 339, 341, 340, 327, 
43463, 340, 339, 339, 330, 
43493, 335, 335, 336, 340, 
43524, 332, 331, 333, 349, 
43553, 335, 334, 335, 342, 
43584, 336, 340, 339, 330, 
43614, 339, 341, 340, 326, 
43643, 336, 336, 337, 337, 
43674, 333, 332, 335, 347, 
43704, 335, 333, 334, 344, 
43735, 337, 338, 338, 332, 
43764, 338, 341, 340, 326, 
43795, 337, 338, 339, 334, 
43825, 334, 332, 335, 346, 
43855, 335, 332, 334, 347, 
43885, 337, 337, 337, 335, 
43916, 339, 341, 340, 326, 
43945, 338, 340, 339, 331, 
43975, 334, 333, 335, 343, 
44006, 333, 331, 334, 349, 
44036, 335, 335, 336, 340, 
44066, 339, 341, 339, 328, 
44096, 339, 340, 339, 329, 
44127, 336, 335, 337, 340, 
44156, 333, 331, 334, 349, 
44187, 335, 334, 335, 343, 
44217, 338, 339, 339, 331, 
44248, 340, 341, 340, 327, 
44277, 336, 337, 337, 337, 
44307, 334, 331, 333, 348, 
44338, 335, 333, 334, 345, 
44367, 337, 338, 338, 333, 
44398, 339, 341, 340, 326, 
44428, 337, 338, 339, 334, 
44459, 334, 333, 336, 345, 
44488, 335, 331, 335, 349, 
44519, 336, 336, 336, 337, 
44549, 339, 341, 340, 327, 
44579, 338, 340, 340, 332, 
44609, 334, 334, 336, 343, 
44639, 333, 331, 334, 349, 
44669, 336, 335, 336, 341, 
44699, 339, 340, 340, 329, 
44730, 339, 341, 340, 329, 
44760, 336, 336, 338, 339, 
44790, 332, 331, 333, 349, 
44820, 335, 334, 335, 343, 
44851, 339, 339, 337, 331, 
44880, 340, 341, 340, 326, 
44911, 337, 337, 338, 335, 
44941, 333, 332, 335, 349, 
44971, 335, 332, 335, 346, 
45001, 337, 338, 337, 335, 
45031, 340, 341, 341, 326, 
45062, 336, 338, 338, 333, 
45091, 334, 333, 335, 345, 
45122, 333, 331, 334, 348, 
45152, 336, 336, 337, 337, 
45182, 339, 341, 340, 327, 
45212, 339, 340, 340, 330, 
45242, 335, 334, 336, 342, 
45273, 333, 331, 334, 347, 
45302, 334, 335, 336, 341, 
45333, 339, 340, 339, 328, 
45363, 339, 341, 340, 327, 
45393, 337, 336, 336, 339, 
45423, 334, 331, 334, 348, 
45454, 334, 333, 335, 344, 
45484, 338, 341, 338, 331, 
45514, 338, 341, 340, 326, 
45544, 337, 337, 338, 335, 
45574, 335, 333, 335, 347, 
45604, 334, 331, 334, 346, 
45634, 337, 337, 337, 335, 
45665, 339, 342, 339, 325, 
45694, 338, 339, 339, 332, 
45725, 334, 333, 335, 345, 
45755, 334, 331, 334, 347, 
45786, 336, 336, 335, 337, 
45815, 339, 341, 340, 326, 
45846, 338, 340, 339, 330, 
45876, 337, 335, 337, 341, 
45905, 334, 331, 334, 349, 
45936, 336, 334, 336, 341, 
45966, 337, 340, 339, 329, 
45997, 338, 342, 340, 328, 
46026, 336, 337, 337, 338, 
46057, 334, 331, 335, 347, 
46087, 334, 333, 334, 344, 
46117, 338, 339, 339, 333, 
46147, 339, 343, 340, 326, 
46178, 335, 338, 338, 335, 
46208, 333, 333, 334, 347, 
46237, 334, 332, 334, 347, 
46268, 337, 337, 337, 336, 
46298, 340, 341, 340, 326, 
46328, 337, 339, 338, 331, 
46358, 334, 333, 335, 345, 
46389, 333, 332, 335, 347, 
46418, 336, 336, 337, 339, 
46449, 340, 341, 340, 328, 
46479, 339, 340, 340, 330, 
46510, 336, 335, 337, 340, 
46539, 333, 332, 334, 349, 
46569, 335, 335, 336, 342, 
46600, 339, 340, 339, 329, 
46629, 340, 341, 341, 328, 
46660, 336, 337, 338, 339, 
46690, 334, 332, 334, 349, 
46721, 334, 333, 335, 345, 
46750, 337, 339, 339, 333, 
46781, 339, 341, 340, 327, 
46811, 337, 338, 338, 335, 
46841, 335, 332, 335, 347, 
46871, 334, 332, 335, 348, 
46901, 337, 337, 337, 336, 
46931, 339, 341, 340, 326, 
46961, 337, 339, 339, 332, 
46992, 334, 333, 336, 344, 
47022, 334, 331, 334, 348, 
47052, 335, 336, 336, 341, 
47082, 339, 341, 340, 328, 
47113, 338, 340, 340, 330, 
47142, 335, 335, 336, 341, 
47172, 333, 331, 334, 350, 
47203, 335, 334, 336, 342, 
47233, 340, 340, 339, 331, 
47263, 340, 341, 340, 328, 
47293, 337, 336, 337, 338, 
47324, 333, 332, 334, 349, 
47353, 335, 332, 334, 346, 
47384, 338, 338, 338, 333, 
47414, 339, 342, 340, 327, 
47444, 337, 338, 339, 335, 
47474, 334, 333, 335, 347, 
47504, 335, 332, 334, 348, 
47535, 336, 337, 337, 337, 
47564, 340, 343, 340, 327, 
47595, 336, 339, 339, 333, 
47625, 334, 333, 335, 343, 
47655, 333, 332, 334, 349, 
47685, 336, 335, 336, 339, 
47716, 338, 341, 339, 329, 
47746, 338, 340, 341, 329, 
47776, 335, 335, 337, 341, 
47806, 333, 331, 334, 349, 
47836, 335, 334, 335, 342, 
47866, 338, 340, 339, 329, 
47896, 339, 341, 340, 328, 
47927, 336, 337, 337, 337, 
47956, 334, 332, 333, 350, 
47987, 335, 333, 335, 345, 
48017, 337, 338, 338, 332, 
48048, 339, 342, 340, 326, 
48077, 337, 338, 338, 334, 
48108, 334, 332, 335, 347, 
48138, 334, 332, 334, 347, 
48167, 337, 337, 337, 336, 
48198, 339, 341, 340, 326, 
48228, 338, 339, 339, 331, 
48259, 334, 334, 336, 343, 
48288, 333, 331, 334, 350, 
48319, 335, 335, 337, 340, 
48349, 338, 341, 339, 327, 
48379, 338, 340, 339, 330, 
48409, 336, 335, 336, 341, 
48440, 333, 331, 334, 349, 
48470, 335, 334, 335, 342, 
48499, 339, 339, 338, 331, 
48530, 339, 341, 340, 327, 
48560, 336, 337, 337, 338, 
48590, 334, 332, 335, 348, 
48620, 334, 333, 334, 345, 
48651, 337, 338, 337, 334, 
48680, 339, 341, 340, 326, 
48711, 338, 338, 337, 335, 
48741, 334, 333, 335, 347, 
48772, 334, 332, 335, 347, 
48801, 337, 337, 337, 336, 
48831, 339, 341, 341, 326, 
48862, 338, 339, 340, 332, 
48891, 335, 333, 335, 343, 
48922, 333, 331, 334, 348, 
48952, 336, 335, 336, 339, 
48983, 339, 341, 339, 327, 
49012, 338, 340, 339, 328, 
49043, 335, 335, 336, 341, 
49073, 334, 331, 334, 348, 
49102, 335, 334, 335, 342, 
49133, 339, 339, 339, 329, 
49163, 339, 341, 340, 327, 
49193, 336, 337, 337, 337, 
49223, 333, 332, 334, 348, 
49254, 334, 333, 334, 345, 
49284, 337, 338, 337, 333, 
49314, 340, 342, 340, 326, 
49344, 338, 338, 339, 335, 
49375, 334, 332, 333, 347, 
49404, 334, 332, 334, 348, 
49434, 336, 337, 338, 336, 
49465, 339, 341, 340, 328, 
49495, 338, 339, 339, 331, 
49525, 334, 334, 335, 342, 
49555, 333, 332, 334, 347, 
49586, 336, 335, 336, 339, 
49615, 339, 341, 339, 327, 
49646, 338, 341, 340, 329, 
49676, 336, 336, 337, 340, 
49707, 333, 331, 334, 348, 
49736, 334, 334, 335, 342, 
49766, 338, 339, 339, 329, 
49797, 340, 342, 340, 326, 
49826, 336, 337, 338, 337, 
49857, 333, 332, 335, 348, 
49887, 335, 333, 334, 345, 
49917, 337, 338, 338, 334, 
49947, 339, 341, 340, 326, 
49978, 337, 338, 338, 335, 
50008, 334, 333, 335, 346, 
50038, 334, 332, 334, 347, 
50068, 337, 337, 338, 336, 
50098, 339, 341, 340, 326, 
50128, 338, 339, 339, 332, 
50158, 335, 334, 336, 343, 
50189, 332, 331, 334, 349, 
50219, 336, 335, 336, 340, 
50249, 339, 340, 339, 328, 
50279, 338, 340, 340, 328, 
50310, 335, 335, 337, 340, 
50339, 333, 331, 334, 349, 
50370, 335, 334, 335, 342, 
50400, 338, 340, 339, 330, 
50429, 339, 341, 340, 326, 
50460, 336, 337, 337, 337, 
50490, 334, 331, 334, 348, 
50521, 334, 333, 335, 345, 
50550, 338, 339, 338, 333, 
50581, 339, 342, 340, 327, 
50611, 337, 338, 339, 334, 
50641, 334, 334, 335, 346, 
50671, 334, 332, 334, 347, 
50702, 337, 336, 337, 336, 
50732, 340, 341, 340, 327, 
50761, 338, 339, 339, 332, 
50792, 334, 333, 337, 343, 
50822, 333, 331, 334, 349, 
50852, 336, 335, 336, 339, 
50882, 339, 341, 340, 328, 
50913, 338, 341, 340, 328, 
50942, 335, 335, 337, 340, 
50973, 333, 331, 334, 349, 
51003, 335, 334, 336, 343, 
51033, 337, 340, 339, 330, 
51063, 339, 341, 340, 327, 
51093, 336, 337, 338, 338, 
51124, 333, 332, 334, 347, 
51153, 334, 333, 334, 344, 
51184, 337, 338, 339, 332, 
51214, 340, 342, 340, 326, 
51245, 337, 338, 338, 334, 
51274, 334, 332, 335, 345, 
51305, 334, 332, 334, 346, 
51335, 336, 337, 337, 336, 
51364, 339, 342, 340, 326, 
51395, 338, 339, 339, 331, 
51425, 334, 334, 336, 343, 
51456, 333, 330, 333, 349, 
51485, 335, 335, 336, 339, 
51516, 339, 340, 339, 328, 
51546, 338, 340, 339, 329, 
51576, 337, 335, 337, 341, 
51606, 333, 331, 334, 349, 
51637, 335, 335, 334, 344, 
51666, 338, 339, 338, 331, 
51696, 339, 342, 341, 328, 
51727, 336, 337, 338, 337, 
51757, 334, 332, 335, 348, 
51787, 335, 333, 335, 345, 
51817, 338, 338, 338, 333, 
51848, 339, 342, 339, 326, 
51877, 337, 338, 338, 334, 
51908, 334, 333, 335, 347, 
51938, 334, 333, 334, 347, 
51969, 337, 337, 337, 336, 
51998, 339, 342, 340, 326, 
52028, 338, 339, 338, 332, 
52059, 335, 335, 336, 343, 
52088, 333, 331, 334, 349, 
52119, 336, 335, 336, 339, 
52149, 339, 341, 340, 328, 
52179, 338, 340, 340, 329, 
52209, 335, 335, 337, 340, 
52240, 333, 332, 334, 349, 
52270, 335, 334, 336, 343, 
52300, 338, 341, 339, 330, 
52330, 340, 341, 340, 327, 
52360, 336, 337, 337, 337, 
52390, 334, 331, 334, 348, 
52420, 335, 333, 335, 345, 
52451, 337, 338, 338, 334, 
52481, 339, 343, 340, 326, 
52511, 337, 338, 337, 335, 
52541, 334, 333, 335, 347, 
52572, 334, 332, 334, 348, 
52601, 336, 338, 338, 337, 
52632, 339, 342, 340, 326, 
52662, 338, 340, 339, 332, 
52691, 334, 334, 336, 343, 
52722, 334, 332, 334, 350, 
52752, 335, 335, 336, 340, 
52783, 340, 340, 339, 329, 
52812, 338, 341, 340, 329, 
52843, 335, 335, 337, 341, 
52873, 333, 331, 334, 349, 
52903, 335, 334, 335, 343, 
52933, 339, 339, 339, 330, 
52963, 339, 342, 341, 327, 
52994, 336, 337, 338, 338, 
53023, 333, 332, 334, 348, 
53054, 334, 333, 335, 345, 
53084, 337, 338, 338, 333, 
53114, 339, 341, 340, 326, 
53144, 337, 338, 339, 335, 
53175, 334, 333, 335, 347, 
53204, 334, 332, 334, 347, 
53235, 336, 337, 337, 336, 
53265, 339, 341, 340, 326, 
53295, 338, 339, 339, 331, 
53325, 335, 334, 336, 343, 
53355, 333, 332, 334, 348, 
53386, 337, 334, 336, 339, 
53415, 339, 341, 340, 327, 
53446, 340, 340, 339, 329, 
53476, 335, 335, 336, 340, 
53507, 334, 331, 334, 348, 
53536, 335, 334, 337, 342, 
53567, 338, 340, 339, 330, 
53597, 339, 343, 340, 327, 
53626, 336, 337, 338, 337, 
53657, 333, 332, 334, 350, 
53687, 334, 333, 335, 345, 
53718, 337, 339, 338, 333, 
53747, 339, 342, 341, 326, 
53778, 338, 338, 338, 335, 
53808, 334, 332, 335, 347, 
53838, 333, 332, 333, 348, 
53868, 336, 336, 337, 337, 
53899, 339, 341, 341, 327, 
53928, 338, 339, 339, 331, 
53958, 334, 334, 336, 344, 
53989, 333, 331, 335, 348, 
54019, 335, 335, 336, 339, 
54049, 339, 341, 340, 328, 
54079, 338, 340, 340, 329, 
54110, 335, 335, 337, 340, 
54139, 333, 331, 335, 348, 
54170, 335, 335, 335, 341, 
54200, 340, 339, 339, 330, 
54231, 340, 341, 340, 328, 
54260, 336, 339, 338, 338, 
54290, 333, 331, 334, 348, 
54321, 334, 333, 334, 345, 
54350, 338, 339, 337, 333, 
54381, 339, 342, 340, 327, 
54411, 337, 338, 338, 335, 
54441, 335, 332, 334, 347, 
54471, 335, 332, 333, 347, 
54502, 337, 336, 336, 336, 
54532, 340, 341, 339, 326, 
54562, 338, 339, 338, 332, 
54592, 334, 334, 336, 344, 
54622, 334, 331, 334, 349, 
54652, 336, 335, 336, 339, 
54682, 339, 341, 339, 328, 
54713, 338, 340, 339, 331, 
54743, 335, 335, 335, 340, 
54773, 333, 331, 334, 349, 
54803, 335, 334, 335, 342, 
54834, 338, 340, 338, 330, 
54863, 339, 341, 338, 326, 
54893, 337, 337, 337, 337, 
54924, 333, 332, 334, 348, 
54953, 335, 333, 335, 345, 
54984, 338, 338, 338, 333, 
55014, 339, 342, 340, 326, 
55045, 337, 338, 338, 334, 
55074, 333, 332, 335, 346, 
55105, 333, 331, 334, 347, 
55135, 336, 336, 337, 336, 
55165, 339, 341, 340, 327, 
55195, 338, 339, 337, 332, 
55225, 334, 333, 335, 343, 
55256, 331, 331, 332, 349, 
55285, 335, 335, 336, 339, 
55316, 339, 340, 338, 328, 
55346, 338, 340, 340, 328, 
55376, 335, 335, 337, 340, 
55406, 333, 331, 335, 348, 
55437, 335, 334, 336, 342, 
55467, 338, 340, 339, 330, 
55497, 339, 341, 341, 327, 
55527, 336, 337, 337, 337, 
55557, 335, 332, 334, 348, 
55587, 333, 333, 335, 344, 
55617, 338, 338, 338, 333, 
55648, 339, 341, 340, 326, 
55677, 338, 338, 338, 335, 
55708, 332, 332, 334, 346, 
55738, 335, 332, 334, 346, 
55769, 337, 337, 338, 335, 
55798, 339, 342, 340, 327, 
55829, 338, 339, 339, 332, 
55859, 335, 334, 336, 345, 
55888, 335, 331, 334, 349, 
55919, 336, 336, 337, 339, 
55949, 340, 341, 339, 328, 
55980, 338, 340, 340, 331, 
56009, 335, 335, 337, 341, 
56040, 334, 331, 334, 351, 
56070, 335, 334, 336, 342, 
56100, 340, 340, 340, 329, 
56130, 339, 341, 340, 327, 
56161, 335, 337, 337, 338, 
56190, 333, 332, 334, 348, 
56220, 334, 333, 334, 344, 
56251, 338, 339, 338, 332, 
56281, 339, 342, 340, 324, 
56311, 338, 338, 338, 334, 
56341, 334, 333, 335, 347, 
56372, 334, 332, 334, 346, 
56401, 337, 337, 337, 336, 
56432, 340, 342, 340, 326, 
56462, 339, 339, 340, 333, 
56493, 334, 333, 336, 345, 
56522, 333, 331, 335, 348, 
56552, 335, 336, 336, 338, 
56583, 339, 342, 340, 327, 
56612, 338, 340, 341, 330, 
56643, 335, 335, 337, 341, 
56673, 334, 331, 334, 349, 
56704, 335, 335, 337, 341, 
56733, 337, 340, 339, 329, 
56764, 339, 341, 340, 329, 
56794, 336, 336, 337, 339, 
56823, 333, 331, 334, 349, 
56854, 335, 333, 335, 344, 
56884, 338, 339, 338, 332, 
56914, 339, 342, 340, 326, 
56944, 337, 338, 338, 336, 
56975, 334, 332, 334, 346, 
57005, 334, 333, 334, 346, 
57035, 337, 338, 338, 335, 
57065, 339, 342, 340, 326, 
57096, 337, 339, 339, 332, 
57125, 334, 333, 335, 345, 
57155, 334, 332, 335, 348, 
57186, 335, 336, 336, 337, 
57216, 339, 342, 340, 326, 
57246, 338, 339, 340, 330, 
57276, 335, 335, 336, 342, 
57307, 333, 331, 335, 349, 
57336, 336, 336, 334, 340, 
57367, 339, 340, 339, 328, 
57397, 339, 341, 340, 328, 
57427, 336, 336, 337, 338, 
57457, 334, 331, 334, 349, 
57487, 336, 333, 335, 344, 
57518, 338, 340, 338, 331, 
57547, 340, 343, 340, 326, 
57578, 337, 338, 338, 336, 
57608, 335, 332, 334, 347, 
57638, 334, 333, 333, 346, 
57668, 336, 338, 337, 335, 
57699, 338, 342, 341, 326, 
57729, 337, 339, 340, 333, 
57759, 334, 333, 335, 347, 
57789, 333, 332, 334, 347, 
57819, 336, 336, 337, 338, 
57849, 339, 341, 340, 327, 
57879, 338, 340, 340, 330, 
57910, 335, 336, 337, 343, 
57939, 333, 332, 334, 349, 
57970, 336, 335, 336, 340, 
58000, 339, 340, 339, 328, 
58031, 339, 342, 340, 330, 
58060, 336, 336, 336, 340, 
58091, 333, 331, 334, 349, 
58121, 335, 334, 336, 343, 
58150, 339, 339, 339, 331, 
58181, 338, 341, 340, 326, 
58211, 337, 337, 338, 337, 
58242, 334, 331, 334, 347, 
58271, 334, 333, 335, 344, 
58302, 337, 337, 338, 333, 
