30, 336, 337, 338, 332, 
1, 338, 339, 339, 328, 
2, 338, 340, 340, 324, 
11, 332, 331, 335, 348, 
37, 339, 341, 338, 330, 
65, 336, 337, 337, 337, 
92, 333, 332, 334, 347, 
119, 339, 342, 340, 326, 
147, 335, 335, 336, 342, 
175, 334, 334, 334, 346, 
203, 339, 341, 341, 327, 
231, 336, 337, 337, 339, 
260, 333, 331, 334, 350, 
287, 338, 340, 339, 331, 
316, 337, 338, 339, 335, 
344, 333, 331, 333, 351, 
371, 337, 338, 338, 335, 
400, 338, 340, 339, 331, 
428, 333, 331, 334, 350, 
456, 336, 336, 337, 338, 
484, 338, 342, 340, 327, 
512, 332, 333, 335, 347, 
540, 335, 335, 335, 342, 
568, 339, 342, 340, 327, 
596, 334, 335, 336, 344, 
624, 335, 333, 335, 345, 
653, 340, 341, 340, 327, 
680, 334, 336, 337, 340, 
708, 333, 332, 335, 349, 
737, 338, 340, 339, 329, 
764, 336, 338, 338, 336, 
793, 332, 331, 333, 350, 
821, 338, 339, 338, 333, 
849, 338, 339, 339, 332, 
877, 333, 331, 334, 350, 
905, 337, 337, 337, 335, 
933, 338, 340, 340, 330, 
961, 334, 331, 335, 348, 
990, 336, 335, 337, 339, 
1017, 339, 341, 340, 327, 
1046, 335, 335, 336, 341, 
1076, 333, 332, 333, 349, 
1104, 338, 338, 337, 334, 
1134, 340, 341, 339, 327, 
1163, 335, 335, 336, 341, 
1192, 333, 331, 333, 348, 
1221, 338, 337, 337, 333, 
1251, 338, 341, 340, 328, 
1280, 335, 334, 336, 342, 
1308, 333, 331, 334, 348, 
1338, 337, 338, 339, 333, 
1367, 339, 342, 341, 327, 
1396, 335, 334, 337, 342, 
1425, 333, 331, 334, 348, 
1455, 337, 338, 338, 333, 
1483, 339, 341, 340, 327, 
1512, 334, 334, 336, 342, 
1542, 333, 331, 334, 347, 
1570, 337, 338, 339, 332, 
1600, 339, 341, 340, 327, 
1629, 334, 334, 336, 343, 
1658, 334, 332, 334, 346, 
1687, 337, 339, 338, 332, 
1717, 338, 342, 340, 328, 
1745, 334, 334, 335, 344, 
1774, 333, 332, 334, 347, 
1804, 338, 339, 338, 331, 
1832, 339, 341, 340, 329, 
1862, 336, 334, 336, 344, 
1891, 334, 332, 334, 348, 
1921, 338, 340, 340, 331, 
1949, 339, 340, 339, 329, 
1978, 334, 333, 335, 345, 
2008, 334, 332, 334, 347, 
2036, 338, 339, 339, 331, 
2066, 338, 340, 340, 329, 
2095, 334, 334, 336, 345, 
2124, 334, 333, 334, 346, 
2153, 339, 339, 338, 329, 
2183, 338, 340, 339, 329, 
2211, 334, 335, 335, 345, 
2240, 334, 333, 334, 345, 
2270, 338, 340, 340, 329, 
2298, 338, 340, 340, 329, 
2328, 334, 333, 336, 344, 
2357, 334, 332, 335, 344, 
2386, 338, 340, 339, 328, 
2415, 339, 340, 339, 329, 
2444, 334, 333, 335, 345, 
2473, 335, 333, 334, 344, 
2502, 339, 340, 340, 327, 
2532, 339, 339, 339, 329, 
2561, 334, 332, 335, 346, 
2590, 333, 332, 334, 344, 
2619, 340, 340, 339, 327, 
2649, 337, 340, 340, 331, 
2677, 333, 332, 334, 346, 
2706, 335, 332, 335, 343, 
2736, 340, 341, 339, 327, 
2764, 338, 339, 339, 331, 
2794, 334, 331, 336, 346, 
2823, 335, 333, 335, 343, 
2852, 339, 340, 340, 326, 
2881, 337, 339, 339, 330, 
2910, 334, 332, 334, 346, 
2939, 335, 334, 334, 341, 
2968, 339, 341, 339, 326, 
2998, 337, 339, 338, 331, 
3026, 333, 332, 334, 346, 
3056, 335, 334, 334, 342, 
3085, 340, 341, 340, 326, 
3115, 337, 339, 338, 332, 
3143, 333, 331, 335, 347, 
3172, 335, 334, 335, 343, 
3202, 339, 341, 339, 326, 
3230, 338, 338, 338, 332, 
3260, 333, 330, 333, 348, 
3289, 335, 334, 334, 341, 
3318, 340, 342, 340, 326, 
3347, 337, 339, 339, 334, 
3376, 333, 331, 334, 349, 
3405, 335, 334, 337, 342, 
3434, 339, 341, 340, 326, 
3464, 336, 338, 338, 335, 
3492, 333, 331, 334, 349, 
3522, 335, 335, 335, 340, 
3551, 339, 341, 339, 326, 
3580, 337, 338, 338, 335, 
3609, 334, 331, 334, 349, 
3638, 335, 335, 335, 340, 
3667, 339, 341, 340, 326, 
3696, 337, 338, 338, 335, 
3726, 333, 331, 334, 349, 
3755, 336, 335, 337, 339, 
3784, 339, 342, 341, 326, 
3813, 336, 337, 339, 336, 
3842, 332, 331, 334, 349, 
3871, 336, 336, 336, 339, 
3900, 339, 341, 340, 325, 
3930, 337, 337, 338, 336, 
3958, 333, 331, 334, 350, 
3988, 336, 337, 336, 338, 
4017, 340, 341, 340, 325, 
4046, 336, 336, 337, 337, 
4075, 333, 330, 333, 348, 
4104, 336, 336, 337, 337, 
4133, 339, 342, 340, 326, 
4162, 336, 337, 337, 337, 
4192, 333, 331, 334, 349, 
4220, 336, 336, 337, 337, 
4250, 339, 342, 340, 325, 
4279, 337, 337, 337, 338, 
4307, 333, 331, 334, 349, 
4337, 337, 336, 337, 337, 
4366, 339, 341, 340, 326, 
4396, 336, 337, 338, 338, 
4424, 333, 332, 334, 349, 
4454, 337, 336, 337, 337, 
4483, 340, 341, 341, 325, 
4512, 336, 336, 337, 339, 
4541, 334, 331, 334, 349, 
4570, 338, 337, 337, 335, 
4599, 339, 341, 340, 326, 
4628, 336, 336, 338, 339, 
4658, 333, 331, 334, 349, 
4686, 337, 337, 337, 335, 
4716, 339, 341, 340, 326, 
4745, 335, 335, 337, 341, 
4773, 333, 331, 333, 349, 
4803, 337, 338, 337, 334, 
4832, 339, 341, 340, 326, 
4861, 335, 335, 336, 341, 
4890, 333, 332, 334, 348, 
4920, 337, 338, 338, 334, 
4948, 339, 341, 340, 327, 
4978, 334, 335, 337, 341, 
5007, 333, 332, 335, 348, 
5036, 337, 338, 338, 333, 
5065, 337, 341, 340, 327, 
5094, 335, 335, 336, 342, 
5124, 333, 331, 334, 347, 
5152, 337, 338, 338, 332, 
5182, 338, 342, 339, 328, 
5211, 335, 334, 336, 343, 
5239, 334, 333, 334, 348, 
5269, 337, 340, 338, 333, 
5298, 338, 341, 340, 328, 
5327, 334, 334, 336, 343, 
5356, 333, 332, 334, 348, 
5386, 338, 339, 338, 331, 
5414, 339, 340, 340, 328, 
5444, 334, 334, 336, 344, 
5473, 333, 332, 334, 347, 
5501, 338, 339, 338, 332, 
5531, 338, 341, 340, 329, 
5560, 334, 334, 334, 345, 
5590, 334, 332, 334, 347, 
5618, 339, 340, 340, 330, 
5648, 338, 340, 339, 329, 
5677, 334, 333, 336, 345, 
5705, 334, 333, 335, 346, 
5735, 338, 340, 339, 330, 
5764, 338, 340, 339, 330, 
5793, 334, 334, 335, 345, 
5822, 334, 332, 334, 345, 
5852, 339, 340, 339, 329, 
5880, 338, 339, 339, 331, 
5910, 333, 332, 335, 346, 
5939, 334, 332, 334, 344, 
5967, 339, 340, 339, 328, 
5997, 338, 340, 340, 330, 
6026, 334, 333, 336, 346, 
6055, 334, 333, 335, 344, 
6084, 338, 340, 339, 329, 
6114, 338, 340, 339, 330, 
6142, 333, 332, 335, 346, 
6171, 334, 334, 335, 343, 
6201, 339, 340, 339, 328, 
6230, 338, 340, 339, 331, 
6259, 333, 332, 334, 347, 
6288, 335, 333, 335, 344, 
6318, 339, 341, 339, 328, 
6346, 337, 339, 338, 332, 
6376, 333, 332, 334, 348, 
6405, 334, 333, 334, 344, 
6433, 339, 341, 339, 327, 
6463, 337, 339, 338, 334, 
6492, 332, 332, 335, 348, 
6521, 335, 334, 336, 342, 
6550, 339, 341, 340, 326, 
6580, 339, 339, 339, 333, 
6608, 332, 331, 335, 349, 
6637, 335, 334, 336, 342, 
6667, 339, 342, 340, 326, 
6695, 337, 338, 339, 335, 
6725, 333, 331, 333, 349, 
6754, 335, 334, 335, 341, 
6784, 339, 341, 340, 326, 
6812, 337, 337, 338, 334, 
6842, 333, 331, 334, 349, 
6871, 336, 336, 336, 340, 
6899, 339, 341, 341, 325, 
6929, 336, 337, 338, 336, 
6958, 331, 331, 335, 349, 
6987, 335, 335, 336, 340, 
7016, 339, 342, 340, 326, 
7046, 337, 337, 337, 335, 
7074, 332, 330, 333, 349, 
7103, 335, 335, 336, 339, 
7133, 339, 342, 340, 325, 
7161, 337, 337, 338, 336, 
7191, 333, 331, 334, 349, 
7220, 336, 336, 336, 338, 
7249, 339, 341, 340, 326, 
7278, 336, 336, 337, 337, 
7308, 333, 331, 335, 349, 
7336, 336, 336, 336, 337, 
7365, 339, 341, 340, 325, 
7395, 336, 336, 337, 338, 
7424, 333, 331, 333, 350, 
7453, 337, 336, 337, 337, 
7482, 339, 342, 340, 325, 
7512, 336, 336, 338, 339, 
7540, 332, 331, 333, 349, 
7569, 336, 336, 336, 336, 
7599, 339, 341, 339, 326, 
7627, 337, 335, 339, 340, 
7657, 333, 331, 334, 350, 
7686, 336, 336, 337, 336, 
7715, 338, 342, 341, 327, 
7744, 335, 335, 336, 341, 
7774, 333, 331, 333, 349, 
7802, 337, 337, 337, 335, 
7831, 339, 342, 339, 327, 
7861, 335, 336, 336, 341, 
7889, 333, 331, 332, 349, 
7919, 337, 338, 338, 334, 
7948, 339, 340, 341, 327, 
7977, 335, 335, 336, 341, 
8006, 333, 332, 334, 348, 
8035, 338, 338, 339, 332, 
8065, 339, 341, 340, 326, 
8093, 335, 334, 336, 341, 
8123, 333, 331, 334, 347, 
8152, 337, 338, 338, 332, 
8181, 338, 341, 340, 327, 
8210, 335, 334, 336, 343, 
8240, 334, 332, 334, 347, 
8268, 338, 338, 338, 331, 
8297, 339, 341, 340, 327, 
8327, 335, 334, 335, 343, 
8355, 334, 332, 335, 347, 
8385, 336, 339, 338, 331, 
8414, 338, 340, 340, 329, 
8443, 335, 333, 335, 344, 
8472, 333, 332, 334, 346, 
8501, 338, 339, 338, 330, 
8530, 338, 340, 339, 329, 
8559, 334, 333, 335, 345, 
8589, 334, 332, 334, 347, 
8617, 338, 340, 338, 330, 
8647, 338, 340, 340, 328, 
8676, 333, 333, 335, 346, 
8706, 333, 332, 334, 345, 
8734, 339, 340, 339, 329, 
8763, 338, 340, 339, 330, 
8793, 334, 332, 335, 346, 
8821, 334, 333, 334, 345, 
8851, 338, 339, 339, 329, 
8880, 337, 339, 339, 331, 
8909, 334, 332, 334, 346, 
8938, 334, 333, 334, 345, 
8967, 338, 341, 340, 327, 
8996, 338, 339, 339, 331, 
9025, 334, 332, 335, 347, 
9055, 334, 333, 335, 343, 
9083, 339, 341, 339, 326, 
9113, 338, 340, 339, 331, 
9142, 333, 332, 335, 347, 
9171, 334, 333, 334, 343, 
9200, 339, 341, 340, 326, 
9229, 337, 339, 338, 333, 
9259, 333, 332, 334, 348, 
9287, 335, 335, 335, 342, 
9317, 340, 341, 340, 327, 
9346, 337, 339, 338, 334, 
9375, 334, 331, 334, 349, 
9404, 335, 334, 335, 341, 
9433, 339, 341, 340, 328, 
9462, 337, 338, 338, 335, 
9491, 334, 332, 334, 349, 
9521, 335, 335, 334, 340, 
9549, 339, 342, 341, 326, 
9579, 337, 337, 338, 335, 
9608, 333, 331, 333, 348, 
9637, 335, 336, 336, 339, 
9666, 339, 342, 340, 325, 
9695, 336, 337, 338, 336, 
9724, 334, 331, 334, 349, 
9753, 336, 336, 336, 339, 
9783, 338, 342, 341, 325, 
9811, 337, 337, 338, 336, 
9841, 333, 331, 334, 349, 
9870, 337, 335, 335, 337, 
9899, 340, 342, 340, 325, 
9928, 336, 337, 337, 336, 
9957, 333, 331, 333, 349, 
9987, 336, 336, 337, 337, 
10015, 340, 343, 340, 325, 
10046, 338, 338, 339, 333, 
10076, 334, 332, 336, 347, 
10106, 334, 332, 334, 347, 
10136, 337, 336, 337, 337, 
10167, 340, 341, 340, 325, 
10196, 338, 340, 339, 330, 
10226, 335, 334, 337, 343, 
10257, 333, 331, 334, 350, 
10287, 336, 336, 336, 340, 
10317, 340, 341, 340, 327, 
10347, 339, 341, 340, 328, 
10378, 335, 336, 337, 341, 
10407, 333, 331, 333, 349, 
10438, 335, 334, 336, 343, 
10468, 338, 340, 339, 330, 
10498, 339, 341, 340, 326, 
10528, 337, 337, 338, 337, 
10558, 333, 332, 334, 348, 
10589, 334, 333, 334, 345, 
10618, 339, 338, 339, 333, 
10649, 339, 342, 340, 326, 
10679, 337, 338, 340, 335, 
10710, 334, 333, 335, 346, 
10739, 333, 332, 334, 347, 
10770, 335, 337, 337, 336, 
10800, 339, 342, 341, 325, 
10829, 338, 339, 339, 331, 
10860, 335, 334, 336, 342, 
10890, 334, 331, 334, 348, 
10920, 336, 335, 336, 339, 
10950, 340, 341, 340, 326, 
10981, 339, 340, 340, 329, 
11011, 336, 336, 336, 341, 
11041, 333, 331, 333, 349, 
11071, 335, 334, 335, 343, 
11102, 338, 339, 338, 331, 
11131, 339, 341, 340, 327, 
11161, 336, 337, 336, 338, 
11192, 333, 331, 334, 349, 
11222, 334, 334, 335, 346, 
11252, 337, 338, 338, 334, 
11282, 339, 341, 340, 327, 
11313, 337, 338, 339, 335, 
11342, 334, 332, 335, 347, 
11373, 334, 332, 333, 348, 
11403, 336, 337, 337, 335, 
11433, 339, 342, 340, 327, 
11463, 337, 339, 338, 332, 
11493, 334, 334, 336, 345, 
11524, 333, 331, 334, 350, 
11553, 336, 335, 336, 341, 
11584, 339, 340, 339, 328, 
11614, 339, 340, 341, 330, 
11644, 335, 336, 336, 341, 
11674, 333, 331, 334, 349, 
11705, 335, 334, 336, 341, 
11735, 338, 341, 339, 329, 
11765, 339, 342, 340, 326, 
11795, 336, 336, 338, 337, 
11825, 333, 331, 334, 348, 
11855, 335, 334, 335, 344, 
11885, 338, 339, 339, 332, 
11916, 340, 341, 341, 325, 
11945, 337, 338, 338, 336, 
11976, 335, 332, 335, 348, 
12006, 334, 332, 334, 348, 
12037, 337, 337, 337, 335, 
12066, 340, 342, 340, 326, 
12097, 338, 339, 338, 331, 
12127, 334, 333, 336, 344, 
12156, 335, 331, 333, 349, 
12187, 336, 336, 337, 338, 
12217, 339, 341, 341, 327, 
12248, 338, 340, 340, 330, 
12277, 335, 334, 336, 342, 
12308, 332, 331, 333, 349, 
12338, 335, 334, 335, 341, 
12368, 338, 341, 339, 329, 
12398, 339, 341, 340, 327, 
12428, 337, 337, 337, 338, 
12459, 333, 331, 334, 348, 
12488, 334, 333, 334, 344, 
12519, 338, 338, 338, 331, 
12549, 339, 341, 339, 326, 
12579, 336, 337, 338, 335, 
12609, 333, 332, 335, 347, 
12640, 333, 331, 334, 347, 
12669, 337, 337, 337, 337, 
12700, 339, 342, 340, 326, 
12730, 337, 339, 339, 334, 
12760, 334, 333, 335, 346, 
12790, 332, 332, 334, 350, 
12820, 336, 337, 336, 340, 
12851, 340, 341, 339, 328, 
12880, 338, 340, 339, 331, 
12911, 334, 336, 336, 344, 
12941, 333, 330, 333, 351, 
12972, 335, 334, 336, 342, 
13001, 338, 340, 339, 330, 
13032, 338, 340, 340, 328, 
13062, 335, 336, 337, 340, 
13091, 332, 331, 335, 350, 
13122, 334, 334, 336, 344, 
13152, 338, 339, 339, 334, 
13182, 339, 341, 340, 326, 
13212, 337, 337, 338, 337, 
13243, 334, 332, 335, 348, 
13273, 334, 332, 335, 346, 
13303, 337, 337, 338, 334, 
13333, 339, 342, 341, 325, 
13364, 338, 339, 338, 333, 
13393, 334, 332, 334, 345, 
13423, 333, 331, 334, 348, 
13454, 336, 336, 337, 337, 
13484, 339, 341, 341, 326, 
13514, 338, 339, 339, 330, 
13544, 335, 334, 336, 341, 
13575, 333, 332, 334, 349, 
13604, 336, 335, 337, 340, 
13635, 339, 341, 339, 327, 
13665, 339, 340, 340, 328, 
13696, 336, 336, 337, 340, 
13725, 334, 331, 334, 350, 
13755, 334, 334, 335, 344, 
13786, 339, 339, 339, 330, 
13815, 339, 342, 340, 326, 
13846, 337, 339, 338, 336, 
13876, 333, 332, 334, 348, 
13906, 334, 332, 334, 345, 
13936, 337, 339, 338, 333, 
13967, 339, 341, 341, 325, 
13997, 337, 338, 339, 334, 
14027, 334, 332, 335, 346, 
14057, 333, 332, 334, 348, 
14087, 336, 336, 336, 336, 
14117, 339, 341, 340, 326, 
14147, 338, 339, 340, 331, 
14178, 335, 334, 334, 344, 
14208, 333, 332, 333, 349, 
14238, 336, 337, 336, 339, 
14268, 340, 341, 339, 328, 
14299, 338, 341, 340, 328, 
14328, 336, 335, 337, 340, 
14358, 333, 330, 334, 349, 
14389, 335, 333, 336, 343, 
14418, 338, 340, 340, 331, 
14449, 338, 341, 340, 327, 
14479, 336, 337, 337, 338, 
14510, 333, 332, 334, 349, 
14539, 334, 333, 334, 345, 
14570, 338, 337, 338, 333, 
14600, 340, 342, 341, 325, 
14630, 337, 339, 338, 334, 
14660, 333, 333, 335, 346, 
14690, 334, 332, 334, 347, 
14721, 337, 337, 337, 335, 
14750, 340, 342, 340, 325, 
14781, 338, 339, 339, 331, 
14811, 335, 334, 335, 344, 
14841, 333, 331, 333, 349, 
14871, 336, 336, 336, 339, 
14902, 339, 342, 339, 328, 
14931, 338, 340, 340, 329, 
14962, 336, 336, 337, 342, 
14992, 333, 331, 333, 349, 
15022, 335, 334, 335, 342, 
15052, 338, 341, 339, 329, 
15082, 339, 341, 340, 327, 
15113, 336, 336, 337, 338, 
15142, 333, 332, 334, 349, 
15173, 334, 333, 334, 345, 
15203, 338, 338, 338, 332, 
15234, 339, 341, 340, 327, 
15263, 336, 338, 338, 335, 
15294, 334, 332, 335, 346, 
15324, 334, 332, 335, 347, 
15353, 337, 338, 337, 335, 
15384, 339, 341, 340, 325, 
15414, 338, 339, 339, 331, 
15444, 334, 334, 336, 344, 
15474, 333, 331, 334, 348, 
15505, 336, 336, 337, 338, 
15535, 339, 341, 340, 326, 
15565, 339, 340, 340, 329, 
15595, 335, 335, 336, 341, 
15626, 333, 331, 334, 349, 
15655, 335, 334, 336, 341, 
15685, 339, 341, 340, 328, 
15716, 340, 341, 340, 326, 
15746, 336, 336, 337, 338, 
15776, 333, 332, 334, 348, 
15806, 334, 333, 335, 344, 
15837, 338, 339, 338, 331, 
15866, 339, 342, 340, 325, 
15897, 337, 339, 338, 335, 
15927, 333, 332, 334, 346, 
15958, 333, 332, 333, 346, 
15987, 337, 337, 337, 335, 
16017, 339, 341, 341, 325, 
16048, 337, 339, 339, 332, 
16077, 334, 333, 335, 345, 
16108, 333, 331, 333, 348, 
16138, 336, 336, 336, 337, 
16168, 339, 341, 341, 326, 
16198, 338, 339, 340, 330, 
16229, 334, 333, 336, 342, 
16259, 334, 330, 333, 349, 
16288, 335, 334, 334, 341, 
16319, 338, 339, 338, 329, 
16349, 339, 340, 340, 327, 
16379, 336, 336, 337, 339, 
16409, 333, 331, 334, 349, 
16440, 334, 333, 335, 343, 
16470, 337, 339, 338, 330, 
16500, 339, 342, 340, 325, 
16530, 336, 337, 339, 336, 
16561, 333, 332, 334, 347, 
16590, 334, 333, 333, 346, 
16620, 337, 337, 337, 334, 
16651, 339, 342, 340, 325, 
16680, 337, 339, 339, 333, 
16711, 334, 333, 335, 348, 
16741, 334, 332, 333, 347, 
16772, 337, 337, 337, 338, 
16801, 339, 342, 340, 326, 
16832, 339, 339, 339, 330, 
16862, 335, 335, 335, 342, 
16892, 333, 331, 334, 350, 
16922, 336, 335, 334, 340, 
16952, 340, 341, 339, 328, 
16983, 339, 340, 340, 328, 
17012, 336, 336, 338, 340, 
17043, 333, 331, 334, 349, 
17073, 333, 334, 335, 343, 
17103, 338, 339, 338, 330, 
17133, 339, 342, 340, 326, 
17164, 338, 338, 339, 336, 
17193, 333, 332, 334, 349, 
17224, 334, 332, 335, 347, 
17254, 336, 337, 337, 334, 
17284, 339, 342, 341, 326, 
17314, 337, 338, 338, 333, 
17344, 334, 332, 335, 346, 
17375, 333, 332, 334, 348, 
17404, 336, 336, 337, 337, 
17435, 340, 341, 340, 327, 
17465, 338, 340, 339, 331, 
17496, 335, 334, 337, 344, 
17525, 333, 331, 334, 350, 
17556, 335, 334, 335, 340, 
17586, 339, 340, 339, 328, 
17615, 340, 341, 340, 329, 
17646, 335, 335, 337, 340, 
17676, 333, 331, 334, 350, 
17707, 335, 334, 335, 343, 
17736, 338, 339, 339, 331, 
17767, 339, 342, 340, 326, 
17797, 338, 337, 338, 337, 
17827, 333, 332, 334, 348, 
17857, 334, 333, 335, 346, 
17888, 338, 337, 337, 334, 
17917, 339, 341, 340, 326, 
17947, 337, 338, 339, 334, 
17978, 335, 332, 335, 347, 
18008, 332, 331, 334, 348, 
18038, 337, 337, 336, 336, 
18068, 339, 341, 340, 326, 
18099, 339, 339, 338, 331, 
18128, 334, 332, 335, 344, 
18159, 334, 331, 334, 349, 
18189, 335, 335, 337, 339, 
18219, 340, 341, 341, 327, 
18249, 339, 340, 340, 328, 
18279, 335, 335, 335, 340, 
18310, 333, 332, 333, 350, 
18339, 335, 333, 335, 342, 
18370, 339, 339, 339, 330, 
18400, 339, 342, 341, 327, 
18430, 336, 337, 338, 338, 
18460, 333, 331, 335, 348, 
18491, 334, 332, 335, 345, 
18521, 338, 339, 338, 333, 
18550, 339, 341, 340, 325, 
18581, 337, 338, 338, 335, 
18611, 333, 332, 335, 345, 
18641, 333, 332, 334, 346, 
18671, 336, 337, 337, 334, 
18702, 340, 342, 340, 325, 
18732, 338, 339, 340, 330, 
18762, 336, 335, 336, 343, 
18792, 333, 332, 335, 348, 
18823, 336, 335, 336, 338, 
18852, 339, 340, 339, 327, 
18882, 340, 340, 339, 329, 
18913, 335, 336, 336, 340, 
18942, 334, 331, 334, 349, 
18973, 335, 334, 336, 342, 
19003, 339, 340, 340, 329, 
19034, 339, 342, 341, 326, 
19063, 337, 337, 337, 337, 
19094, 335, 332, 334, 347, 
19124, 334, 333, 335, 344, 
19154, 338, 338, 339, 332, 
19184, 339, 341, 340, 325, 
19214, 337, 338, 338, 334, 
19245, 335, 333, 335, 347, 
19274, 333, 332, 334, 346, 
19305, 337, 337, 337, 335, 
19335, 340, 341, 340, 326, 
19365, 337, 339, 341, 332, 
19395, 335, 333, 335, 344, 
19426, 333, 331, 333, 349, 
19456, 335, 335, 336, 339, 
19486, 340, 342, 339, 327, 
19516, 339, 340, 340, 329, 
19546, 335, 335, 337, 342, 
19576, 332, 330, 333, 351, 
19606, 335, 334, 335, 342, 
19637, 338, 340, 339, 331, 
19666, 339, 341, 340, 327, 
19697, 336, 336, 337, 338, 
19727, 332, 331, 334, 349, 
19758, 335, 333, 335, 346, 
19787, 338, 339, 339, 332, 
19818, 339, 342, 340, 327, 
19848, 338, 337, 338, 335, 
19877, 333, 333, 335, 347, 
19908, 334, 332, 335, 348, 
19938, 337, 337, 338, 335, 
19969, 340, 342, 340, 326, 
19998, 337, 339, 339, 333, 
20029, 335, 333, 337, 344, 
20059, 333, 331, 334, 348, 
20089, 337, 336, 336, 338, 
20119, 339, 341, 340, 326, 
20149, 339, 341, 340, 328, 
20179, 336, 336, 337, 342, 
20209, 333, 331, 334, 349, 
20240, 335, 334, 337, 341, 
20270, 339, 340, 340, 328, 
20300, 339, 341, 340, 327, 
20330, 336, 336, 337, 339, 
20361, 333, 332, 334, 350, 
20390, 335, 333, 335, 343, 
20421, 338, 338, 338, 333, 
20451, 339, 341, 340, 325, 
20481, 338, 337, 338, 335, 
20511, 334, 332, 335, 347, 
20541, 334, 333, 334, 347, 
20572, 337, 337, 337, 334, 
20601, 339, 342, 341, 326, 
20632, 338, 338, 339, 332, 
20662, 334, 333, 335, 345, 
20692, 334, 331, 333, 348, 
20722, 337, 336, 336, 338, 
20753, 340, 341, 340, 326, 
20783, 338, 340, 339, 330, 
20812, 336, 335, 336, 341, 
20843, 333, 330, 334, 349, 
20873, 335, 334, 336, 341, 
20903, 339, 340, 339, 329, 
20933, 339, 341, 340, 327, 
20964, 336, 336, 337, 340, 
20994, 333, 331, 334, 349, 
21024, 333, 333, 334, 344, 
21054, 338, 339, 338, 332, 
21085, 340, 343, 340, 326, 
21114, 337, 336, 338, 336, 
21144, 333, 332, 335, 348, 
21175, 333, 332, 334, 347, 
21204, 338, 337, 337, 334, 
21235, 339, 341, 340, 326, 
21265, 338, 339, 338, 334, 
21296, 334, 334, 335, 345, 
21325, 333, 331, 334, 348, 
21356, 336, 336, 336, 338, 
21386, 339, 341, 340, 327, 
21416, 338, 341, 339, 330, 
21446, 334, 334, 336, 343, 
21476, 333, 331, 333, 350, 
21507, 334, 335, 335, 341, 
21536, 339, 340, 339, 329, 
21567, 339, 342, 339, 330, 
21597, 336, 336, 338, 340, 
21627, 333, 332, 334, 350, 
21657, 336, 334, 335, 343, 
21688, 338, 339, 338, 331, 
21718, 340, 341, 340, 326, 
21748, 336, 337, 337, 336, 
21778, 334, 332, 334, 348, 
21808, 334, 332, 334, 346, 
21838, 337, 338, 337, 335, 
21868, 339, 342, 340, 327, 
21899, 337, 338, 338, 333, 
21928, 334, 334, 335, 345, 
21959, 334, 331, 334, 348, 
21989, 335, 336, 337, 337, 
22020, 340, 341, 340, 326, 
22049, 338, 339, 339, 330, 
22079, 335, 334, 336, 343, 
22110, 333, 331, 334, 349, 
22139, 335, 335, 336, 340, 
22170, 339, 341, 340, 329, 
22200, 339, 340, 340, 330, 
22231, 335, 335, 337, 340, 
22260, 333, 331, 334, 350, 
22291, 335, 333, 335, 343, 
22321, 338, 339, 339, 331, 
22351, 339, 342, 340, 327, 
22381, 337, 337, 337, 337, 
22411, 333, 332, 334, 349, 
22441, 334, 332, 334, 346, 
22471, 338, 338, 337, 334, 
22502, 340, 341, 341, 326, 
22532, 337, 338, 340, 334, 
22562, 334, 332, 335, 346, 
22592, 334, 333, 334, 348, 
22623, 337, 336, 337, 337, 
22652, 339, 342, 340, 326, 
22683, 338, 339, 340, 331, 
22713, 335, 334, 336, 344, 
22743, 333, 332, 334, 351, 
22773, 336, 335, 336, 340, 
22803, 339, 341, 338, 328, 
22834, 339, 340, 339, 328, 
22863, 336, 335, 336, 341, 
22894, 334, 330, 334, 349, 
22924, 335, 334, 335, 343, 
22955, 338, 339, 338, 330, 
22984, 339, 341, 340, 326, 
23015, 336, 336, 337, 337, 
23045, 333, 332, 335, 349, 
23074, 334, 334, 334, 345, 
23105, 338, 338, 338, 332, 
23135, 339, 341, 340, 325, 
23165, 337, 338, 338, 334, 
23195, 334, 332, 335, 347, 
23226, 333, 331, 334, 347, 
23256, 336, 337, 337, 336, 
23286, 339, 341, 341, 325, 
23316, 337, 340, 339, 331, 
23347, 335, 334, 336, 344, 
23376, 333, 332, 334, 350, 
23406, 335, 335, 336, 338, 
23437, 339, 341, 341, 326, 
23467, 338, 340, 338, 328, 
23497, 335, 335, 336, 340, 
23527, 333, 331, 334, 349, 
23558, 335, 335, 335, 342, 
23587, 338, 340, 338, 329, 
23618, 339, 340, 339, 326, 
23648, 336, 336, 337, 337, 
23678, 333, 331, 333, 347, 
23708, 334, 333, 335, 343, 
23738, 337, 338, 338, 333, 
23769, 339, 341, 340, 325, 
23798, 337, 338, 338, 334, 
23829, 334, 332, 334, 346, 
23859, 333, 332, 334, 346, 
23889, 336, 337, 338, 334, 
23919, 339, 341, 340, 325, 
23950, 337, 339, 338, 330, 
23980, 334, 333, 335, 343, 
24009, 333, 331, 334, 348, 
24040, 336, 336, 337, 337, 
24070, 339, 340, 340, 326, 
24100, 338, 340, 339, 328, 
24130, 335, 335, 336, 341, 
24161, 332, 331, 333, 349, 
24190, 334, 334, 335, 342, 
24221, 338, 340, 338, 329, 
24251, 339, 341, 340, 327, 
24282, 336, 335, 337, 339, 
24311, 332, 332, 334, 350, 
24341, 335, 334, 335, 344, 
24372, 337, 338, 338, 332, 
24401, 339, 341, 340, 326, 
24432, 337, 338, 338, 335, 
24462, 334, 332, 335, 347, 
24493, 333, 331, 334, 348, 
24522, 338, 338, 337, 336, 
24553, 340, 341, 340, 326, 
24583, 337, 339, 340, 332, 
24613, 334, 333, 336, 345, 
24643, 333, 332, 335, 348, 
24673, 336, 336, 337, 338, 
24704, 340, 341, 340, 327, 
24733, 338, 341, 340, 329, 
24764, 335, 335, 337, 342, 
24794, 333, 331, 334, 349, 
24824, 335, 334, 336, 341, 
24854, 338, 340, 339, 329, 
24885, 339, 341, 340, 326, 
24914, 336, 337, 337, 337, 
24945, 333, 332, 334, 348, 
24975, 334, 333, 334, 343, 
25005, 337, 338, 338, 331, 
25035, 339, 342, 341, 325, 
25065, 337, 337, 338, 334, 
25096, 333, 332, 335, 347, 
25125, 333, 332, 334, 347, 
25156, 337, 337, 337, 335, 
25186, 340, 341, 340, 326, 
25217, 338, 339, 339, 332, 
25246, 334, 333, 335, 344, 
25277, 333, 331, 333, 348, 
25307, 336, 335, 336, 338, 
25336, 339, 341, 339, 327, 
25367, 338, 339, 339, 329, 
25397, 335, 335, 336, 341, 
25427, 333, 331, 334, 348, 
25457, 335, 334, 335, 340, 
25488, 340, 340, 339, 328, 
25518, 338, 340, 340, 326, 
25548, 336, 336, 336, 338, 
25578, 333, 331, 334, 349, 
25609, 334, 333, 335, 343, 
25638, 338, 339, 338, 331, 
25668, 341, 341, 340, 326, 
25699, 337, 337, 338, 335, 
25729, 334, 332, 335, 346, 
25759, 334, 332, 334, 346, 
25789, 337, 337, 337, 334, 
25820, 339, 341, 340, 325, 
25849, 336, 339, 338, 332, 
25880, 335, 332, 335, 344, 
25910, 333, 331, 334, 348, 
25939, 335, 335, 336, 338, 
25970, 339, 341, 339, 325, 
26000, 338, 339, 339, 330, 
26031, 334, 334, 336, 341, 
26060, 333, 330, 334, 348, 
26091, 334, 334, 336, 341, 
26121, 338, 341, 339, 328, 
26151, 338, 340, 340, 328, 
26181, 334, 336, 337, 339, 
26212, 333, 330, 333, 349, 
26242, 334, 333, 335, 344, 
26271, 337, 339, 339, 331, 
26302, 339, 340, 340, 326, 
26332, 336, 337, 337, 336, 
26362, 333, 331, 334, 349, 
26392, 334, 332, 334, 347, 
26423, 337, 337, 337, 335, 
26452, 339, 342, 340, 326, 
26483, 337, 338, 337, 334, 
26513, 335, 333, 335, 346, 
26544, 334, 331, 334, 349, 
26573, 337, 336, 336, 338, 
26603, 339, 341, 339, 328, 
26634, 338, 341, 339, 331, 
26663, 335, 335, 336, 344, 
26694, 333, 331, 333, 350, 
26724, 335, 334, 336, 341, 
26755, 339, 340, 339, 330, 
26784, 339, 340, 340, 329, 
26815, 337, 337, 338, 340, 
26845, 334, 331, 334, 350, 
26875, 335, 333, 336, 344, 
26905, 338, 339, 338, 331, 
26935, 339, 341, 340, 327, 
26966, 337, 337, 338, 336, 
26995, 335, 332, 334, 348, 
27026, 335, 332, 334, 346, 
27056, 337, 337, 337, 334, 
27086, 340, 341, 340, 326, 
27116, 337, 338, 338, 332, 
27147, 334, 333, 336, 346, 
27176, 333, 331, 334, 348, 
27207, 336, 336, 337, 337, 
27237, 339, 342, 341, 327, 
27267, 338, 341, 340, 331, 
27297, 335, 335, 335, 343, 
27327, 333, 331, 334, 350, 
27358, 335, 335, 336, 341, 
27387, 340, 341, 339, 328, 
27418, 339, 341, 340, 329, 
27448, 336, 336, 338, 339, 
27479, 334, 331, 334, 349, 
27508, 334, 333, 334, 344, 
27539, 338, 339, 339, 332, 
27569, 340, 341, 340, 327, 
27598, 336, 338, 337, 337, 
27629, 333, 331, 336, 347, 
27659, 334, 333, 334, 347, 
27689, 337, 338, 337, 334, 
27719, 340, 342, 341, 326, 
27750, 336, 338, 338, 334, 
27780, 334, 333, 335, 346, 
27810, 334, 331, 334, 349, 
27840, 336, 336, 337, 337, 
27870, 339, 341, 340, 327, 
27900, 338, 340, 340, 331, 
27930, 334, 334, 335, 342, 
27961, 334, 330, 335, 349, 
27991, 334, 335, 336, 341, 
28021, 338, 340, 339, 328, 
28051, 339, 340, 340, 328, 
28082, 336, 336, 338, 341, 
28111, 333, 332, 334, 349, 
28142, 335, 333, 335, 344, 
28172, 339, 339, 338, 331, 
28201, 340, 342, 341, 325, 
28232, 336, 337, 338, 337, 
28262, 334, 332, 335, 349, 
28293, 334, 333, 334, 346, 
28322, 337, 338, 338, 335, 
28353, 340, 342, 341, 326, 
28383, 337, 339, 339, 334, 
28413, 334, 333, 335, 345, 
28443, 334, 331, 334, 348, 
28474, 337, 336, 336, 337, 
28504, 340, 341, 340, 327, 
28533, 339, 339, 339, 330, 
28564, 335, 334, 336, 343, 
28594, 333, 331, 334, 349, 
28624, 336, 335, 336, 340, 
28654, 340, 340, 338, 328, 
28685, 338, 341, 340, 328, 
28715, 335, 336, 337, 339, 
28745, 333, 330, 335, 350, 
28775, 335, 333, 335, 343, 
28806, 339, 339, 338, 331, 
28835, 340, 342, 340, 325, 
28865, 337, 337, 339, 336, 
28896, 333, 332, 334, 347, 
28925, 335, 332, 334, 346, 
28956, 337, 338, 338, 334, 
28986, 340, 342, 341, 325, 
29017, 339, 339, 339, 334, 
29046, 334, 334, 335, 345, 
29077, 333, 331, 335, 348, 
29107, 336, 336, 337, 337, 
29137, 340, 341, 340, 326, 
29167, 338, 340, 339, 330, 
29197, 335, 335, 337, 342, 
29228, 333, 332, 334, 350, 
29257, 336, 335, 336, 340, 
29288, 339, 342, 339, 328, 
29318, 339, 341, 340, 328, 
29348, 336, 336, 337, 339, 
29378, 334, 331, 334, 349, 
29409, 335, 334, 335, 344, 
29438, 338, 339, 339, 329, 
29469, 339, 342, 341, 327, 
29499, 336, 337, 339, 335, 
29529, 333, 332, 334, 347, 
29559, 335, 333, 334, 345, 
29589, 338, 338, 338, 332, 
29620, 340, 341, 341, 325, 
29649, 338, 338, 339, 332, 
29680, 334, 332, 335, 345, 
29710, 334, 332, 335, 349, 
29741, 337, 335, 337, 337, 
29770, 340, 341, 340, 325, 
29800, 338, 340, 339, 330, 
29831, 335, 334, 336, 342, 
29860, 333, 330, 334, 348, 
29891, 335, 334, 337, 339, 
29921, 339, 341, 339, 328, 
29952, 339, 340, 340, 327, 
29981, 336, 336, 337, 338, 
30012, 333, 331, 334, 348, 
30042, 335, 333, 335, 344, 
30072, 338, 339, 339, 330, 
30102, 339, 341, 340, 325, 
30132, 337, 337, 338, 335, 
30162, 333, 332, 334, 348, 
30192, 334, 332, 334, 345, 
30223, 338, 337, 337, 334, 
30253, 339, 341, 340, 324, 
30283, 338, 339, 339, 332, 
30313, 335, 332, 335, 346, 
30344, 333, 331, 335, 347, 
30373, 337, 336, 337, 337, 
30404, 339, 341, 340, 326, 
30434, 338, 340, 339, 329, 
30464, 336, 335, 336, 342, 
30494, 334, 331, 333, 350, 
30524, 336, 334, 335, 341, 
30555, 338, 340, 340, 328, 
30584, 339, 340, 340, 328, 
30615, 336, 336, 337, 338, 
30645, 333, 332, 334, 349, 
30675, 335, 333, 335, 345, 
30705, 338, 339, 338, 331, 
30736, 339, 341, 340, 326, 
30766, 337, 336, 339, 335, 
30795, 333, 333, 334, 347, 
30826, 334, 331, 334, 348, 
30856, 337, 337, 337, 335, 
30886, 339, 342, 340, 326, 
30916, 338, 339, 339, 333, 
30947, 335, 333, 335, 344, 
30977, 333, 332, 334, 348, 
31007, 337, 336, 336, 338, 
31037, 339, 341, 340, 327, 
31068, 338, 340, 339, 329, 
31097, 335, 334, 336, 341, 
31127, 334, 330, 333, 348, 
31158, 335, 335, 335, 341, 
31187, 338, 340, 340, 329, 
31218, 339, 341, 341, 327, 
31248, 336, 336, 337, 339, 
31279, 333, 331, 334, 348, 
31308, 334, 334, 335, 344, 
31339, 337, 338, 338, 332, 
31369, 339, 342, 341, 326, 
31399, 337, 337, 338, 335, 
31429, 334, 332, 335, 347, 
31459, 333, 331, 334, 347, 
31490, 337, 338, 338, 336, 
31519, 339, 341, 340, 325, 
31550, 338, 340, 338, 331, 
31580, 334, 334, 335, 344, 
31610, 332, 332, 333, 350, 
31640, 336, 335, 335, 339, 
31671, 339, 342, 341, 328, 
31700, 338, 340, 339, 329, 
31730, 335, 335, 337, 341, 
31761, 332, 331, 334, 351, 
31791, 334, 334, 335, 344, 
31821, 338, 339, 338, 330, 
31851, 339, 342, 340, 327, 
31882, 336, 336, 337, 337, 
31911, 333, 332, 334, 349, 
31942, 333, 332, 334, 346, 
31972, 338, 339, 338, 333, 
32003, 339, 341, 341, 326, 
32032, 337, 339, 338, 334, 
32062, 333, 332, 335, 346, 
32093, 333, 332, 333, 348, 
32122, 337, 337, 336, 336, 
32153, 340, 341, 340, 327, 
32183, 338, 340, 339, 331, 
32214, 335, 334, 335, 343, 
32243, 333, 331, 334, 350, 
32274, 336, 335, 335, 339, 
32304, 339, 340, 339, 328, 
32334, 338, 341, 339, 328, 
32364, 336, 336, 338, 339, 
32394, 333, 332, 333, 349, 
32424, 334, 333, 334, 343, 
32454, 338, 339, 338, 330, 
32485, 340, 342, 340, 325, 
32515, 336, 337, 338, 336, 
32545, 333, 332, 335, 347, 
32575, 335, 333, 334, 346, 
32606, 337, 338, 337, 334, 
32635, 339, 341, 340, 325, 
32666, 337, 339, 339, 332, 
32696, 335, 334, 335, 344, 
32726, 335, 331, 334, 348, 
32756, 336, 336, 336, 337, 
32786, 340, 342, 340, 326, 
32817, 339, 340, 339, 329, 
32846, 335, 335, 336, 341, 
32877, 332, 331, 333, 349, 
32907, 335, 334, 335, 341, 
32937, 339, 340, 339, 331, 
32967, 339, 341, 340, 327, 
32998, 335, 336, 338, 337, 
33028, 333, 332, 334, 348, 
33057, 334, 333, 335, 345, 
33088, 338, 338, 338, 332, 
33118, 339, 342, 340, 327, 
33148, 337, 338, 339, 334, 
33178, 334, 332, 335, 346, 
33209, 334, 332, 334, 347, 
33239, 337, 337, 337, 336, 
33269, 340, 341, 340, 326, 
33299, 338, 340, 339, 332, 
33330, 335, 334, 335, 343, 
33359, 333, 331, 334, 348, 
33389, 336, 335, 337, 339, 
33420, 339, 341, 340, 327, 
33449, 341, 341, 341, 328, 
33480, 335, 335, 337, 340, 
33510, 333, 332, 334, 349, 
33541, 335, 334, 335, 342, 
33570, 338, 339, 339, 330, 
33601, 339, 342, 340, 327, 
33631, 337, 337, 338, 336, 
33660, 334, 332, 335, 348, 
33691, 334, 332, 335, 346, 
33721, 337, 338, 337, 334, 
33752, 339, 342, 340, 325, 
33781, 338, 339, 339, 331, 
33812, 334, 333, 335, 344, 
33842, 333, 331, 334, 349, 
33872, 336, 337, 336, 337, 
33902, 339, 341, 340, 325, 
33933, 338, 339, 339, 330, 
33963, 335, 334, 336, 342, 
33992, 333, 331, 334, 349, 
34023, 335, 333, 335, 341, 
34053, 338, 341, 339, 329, 
34083, 339, 341, 340, 327, 
34113, 336, 337, 337, 338, 
34144, 333, 332, 334, 348, 
34173, 334, 333, 335, 344, 
34204, 338, 339, 338, 332, 
34234, 339, 343, 340, 325, 
34265, 338, 339, 338, 335, 
34294, 334, 333, 335, 346, 
34324, 333, 332, 334, 347, 
34355, 337, 338, 337, 337, 
34384, 339, 342, 340, 325, 
34415, 338, 340, 340, 332, 
34445, 335, 334, 335, 344, 
34476, 333, 332, 333, 349, 
34505, 336, 336, 335, 340, 
34536, 338, 340, 339, 327, 
34566, 338, 341, 340, 329, 
34596, 335, 335, 337, 340, 
34626, 332, 331, 333, 350, 
34656, 334, 333, 334, 343, 
34686, 338, 340, 339, 331, 
34716, 339, 342, 340, 326, 
34747, 337, 338, 338, 336, 
34777, 334, 332, 334, 347, 
34807, 335, 332, 334, 347, 
34837, 337, 337, 337, 334, 
34868, 339, 342, 340, 326, 
34897, 337, 339, 337, 332, 
34928, 334, 334, 335, 346, 
34958, 333, 331, 333, 349, 
34988, 336, 336, 336, 339, 
35018, 340, 342, 340, 326, 
35048, 339, 340, 340, 329, 
35079, 335, 335, 335, 340, 
35108, 333, 331, 334, 350, 
35139, 335, 334, 335, 342, 
35169, 338, 340, 338, 330, 
35200, 339, 341, 340, 327, 
35229, 336, 337, 337, 338, 
35260, 333, 332, 334, 349, 
35290, 334, 333, 335, 345, 
35319, 337, 338, 338, 333, 
35350, 339, 340, 340, 326, 
35380, 337, 338, 338, 333, 
35410, 334, 333, 335, 345, 
35440, 334, 332, 334, 348, 
35471, 336, 336, 338, 336, 
35501, 340, 341, 340, 326, 
35531, 338, 340, 339, 329, 
35561, 335, 334, 336, 342, 
35591, 333, 331, 334, 349, 
35621, 336, 335, 337, 341, 
35651, 337, 340, 340, 328, 
35682, 338, 341, 340, 328, 
35712, 336, 337, 337, 338, 
35742, 333, 331, 334, 348, 
35772, 334, 333, 335, 345, 
35803, 337, 338, 339, 332, 
35832, 340, 342, 340, 326, 
35863, 337, 337, 338, 335, 
35893, 333, 332, 334, 346, 
35922, 335, 332, 334, 346, 
35953, 336, 336, 337, 335, 
35983, 340, 342, 340, 326, 
36014, 338, 339, 339, 332, 
36043, 334, 334, 336, 343, 
36074, 333, 331, 334, 348, 
36104, 336, 335, 336, 339, 
36134, 339, 341, 339, 327, 
36164, 340, 341, 339, 328, 
36195, 336, 335, 337, 339, 
36225, 334, 331, 334, 349, 
36254, 335, 334, 337, 343, 
36285, 338, 339, 339, 330, 
36315, 339, 341, 341, 326, 
36345, 337, 337, 338, 336, 
36375, 334, 332, 335, 349, 
36406, 335, 333, 334, 347, 
36435, 337, 338, 337, 335, 
36466, 339, 341, 340, 326, 
36496, 339, 339, 338, 334, 
36527, 334, 333, 335, 345, 
36556, 334, 331, 334, 349, 
36586, 336, 335, 336, 339, 
36617, 339, 341, 340, 328, 
36646, 338, 340, 341, 329, 
36677, 335, 335, 336, 340, 
36707, 332, 332, 334, 348, 
36738, 335, 334, 336, 341, 
36767, 338, 340, 339, 329, 
36798, 339, 341, 340, 326, 
36828, 336, 336, 337, 337, 
36858, 334, 332, 334, 348, 
36888, 334, 334, 334, 346, 
36918, 337, 338, 339, 333, 
36948, 339, 341, 339, 325, 
36978, 338, 338, 338, 333, 
37009, 333, 333, 335, 345, 
37039, 332, 331, 334, 348, 
37069, 336, 336, 336, 337, 
37099, 339, 341, 340, 327, 
37130, 338, 340, 339, 331, 
37159, 335, 335, 337, 340, 
37190, 333, 331, 334, 350, 
37220, 335, 335, 335, 341, 
37250, 338, 339, 340, 329, 
37280, 339, 341, 341, 328, 
37310, 336, 336, 338, 338, 
37341, 334, 332, 335, 350, 
37370, 334, 333, 335, 345, 
37401, 337, 339, 338, 332, 
37431, 339, 341, 341, 327, 
37462, 337, 338, 338, 335, 
37491, 333, 333, 336, 347, 
37521, 334, 331, 334, 348, 
37552, 337, 337, 337, 336, 
37581, 340, 342, 340, 326, 
37612, 339, 339, 339, 333, 
37642, 334, 334, 337, 343, 
37672, 333, 331, 334, 349, 
37702, 335, 335, 336, 340, 
37733, 339, 341, 339, 328, 
37763, 339, 341, 339, 329, 
37793, 336, 336, 336, 340, 
37823, 333, 331, 334, 349, 
37853, 334, 334, 336, 344, 
37883, 338, 339, 338, 331, 
37913, 339, 341, 340, 326, 
37944, 337, 337, 338, 336, 
37974, 333, 333, 335, 349, 
38004, 334, 332, 333, 347, 
38034, 338, 337, 337, 335, 
38065, 339, 342, 340, 326, 
38094, 337, 339, 338, 332, 
38125, 334, 333, 335, 344, 
38155, 333, 331, 334, 349, 
38184, 336, 335, 335, 339, 
38215, 339, 341, 340, 327, 
38245, 340, 343, 340, 329, 
38276, 335, 336, 337, 340, 
38305, 333, 331, 333, 349, 
38336, 335, 334, 335, 342, 
38366, 338, 339, 339, 330, 
38396, 339, 342, 340, 326, 
38426, 337, 337, 338, 337, 
38457, 334, 332, 335, 347, 
38487, 334, 333, 334, 345, 
38516, 337, 338, 337, 333, 
38547, 339, 342, 340, 326, 
38577, 338, 339, 338, 332, 
38607, 333, 333, 335, 344, 
38637, 333, 331, 334, 349, 
38668, 336, 336, 336, 337, 
38697, 338, 341, 340, 326, 
38728, 339, 340, 339, 329, 
38758, 335, 335, 336, 341, 
38789, 334, 330, 334, 350, 
38818, 335, 334, 335, 342, 
38848, 338, 339, 339, 329, 
38879, 339, 341, 339, 327, 
38908, 336, 336, 338, 338, 
38939, 333, 331, 335, 349, 
38969, 335, 333, 335, 344, 
39000, 337, 338, 338, 332, 
39029, 340, 341, 340, 326, 
39060, 337, 338, 338, 334, 
39090, 334, 332, 334, 346, 
39120, 333, 332, 334, 348, 
39150, 337, 337, 336, 336, 
39180, 339, 342, 340, 326, 
39211, 338, 339, 339, 331, 
39240, 335, 335, 336, 341, 
39271, 333, 331, 333, 348, 
39301, 336, 335, 335, 340, 
39331, 339, 340, 340, 328, 
39361, 339, 341, 341, 328, 
39392, 337, 336, 337, 339, 
39421, 333, 331, 334, 349, 
39451, 335, 333, 336, 344, 
39482, 338, 339, 340, 331, 
39512, 340, 341, 340, 327, 
39542, 337, 338, 339, 335, 
39572, 333, 332, 334, 347, 
39603, 334, 332, 334, 347, 
39632, 337, 336, 337, 335, 
39663, 340, 342, 341, 325, 
39693, 338, 339, 339, 332, 
39724, 334, 335, 336, 344, 
39753, 333, 331, 334, 349, 
39783, 336, 335, 336, 339, 
39814, 339, 340, 339, 327, 
39843, 339, 342, 339, 329, 
39874, 335, 336, 336, 340, 
39904, 333, 331, 334, 350, 
39934, 335, 333, 335, 342, 
39964, 338, 339, 338, 331, 
39995, 339, 341, 340, 326, 
40025, 336, 337, 338, 336, 
40055, 334, 331, 334, 349, 
40085, 334, 333, 334, 346, 
40115, 337, 338, 338, 335, 
40145, 340, 342, 340, 325, 
40175, 337, 338, 339, 333, 
40206, 334, 333, 335, 344, 
40236, 333, 332, 334, 348, 
40266, 337, 336, 336, 338, 
40296, 340, 341, 340, 327, 
40327, 339, 340, 339, 329, 
40356, 335, 335, 336, 341, 
40387, 333, 331, 333, 348, 
40417, 336, 333, 336, 341, 
40446, 338, 340, 340, 329, 
40477, 339, 341, 340, 326, 
40507, 336, 336, 337, 337, 
40538, 333, 331, 334, 347, 
40567, 335, 333, 335, 344, 
40598, 338, 339, 339, 332, 
40628, 339, 341, 340, 324, 
40658, 337, 339, 338, 332, 
40688, 334, 333, 335, 345, 
40719, 333, 331, 333, 346, 
40749, 337, 337, 337, 335, 
40778, 340, 341, 340, 325, 
40809, 338, 340, 339, 330, 
40839, 335, 334, 336, 342, 
40869, 333, 331, 334, 348, 
40899, 335, 334, 335, 339, 
40930, 339, 340, 340, 328, 
40960, 339, 341, 339, 326, 
40990, 336, 336, 338, 337, 
41020, 333, 331, 334, 349, 
41051, 335, 333, 335, 345, 
41080, 338, 339, 338, 331, 
41110, 339, 341, 340, 326, 
41141, 337, 337, 338, 335, 
41170, 333, 332, 334, 347, 
41201, 333, 332, 334, 347, 
41231, 337, 337, 337, 335, 
41262, 338, 342, 340, 326, 
41291, 337, 339, 339, 332, 
41322, 334, 333, 336, 344, 
41352, 333, 331, 334, 349, 
41381, 335, 336, 336, 339, 
41412, 339, 341, 339, 328, 
41442, 338, 341, 340, 328, 
41473, 335, 335, 336, 342, 
41502, 332, 331, 334, 351, 
41533, 334, 334, 335, 343, 
41563, 338, 340, 338, 332, 
41593, 339, 342, 340, 327, 
41623, 336, 337, 338, 338, 
41654, 333, 330, 334, 348, 
41683, 334, 332, 334, 347, 
41713, 337, 338, 338, 335, 
41744, 338, 341, 340, 327, 
41774, 337, 340, 338, 333, 
41804, 335, 333, 335, 346, 
41834, 333, 332, 333, 348, 
41865, 336, 336, 336, 338, 
41894, 339, 341, 339, 327, 
41925, 339, 341, 339, 330, 
41955, 335, 335, 336, 341, 
41986, 333, 331, 333, 351, 
42015, 335, 335, 335, 342, 
42045, 338, 341, 339, 329, 
42076, 340, 341, 340, 327, 
42105, 336, 336, 337, 338, 
42136, 333, 331, 334, 349, 
42166, 334, 333, 335, 346, 
42196, 337, 338, 338, 333, 
42226, 340, 343, 340, 327, 
42257, 338, 338, 338, 334, 
42287, 334, 334, 335, 346, 
42317, 334, 332, 335, 349, 
42347, 335, 336, 337, 337, 
42377, 339, 341, 340, 327, 
42407, 338, 340, 339, 331, 
42437, 335, 334, 336, 344, 
42468, 333, 331, 333, 350, 
42498, 335, 335, 336, 342, 
42528, 339, 341, 339, 329, 
42558, 339, 340, 340, 329, 
42589, 336, 336, 338, 340, 
42618, 333, 331, 334, 350, 
42649, 334, 333, 335, 344, 
42679, 337, 339, 339, 332, 
42708, 339, 341, 340, 328, 
42739, 336, 337, 338, 336, 
42769, 333, 331, 334, 348, 
42800, 333, 332, 334, 348, 
42829, 336, 337, 337, 337, 
42860, 340, 342, 340, 327, 
42890, 338, 340, 339, 333, 
42920, 334, 333, 335, 345, 
42950, 333, 331, 334, 349, 
42981, 336, 335, 336, 339, 
43011, 339, 341, 339, 328, 
43040, 338, 340, 341, 329, 
43071, 336, 336, 337, 342, 
43101, 333, 331, 334, 351, 
43131, 334, 334, 336, 343, 
43161, 338, 339, 339, 331, 
43192, 339, 341, 340, 328, 
43222, 337, 337, 338, 337, 
43252, 333, 333, 334, 348, 
43282, 334, 332, 335, 346, 
43312, 337, 338, 338, 334, 
43342, 339, 342, 340, 325, 
43372, 337, 339, 339, 333, 
43403, 334, 333, 335, 345, 
43432, 334, 332, 334, 348, 
43463, 336, 336, 336, 337, 
43493, 339, 341, 340, 326, 
43524, 338, 339, 340, 330, 
43553, 335, 334, 336, 341, 
43584, 333, 331, 333, 350, 
43614, 335, 334, 336, 341, 
43643, 338, 341, 339, 328, 
43674, 338, 341, 340, 327, 
43704, 336, 335, 339, 338, 
43735, 333, 331, 334, 349, 
43764, 334, 333, 333, 345, 
43795, 338, 340, 338, 332, 
43825, 340, 342, 340, 326, 
43855, 337, 338, 337, 335, 
43885, 334, 333, 334, 347, 
43916, 334, 332, 334, 348, 
43945, 337, 337, 337, 336, 
43975, 340, 342, 340, 327, 
44006, 338, 340, 340, 332, 
44036, 334, 333, 336, 343, 
44066, 333, 331, 333, 349, 
44096, 337, 335, 336, 341, 
44127, 339, 340, 340, 328, 
44156, 338, 340, 340, 329, 
44187, 335, 336, 337, 341, 
44217, 333, 332, 334, 350, 
44248, 335, 334, 336, 344, 
44277, 338, 339, 338, 331, 
44307, 339, 342, 341, 326, 
44338, 337, 338, 338, 336, 
44367, 334, 332, 334, 348, 
44398, 333, 332, 334, 346, 
44428, 337, 337, 337, 334, 
44459, 340, 341, 339, 326, 
44488, 337, 339, 339, 332, 
44519, 335, 333, 335, 345, 
44549, 333, 332, 335, 349, 
44579, 336, 336, 336, 339, 
44609, 339, 341, 340, 327, 
44639, 338, 341, 339, 329, 
44669, 335, 335, 335, 341, 
44699, 333, 332, 334, 349, 
44730, 335, 335, 336, 343, 
44760, 338, 339, 339, 330, 
44790, 339, 342, 339, 327, 
44820, 336, 337, 338, 338, 
44851, 333, 332, 334, 349, 
44880, 334, 333, 335, 345, 
44911, 337, 338, 338, 332, 
44941, 339, 342, 340, 326, 
44971, 338, 338, 338, 334, 
45001, 334, 333, 336, 347, 
45031, 334, 332, 334, 348, 
45062, 335, 337, 337, 337, 
45091, 340, 341, 340, 326, 
45122, 337, 341, 339, 330, 
45152, 335, 334, 336, 342, 
45182, 333, 331, 335, 349, 
45212, 336, 336, 336, 341, 
45242, 339, 341, 339, 328, 
45273, 338, 341, 340, 327, 
45302, 336, 336, 336, 338, 
45333, 333, 331, 335, 348, 
45363, 335, 334, 336, 343, 
45393, 338, 339, 338, 331, 
45423, 339, 341, 340, 325, 
45454, 337, 338, 338, 334, 
45484, 333, 333, 334, 346, 
45514, 334, 332, 335, 346, 
45544, 338, 337, 338, 334, 
45574, 339, 342, 340, 325, 
45604, 338, 339, 339, 331, 
45634, 335, 334, 335, 345, 
45665, 333, 331, 335, 349, 
45694, 336, 336, 336, 339, 
45725, 340, 341, 340, 327, 
45755, 338, 341, 339, 329, 
45786, 338, 335, 336, 340, 
45815, 333, 331, 334, 349, 
45846, 335, 333, 336, 343, 
45876, 338, 339, 338, 330, 
45905, 339, 341, 340, 326, 
45936, 337, 337, 337, 336, 
45966, 334, 331, 334, 347, 
45997, 334, 333, 334, 345, 
46026, 337, 338, 337, 333, 
46057, 340, 341, 342, 325, 
46087, 337, 339, 339, 332, 
46117, 336, 333, 335, 345, 
46147, 333, 331, 334, 348, 
46178, 336, 336, 337, 337, 
46208, 339, 341, 340, 326, 
46237, 338, 340, 340, 330, 
46268, 335, 335, 338, 342, 
46298, 333, 332, 334, 349, 
46328, 335, 335, 337, 341, 
46358, 338, 340, 339, 329, 
46389, 339, 342, 340, 326, 
46418, 336, 336, 338, 338, 
46449, 333, 331, 335, 348, 
46479, 334, 333, 334, 344, 
46510, 338, 338, 339, 332, 
46539, 339, 341, 341, 326, 
46569, 337, 338, 339, 334, 
46600, 333, 333, 334, 346, 
46629, 333, 332, 334, 347, 
46660, 337, 337, 337, 336, 
46690, 339, 342, 340, 326, 
46721, 338, 340, 339, 331, 
46750, 335, 334, 337, 343, 
46781, 333, 331, 334, 349, 
46811, 336, 335, 336, 340, 
46841, 339, 341, 340, 328, 
46871, 340, 340, 341, 328, 
46901, 336, 336, 337, 340, 
46931, 334, 331, 335, 349, 
46961, 335, 333, 335, 343, 
46992, 339, 339, 339, 331, 
47022, 339, 344, 340, 326, 
47052, 337, 337, 338, 337, 
47082, 334, 332, 336, 347, 
47113, 334, 331, 334, 346, 
47142, 338, 338, 338, 335, 
47172, 340, 341, 341, 326, 
47203, 338, 339, 339, 332, 
47233, 335, 333, 336, 345, 
47263, 333, 333, 334, 349, 
47293, 336, 336, 337, 338, 
47324, 339, 341, 339, 327, 
47353, 338, 340, 340, 329, 
47384, 336, 335, 336, 341, 
47414, 334, 331, 333, 349, 
47444, 335, 335, 335, 342, 
47474, 338, 340, 339, 329, 
47504, 339, 341, 340, 327, 
47535, 337, 337, 338, 337, 
47564, 333, 332, 334, 348, 
47595, 334, 333, 335, 345, 
47625, 337, 338, 338, 331, 
47655, 339, 342, 340, 325, 
47685, 337, 338, 338, 334, 
47716, 334, 332, 335, 345, 
47746, 334, 331, 333, 348, 
47776, 337, 337, 336, 336, 
47806, 339, 341, 340, 326, 
47836, 338, 340, 339, 330, 
47866, 334, 334, 337, 344, 
47896, 334, 331, 334, 350, 
47927, 336, 335, 336, 341, 
47956, 340, 340, 339, 329, 
47987, 339, 341, 340, 328, 
48017, 336, 336, 337, 339, 
48048, 333, 331, 334, 349, 
48077, 335, 334, 335, 344, 
48108, 338, 339, 340, 331, 
48138, 340, 342, 341, 326, 
48167, 337, 338, 339, 335, 
48198, 334, 332, 335, 347, 
48228, 335, 332, 334, 346, 
48259, 337, 337, 337, 335, 
48288, 339, 342, 340, 325, 
48319, 338, 339, 339, 331, 
48349, 334, 334, 336, 344, 
48379, 333, 332, 334, 348, 
48409, 335, 335, 336, 340, 
48440, 339, 340, 339, 327, 
48470, 339, 340, 339, 328, 
48499, 335, 335, 336, 339, 
48530, 333, 331, 333, 350, 
48560, 334, 334, 335, 342, 
48590, 338, 340, 339, 331, 
48620, 339, 341, 340, 326, 
48651, 336, 337, 338, 337, 
48680, 333, 331, 335, 347, 
48711, 334, 332, 334, 346, 
48741, 337, 337, 337, 334, 
48772, 339, 343, 340, 326, 
48801, 337, 339, 339, 333, 
48831, 334, 333, 335, 345, 
48862, 333, 332, 334, 348, 
48891, 336, 335, 337, 338, 
48922, 339, 342, 341, 327, 
48952, 338, 339, 339, 330, 
48983, 335, 334, 336, 342, 
49012, 332, 330, 334, 349, 
49043, 335, 334, 336, 342, 
49073, 338, 340, 339, 330, 
49102, 339, 341, 339, 328, 
49133, 336, 336, 337, 340, 
49163, 333, 331, 334, 348, 
49193, 334, 333, 334, 345, 
49223, 338, 338, 338, 332, 
49254, 339, 342, 341, 326, 
49284, 336, 338, 339, 334, 
49314, 333, 333, 334, 348, 
49344, 333, 332, 334, 347, 
49375, 336, 337, 337, 335, 
49404, 340, 341, 340, 325, 
49434, 338, 340, 339, 331, 
49465, 334, 334, 336, 342, 
49495, 333, 331, 333, 350, 
49525, 335, 335, 336, 339, 
49555, 339, 341, 340, 327, 
49586, 338, 340, 340, 328, 
49615, 335, 335, 337, 340, 
49646, 333, 331, 334, 348, 
49676, 334, 333, 334, 343, 
49707, 339, 340, 338, 331, 
49736, 339, 342, 340, 325, 
49766, 337, 336, 338, 335, 
49797, 333, 332, 334, 348, 
49826, 335, 332, 335, 346, 
49857, 337, 337, 337, 335, 
49887, 339, 341, 339, 326, 
49917, 338, 339, 338, 332, 
49947, 334, 333, 335, 344, 
49978, 333, 332, 334, 349, 
50008, 336, 336, 336, 338, 
50038, 339, 341, 339, 327, 
50068, 339, 340, 339, 329, 
50098, 335, 334, 336, 342, 
50128, 333, 331, 333, 349, 
50158, 335, 334, 335, 342, 
50189, 340, 340, 339, 329, 
50219, 339, 340, 340, 326, 
50249, 336, 336, 337, 337, 
50279, 334, 331, 334, 349, 
50310, 334, 331, 335, 344, 
50339, 338, 338, 337, 332, 
50370, 339, 341, 340, 326, 
50400, 337, 337, 338, 334, 
50429, 335, 332, 335, 346, 
50460, 333, 332, 334, 348, 
50490, 336, 336, 337, 337, 
50521, 339, 341, 340, 327, 
50550, 338, 341, 339, 331, 
50581, 334, 334, 336, 343, 
50611, 332, 331, 333, 350, 
50641, 335, 334, 335, 340, 
50671, 339, 340, 339, 329, 
50702, 339, 340, 339, 328, 
50732, 335, 337, 337, 339, 
50761, 333, 331, 333, 349, 
50792, 334, 333, 334, 344, 
50822, 338, 337, 338, 332, 
50852, 339, 340, 340, 325, 
50882, 337, 337, 338, 336, 
50913, 333, 332, 335, 347, 
50942, 334, 331, 334, 347, 
50973, 337, 338, 337, 336, 
51003, 339, 340, 340, 326, 
51033, 337, 339, 339, 332, 
51063, 334, 334, 335, 344, 
51093, 333, 332, 333, 349, 
51124, 335, 335, 336, 339, 
51153, 338, 342, 339, 328, 
51184, 338, 339, 340, 329, 
51214, 335, 335, 336, 340, 
51245, 333, 331, 333, 349, 
51274, 335, 334, 335, 342, 
51305, 338, 339, 339, 331, 
51335, 339, 341, 340, 327, 
51364, 336, 336, 337, 336, 
51395, 333, 333, 334, 347, 
51425, 333, 332, 334, 347, 
51456, 338, 337, 337, 334, 
51485, 339, 341, 339, 327, 
51516, 337, 338, 338, 333, 
51546, 333, 334, 334, 346, 
51576, 334, 332, 333, 349, 
51606, 336, 336, 337, 339, 
51637, 340, 341, 340, 328, 
51666, 338, 341, 339, 331, 
51696, 335, 334, 336, 343, 
51727, 333, 330, 333, 351, 
51757, 334, 334, 335, 342, 
51787, 338, 340, 339, 330, 
51817, 339, 342, 340, 328, 
51848, 335, 337, 338, 340, 
51877, 332, 331, 332, 350, 
51908, 333, 333, 335, 346, 
51938, 338, 339, 338, 333, 
51969, 339, 342, 340, 327, 
51998, 337, 338, 338, 335, 
52028, 333, 332, 336, 348, 
52059, 333, 332, 334, 349, 
52088, 336, 337, 336, 337, 
52119, 339, 341, 340, 327, 
52149, 337, 339, 341, 332, 
52179, 335, 334, 336, 344, 
52209, 334, 331, 334, 350, 
52240, 335, 335, 336, 340, 
52270, 338, 340, 339, 328, 
52300, 339, 341, 339, 327, 
52330, 336, 336, 337, 340, 
52360, 333, 332, 334, 348, 
52390, 335, 334, 335, 343, 
52420, 338, 339, 338, 330, 
52451, 339, 341, 340, 326, 
52481, 337, 337, 338, 335, 
52511, 334, 332, 335, 345, 
52541, 335, 332, 335, 345, 
52572, 339, 336, 338, 334, 
52601, 340, 342, 340, 325, 
52632, 339, 339, 339, 331, 
52662, 335, 333, 335, 343, 
52691, 334, 332, 334, 347, 
52722, 336, 335, 336, 336, 
52752, 339, 341, 340, 327, 
52783, 340, 340, 339, 327, 
52812, 336, 335, 336, 339, 
52843, 334, 332, 334, 347, 
52873, 335, 334, 335, 340, 
52903, 339, 340, 339, 327, 
52933, 340, 341, 341, 324, 
52963, 337, 337, 337, 335, 
52994, 334, 333, 334, 346, 
53023, 335, 333, 335, 343, 
53054, 338, 338, 338, 331, 
53084, 340, 341, 340, 323, 
53114, 338, 338, 339, 331, 
53144, 334, 333, 335, 343, 
53175, 334, 330, 334, 345, 
53204, 337, 335, 336, 334, 
53235, 340, 341, 340, 324, 
53265, 338, 340, 340, 327, 
53295, 335, 334, 336, 341, 
53325, 334, 331, 334, 348, 
53355, 336, 334, 336, 340, 
53386, 339, 339, 339, 327, 
53415, 339, 341, 340, 326, 
53446, 336, 336, 337, 336, 
53476, 334, 332, 334, 347, 
53507, 335, 333, 336, 342, 
53536, 338, 339, 338, 329, 
53567, 340, 341, 340, 323, 
53597, 337, 338, 337, 333, 
53626, 334, 333, 334, 344, 
53657, 334, 332, 334, 345, 
53687, 336, 337, 337, 334, 
53718, 339, 341, 340, 324, 
53747, 337, 340, 339, 330, 
53778, 334, 334, 336, 341, 
53808, 333, 330, 334, 347, 
53838, 335, 335, 336, 338, 
53868, 339, 341, 339, 326, 
53899, 339, 341, 339, 326, 
53928, 336, 336, 337, 338, 
53958, 333, 330, 334, 348, 
53989, 335, 333, 335, 341, 
54019, 338, 339, 339, 329, 
54049, 339, 341, 341, 326, 
54079, 337, 338, 337, 335, 
54110, 333, 332, 333, 346, 
54139, 334, 333, 334, 345, 
54170, 337, 337, 337, 333, 
54200, 340, 341, 340, 325, 
