 341, 328, 
101230, 339, 341, 340, 329, 
101261, 338, 339, 338, 336, 
101293, 335, 335, 336, 34 339, 335, 
101198, 340, 342, 341, 328, 
101230, 339, 341, 340, 329, 
101261, 338, 339, 338, 336, 
101293, 335, 335, 336, 34 339, 335, 
101198, 340, 342, 341, 328, 
101230, 339, 341, 340, 329, 
101261, 338, 339, 338, 336, 
101293, 335, 335, 336, 340, 340, 341, 341, 328, 
1, 339, 339, 339, 333, 
2, 338, 336, 337, 338, 
11, 339, 341, 339, 334, 
37, 336, 334, 336, 348, 
65, 341, 343, 341, 329, 
92, 336, 336, 338, 345, 
119, 337, 338, 339, 343, 
147, 341, 343, 342, 329, 
175, 337, 336, 336, 345, 
203, 336, 335, 337, 347, 
231, 341, 343, 342, 329, 
260, 337, 338, 339, 343, 
287, 336, 333, 336, 350, 
316, 340, 342, 341, 332, 
344, 340, 341, 340, 339, 
371, 335, 334, 337, 351, 
400, 340, 340, 339, 334, 
428, 339, 341, 340, 334, 
456, 335, 333, 335, 351, 
484, 339, 339, 338, 337, 
512, 340, 342, 342, 332, 
540, 335, 334, 336, 349, 
568, 338, 337, 338, 341, 
596, 341, 343, 341, 329, 
624, 336, 335, 337, 346, 
653, 336, 335, 337, 345, 
680, 341, 342, 341, 328, 
708, 336, 338, 337, 343, 
737, 336, 334, 336, 349, 
764, 340, 342, 341, 330, 
793, 338, 339, 340, 339, 
821, 335, 333, 336, 350, 
849, 339, 341, 340, 332, 
877, 338, 340, 339, 335, 
905, 335, 332, 335, 351, 
933, 339, 339, 339, 336, 
961, 339, 340, 340, 332, 
990, 334, 333, 336, 350, 
1017, 339, 337, 339, 339, 
1046, 340, 343, 341, 327, 
1076, 338, 338, 338, 340, 
1104, 335, 333, 336, 351, 
1134, 337, 337, 338, 339, 
1163, 340, 342, 341, 328, 
1192, 337, 337, 338, 340, 
1221, 334, 332, 335, 350, 
1251, 337, 338, 338, 338, 
1280, 339, 343, 341, 328, 
1308, 336, 337, 338, 340, 
1338, 333, 331, 336, 350, 
1367, 337, 336, 338, 338, 
1396, 340, 343, 341, 327, 
1425, 337, 336, 337, 341, 
1455, 334, 332, 334, 349, 
1483, 338, 337, 338, 337, 
1512, 340, 342, 340, 328, 
1542, 336, 336, 337, 340, 
1570, 334, 332, 335, 349, 
1600, 338, 338, 340, 337, 
1629, 340, 343, 340, 328, 
1658, 337, 336, 337, 341, 
1687, 334, 332, 335, 350, 
1717, 337, 338, 338, 336, 
1745, 340, 342, 341, 328, 
1774, 336, 336, 336, 342, 
1804, 335, 332, 334, 349, 
1832, 338, 338, 339, 336, 
1862, 340, 342, 341, 327, 
1891, 336, 336, 337, 341, 
1921, 334, 332, 335, 349, 
1949, 338, 337, 339, 335, 
1978, 340, 341, 341, 328, 
2008, 336, 336, 337, 341, 
2036, 336, 332, 336, 350, 
2066, 338, 339, 339, 335, 
2095, 340, 343, 342, 329, 
2124, 336, 337, 337, 342, 
2153, 334, 334, 336, 349, 
2183, 338, 338, 339, 335, 
2211, 340, 342, 340, 328, 
2240, 336, 336, 336, 342, 
2270, 334, 333, 335, 348, 
2298, 338, 339, 339, 335, 
2328, 339, 341, 340, 329, 
2357, 335, 335, 336, 343, 
2386, 336, 332, 335, 348, 
2415, 338, 339, 339, 334, 
2444, 339, 342, 340, 328, 
2473, 336, 335, 336, 343, 
2502, 334, 333, 335, 348, 
2532, 340, 339, 339, 333, 
2561, 340, 341, 341, 329, 
2590, 336, 335, 336, 343, 
2619, 335, 333, 336, 348, 
2649, 340, 340, 339, 335, 
2677, 340, 342, 340, 329, 
2706, 336, 335, 336, 344, 
2736, 333, 333, 335, 348, 
2764, 339, 339, 339, 333, 
2794, 339, 341, 340, 329, 
2823, 335, 335, 336, 345, 
2852, 335, 334, 335, 349, 
2881, 339, 340, 340, 334, 
2910, 339, 341, 340, 329, 
2939, 334, 333, 336, 344, 
2968, 335, 333, 334, 347, 
2998, 339, 339, 339, 333, 
3026, 338, 341, 340, 329, 
3056, 335, 334, 336, 344, 
3085, 335, 334, 335, 347, 
3115, 339, 340, 340, 333, 
3143, 339, 341, 340, 330, 
3172, 335, 334, 336, 345, 
3202, 335, 333, 337, 347, 
3230, 339, 340, 339, 331, 
3260, 338, 340, 339, 329, 
3289, 334, 335, 337, 344, 
3318, 335, 333, 336, 346, 
3347, 339, 339, 340, 330, 
3376, 340, 340, 340, 330, 
3405, 335, 334, 335, 345, 
3434, 335, 332, 335, 346, 
3464, 339, 340, 339, 331, 
3492, 338, 340, 339, 331, 
3522, 334, 333, 336, 345, 
3551, 334, 334, 335, 346, 
3580, 339, 340, 341, 330, 
3609, 339, 341, 339, 331, 
3638, 334, 334, 336, 347, 
3667, 335, 334, 336, 346, 
3696, 340, 340, 340, 332, 
3726, 338, 341, 339, 331, 
3755, 334, 333, 335, 346, 
3784, 335, 333, 336, 345, 
3813, 339, 340, 340, 330, 
3842, 338, 340, 339, 331, 
3871, 335, 334, 335, 346, 
3900, 336, 334, 336, 345, 
3930, 339, 341, 339, 329, 
3958, 339, 340, 339, 331, 
3988, 333, 333, 335, 346, 
4017, 336, 334, 336, 344, 
4046, 339, 340, 340, 329, 
4075, 338, 340, 340, 331, 
4104, 333, 333, 335, 346, 
4133, 335, 334, 336, 344, 
4162, 339, 340, 340, 332, 
4192, 338, 340, 339, 332, 
4220, 335, 333, 335, 346, 
4250, 335, 334, 336, 344, 
4279, 339, 342, 340, 329, 
4307, 338, 340, 339, 332, 
4337, 334, 333, 335, 348, 
4366, 334, 335, 336, 343, 
4396, 338, 341, 340, 328, 
4424, 339, 340, 339, 332, 
4454, 333, 333, 335, 346, 
4483, 336, 334, 336, 345, 
4512, 339, 341, 340, 328, 
4541, 338, 339, 339, 333, 
4570, 333, 333, 333, 347, 
4599, 336, 335, 337, 343, 
4628, 340, 342, 340, 328, 
4658, 338, 340, 337, 333, 
4686, 334, 331, 334, 347, 
4716, 336, 334, 336, 342, 
4745, 337, 341, 340, 327, 
4773, 338, 339, 338, 333, 
4803, 334, 333, 335, 348, 
4832, 335, 334, 336, 342, 
4861, 340, 341, 340, 327, 
4890, 338, 339, 339, 333, 
4920, 334, 330, 334, 348, 
4948, 336, 335, 335, 343, 
4978, 339, 342, 340, 327, 
5007, 340, 339, 337, 334, 
5036, 334, 332, 335, 349, 
5065, 337, 335, 337, 342, 
5094, 339, 341, 341, 327, 
5124, 339, 338, 339, 335, 
5152, 333, 332, 334, 349, 
5182, 335, 335, 337, 341, 
5211, 340, 341, 340, 328, 
5239, 337, 338, 339, 336, 
5269, 334, 332, 334, 349, 
5298, 337, 335, 336, 341, 
5327, 340, 341, 340, 328, 
5356, 338, 338, 338, 334, 
5386, 333, 332, 334, 349, 
5414, 336, 335, 337, 342, 
5444, 341, 341, 341, 327, 
5473, 337, 338, 338, 335, 
5501, 333, 331, 334, 349, 
5531, 336, 335, 337, 341, 
5560, 339, 341, 341, 327, 
5590, 337, 339, 338, 336, 
5618, 333, 332, 334, 349, 
5648, 336, 336, 337, 341, 
5677, 340, 341, 341, 327, 
5705, 337, 338, 339, 336, 
5735, 333, 331, 334, 349, 
5764, 337, 336, 337, 339, 
5793, 340, 342, 340, 326, 
5822, 337, 338, 337, 336, 
5852, 332, 332, 334, 350, 
5880, 336, 337, 337, 339, 
5910, 340, 342, 340, 326, 
5939, 337, 338, 338, 336, 
5967, 334, 332, 334, 349, 
5997, 337, 336, 337, 338, 
6026, 340, 342, 341, 326, 
6055, 337, 338, 338, 336, 
6084, 334, 332, 334, 348, 
6114, 338, 336, 337, 338, 
6142, 340, 342, 341, 326, 
6171, 337, 338, 337, 337, 
6201, 334, 332, 334, 349, 
6230, 337, 336, 337, 337, 
6259, 340, 342, 340, 326, 
6288, 337, 337, 338, 337, 
6318, 334, 331, 334, 349, 
6346, 338, 336, 338, 337, 
6376, 340, 341, 340, 326, 
6405, 337, 337, 338, 337, 
6433, 333, 332, 333, 348, 
6463, 337, 336, 338, 336, 
6492, 340, 342, 341, 327, 
6521, 337, 338, 337, 338, 
6550, 333, 331, 335, 348, 
6580, 337, 337, 337, 336, 
6608, 339, 342, 341, 326, 
6637, 337, 337, 337, 336, 
6667, 334, 331, 334, 348, 
6695, 338, 338, 338, 336, 
6725, 339, 342, 339, 327, 
6754, 336, 337, 336, 338, 
6784, 333, 331, 334, 348, 
6812, 336, 337, 337, 336, 
6842, 340, 342, 341, 326, 
6871, 336, 336, 336, 338, 
6899, 333, 332, 334, 347, 
6929, 338, 337, 339, 335, 
6958, 339, 342, 340, 325, 
6987, 336, 336, 338, 339, 
7016, 334, 332, 335, 349, 
7046, 337, 338, 338, 335, 
7074, 339, 341, 341, 326, 
7103, 336, 336, 336, 340, 
7133, 333, 332, 334, 349, 
7161, 337, 338, 339, 335, 
7191, 339, 342, 340, 327, 
7220, 335, 336, 336, 341, 
7249, 334, 332, 335, 349, 
7278, 338, 339, 338, 334, 
7308, 339, 341, 340, 327, 
7336, 336, 336, 336, 341, 
7365, 334, 334, 334, 348, 
7395, 338, 338, 338, 334, 
7424, 339, 341, 340, 327, 
7453, 335, 336, 337, 342, 
7482, 334, 332, 334, 348, 
7512, 339, 338, 338, 335, 
7540, 340, 341, 340, 327, 
7569, 336, 335, 336, 342, 
7599, 334, 333, 335, 348, 
7627, 337, 338, 338, 332, 
7657, 339, 341, 340, 327, 
7686, 335, 335, 335, 343, 
7715, 334, 332, 334, 348, 
7744, 336, 338, 340, 333, 
7774, 339, 341, 340, 328, 
7802, 336, 335, 336, 342, 
7831, 334, 332, 335, 348, 
7861, 338, 339, 339, 333, 
7889, 339, 341, 341, 329, 
7919, 335, 335, 336, 343, 
7948, 334, 332, 335, 348, 
7977, 338, 339, 340, 334, 
8006, 339, 341, 340, 329, 
8035, 335, 335, 336, 345, 
8065, 336, 332, 336, 348, 
8093, 338, 340, 339, 333, 
8123, 339, 341, 340, 330, 
8152, 336, 335, 336, 345, 
8181, 335, 333, 335, 348, 
8210, 338, 339, 339, 334, 
8240, 339, 342, 340, 330, 
8268, 335, 335, 335, 345, 
8297, 335, 333, 335, 347, 
8327, 337, 339, 339, 332, 
8355, 338, 342, 339, 330, 
8385, 335, 334, 335, 344, 
8414, 335, 333, 335, 346, 
8443, 339, 340, 339, 331, 
8472, 338, 340, 340, 330, 
8501, 335, 335, 335, 345, 
8530, 335, 333, 336, 346, 
8559, 339, 340, 339, 330, 
8589, 338, 340, 339, 330, 
8617, 335, 333, 335, 345, 
8647, 335, 333, 336, 345, 
8676, 339, 340, 340, 330, 
8706, 339, 341, 339, 329, 
8734, 335, 333, 336, 346, 
8763, 335, 333, 336, 345, 
8793, 339, 340, 339, 330, 
8821, 339, 340, 339, 330, 
8851, 334, 332, 336, 346, 
8880, 335, 333, 336, 345, 
8909, 339, 341, 340, 330, 
8938, 338, 340, 339, 331, 
8967, 335, 334, 336, 347, 
8996, 335, 333, 336, 345, 
9025, 339, 340, 340, 329, 
9055, 338, 340, 339, 331, 
9083, 334, 334, 335, 346, 
9113, 335, 333, 336, 345, 
9142, 338, 340, 340, 330, 
9171, 338, 340, 339, 332, 
9200, 334, 333, 335, 348, 
9229, 335, 334, 336, 345, 
9259, 339, 341, 340, 330, 
9287, 338, 340, 339, 333, 
9317, 334, 333, 335, 348, 
9346, 334, 334, 336, 344, 
9375, 340, 341, 340, 330, 
9404, 337, 339, 339, 333, 
9433, 333, 333, 334, 348, 
9462, 335, 334, 337, 344, 
9491, 339, 340, 340, 329, 
9521, 338, 340, 338, 332, 
9549, 334, 333, 335, 348, 
9579, 335, 334, 336, 344, 
9608, 339, 342, 339, 328, 
9637, 337, 339, 339, 334, 
9666, 334, 332, 334, 348, 
9695, 335, 334, 336, 343, 
9724, 339, 341, 341, 328, 
9753, 339, 340, 338, 335, 
9783, 334, 332, 334, 348, 
9811, 335, 335, 336, 342, 
9841, 339, 341, 340, 327, 
9870, 338, 339, 338, 334, 
9899, 333, 332, 333, 348, 
9928, 336, 335, 336, 341, 
9957, 339, 341, 340, 328, 
9987, 337, 339, 338, 334, 
10015, 335, 333, 334, 348, 
10046, 336, 334, 337, 345, 
10076, 339, 339, 340, 333, 
10106, 339, 342, 341, 327, 
10136, 337, 338, 338, 334, 
10167, 334, 333, 336, 346, 
10196, 334, 332, 334, 349, 
10226, 337, 337, 337, 336, 
10257, 340, 341, 339, 327, 
10287, 338, 339, 339, 332, 
10317, 335, 335, 337, 343, 
10347, 334, 332, 336, 350, 
10378, 337, 335, 338, 340, 
10407, 339, 340, 341, 330, 
10438, 339, 340, 339, 329, 
10468, 336, 335, 337, 340, 
10498, 333, 333, 335, 350, 
10528, 335, 334, 336, 344, 
10558, 338, 339, 340, 332, 
10589, 340, 341, 340, 327, 
10618, 337, 338, 338, 337, 
10649, 334, 333, 335, 347, 
10679, 335, 333, 335, 346, 
10710, 338, 337, 340, 335, 
10739, 340, 341, 342, 326, 
10770, 337, 339, 338, 333, 
10800, 334, 334, 336, 343, 
10829, 334, 332, 334, 349, 
10860, 336, 336, 337, 339, 
10890, 339, 341, 341, 328, 
10920, 338, 340, 340, 330, 
10950, 335, 336, 336, 341, 
10981, 332, 331, 335, 349, 
11011, 336, 334, 336, 343, 
11041, 339, 341, 340, 330, 
11071, 339, 342, 341, 327, 
11102, 335, 338, 338, 338, 
11131, 334, 334, 334, 348, 
11161, 335, 333, 335, 344, 
11192, 338, 338, 339, 334, 
11222, 340, 342, 340, 326, 
11252, 338, 339, 339, 335, 
11282, 334, 334, 336, 346, 
11313, 335, 332, 334, 348, 
11342, 337, 337, 339, 338, 
11373, 340, 341, 341, 326, 
11403, 338, 339, 339, 332, 
11433, 335, 335, 336, 343, 
11463, 335, 331, 334, 350, 
11493, 337, 335, 335, 341, 
11524, 339, 341, 340, 329, 
11553, 339, 342, 340, 328, 
11584, 336, 339, 338, 340, 
11614, 334, 332, 336, 349, 
11644, 335, 334, 336, 344, 
11674, 339, 339, 340, 333, 
11705, 340, 342, 340, 327, 
11735, 337, 338, 339, 336, 
11765, 335, 333, 335, 347, 
11795, 336, 333, 336, 346, 
11825, 338, 337, 338, 335, 
11855, 340, 341, 340, 328, 
11885, 338, 339, 338, 332, 
11916, 335, 335, 336, 346, 
11945, 334, 332, 335, 350, 
11976, 336, 336, 337, 339, 
12006, 339, 341, 340, 329, 
12037, 338, 342, 339, 330, 
12066, 336, 335, 337, 341, 
12097, 334, 332, 335, 349, 
12127, 335, 335, 336, 343, 
12156, 340, 340, 340, 332, 
12187, 339, 342, 340, 328, 
12217, 336, 337, 337, 338, 
12248, 333, 332, 334, 348, 
12277, 334, 333, 335, 346, 
12308, 337, 338, 338, 335, 
12338, 340, 342, 340, 327, 
12368, 337, 339, 339, 335, 
12398, 334, 333, 335, 346, 
12428, 334, 332, 335, 349, 
12459, 337, 337, 338, 338, 
12488, 340, 342, 338, 328, 
12519, 340, 340, 340, 331, 
12549, 335, 335, 336, 343, 
12579, 334, 332, 336, 350, 
12609, 337, 335, 337, 342, 
12640, 339, 341, 340, 330, 
12669, 339, 342, 340, 329, 
12700, 336, 338, 337, 339, 
12730, 334, 332, 335, 350, 
12760, 335, 334, 335, 344, 
12790, 338, 339, 339, 333, 
12820, 339, 341, 340, 326, 
12851, 337, 338, 338, 335, 
12880, 335, 333, 334, 346, 
12911, 334, 334, 335, 346, 
12941, 337, 338, 338, 336, 
12972, 339, 341, 340, 327, 
13001, 337, 340, 339, 332, 
13032, 335, 334, 336, 344, 
13062, 334, 332, 334, 350, 
13091, 336, 336, 337, 339, 
13122, 339, 341, 340, 329, 
13152, 339, 341, 340, 329, 
13182, 336, 336, 337, 341, 
13212, 334, 332, 335, 350, 
13243, 336, 335, 337, 343, 
13273, 339, 339, 339, 332, 
13303, 339, 341, 341, 328, 
13333, 336, 339, 337, 337, 
13364, 334, 332, 336, 348, 
13393, 335, 333, 336, 346, 
13423, 338, 338, 338, 335, 
13454, 340, 342, 340, 327, 
13484, 337, 339, 339, 334, 
13514, 335, 335, 335, 345, 
13544, 334, 331, 334, 349, 
13575, 337, 336, 337, 339, 
13604, 340, 342, 340, 328, 
13635, 338, 340, 339, 330, 
13665, 336, 335, 336, 342, 
13696, 335, 333, 335, 349, 
13725, 336, 335, 336, 342, 
13755, 338, 340, 340, 330, 
13786, 340, 342, 340, 328, 
13815, 336, 337, 337, 338, 
13846, 333, 332, 335, 349, 
13876, 335, 335, 336, 345, 
13906, 338, 339, 339, 333, 
13936, 340, 342, 341, 327, 
13967, 338, 339, 337, 335, 
13997, 334, 334, 335, 347, 
14027, 334, 332, 335, 348, 
14057, 337, 338, 337, 339, 
14087, 340, 341, 340, 327, 
14117, 338, 340, 339, 332, 
14147, 335, 334, 336, 344, 
14178, 334, 333, 335, 349, 
14208, 336, 336, 338, 341, 
14238, 339, 341, 340, 329, 
14268, 339, 342, 340, 330, 
14299, 336, 336, 337, 340, 
14328, 334, 332, 335, 349, 
14358, 336, 335, 336, 343, 
14389, 338, 339, 340, 332, 
14418, 339, 342, 341, 328, 
14449, 337, 339, 337, 338, 
14479, 334, 333, 335, 348, 
14510, 335, 333, 335, 347, 
14539, 338, 338, 338, 336, 
14570, 340, 343, 340, 327, 
14600, 339, 340, 338, 333, 
14630, 336, 334, 334, 345, 
14660, 334, 332, 335, 348, 
14690, 337, 336, 337, 338, 
14721, 339, 342, 340, 327, 
14750, 338, 340, 340, 329, 
14781, 335, 336, 336, 341, 
14811, 334, 331, 335, 349, 
14841, 336, 335, 336, 342, 
14871, 339, 340, 339, 330, 
14902, 340, 341, 340, 327, 
14931, 337, 337, 337, 337, 
14962, 333, 332, 334, 349, 
14992, 335, 334, 336, 346, 
15022, 337, 338, 338, 334, 
15052, 341, 343, 340, 326, 
15082, 337, 339, 338, 334, 
15113, 334, 334, 335, 346, 
15142, 334, 334, 335, 348, 
15173, 337, 337, 338, 337, 
15203, 339, 342, 340, 327, 
15234, 338, 341, 339, 331, 
15263, 335, 335, 335, 343, 
15294, 333, 332, 334, 349, 
15324, 336, 335, 336, 341, 
15353, 339, 341, 340, 330, 
15384, 339, 341, 340, 329, 
15414, 336, 338, 337, 339, 
15444, 334, 333, 334, 349, 
15474, 335, 334, 336, 344, 
15505, 339, 339, 337, 333, 
15535, 340, 342, 341, 329, 
15565, 337, 339, 338, 336, 
15595, 334, 334, 335, 347, 
15626, 335, 333, 335, 348, 
15655, 338, 338, 338, 336, 
15685, 340, 342, 340, 327, 
15716, 339, 340, 340, 333, 
15746, 335, 335, 336, 344, 
15776, 334, 332, 335, 349, 
15806, 336, 336, 337, 340, 
15837, 340, 341, 340, 329, 
15866, 339, 341, 340, 329, 
15897, 336, 336, 337, 341, 
15927, 334, 332, 334, 349, 
15958, 335, 335, 337, 344, 
15987, 339, 339, 339, 331, 
16017, 340, 342, 340, 326, 
16048, 337, 338, 338, 337, 
16077, 334, 333, 335, 348, 
16108, 335, 333, 336, 346, 
16138, 338, 339, 340, 335, 
16168, 340, 342, 340, 327, 
16198, 338, 339, 340, 334, 
16229, 335, 334, 335, 346, 
16259, 334, 333, 335, 350, 
16288, 337, 337, 337, 338, 
16319, 338, 342, 340, 328, 
16349, 338, 340, 339, 331, 
16379, 335, 335, 339, 342, 
16409, 333, 332, 334, 351, 
16440, 334, 336, 337, 343, 
16470, 338, 340, 339, 330, 
16500, 339, 341, 340, 327, 
16530, 336, 337, 337, 338, 
16561, 333, 332, 334, 349, 
16590, 336, 333, 336, 345, 
16620, 338, 338, 339, 333, 
16651, 340, 343, 340, 327, 
16680, 337, 340, 338, 334, 
16711, 334, 333, 335, 346, 
16741, 334, 332, 335, 348, 
16772, 337, 337, 338, 338, 
16801, 340, 341, 340, 328, 
16832, 338, 340, 340, 332, 
16862, 335, 335, 337, 343, 
16892, 333, 332, 334, 349, 
16922, 336, 336, 337, 341, 
16952, 340, 341, 340, 330, 
16983, 339, 341, 340, 329, 
17012, 336, 336, 337, 340, 
17043, 334, 333, 335, 349, 
17073, 336, 335, 336, 344, 
17103, 339, 340, 339, 333, 
17133, 341, 342, 341, 327, 
17164, 336, 338, 338, 337, 
17193, 334, 333, 335, 348, 
17224, 335, 333, 336, 347, 
17254, 338, 338, 338, 335, 
17284, 340, 342, 341, 326, 
17314, 338, 339, 340, 333, 
17344, 334, 334, 335, 344, 
17375, 334, 332, 335, 348, 
17404, 337, 336, 338, 339, 
17435, 339, 342, 340, 328, 
17465, 338, 341, 340, 329, 
17496, 336, 336, 336, 340, 
17525, 333, 331, 334, 349, 
17556, 334, 334, 337, 343, 
17586, 338, 339, 340, 330, 
17615, 339, 342, 340, 327, 
17646, 338, 336, 338, 338, 
17676, 334, 331, 335, 348, 
17707, 335, 332, 336, 346, 
17736, 338, 337, 339, 334, 
17767, 340, 341, 340, 326, 
17797, 337, 338, 338, 333, 
17827, 334, 333, 335, 346, 
17857, 333, 332, 335, 348, 
17888, 337, 336, 337, 337, 
17917, 339, 341, 340, 328, 
17947, 339, 340, 339, 331, 
17978, 335, 335, 336, 343, 
18008, 334, 333, 334, 349, 
18038, 336, 335, 337, 341, 
18068, 339, 341, 340, 330, 
18099, 340, 342, 340, 328, 
18128, 337, 337, 336, 338, 
18159, 334, 332, 334, 348, 
18189, 335, 334, 336, 344, 
18219, 338, 339, 339, 332, 
18249, 340, 343, 340, 327, 
18279, 338, 338, 338, 335, 
18310, 334, 333, 335, 347, 
18339, 335, 333, 335, 347, 
18370, 337, 337, 338, 336, 
18400, 340, 342, 339, 327, 
18430, 338, 340, 339, 331, 
18460, 335, 335, 336, 343, 
18491, 334, 332, 334, 350, 
18521, 336, 336, 337, 340, 
18550, 339, 341, 340, 328, 
18581, 338, 341, 340, 329, 
18611, 336, 336, 337, 341, 
18641, 334, 332, 334, 348, 
18671, 336, 334, 337, 343, 
18702, 339, 339, 339, 331, 
18732, 339, 342, 340, 327, 
18762, 336, 338, 337, 336, 
18792, 334, 334, 335, 348, 
18823, 335, 333, 335, 345, 
18852, 338, 338, 338, 335, 
18882, 340, 342, 340, 327, 
18913, 338, 339, 339, 333, 
18942, 335, 334, 336, 345, 
18973, 335, 333, 335, 349, 
19003, 337, 337, 337, 338, 
19034, 340, 344, 340, 329, 
19063, 338, 341, 340, 331, 
19094, 335, 335, 336, 342, 
19124, 334, 332, 334, 349, 
19154, 336, 335, 337, 343, 
19184, 340, 340, 339, 332, 
19214, 340, 342, 340, 328, 
19245, 337, 337, 337, 339, 
19274, 334, 331, 334, 349, 
19305, 335, 332, 336, 345, 
19335, 338, 339, 339, 333, 
19365, 340, 343, 341, 326, 
19395, 338, 338, 338, 336, 
19426, 334, 333, 335, 346, 
19456, 334, 333, 335, 348, 
19486, 337, 337, 338, 337, 
19516, 340, 342, 340, 327, 
19546, 338, 340, 340, 332, 
19576, 335, 335, 335, 344, 
19606, 333, 332, 334, 349, 
19637, 337, 336, 337, 340, 
19666, 340, 340, 340, 329, 
19697, 340, 341, 340, 329, 
19727, 335, 338, 337, 340, 
19758, 334, 332, 334, 349, 
19787, 335, 334, 336, 343, 
19818, 338, 339, 340, 331, 
19848, 340, 341, 341, 326, 
19877, 337, 338, 337, 337, 
19908, 334, 334, 336, 348, 
19938, 334, 333, 335, 347, 
19969, 337, 338, 338, 335, 
19998, 340, 342, 340, 327, 
20029, 338, 340, 339, 335, 
20059, 335, 335, 336, 346, 
20089, 334, 332, 335, 349, 
20119, 337, 337, 336, 340, 
20149, 339, 341, 340, 329, 
20179, 338, 340, 339, 330, 
20209, 335, 335, 336, 343, 
20240, 334, 333, 334, 351, 
20270, 336, 334, 336, 343, 
20300, 339, 340, 339, 332, 
20330, 338, 341, 340, 329, 
20361, 336, 337, 337, 338, 
20390, 333, 332, 334, 348, 
20421, 335, 333, 336, 346, 
20451, 336, 338, 339, 334, 
20481, 340, 342, 340, 328, 
20511, 337, 339, 338, 335, 
20541, 334, 333, 335, 347, 
20572, 335, 332, 335, 349, 
20601, 337, 337, 339, 338, 
20632, 339, 341, 341, 328, 
20662, 339, 340, 339, 332, 
20692, 336, 335, 336, 343, 
20722, 334, 331, 334, 349, 
20753, 337, 335, 337, 341, 
20783, 339, 340, 341, 330, 
20812, 338, 341, 339, 329, 
20843, 336, 337, 337, 340, 
20873, 334, 332, 333, 349, 
20903, 335, 334, 336, 344, 
20933, 339, 340, 339, 332, 
20964, 340, 342, 340, 327, 
20994, 337, 338, 338, 336, 
21024, 335, 333, 335, 347, 
21054, 334, 332, 335, 347, 
21085, 337, 337, 338, 336, 
21114, 340, 343, 340, 327, 
21144, 338, 339, 338, 333, 
21175, 335, 334, 335, 345, 
21204, 334, 333, 335, 349, 
21235, 336, 337, 337, 339, 
21265, 339, 341, 340, 329, 
21296, 338, 340, 340, 330, 
21325, 335, 336, 336, 342, 
21356, 333, 332, 334, 350, 
21386, 336, 335, 336, 343, 
21416, 339, 339, 339, 331, 
21446, 339, 341, 340, 328, 
21476, 336, 338, 337, 338, 
21507, 334, 332, 334, 349, 
21536, 335, 333, 337, 346, 
21567, 338, 338, 340, 334, 
21597, 339, 342, 340, 327, 
21627, 337, 338, 338, 335, 
21657, 335, 334, 335, 346, 
21688, 334, 332, 335, 349, 
21718, 337, 336, 337, 339, 
21748, 339, 342, 340, 328, 
21778, 338, 340, 339, 333, 
21808, 335, 335, 336, 343, 
21838, 333, 332, 334, 349, 
21868, 336, 335, 337, 341, 
21899, 339, 340, 340, 329, 
21928, 339, 342, 341, 329, 
21959, 337, 337, 337, 340, 
21989, 334, 332, 335, 349, 
22020, 336, 335, 336, 344, 
22049, 338, 339, 340, 333, 
22079, 339, 342, 341, 327, 
22110, 338, 338, 338, 336, 
22139, 335, 333, 335, 346, 
22170, 335, 332, 335, 347, 
22200, 337, 337, 339, 336, 
22231, 340, 341, 340, 327, 
22260, 338, 339, 339, 332, 
22291, 335, 334, 335, 344, 
22321, 334, 332, 334, 349, 
22351, 336, 335, 337, 338, 
22381, 339, 341, 341, 327, 
22411, 338, 341, 339, 331, 
22441, 336, 335, 336, 341, 
22471, 334, 332, 334, 349, 
22502, 335, 334, 336, 342, 
22532, 339, 339, 339, 330, 
22562, 339, 341, 340, 328, 
22592, 336, 338, 337, 337, 
22623, 334, 332, 333, 348, 
22652, 335, 333, 334, 346, 
22683, 339, 339, 337, 334, 
22713, 340, 342, 340, 327, 
22743, 338, 338, 338, 335, 
22773, 334, 334, 335, 345, 
22803, 334, 332, 335, 347, 
22834, 337, 337, 337, 338, 
22863, 340, 341, 340, 327, 
22894, 337, 340, 339, 331, 
22924, 334, 335, 336, 343, 
22955, 334, 331, 335, 350, 
22984, 336, 336, 337, 341, 
23015, 340, 340, 339, 329, 
23045, 339, 342, 341, 329, 
23074, 336, 337, 338, 339, 
23105, 334, 332, 334, 350, 
23135, 335, 334, 337, 344, 
23165, 338, 339, 340, 332, 
23195, 340, 342, 340, 327, 
23226, 336, 338, 339, 336, 
23256, 334, 333, 334, 348, 
23286, 335, 333, 335, 347, 
23316, 338, 337, 339, 335, 
23347, 340, 342, 340, 326, 
23376, 338, 339, 338, 333, 
23406, 334, 334, 336, 344, 
23437, 334, 332, 335, 348, 
23467, 336, 337, 337, 339, 
23497, 339, 341, 340, 328, 
23527, 339, 341, 338, 330, 
23558, 336, 336, 336, 343, 
23587, 333, 332, 334, 349, 
23618, 336, 335, 337, 342, 
23648, 339, 341, 339, 331, 
23678, 339, 341, 340, 328, 
23708, 337, 337, 338, 338, 
23738, 334, 332, 334, 349, 
23769, 335, 334, 336, 345, 
23798, 338, 339, 340, 333, 
23829, 341, 342, 341, 326, 
23859, 337, 339, 339, 335, 
23889, 333, 333, 335, 346, 
23919, 335, 332, 335, 347, 
23950, 337, 337, 339, 337, 
23980, 340, 342, 339, 327, 
24009, 338, 340, 339, 331, 
24040, 335, 335, 337, 343, 
24070, 334, 332, 333, 348, 
24100, 336, 335, 337, 340, 
24130, 338, 340, 340, 328, 
24161, 338, 340, 340, 329, 
24190, 336, 336, 337, 340, 
24221, 333, 331, 335, 349, 
24251, 336, 334, 336, 343, 
24282, 338, 339, 339, 331, 
24311, 339, 342, 341, 326, 
24341, 337, 337, 338, 335, 
24372, 335, 332, 334, 346, 
24401, 335, 333, 336, 345, 
24432, 338, 338, 338, 334, 
24462, 339, 341, 340, 327, 
24493, 338, 339, 340, 334, 
24522, 334, 334, 336, 346, 
24553, 334, 333, 334, 348, 
24583, 336, 337, 338, 339, 
24613, 339, 341, 340, 328, 
24643, 338, 340, 339, 331, 
24673, 335, 335, 336, 343, 
24704, 333, 332, 335, 349, 
24733, 336, 334, 337, 342, 
24764, 339, 340, 340, 329, 
24794, 340, 341, 340, 328, 
24824, 336, 337, 338, 339, 
24854, 335, 332, 335, 349, 
24885, 335, 335, 336, 344, 
24914, 338, 339, 340, 332, 
24945, 339, 342, 341, 327, 
24975, 337, 338, 338, 335, 
25005, 333, 333, 335, 346, 
25035, 334, 332, 335, 347, 
25065, 337, 337, 338, 336, 
25096, 341, 342, 341, 327, 
25125, 338, 339, 339, 331, 
25156, 335, 334, 335, 344, 
25186, 334, 332, 335, 350, 
25217, 336, 336, 337, 339, 
25246, 339, 341, 340, 329, 
25277, 338, 340, 340, 331, 
25307, 335, 336, 337, 342, 
25336, 333, 332, 334, 350, 
25367, 335, 334, 337, 343, 
25397, 339, 340, 339, 332, 
25427, 339, 342, 340, 328, 
25457, 337, 337, 337, 338, 
25488, 334, 332, 335, 349, 
25518, 336, 333, 335, 345, 
25548, 338, 338, 338, 334, 
25578, 342, 342, 340, 327, 
25609, 337, 339, 338, 335, 
25638, 334, 333, 335, 347, 
25668, 334, 332, 334, 348, 
25699, 338, 337, 338, 338, 
25729, 340, 341, 341, 328, 
25759, 337, 340, 339, 332, 
25789, 335, 335, 336, 344, 
25820, 333, 331, 334, 350, 
25849, 336, 335, 337, 343, 
25880, 340, 341, 341, 330, 
25910, 339, 341, 340, 330, 
25939, 336, 336, 337, 340, 
25970, 333, 332, 334, 351, 
26000, 335, 334, 336, 345, 
26031, 338, 339, 339, 333, 
26060, 339, 341, 340, 328, 
26091, 336, 337, 337, 337, 
26121, 333, 332, 334, 348, 
26151, 334, 333, 335, 347, 
26181, 337, 337, 338, 336, 
26212, 339, 342, 340, 329, 
26242, 339, 339, 338, 334, 
26271, 335, 333, 335, 347, 
26302, 335, 330, 334, 351, 
26332, 336, 336, 337, 339, 
26362, 340, 341, 340, 329, 
26392, 338, 340, 339, 331, 
26423, 335, 335, 337, 342, 
26452, 333, 331, 334, 349, 
26483, 337, 335, 337, 341, 
26513, 339, 340, 340, 330, 
26544, 339, 341, 340, 328, 
26573, 336, 338, 336, 338, 
26603, 334, 332, 335, 348, 
26634, 335, 334, 336, 343, 
26663, 339, 340, 339, 332, 
26694, 341, 343, 339, 326, 
26724, 337, 338, 339, 334, 
26755, 335, 334, 336, 346, 
26784, 335, 332, 336, 345, 
26815, 338, 337, 339, 334, 
26845, 340, 342, 341, 325, 
26875, 339, 339, 339, 331, 
26905, 335, 334, 335, 343, 
26935, 334, 332, 336, 348, 
26966, 337, 335, 337, 338, 
26995, 340, 340, 340, 327, 
27026, 340, 340, 339, 329, 
27056, 337, 336, 336, 340, 
27086, 334, 331, 334, 349, 
27116, 336, 335, 338, 342, 
27147, 340, 340, 340, 330, 
27176, 339, 341, 340, 327, 
27207, 336, 337, 337, 338, 
27237, 334, 332, 335, 348, 
27267, 335, 333, 336, 345, 
27297, 338, 338, 339, 333, 
27327, 340, 342, 340, 326, 
27358, 338, 338, 338, 335, 
27387, 335, 333, 335, 346, 
27418, 335, 333, 335, 348, 
27448, 338, 337, 338, 336, 
27479, 340, 342, 340, 327, 
27508, 338, 340, 339, 332, 
27539, 335, 334, 335, 344, 
27569, 334, 332, 334, 349, 
27598, 337, 336, 337, 339, 
27629, 340, 341, 339, 329, 
27659, 339, 341, 340, 330, 
27689, 337, 336, 336, 341, 
27719, 334, 331, 333, 349, 
27750, 336, 334, 336, 343, 
27780, 338, 339, 339, 332, 
27810, 339, 341, 341, 327, 
27840, 337, 338, 339, 337, 
27870, 334, 332, 335, 348, 
27900, 335, 333, 335, 345, 
27930, 338, 338, 338, 334, 
27961, 339, 342, 340, 326, 
27991, 338, 339, 339, 334, 
28021, 334, 333, 335, 346, 
28051, 334, 332, 334, 348, 
28082, 337, 337, 337, 337, 
28111, 339, 341, 340, 326, 
28142, 338, 340, 339, 331, 
28172, 335, 335, 336, 343, 
28201, 334, 333, 335, 349, 
28232, 336, 335, 338, 340, 
28262, 339, 340, 341, 329, 
28293, 340, 341, 340, 328, 
28322, 337, 336, 337, 339, 
28353, 334, 332, 334, 347, 
28383, 335, 335, 336, 343, 
28413, 338, 339, 339, 331, 
28443, 340, 342, 340, 328, 
28474, 337, 338, 338, 336, 
28504, 334, 333, 335, 347, 
28533, 334, 333, 335, 346, 
28564, 338, 338, 338, 335, 
28594, 341, 342, 341, 326, 
28624, 337, 338, 338, 335, 
28654, 335, 334, 336, 345, 
28685, 334, 332, 335, 348, 
28715, 337, 337, 338, 339, 
28745, 339, 342, 341, 328, 
28775, 338, 340, 339, 331, 
28806, 335, 335, 336, 342, 
28835, 334, 332, 334, 349, 
28865, 336, 335, 337, 341, 
28896, 339, 339, 339, 330, 
28925, 339, 341, 341, 328, 
28956, 336, 337, 337, 339, 
28986, 334, 333, 334, 348, 
29017, 335, 334, 336, 343, 
29046, 339, 339, 340, 331, 
29077, 340, 341, 339, 326, 
29107, 337, 338, 338, 335, 
29137, 334, 333, 336, 347, 
29167, 335, 332, 335, 346, 
29197, 338, 337, 338, 335, 
29228, 340, 341, 340, 326, 
29257, 338, 339, 338, 333, 
29288, 335, 334, 335, 343, 
29318, 334, 332, 334, 348, 
29348, 336, 336, 337, 338, 
29378, 339, 341, 340, 327, 
29409, 338, 340, 339, 330, 
29438, 335, 335, 336, 342, 
29469, 334, 332, 334, 348, 
29499, 335, 335, 337, 342, 
29529, 339, 340, 340, 330, 
29559, 340, 342, 341, 329, 
29589, 336, 337, 337, 338, 
29620, 334, 332, 334, 347, 
29649, 335, 334, 336, 344, 
29680, 339, 339, 339, 333, 
29710, 340, 342, 340, 327, 
29741, 337, 338, 338, 335, 
29770, 335, 333, 335, 346, 
29800, 335, 333, 336, 348, 
29831, 336, 337, 338, 336, 
29860, 340, 341, 341, 326, 
29891, 339, 340, 339, 332, 
29921, 335, 334, 336, 344, 
29952, 334, 331, 335, 348, 
29981, 337, 335, 337, 339, 
30012, 340, 342, 340, 328, 
30042, 339, 340, 339, 329, 
30072, 336, 337, 337, 340, 
30102, 335, 332, 335, 349, 
30132, 336, 335, 336, 342, 
30162, 339, 340, 340, 330, 
30192, 341, 341, 340, 326, 
30223, 336, 337, 337, 337, 
30253, 334, 332, 335, 348, 
30283, 336, 333, 336, 344, 
30313, 338, 339, 338, 332, 
30344, 339, 342, 340, 326, 
30373, 339, 338, 338, 334, 
30404, 335, 333, 335, 345, 
30434, 335, 332, 335, 347, 
30464, 337, 337, 339, 336, 
30494, 339, 342, 340, 326, 
30524, 338, 340, 339, 331, 
30555, 336, 335, 336, 342, 
30584, 334, 332, 334, 348, 
30615, 337, 335, 337, 339, 
30645, 339, 341, 340, 328, 
30675, 340, 340, 340, 328, 
30705, 336, 336, 336, 339, 
30736, 334, 332, 334, 348, 
30766, 336, 334, 336, 342, 
30795, 339, 340, 340, 330, 
30826, 338, 341, 341, 326, 
30856, 337, 337, 337, 336, 
30886, 334, 332, 335, 347, 
30916, 335, 333, 335, 345, 
30947, 339, 338, 338, 334, 
30977, 339, 342, 340, 326, 
31007, 338, 339, 339, 333, 
31037, 333, 334, 335, 345, 
31068, 334, 332, 335, 348, 
31097, 337, 336, 337, 337, 
31127, 339, 341, 340, 326, 
31158, 339, 340, 339, 330, 
31187, 336, 335, 336, 342, 
31218, 334, 332, 334, 349, 
31248, 336, 335, 337, 340, 
31279, 340, 340, 339, 329, 
31308, 339, 341, 340, 327, 
31339, 336, 336, 337, 339, 
31369, 333, 332, 334, 348, 
31399, 335, 334, 336, 343, 
31429, 339, 339, 339, 332, 
31459, 340, 342, 340, 327, 
31490, 337, 338, 338, 336, 
31519, 334, 333, 336, 347, 
31550, 334, 333, 336, 346, 
31580, 338, 338, 339, 335, 
31610, 340, 342, 341, 327, 
31640, 338, 339, 339, 332, 
31671, 334, 334, 335, 346, 
31700, 334, 332, 335, 350, 
31730, 337, 336, 337, 338, 
31761, 339, 341, 340, 327, 
31791, 338, 340, 340, 331, 
31821, 336, 335, 337, 342, 
31851, 334, 333, 334, 350, 
31882, 336, 335, 337, 342, 
31911, 339, 341, 340, 330, 
31942, 339, 341, 341, 328, 
31972, 336, 337, 337, 338, 
32003, 334, 332, 334, 348, 
32032, 335, 333, 336, 345, 
32062, 337, 339, 339, 333, 
32093, 339, 342, 341, 327, 
32122, 338, 339, 338, 336, 
32153, 334, 333, 335, 346, 
32183, 335, 333, 335, 347, 
32214, 337, 337, 338, 337, 
32243, 339, 342, 341, 327, 
32274, 338, 340, 340, 333, 
32304, 335, 335, 336, 344, 
32334, 333, 332, 335, 350, 
32364, 337, 337, 337, 339, 
32394, 340, 342, 340, 329, 
32424, 338, 341, 340, 330, 
32454, 336, 336, 337, 341, 
32485, 333, 332, 335, 350, 
32515, 336, 335, 336, 342, 
32545, 339, 339, 339, 330, 
32575, 340, 341, 341, 328, 
32606, 336, 337, 337, 338, 
32635, 333, 332, 335, 348, 
32666, 335, 333, 335, 346, 
32696, 338, 339, 338, 334, 
32726, 340, 342, 340, 327, 
32756, 337, 340, 339, 335, 
32786, 334, 334, 334, 346, 
32817, 334, 332, 335, 348, 
32846, 337, 337, 336, 337, 
32877, 340, 342, 340, 327, 
32907, 338, 340, 340, 331, 
32937, 336, 335, 336, 343, 
32967, 334, 331, 334, 349, 
32998, 336, 336, 337, 340, 
33028, 340, 340, 340, 329, 
33057, 339, 341, 341, 330, 
33088, 336, 337, 337, 340, 
33118, 334, 332, 335, 349, 
33148, 335, 335, 335, 344, 
33178, 338, 339, 340, 332, 
33209, 340, 342, 340, 327, 
33239, 337, 338, 339, 337, 
33269, 334, 333, 336, 347, 
33299, 335, 333, 336, 346, 
33330, 337, 337, 338, 335, 
33359, 340, 342, 340, 326, 
33389, 338, 339, 339, 333, 
33420, 335, 334, 335, 344, 
33449, 334, 332, 334, 348, 
33480, 337, 336, 338, 339, 
33510, 340, 342, 340, 329, 
33541, 338, 339, 338, 330, 
33570, 336, 335, 337, 342, 
33601, 335, 331, 334, 348, 
33631, 336, 334, 336, 341, 
33660, 339, 339, 339, 330, 
33691, 339, 341, 341, 328, 
33721, 336, 336, 337, 338, 
33752, 334, 332, 334, 349, 
33781, 335, 333, 335, 346, 
33812, 338, 339, 339, 335, 
33842, 339, 342, 339, 328, 
33872, 337, 339, 338, 336, 
33902, 334, 333, 335, 346, 
33933, 334, 331, 335, 348, 
33963, 337, 337, 338, 337, 
33992, 340, 341, 341, 329, 
34023, 338, 340, 339, 332, 
34053, 335, 335, 335, 344, 
34083, 332, 331, 334, 349, 
34113, 336, 336, 338, 340, 
34144, 339, 340, 340, 329, 
34173, 339, 341, 340, 330, 
34204, 336, 336, 336, 340, 
34234, 335, 332, 334, 349, 
34265, 336, 335, 336, 343, 
34294, 340, 340, 339, 331, 
34324, 339, 341, 340, 327, 
34355, 337, 338, 338, 338, 
34384, 335, 332, 334, 348, 
34415, 335, 333, 335, 346, 
34445, 338, 338, 338, 334, 
34476, 340, 342, 340, 327, 
34505, 338, 339, 338, 335, 
34536, 334, 333, 336, 345, 
34566, 334, 332, 336, 348, 
34596, 337, 336, 339, 338, 
34626, 340, 341, 340, 328, 
34656, 339, 340, 339, 331, 
34686, 335, 335, 336, 342, 
34716, 334, 331, 334, 349, 
34747, 336, 335, 336, 341, 
34777, 339, 341, 340, 330, 
34807, 339, 341, 340, 329, 
34837, 337, 337, 336, 339, 
34868, 334, 332, 335, 348, 
34897, 337, 334, 336, 344, 
34928, 337, 339, 339, 333, 
34958, 339, 342, 340, 327, 
34988, 338, 338, 338, 335, 
35018, 333, 333, 335, 346, 
35048, 334, 333, 335, 346, 
35079, 337, 337, 338, 335, 
35108, 340, 342, 340, 327, 
35139, 337, 339, 338, 333, 
35169, 334, 335, 336, 344, 
35200, 333, 332, 334, 348, 
35229, 336, 336, 338, 339, 
35260, 339, 341, 340, 329, 
35290, 338, 340, 339, 329, 
35319, 335, 336, 336, 341, 
35350, 333, 331, 334, 348, 
35380, 336, 334, 337, 342, 
35410, 339, 340, 340, 331, 
35440, 339, 341, 340, 327, 
35471, 336, 337, 337, 337, 
35501, 334, 332, 335, 348, 
35531, 335, 333, 336, 345, 
35561, 338, 338, 339, 334, 
35591, 340, 342, 341, 328, 
35621, 337, 338, 338, 335, 
35651, 334, 334, 336, 346, 
35682, 334, 332, 335, 348, 
35712, 337, 337, 339, 337, 
35742, 340, 342, 340, 327, 
35772, 338, 340, 339, 332, 
35803, 336, 335, 336, 344, 
35832, 334, 331, 334, 350, 
35863, 336, 336, 337, 342, 
35893, 339, 340, 340, 330, 
35922, 339, 341, 339, 329, 
35953, 336, 336, 337, 340, 
35983, 334, 332, 334, 349, 
36014, 335, 334, 336, 345, 
36043, 339, 339, 339, 333, 
36074, 338, 341, 341, 327, 
36104, 337, 338, 339, 336, 
36134, 334, 332, 334, 347, 
36164, 335, 332, 335, 348, 
36195, 337, 337, 339, 335, 
36225, 340, 342, 342, 327, 
36254, 338, 339, 338, 333, 
36285, 335, 334, 336, 344, 
36315, 334, 332, 335, 349, 
36345, 337, 336, 337, 339, 
36375, 339, 341, 339, 328, 
36406, 339, 341, 340, 331, 
36435, 336, 336, 336, 342, 
36466, 335, 332, 336, 349, 
36496, 337, 334, 338, 343, 
36527, 340, 339, 341, 331, 
36556, 339, 341, 339, 327, 
36586, 337, 339, 338, 338, 
36617, 334, 332, 334, 348, 
36646, 336, 333, 336, 345, 
36677, 338, 338, 338, 334, 
36707, 341, 342, 340, 326, 
36738, 337, 338, 339, 337, 
36767, 334, 333, 336, 346, 
36798, 334, 332, 336, 348, 
36828, 337, 337, 337, 337, 
36858, 340, 342, 341, 327, 
36888, 338, 340, 339, 331, 
36918, 335, 335, 336, 342, 
36948, 335, 333, 336, 348, 
36978, 336, 336, 337, 340, 
37009, 339, 340, 339, 329, 
37039, 340, 342, 341, 328, 
37069, 335, 336, 336, 339, 
37099, 333, 332, 334, 349, 
37130, 335, 334, 336, 344, 
37159, 337, 339, 339, 333, 
37190, 340, 342, 340, 327, 
37220, 337, 338, 338, 336, 
37250, 334, 333, 335, 347, 
37280, 334, 333, 335, 347, 
37310, 337, 338, 338, 336, 
37341, 340, 342, 340, 326, 
37370, 338, 339, 338, 333, 
37401, 335, 334, 335, 344, 
37431, 334, 332, 335, 349, 
37462, 336, 337, 337, 339, 
37491, 340, 341, 340, 328, 
37521, 338, 340, 339, 330, 
37552, 334, 335, 337, 341, 
37581, 333, 332, 333, 349, 
37612, 336, 334, 336, 342, 
37642, 339, 340, 340, 330, 
37672, 339, 341, 340, 327, 
37702, 338, 337, 339, 337, 
37733, 334, 333, 335, 348, 
37763, 336, 334, 336, 346, 
37793, 338, 338, 339, 334, 
37823, 340, 342, 342, 326, 
37853, 338, 339, 338, 334, 
37883, 334, 334, 336, 345, 
37913, 334, 332, 334, 348, 
37944, 337, 337, 338, 338, 
37974, 340, 342, 341, 329, 
38004, 338, 340, 340, 331, 
38034, 335, 335, 336, 342, 
38065, 335, 332, 334, 351, 
38094, 337, 335, 337, 341, 
38125, 339, 340, 340, 329, 
38155, 339, 342, 340, 328, 
38184, 337, 337, 337, 339, 
38215, 334, 333, 334, 349, 
38245, 335, 334, 336, 344, 
38276, 338, 339, 339, 332, 
38305, 339, 342, 340, 327, 
38336, 338, 339, 338, 336, 
38366, 334, 333, 335, 348, 
38396, 335, 334, 336, 349, 
38426, 337, 337, 338, 336, 
38457, 339, 342, 340, 327, 
38487, 338, 339, 339, 333, 
38516, 335, 335, 335, 344, 
38547, 334, 332, 334, 350, 
38577, 337, 336, 337, 340, 
38607, 339, 341, 340, 329, 
38637, 339, 341, 339, 330, 
38668, 336, 336, 338, 341, 
38697, 334, 332, 334, 349, 
38728, 336, 334, 336, 343, 
38758, 339, 339, 340, 331, 
38789, 339, 342, 340, 327, 
38818, 337, 337, 338, 336, 
38848, 334, 332, 335, 347, 
38879, 335, 334, 336, 346, 
38908, 337, 338, 338, 334, 
38939, 340, 342, 340, 326, 
38969, 338, 339, 339, 332, 
39000, 335, 334, 335, 346, 
39029, 334, 332, 335, 349, 
39060, 337, 336, 338, 338, 
39090, 339, 341, 340, 328, 
39120, 338, 340, 340, 330, 
39150, 336, 335, 336, 342, 
39180, 334, 332, 334, 349, 
39211, 336, 335, 337, 341, 
39240, 339, 340, 340, 330, 
39271, 339, 342, 340, 329, 
39301, 336, 337, 337, 339, 
39331, 334, 332, 334, 349, 
39361, 336, 333, 336, 345, 
39392, 338, 339, 338, 333, 
39421, 339, 343, 340, 328, 
39451, 337, 338, 338, 335, 
39482, 334, 334, 335, 346, 
39512, 334, 333, 335, 347, 
39542, 337, 336, 338, 337, 
39572, 339, 341, 340, 327, 
39603, 338, 339, 339, 333, 
39632, 335, 334, 336, 344, 
39663, 334, 331, 335, 350, 
39693, 337, 336, 337, 340, 
39724, 340, 341, 340, 329, 
39753, 339, 341, 339, 329, 
39783, 336, 336, 336, 340, 
39814, 333, 332, 334, 350, 
39843, 335, 334, 336, 343, 
39874, 338, 339, 339, 332, 
39904, 339, 343, 340, 327, 
39934, 337, 337, 338, 336, 
39964, 333, 333, 334, 347, 
39995, 335, 334, 336, 345, 
40025, 338, 338, 338, 335, 
40055, 340, 341, 340, 327, 
40085, 338, 340, 338, 334, 
40115, 334, 334, 335, 345, 
40145, 335, 332, 334, 349, 
40175, 337, 337, 337, 340, 
40206, 339, 341, 340, 328, 
40236, 338, 340, 339, 331, 
40266, 336, 336, 336, 342, 
40296, 334, 333, 334, 350, 
40327, 336, 334, 336, 343, 
40356, 340, 340, 340, 331, 
40387, 339, 341, 341, 328, 
40417, 336, 337, 336, 338, 
40446, 333, 332, 334, 348, 
40477, 335, 334, 336, 345, 
40507, 338, 338, 338, 333, 
40538, 340, 342, 340, 327, 
40567, 337, 338, 338, 336, 
40598, 334, 333, 335, 346, 
40628, 334, 333, 335, 348, 
40658, 337, 338, 338, 337, 
40688, 341, 342, 340, 327, 
40719, 338, 341, 339, 332, 
40749, 335, 336, 336, 343, 
40778, 334, 333, 334, 349, 
40809, 335, 336, 337, 341, 
40839, 339, 341, 340, 331, 
40869, 339, 341, 340, 329, 
40899, 336, 336, 337, 340, 
40930, 334, 333, 335, 349, 
40960, 334, 334, 337, 344, 
40990, 339, 340, 340, 332, 
41020, 340, 342, 340, 327, 
41051, 337, 338, 338, 336, 
41080, 335, 333, 335, 347, 
41110, 335, 334, 335, 346, 
41141, 337, 337, 338, 335, 
41170, 340, 342, 340, 326, 
41201, 338, 339, 338, 332, 
41231, 335, 334, 337, 344, 
41262, 334, 332, 335, 348, 
41291, 337, 336, 337, 339, 
41322, 340, 341, 340, 328, 
41352, 339, 341, 340, 330, 
41381, 336, 336, 336, 342, 
41412, 333, 332, 335, 349, 
41442, 336, 335, 337, 342, 
41473, 341, 340, 339, 330, 
41502, 340, 342, 340, 327, 
41533, 336, 337, 337, 337, 
41563, 334, 333, 334, 348, 
41593, 333, 333, 336, 345, 
41623, 338, 338, 338, 334, 
41654, 339, 342, 340, 327, 
41683, 337, 338, 338, 334, 
41713, 334, 334, 335, 346, 
41744, 335, 332, 335, 347, 
41774, 337, 337, 338, 337, 
41804, 340, 341, 340, 327, 
41834, 339, 340, 339, 331, 
41865, 335, 334, 336, 343, 
41894, 333, 332, 335, 349, 
41925, 335, 335, 336, 341, 
41955, 338, 340, 340, 329, 
41986, 339, 341, 339, 329, 
42015, 336, 336, 337, 339, 
42045, 334, 333, 334, 348, 
42076, 336, 334, 336, 344, 
42105, 339, 339, 339, 332, 
42136, 340, 343, 340, 327, 
42166, 337, 338, 338, 336, 
42196, 334, 332, 335, 347, 
42226, 335, 333, 335, 347, 
42257, 338, 338, 338, 335, 
42287, 340, 342, 341, 327, 
42317, 339, 339, 339, 333, 
42347, 335, 334, 336, 345, 
42377, 334, 332, 335, 348, 
42407, 337, 336, 338, 339, 
42437, 340, 341, 340, 328, 
42468, 340, 341, 340, 330, 
42498, 335, 336, 337, 341, 
42528, 334, 331, 334, 349, 
42558, 336, 335, 337, 342, 
42589, 339, 339, 340, 331, 
42618, 339, 342, 341, 328, 
42649, 337, 339, 338, 339, 
42679, 335, 333, 335, 349, 
42708, 335, 333, 335, 346, 
42739, 338, 339, 339, 334, 
42769, 340, 342, 341, 326, 
42800, 338, 340, 339, 335, 
42829, 335, 334, 336, 346, 
42860, 335, 334, 336, 348, 
42890, 338, 337, 338, 338, 
42920, 340, 342, 341, 327, 
42950, 338, 340, 341, 331, 
42981, 334, 335, 336, 343, 
43011, 334, 332, 335, 350, 
43040, 336, 337, 337, 341, 
43071, 341, 341, 340, 330, 
43101, 340, 341, 340, 328, 
43131, 337, 337, 337, 340, 
43161, 334, 332, 335, 349, 
43192, 335, 334, 337, 344, 
43222, 339, 339, 339, 332, 
43252, 340, 342, 341, 327, 
43282, 337, 338, 338, 336, 
43312, 334, 333, 335, 347, 
43342, 334, 333, 335, 347, 
43372, 336, 339, 338, 336, 
43403, 342, 342, 342, 327, 
43432, 338, 340, 338, 333, 
43463, 335, 335, 336, 345, 
43493, 334, 332, 334, 349, 
43524, 337, 337, 336, 339, 
43553, 340, 341, 340, 328, 
43584, 339, 341, 340, 330, 
43614, 336, 337, 339, 342, 
43643, 334, 332, 335, 350, 
43674, 336, 335, 336, 343, 
43704, 339, 340, 339, 331, 
43735, 340, 342, 340, 328, 
43764, 335, 337, 337, 339, 
43795, 333, 332, 334, 349, 
43825, 334, 333, 335, 346, 
43855, 338, 338, 339, 334, 
43885, 339, 342, 340, 327, 
43916, 338, 340, 338, 335, 
43945, 334, 334, 336, 346, 
43975, 334, 332, 335, 349, 
44006, 337, 337, 337, 338, 
44036, 340, 341, 340, 327, 
44066, 339, 340, 339, 331, 
44096, 336, 335, 336, 342, 
44127, 335, 332, 334, 350, 
44156, 336, 335, 335, 342, 
44187, 339, 340, 340, 330, 
44217, 339, 341, 339, 329, 
44248, 336, 337, 336, 340, 
44277, 333, 332, 334, 350, 
44307, 336, 334, 336, 344, 
44338, 338, 339, 339, 332, 
44367, 338, 341, 341, 328, 
44398, 337, 338, 338, 336, 
44428, 335, 333, 336, 346, 
44459, 334, 333, 336, 347, 
44488, 337, 337, 338, 336, 
44519, 341, 343, 341, 326, 
44549, 339, 340, 338, 332, 
44579, 335, 335, 336, 344, 
44609, 334, 332, 335, 348, 
44639, 336, 335, 338, 340, 
44669, 341, 342, 341, 328, 
44699, 339, 341, 341, 329, 
44730, 336, 336, 336, 340, 
44760, 334, 332, 334, 349, 
44790, 336, 335, 336, 342, 
44820, 339, 339, 339, 331, 
44851, 339, 341, 340, 329, 
44880, 337, 337, 337, 337, 
44911, 335, 332, 335, 347, 
44941, 335, 333, 336, 345, 
44971, 339, 338, 338, 332, 
45001, 341, 342, 340, 326, 
45031, 338, 339, 338, 333, 
45062, 335, 334, 335, 345, 
45091, 334, 333, 335, 347, 
45122, 338, 336, 338, 338, 
45152, 340, 342, 340, 327, 
45182, 338, 341, 339, 331, 
45212, 335, 335, 336, 343, 
45242, 334, 332, 334, 350, 
45273, 336, 336, 337, 341, 
45302, 338, 340, 340, 329, 
45333, 339, 341, 340, 328, 
45363, 336, 337, 338, 340, 
45393, 333, 332, 334, 349, 
45423, 335, 334, 336, 345, 
45454, 339, 339, 339, 333, 
45484, 341, 342, 340, 326, 
45514, 337, 339, 338, 336, 
45544, 334, 333, 335, 347, 
45574, 335, 333, 335, 347, 
45604, 337, 337, 338, 336, 
45634, 340, 343, 340, 327, 
45665, 338, 340, 338, 334, 
45694, 335, 334, 336, 345, 
45725, 334, 332, 335, 349, 
45755, 338, 337, 336, 339, 
45786, 339, 341, 341, 330, 
45815, 339, 340, 339, 330, 
45846, 337, 336, 337, 342, 
45876, 333, 331, 334, 349, 
45905, 336, 334, 337, 343, 
45936, 339, 341, 340, 330, 
45966, 340, 342, 340, 327, 
45997, 337, 338, 337, 338, 
46026, 334, 334, 336, 348, 
46057, 335, 334, 334, 347, 
46087, 338, 338, 338, 335, 
46117, 340, 342, 340, 327, 
46147, 337, 338, 339, 335, 
46178, 334, 333, 335, 346, 
46208, 334, 332, 335, 348, 
46237, 337, 337, 338, 338, 
46268, 339, 341, 340, 327, 
