 338, 339, 335, 
1560, 
156673, 338, 338, 338, 332, 
156703, 339, 341, 340, 326, 
156735, 339, 341, 341, 327, 
156766, 338, 338, 339, 335, 
1560, 335, 334, 336, 339, 
1, 336, 337, 338, 334, 
2, 338, 339, 339, 329, 
11, 335, 333, 333, 342, 
37, 340, 342, 340, 325, 
65, 334, 333, 336, 344, 
92, 336, 336, 336, 337, 
119, 339, 341, 341, 329, 
147, 333, 331, 334, 347, 
175, 337, 336, 336, 337, 
203, 339, 341, 341, 327, 
231, 334, 333, 336, 347, 
260, 336, 335, 335, 341, 
287, 340, 342, 342, 327, 
316, 335, 334, 336, 343, 
344, 334, 334, 334, 344, 
371, 339, 341, 342, 328, 
400, 335, 336, 336, 340, 
428, 333, 332, 334, 347, 
456, 339, 341, 340, 328, 
484, 338, 337, 339, 337, 
512, 333, 331, 333, 349, 
540, 338, 339, 339, 331, 
568, 338, 339, 340, 333, 
596, 334, 332, 333, 349, 
624, 337, 338, 337, 334, 
653, 338, 340, 341, 331, 
680, 334, 332, 334, 348, 
708, 336, 336, 336, 337, 
737, 339, 341, 342, 327, 
764, 334, 332, 335, 345, 
793, 336, 335, 335, 340, 
821, 340, 342, 341, 325, 
849, 335, 334, 336, 343, 
877, 334, 333, 334, 344, 
905, 341, 342, 341, 326, 
933, 336, 336, 338, 340, 
961, 335, 332, 333, 346, 
990, 339, 340, 340, 327, 
1017, 337, 338, 338, 337, 
1046, 332, 331, 333, 349, 
1076, 336, 336, 337, 338, 
1104, 339, 342, 341, 326, 
1134, 336, 338, 339, 337, 
1163, 332, 331, 333, 349, 
1192, 336, 337, 336, 338, 
1221, 339, 341, 341, 326, 
1251, 336, 337, 338, 337, 
1280, 334, 331, 332, 348, 
1308, 337, 336, 336, 337, 
1338, 340, 342, 342, 326, 
1367, 336, 336, 337, 338, 
1396, 333, 331, 333, 348, 
1425, 336, 337, 336, 335, 
1455, 339, 342, 340, 326, 
1483, 337, 336, 337, 341, 
1512, 333, 331, 332, 349, 
1542, 337, 338, 337, 335, 
1570, 339, 342, 341, 327, 
1600, 334, 335, 337, 341, 
1629, 333, 331, 333, 349, 
1658, 338, 337, 337, 335, 
1687, 339, 342, 341, 328, 
1717, 335, 335, 337, 342, 
1745, 333, 332, 332, 350, 
1774, 337, 338, 337, 334, 
1804, 339, 341, 341, 328, 
1832, 335, 334, 336, 343, 
1862, 334, 332, 333, 348, 
1891, 337, 339, 338, 335, 
1921, 339, 341, 341, 328, 
1949, 335, 334, 336, 344, 
1978, 333, 331, 334, 348, 
2008, 336, 339, 338, 333, 
2036, 339, 341, 341, 330, 
2066, 335, 334, 335, 345, 
2095, 334, 333, 333, 348, 
2124, 338, 339, 338, 333, 
2153, 339, 341, 340, 330, 
2183, 334, 334, 334, 345, 
2211, 332, 333, 333, 346, 
2240, 338, 339, 339, 331, 
2270, 339, 340, 341, 330, 
2298, 335, 333, 335, 346, 
2328, 333, 333, 334, 345, 
2357, 338, 340, 339, 331, 
2386, 338, 339, 340, 331, 
2415, 334, 334, 335, 346, 
2444, 334, 333, 333, 345, 
2473, 339, 340, 340, 330, 
2502, 338, 340, 342, 332, 
2532, 333, 333, 334, 347, 
2561, 334, 333, 333, 345, 
2590, 339, 340, 340, 331, 
2619, 338, 339, 341, 333, 
2649, 333, 332, 334, 349, 
2677, 335, 334, 334, 344, 
2706, 339, 340, 339, 330, 
2736, 338, 339, 340, 333, 
2764, 333, 332, 334, 350, 
2794, 335, 335, 334, 343, 
2823, 339, 341, 340, 328, 
2852, 338, 340, 340, 335, 
2881, 333, 331, 335, 349, 
2910, 335, 334, 335, 343, 
2939, 339, 341, 340, 329, 
2968, 337, 339, 339, 336, 
2998, 332, 332, 334, 349, 
3026, 335, 334, 335, 342, 
3056, 339, 341, 341, 329, 
3085, 337, 338, 339, 337, 
3115, 333, 331, 333, 350, 
3143, 335, 335, 335, 341, 
3172, 339, 341, 341, 328, 
3202, 337, 337, 340, 338, 
3230, 333, 331, 334, 350, 
3260, 336, 336, 335, 341, 
3289, 340, 341, 340, 328, 
3318, 338, 338, 339, 338, 
3347, 333, 331, 334, 351, 
3376, 336, 336, 335, 340, 
3405, 340, 342, 342, 328, 
3434, 336, 337, 339, 339, 
3464, 332, 330, 333, 350, 
3492, 336, 336, 336, 338, 
3522, 339, 342, 341, 328, 
3551, 336, 337, 338, 341, 
3580, 333, 332, 333, 351, 
3609, 336, 337, 335, 338, 
3638, 340, 342, 341, 329, 
3667, 336, 336, 338, 341, 
3696, 333, 331, 333, 350, 
3726, 337, 337, 338, 337, 
3755, 340, 342, 343, 327, 
3784, 337, 336, 337, 342, 
3813, 334, 332, 332, 350, 
3842, 336, 337, 337, 336, 
3871, 339, 341, 342, 328, 
3900, 335, 335, 337, 342, 
3930, 334, 332, 332, 350, 
3958, 337, 337, 337, 335, 
3988, 338, 341, 342, 329, 
4017, 335, 335, 336, 343, 
4046, 333, 331, 333, 349, 
4075, 338, 338, 337, 334, 
4104, 339, 342, 341, 329, 
4133, 335, 334, 336, 343, 
4162, 333, 331, 333, 349, 
4192, 338, 338, 338, 335, 
4220, 339, 340, 341, 330, 
4250, 335, 334, 336, 345, 
4279, 333, 332, 333, 348, 
4307, 338, 338, 338, 332, 
4337, 339, 341, 341, 329, 
4366, 335, 334, 336, 346, 
4396, 334, 331, 334, 348, 
4424, 338, 339, 338, 331, 
4454, 340, 341, 341, 329, 
4483, 334, 334, 335, 344, 
4512, 333, 332, 333, 345, 
4541, 339, 339, 339, 329, 
4570, 339, 340, 341, 330, 
4599, 334, 333, 335, 344, 
4628, 335, 333, 333, 344, 
4658, 339, 340, 340, 329, 
4686, 338, 340, 341, 329, 
4716, 334, 333, 334, 345, 
4745, 335, 333, 334, 343, 
4773, 339, 340, 339, 328, 
4803, 339, 340, 341, 331, 
4832, 334, 332, 335, 346, 
4861, 334, 333, 334, 342, 
4890, 338, 341, 340, 328, 
4920, 339, 339, 340, 331, 
4948, 333, 332, 334, 347, 
4978, 334, 334, 334, 343, 
5007, 340, 341, 340, 327, 
5036, 339, 339, 340, 333, 
5065, 335, 332, 334, 347, 
5094, 335, 334, 334, 341, 
5124, 340, 341, 342, 327, 
5152, 337, 338, 339, 334, 
5182, 333, 332, 334, 348, 
5211, 335, 335, 335, 341, 
5239, 339, 341, 340, 327, 
5269, 337, 339, 339, 335, 
5298, 333, 331, 333, 348, 
5327, 335, 335, 335, 339, 
5356, 339, 341, 341, 327, 
5386, 337, 339, 339, 335, 
5414, 333, 331, 333, 349, 
5444, 336, 335, 335, 339, 
5473, 340, 341, 340, 327, 
5501, 335, 338, 339, 336, 
5531, 332, 331, 333, 349, 
5560, 335, 336, 336, 338, 
5590, 339, 342, 341, 327, 
5618, 336, 337, 338, 337, 
5648, 333, 331, 333, 349, 
5677, 336, 336, 336, 337, 
5705, 339, 342, 341, 326, 
5735, 336, 336, 338, 338, 
5764, 334, 331, 333, 349, 
5793, 337, 337, 336, 337, 
5822, 339, 342, 341, 327, 
5852, 337, 336, 337, 339, 
5880, 333, 331, 332, 350, 
5910, 336, 337, 337, 337, 
5939, 339, 341, 341, 327, 
5967, 335, 336, 337, 341, 
5997, 333, 331, 332, 349, 
6026, 337, 337, 337, 336, 
6055, 339, 340, 342, 328, 
6084, 336, 335, 337, 343, 
6114, 333, 331, 332, 351, 
6142, 337, 337, 336, 337, 
6171, 339, 342, 342, 331, 
6201, 335, 334, 337, 344, 
6230, 333, 332, 333, 350, 
6259, 337, 337, 338, 337, 
6288, 339, 341, 341, 331, 
6318, 334, 334, 336, 347, 
6346, 332, 333, 333, 351, 
6376, 337, 338, 338, 335, 
6405, 340, 341, 341, 333, 
6433, 335, 334, 337, 347, 
6463, 333, 332, 334, 350, 
6492, 338, 338, 339, 334, 
6521, 339, 341, 341, 332, 
6550, 334, 334, 336, 347, 
6580, 333, 333, 334, 350, 
6608, 338, 339, 339, 334, 
6637, 340, 340, 341, 333, 
6667, 334, 334, 336, 348, 
6695, 333, 333, 334, 348, 
6725, 339, 340, 339, 334, 
6754, 338, 341, 341, 333, 
6784, 334, 333, 335, 349, 
6812, 334, 334, 334, 347, 
6842, 338, 341, 340, 332, 
6871, 338, 340, 340, 334, 
6899, 334, 334, 336, 349, 
6929, 334, 333, 334, 346, 
6958, 339, 341, 340, 331, 
6987, 339, 339, 341, 335, 
7016, 334, 332, 334, 350, 
7046, 334, 334, 334, 346, 
7074, 339, 341, 340, 331, 
7103, 338, 339, 339, 336, 
7133, 334, 332, 334, 351, 
7161, 334, 333, 334, 345, 
7191, 339, 341, 340, 331, 
7220, 338, 339, 340, 337, 
7249, 333, 331, 333, 351, 
7278, 335, 334, 334, 344, 
7308, 339, 341, 341, 330, 
7336, 337, 338, 339, 338, 
7365, 333, 332, 333, 352, 
7395, 335, 334, 334, 344, 
7424, 339, 342, 341, 330, 
7453, 337, 338, 340, 339, 
7482, 333, 331, 333, 351, 
7512, 335, 335, 335, 342, 
7540, 340, 342, 340, 329, 
7569, 337, 338, 340, 340, 
7599, 334, 331, 333, 352, 
7627, 336, 335, 336, 342, 
7657, 340, 342, 341, 330, 
7686, 338, 338, 337, 340, 
7715, 333, 331, 333, 352, 
7744, 336, 338, 337, 341, 
7774, 340, 342, 342, 331, 
7802, 336, 337, 338, 341, 
7831, 333, 331, 333, 352, 
7861, 336, 336, 336, 340, 
7889, 340, 342, 341, 329, 
7919, 336, 337, 338, 342, 
7948, 333, 331, 332, 352, 
7977, 337, 337, 337, 340, 
8006, 340, 341, 341, 330, 
8035, 336, 336, 337, 342, 
8065, 333, 332, 333, 351, 
8093, 337, 338, 337, 337, 
8123, 339, 341, 341, 329, 
8152, 336, 335, 337, 344, 
8181, 333, 331, 333, 350, 
8210, 338, 337, 337, 337, 
8240, 339, 341, 341, 329, 
8268, 335, 335, 337, 343, 
8297, 333, 332, 333, 350, 
8327, 339, 338, 338, 335, 
8355, 339, 341, 342, 330, 
8385, 335, 334, 336, 344, 
8414, 333, 331, 333, 350, 
8443, 337, 338, 338, 334, 
8472, 339, 341, 341, 330, 
8501, 334, 334, 336, 345, 
8530, 334, 331, 333, 348, 
8559, 338, 340, 338, 333, 
8589, 339, 340, 340, 331, 
8617, 334, 332, 336, 346, 
8647, 334, 332, 333, 347, 
8676, 338, 340, 339, 332, 
8706, 339, 341, 341, 331, 
8734, 334, 333, 335, 346, 
8763, 335, 333, 333, 345, 
8793, 338, 340, 340, 331, 
8821, 338, 341, 340, 332, 
8851, 334, 332, 334, 346, 
8880, 334, 333, 334, 345, 
8909, 339, 341, 339, 329, 
8938, 338, 340, 340, 332, 
8967, 334, 332, 334, 347, 
8996, 334, 333, 334, 344, 
9025, 339, 340, 341, 328, 
9055, 338, 339, 340, 333, 
9083, 335, 332, 335, 348, 
9113, 335, 334, 335, 344, 
9142, 340, 342, 340, 328, 
9171, 338, 339, 340, 333, 
9200, 333, 332, 335, 347, 
9229, 335, 334, 334, 342, 
9259, 339, 341, 340, 328, 
9287, 338, 338, 340, 334, 
9317, 333, 332, 334, 348, 
9346, 335, 334, 334, 341, 
9375, 339, 342, 340, 327, 
9404, 337, 338, 339, 335, 
9433, 333, 332, 333, 349, 
9462, 335, 335, 335, 340, 
9491, 340, 341, 341, 326, 
9521, 337, 338, 339, 336, 
9549, 334, 332, 333, 350, 
9579, 335, 335, 336, 340, 
9608, 339, 342, 340, 327, 
9637, 337, 337, 339, 335, 
9666, 333, 332, 333, 350, 
9695, 337, 336, 336, 339, 
9724, 339, 341, 341, 327, 
9753, 337, 337, 339, 339, 
9783, 333, 331, 333, 349, 
9811, 337, 336, 336, 338, 
9841, 339, 342, 341, 327, 
9870, 335, 336, 339, 339, 
9899, 333, 331, 333, 349, 
9928, 336, 336, 335, 338, 
9957, 339, 342, 341, 328, 
9987, 336, 336, 337, 340, 
10015, 333, 331, 333, 350, 
10046, 335, 334, 336, 341, 
10076, 339, 340, 339, 330, 
10106, 337, 340, 342, 330, 
10136, 335, 336, 337, 342, 
10167, 333, 331, 333, 351, 
10196, 334, 333, 334, 345, 
10226, 339, 340, 338, 332, 
10257, 339, 341, 343, 328, 
10287, 336, 337, 340, 338, 
10317, 333, 332, 334, 349, 
10347, 334, 332, 334, 347, 
10378, 337, 338, 337, 335, 
10407, 340, 341, 341, 328, 
10438, 339, 338, 340, 336, 
10468, 336, 332, 336, 348, 
10498, 333, 331, 332, 349, 
10528, 336, 337, 336, 339, 
10558, 339, 341, 339, 329, 
10589, 339, 340, 341, 334, 
10618, 334, 334, 336, 346, 
10649, 333, 331, 334, 352, 
10679, 335, 335, 335, 341, 
10710, 339, 341, 340, 330, 
10739, 339, 341, 342, 331, 
10770, 335, 335, 337, 343, 
10800, 333, 331, 333, 351, 
10829, 334, 334, 335, 344, 
10860, 338, 340, 339, 332, 
10890, 339, 341, 341, 329, 
10920, 336, 337, 338, 340, 
10950, 334, 331, 334, 350, 
10981, 334, 332, 334, 346, 
11011, 337, 338, 339, 335, 
11041, 341, 342, 341, 328, 
11071, 338, 338, 339, 336, 
11102, 334, 332, 334, 348, 
11131, 334, 332, 334, 348, 
11161, 337, 336, 338, 337, 
11192, 339, 342, 342, 327, 
11222, 338, 339, 340, 333, 
11252, 334, 334, 335, 345, 
11282, 333, 331, 333, 350, 
11313, 337, 335, 336, 340, 
11342, 339, 341, 340, 329, 
11373, 339, 341, 342, 331, 
11403, 336, 335, 336, 343, 
11433, 333, 331, 333, 350, 
11463, 334, 334, 334, 343, 
11493, 339, 340, 340, 331, 
11524, 340, 341, 341, 328, 
11553, 336, 337, 339, 339, 
11584, 333, 331, 333, 349, 
11614, 334, 333, 334, 345, 
11644, 337, 338, 338, 334, 
11674, 340, 342, 341, 327, 
11705, 337, 338, 339, 336, 
11735, 334, 333, 335, 348, 
11765, 334, 332, 334, 347, 
11795, 337, 337, 337, 335, 
11825, 340, 342, 340, 327, 
11855, 338, 339, 340, 333, 
11885, 334, 334, 335, 344, 
11916, 333, 331, 334, 348, 
11945, 336, 337, 336, 338, 
11976, 339, 341, 341, 327, 
12006, 338, 340, 342, 329, 
12037, 335, 336, 337, 341, 
12066, 334, 331, 333, 349, 
12097, 336, 334, 336, 341, 
12127, 339, 340, 339, 329, 
12156, 341, 341, 341, 328, 
12187, 336, 336, 337, 338, 
12217, 333, 331, 333, 348, 
12248, 334, 333, 333, 344, 
12277, 337, 338, 339, 331, 
12308, 340, 342, 341, 326, 
12338, 337, 338, 339, 336, 
12368, 334, 333, 333, 346, 
12398, 334, 332, 333, 345, 
12428, 337, 337, 337, 334, 
12459, 339, 343, 342, 326, 
12488, 337, 339, 341, 333, 
12519, 334, 333, 335, 344, 
12549, 333, 331, 333, 346, 
12579, 336, 336, 336, 337, 
12609, 340, 341, 340, 327, 
12640, 339, 340, 342, 329, 
12669, 335, 335, 336, 341, 
12700, 333, 331, 332, 349, 
12730, 335, 335, 334, 341, 
12760, 339, 340, 339, 329, 
12790, 339, 341, 341, 328, 
12820, 336, 336, 339, 338, 
12851, 333, 331, 333, 347, 
12880, 335, 334, 334, 344, 
12911, 338, 339, 338, 331, 
12941, 340, 342, 342, 326, 
12972, 337, 339, 339, 336, 
13001, 333, 332, 335, 347, 
13032, 334, 332, 333, 346, 
13062, 337, 338, 337, 335, 
13091, 339, 342, 341, 326, 
13122, 338, 340, 339, 332, 
13152, 334, 333, 335, 345, 
13182, 334, 331, 333, 347, 
13212, 336, 336, 336, 338, 
13243, 339, 341, 340, 329, 
13273, 338, 340, 341, 329, 
13303, 335, 334, 336, 342, 
13333, 333, 331, 333, 349, 
13364, 335, 334, 335, 340, 
13393, 339, 340, 340, 330, 
13423, 340, 341, 342, 328, 
13454, 336, 336, 338, 339, 
13484, 333, 331, 332, 349, 
13514, 334, 333, 332, 344, 
13544, 337, 339, 339, 331, 
13575, 339, 342, 341, 327, 
13604, 337, 338, 339, 336, 
13635, 334, 332, 334, 348, 
13665, 334, 332, 333, 345, 
13696, 337, 337, 337, 334, 
13725, 339, 342, 341, 326, 
13755, 338, 339, 340, 333, 
13786, 335, 333, 335, 345, 
13815, 333, 331, 333, 348, 
13846, 336, 336, 336, 338, 
13876, 339, 341, 340, 327, 
13906, 339, 340, 341, 331, 
13936, 335, 335, 336, 342, 
13967, 333, 331, 333, 350, 
13997, 335, 335, 335, 340, 
14027, 338, 340, 339, 329, 
14057, 339, 341, 341, 328, 
14087, 336, 336, 337, 340, 
14117, 332, 331, 333, 350, 
14147, 334, 334, 333, 344, 
14178, 338, 339, 339, 332, 
14208, 339, 341, 341, 327, 
14238, 336, 337, 339, 336, 
14268, 334, 331, 334, 347, 
14299, 334, 332, 333, 346, 
14328, 337, 338, 337, 334, 
14358, 339, 342, 342, 327, 
14389, 336, 339, 340, 334, 
14418, 333, 333, 335, 346, 
14449, 333, 331, 332, 348, 
14479, 336, 335, 336, 338, 
14510, 339, 341, 341, 328, 
14539, 338, 341, 341, 332, 
14570, 335, 334, 336, 343, 
14600, 333, 331, 333, 350, 
14630, 335, 335, 334, 341, 
14660, 338, 340, 340, 330, 
14690, 341, 341, 342, 329, 
14721, 336, 335, 336, 340, 
14750, 332, 331, 333, 349, 
14781, 334, 334, 334, 344, 
14811, 338, 339, 337, 332, 
14841, 340, 342, 341, 328, 
14871, 337, 337, 339, 337, 
14902, 333, 332, 335, 347, 
14931, 333, 332, 333, 347, 
14962, 337, 338, 337, 335, 
14992, 339, 342, 340, 327, 
15022, 338, 339, 339, 334, 
15052, 335, 333, 335, 346, 
15082, 333, 332, 333, 349, 
15113, 336, 336, 337, 339, 
15142, 339, 341, 341, 328, 
15173, 339, 340, 339, 332, 
15203, 335, 335, 337, 342, 
15234, 332, 331, 333, 349, 
15263, 335, 335, 335, 341, 
15294, 339, 341, 340, 330, 
15324, 339, 341, 341, 329, 
15353, 336, 336, 336, 340, 
15384, 333, 332, 334, 348, 
15414, 335, 333, 334, 343, 
15444, 338, 339, 339, 331, 
15474, 339, 343, 341, 326, 
15505, 337, 338, 338, 336, 
15535, 334, 332, 333, 347, 
15565, 334, 331, 334, 345, 
15595, 337, 338, 337, 333, 
15626, 340, 343, 342, 326, 
15655, 338, 339, 340, 333, 
15685, 334, 333, 336, 345, 
15716, 333, 331, 332, 348, 
15746, 336, 336, 336, 337, 
15776, 340, 341, 341, 326, 
15806, 338, 341, 341, 331, 
15837, 335, 335, 337, 342, 
15866, 333, 331, 332, 349, 
15897, 335, 335, 334, 341, 
15927, 339, 340, 340, 329, 
15958, 340, 341, 341, 328, 
15987, 336, 336, 338, 339, 
16017, 333, 331, 334, 349, 
16048, 334, 334, 334, 343, 
16077, 338, 339, 338, 331, 
16108, 340, 342, 341, 327, 
16138, 338, 338, 339, 336, 
16168, 333, 331, 333, 348, 
16198, 333, 332, 333, 346, 
16229, 337, 338, 337, 335, 
16259, 341, 342, 340, 326, 
16288, 338, 339, 339, 333, 
16319, 334, 333, 336, 345, 
16349, 334, 332, 333, 347, 
16379, 336, 336, 336, 338, 
16409, 339, 341, 341, 329, 
16440, 338, 340, 340, 332, 
16470, 335, 335, 336, 342, 
16500, 334, 331, 333, 350, 
16530, 335, 334, 335, 340, 
16561, 339, 339, 339, 330, 
16590, 339, 341, 341, 330, 
16620, 337, 336, 337, 340, 
16651, 333, 331, 334, 350, 
16680, 335, 333, 334, 344, 
16711, 338, 339, 337, 332, 
16741, 339, 342, 341, 327, 
16772, 337, 338, 339, 337, 
16801, 333, 332, 334, 348, 
16832, 334, 332, 334, 347, 
16862, 337, 338, 337, 335, 
16892, 340, 342, 341, 327, 
16922, 338, 339, 340, 334, 
16952, 335, 333, 336, 346, 
16983, 333, 331, 333, 349, 
17012, 336, 336, 337, 339, 
17043, 339, 341, 340, 328, 
17073, 339, 340, 341, 331, 
17103, 335, 335, 336, 343, 
17133, 333, 331, 333, 350, 
17164, 336, 335, 335, 341, 
17193, 339, 341, 340, 329, 
17224, 340, 341, 341, 328, 
17254, 336, 337, 338, 339, 
17284, 333, 331, 334, 348, 
17314, 334, 333, 334, 343, 
17344, 338, 339, 338, 331, 
17375, 339, 342, 341, 326, 
17404, 337, 337, 339, 335, 
17435, 333, 332, 333, 346, 
17465, 334, 332, 333, 345, 
17496, 337, 337, 337, 334, 
17525, 340, 342, 341, 325, 
17556, 338, 339, 340, 333, 
17586, 334, 334, 336, 343, 
17615, 333, 332, 333, 347, 
17646, 336, 335, 336, 337, 
17676, 339, 341, 340, 327, 
17707, 338, 340, 341, 329, 
17736, 335, 335, 337, 341, 
17767, 333, 331, 333, 348, 
17797, 335, 334, 335, 339, 
17827, 340, 340, 339, 328, 
17857, 339, 341, 341, 326, 
17888, 337, 336, 338, 337, 
17917, 334, 331, 333, 347, 
17947, 334, 334, 334, 343, 
17978, 338, 340, 337, 331, 
18008, 340, 342, 341, 325, 
18038, 337, 338, 339, 334, 
18068, 334, 333, 334, 346, 
18099, 334, 332, 333, 346, 
18128, 337, 337, 337, 334, 
18159, 340, 342, 339, 326, 
18189, 338, 339, 340, 332, 
18219, 334, 334, 335, 343, 
18249, 333, 332, 333, 347, 
18279, 336, 335, 336, 338, 
18310, 339, 341, 340, 326, 
18339, 339, 341, 339, 329, 
18370, 335, 335, 336, 340, 
18400, 333, 331, 333, 349, 
18430, 335, 334, 334, 340, 
18460, 338, 340, 339, 328, 
18491, 339, 340, 341, 327, 
18521, 336, 337, 338, 337, 
18550, 333, 331, 334, 347, 
18581, 335, 334, 335, 343, 
18611, 338, 339, 338, 331, 
18641, 339, 342, 341, 326, 
18671, 337, 338, 340, 334, 
18702, 334, 333, 334, 345, 
18732, 334, 332, 333, 345, 
18762, 337, 337, 337, 334, 
18792, 339, 340, 341, 326, 
18823, 339, 339, 340, 332, 
18852, 335, 334, 336, 343, 
18882, 333, 331, 332, 347, 
18913, 336, 335, 335, 337, 
18942, 339, 342, 340, 327, 
18973, 339, 340, 340, 328, 
19003, 336, 336, 336, 340, 
19034, 333, 332, 333, 347, 
19063, 335, 334, 334, 340, 
19094, 339, 340, 339, 329, 
19124, 339, 341, 341, 326, 
19154, 336, 337, 338, 337, 
19184, 333, 332, 333, 347, 
19214, 334, 333, 333, 343, 
19245, 337, 338, 338, 332, 
19274, 339, 341, 342, 326, 
19305, 337, 339, 339, 334, 
19335, 334, 333, 334, 346, 
19365, 334, 332, 333, 346, 
19395, 337, 337, 336, 335, 
19426, 339, 343, 341, 326, 
19456, 338, 339, 340, 331, 
19486, 334, 334, 336, 343, 
19516, 333, 332, 333, 348, 
19546, 336, 335, 335, 338, 
19576, 339, 341, 340, 327, 
19606, 339, 340, 340, 329, 
19637, 335, 334, 337, 341, 
19666, 333, 331, 333, 349, 
19697, 335, 333, 334, 343, 
19727, 338, 340, 340, 330, 
19758, 340, 342, 341, 328, 
19787, 336, 337, 338, 338, 
19818, 333, 331, 334, 349, 
19848, 334, 333, 334, 346, 
19877, 337, 338, 338, 334, 
19908, 340, 342, 342, 327, 
19938, 338, 338, 340, 335, 
19969, 334, 333, 334, 348, 
19998, 333, 332, 333, 347, 
20029, 337, 336, 336, 336, 
20059, 341, 342, 340, 327, 
20089, 338, 340, 341, 332, 
20119, 335, 333, 336, 344, 
20149, 333, 332, 333, 348, 
20179, 335, 335, 335, 339, 
20209, 339, 340, 341, 328, 
20240, 340, 341, 341, 328, 
20270, 336, 335, 338, 340, 
20300, 334, 331, 333, 348, 
20330, 334, 334, 334, 343, 
20361, 337, 339, 339, 330, 
20390, 340, 341, 341, 327, 
20421, 337, 337, 339, 336, 
20451, 333, 331, 334, 347, 
20481, 334, 333, 334, 344, 
20511, 337, 338, 337, 332, 
20541, 339, 342, 341, 326, 
20572, 337, 339, 340, 333, 
20601, 335, 333, 335, 344, 
20632, 334, 332, 333, 346, 
20662, 336, 337, 337, 335, 
20692, 339, 341, 340, 325, 
20722, 338, 340, 342, 330, 
20753, 335, 334, 336, 342, 
20783, 333, 331, 333, 348, 
20812, 335, 335, 335, 340, 
20843, 339, 341, 341, 327, 
20873, 339, 342, 341, 329, 
20903, 336, 335, 337, 339, 
20933, 334, 331, 334, 348, 
20964, 335, 334, 334, 342, 
20994, 338, 340, 338, 329, 
21024, 339, 341, 340, 327, 
21054, 337, 338, 338, 336, 
21085, 333, 332, 334, 347, 
21114, 334, 332, 334, 344, 
21144, 337, 339, 337, 333, 
21175, 339, 341, 341, 326, 
21204, 337, 339, 339, 334, 
21235, 334, 333, 334, 346, 
21265, 333, 331, 333, 348, 
21296, 336, 336, 336, 337, 
21325, 339, 341, 340, 327, 
21356, 339, 340, 340, 332, 
21386, 335, 335, 337, 343, 
21416, 333, 331, 333, 350, 
21446, 335, 334, 335, 340, 
21476, 339, 340, 340, 328, 
21507, 339, 341, 341, 329, 
21536, 336, 336, 338, 339, 
21567, 334, 331, 333, 348, 
21597, 335, 334, 334, 342, 
21627, 338, 339, 339, 330, 
21657, 340, 342, 341, 326, 
21688, 338, 338, 339, 336, 
21718, 334, 333, 334, 347, 
21748, 334, 333, 334, 344, 
21778, 337, 338, 337, 333, 
21808, 339, 342, 342, 325, 
21838, 338, 339, 339, 332, 
21868, 334, 333, 335, 344, 
21899, 333, 331, 333, 346, 
21928, 336, 336, 336, 336, 
21959, 339, 341, 341, 326, 
21989, 339, 340, 342, 329, 
22020, 335, 335, 336, 341, 
22049, 333, 331, 333, 347, 
22079, 335, 335, 335, 339, 
22110, 339, 341, 340, 328, 
22139, 339, 340, 341, 328, 
22170, 336, 336, 337, 338, 
22200, 333, 331, 333, 348, 
22231, 335, 334, 333, 342, 
22260, 338, 339, 338, 330, 
22291, 340, 342, 341, 326, 
22321, 337, 337, 339, 336, 
22351, 333, 333, 334, 346, 
22381, 334, 333, 333, 345, 
22411, 338, 337, 337, 334, 
22441, 340, 342, 341, 326, 
22471, 340, 340, 340, 332, 
22502, 335, 334, 335, 344, 
22532, 333, 331, 333, 347, 
22562, 336, 336, 336, 337, 
22592, 338, 341, 340, 326, 
22623, 338, 340, 341, 330, 
22652, 335, 336, 337, 341, 
22683, 333, 332, 333, 348, 
22713, 335, 334, 335, 340, 
22743, 338, 340, 339, 329, 
22773, 340, 342, 341, 327, 
22803, 336, 336, 337, 338, 
22834, 333, 331, 334, 349, 
22863, 334, 333, 334, 343, 
22894, 338, 338, 339, 331, 
22924, 340, 342, 341, 326, 
22955, 336, 338, 339, 336, 
22984, 334, 332, 335, 345, 
23015, 334, 332, 333, 346, 
23045, 337, 337, 337, 335, 
23074, 339, 341, 341, 326, 
23105, 338, 339, 340, 332, 
23135, 334, 333, 335, 344, 
23165, 333, 331, 334, 348, 
23195, 337, 336, 336, 338, 
23226, 339, 341, 341, 327, 
23256, 339, 340, 341, 329, 
23286, 335, 335, 337, 341, 
23316, 332, 331, 333, 348, 
23347, 335, 334, 335, 341, 
23376, 339, 340, 340, 330, 
23406, 339, 341, 341, 326, 
23437, 337, 337, 338, 337, 
23467, 333, 331, 334, 347, 
23497, 334, 334, 334, 343, 
23527, 338, 338, 338, 331, 
23558, 340, 342, 342, 325, 
23587, 337, 338, 339, 334, 
23618, 334, 332, 334, 346, 
23648, 333, 332, 333, 346, 
23678, 337, 337, 337, 334, 
23708, 340, 343, 341, 325, 
23738, 339, 340, 340, 331, 
23769, 335, 335, 337, 342, 
23798, 334, 331, 333, 347, 
23829, 336, 335, 336, 337, 
23859, 339, 341, 340, 327, 
23889, 339, 340, 341, 328, 
23919, 336, 336, 338, 339, 
23950, 333, 331, 333, 347, 
23980, 335, 334, 335, 341, 
24009, 338, 340, 339, 329, 
24040, 339, 341, 341, 326, 
24070, 336, 337, 338, 336, 
24100, 333, 332, 333, 346, 
24130, 334, 333, 333, 344, 
24161, 338, 338, 338, 332, 
24190, 340, 342, 341, 325, 
24221, 337, 338, 339, 333, 
24251, 335, 333, 334, 344, 
24282, 334, 333, 333, 346, 
24311, 337, 337, 336, 335, 
24341, 340, 341, 342, 326, 
24372, 338, 340, 340, 331, 
24401, 335, 334, 336, 341, 
24432, 333, 331, 334, 346, 
24462, 337, 335, 335, 338, 
24493, 339, 340, 340, 326, 
24522, 341, 341, 341, 327, 
24553, 336, 336, 338, 338, 
24583, 333, 331, 333, 347, 
24613, 334, 334, 334, 341, 
24643, 338, 340, 339, 330, 
24673, 340, 343, 341, 325, 
24704, 337, 337, 339, 335, 
24733, 334, 333, 334, 346, 
24764, 333, 332, 333, 344, 
24794, 337, 338, 337, 333, 
24824, 340, 341, 341, 325, 
24854, 338, 339, 339, 332, 
24885, 334, 333, 335, 344, 
24914, 333, 332, 333, 346, 
24945, 337, 336, 336, 336, 
24975, 339, 341, 340, 326, 
25005, 339, 341, 341, 329, 
25035, 335, 335, 337, 342, 
25065, 333, 331, 333, 347, 
25096, 335, 335, 335, 340, 
25125, 338, 341, 339, 328, 
25156, 339, 341, 341, 327, 
25186, 336, 337, 338, 338, 
25217, 333, 331, 333, 347, 
25246, 334, 333, 334, 343, 
25277, 338, 339, 338, 331, 
25307, 339, 342, 341, 327, 
25336, 337, 338, 339, 335, 
25367, 334, 332, 334, 346, 
25397, 334, 332, 333, 346, 
25427, 337, 338, 338, 334, 
25457, 341, 342, 341, 325, 
25488, 338, 339, 340, 331, 
25518, 335, 334, 335, 343, 
25548, 334, 331, 333, 347, 
25578, 336, 336, 336, 337, 
25609, 339, 339, 340, 327, 
25638, 339, 341, 341, 329, 
25668, 336, 335, 337, 340, 
25699, 333, 331, 334, 348, 
25729, 336, 333, 334, 341, 
25759, 339, 341, 340, 329, 
25789, 339, 341, 343, 327, 
25820, 337, 337, 338, 337, 
25849, 333, 332, 334, 347, 
25880, 335, 333, 334, 343, 
25910, 337, 338, 338, 332, 
25939, 340, 342, 341, 327, 
25970, 338, 339, 340, 334, 
26000, 334, 333, 334, 346, 
26031, 333, 332, 333, 347, 
26060, 337, 337, 337, 336, 
26091, 340, 342, 342, 326, 
26121, 338, 340, 340, 331, 
26151, 334, 334, 336, 343, 
26181, 333, 331, 333, 348, 
26212, 336, 335, 335, 339, 
26242, 340, 341, 339, 328, 
26271, 339, 340, 340, 329, 
26302, 336, 336, 338, 340, 
26332, 333, 331, 333, 349, 
26362, 334, 334, 333, 342, 
26392, 338, 339, 339, 332, 
26423, 339, 341, 341, 327, 
26452, 338, 338, 339, 338, 
26483, 333, 332, 334, 348, 
26513, 333, 334, 335, 346, 
26544, 337, 337, 337, 334, 
26573, 340, 342, 341, 328, 
26603, 338, 339, 340, 334, 
26634, 334, 333, 335, 345, 
26663, 333, 331, 332, 349, 
26694, 336, 336, 336, 338, 
26724, 340, 342, 341, 327, 
26755, 338, 340, 341, 331, 
26784, 336, 335, 336, 342, 
26815, 334, 332, 332, 350, 
26845, 335, 335, 335, 342, 
26875, 339, 340, 339, 330, 
26905, 339, 342, 341, 328, 
26935, 336, 336, 338, 339, 
26966, 333, 332, 333, 349, 
26995, 335, 333, 333, 345, 
27026, 338, 339, 338, 333, 
27056, 340, 342, 341, 327, 
27086, 338, 338, 339, 336, 
27116, 334, 332, 335, 347, 
27147, 334, 332, 334, 348, 
27176, 338, 338, 337, 336, 
27207, 340, 342, 341, 327, 
27237, 338, 339, 340, 332, 
27267, 335, 333, 336, 344, 
27297, 333, 331, 333, 349, 
27327, 336, 335, 335, 339, 
27358, 339, 341, 339, 329, 
27387, 339, 340, 341, 331, 
27418, 336, 335, 337, 341, 
27448, 334, 331, 333, 350, 
27479, 334, 334, 334, 343, 
27508, 338, 339, 339, 331, 
27539, 340, 342, 342, 328, 
27569, 337, 337, 338, 337, 
27598, 333, 332, 335, 349, 
27629, 334, 332, 333, 346, 
27659, 337, 338, 337, 334, 
27689, 340, 341, 341, 327, 
27719, 337, 340, 341, 334, 
27750, 334, 333, 335, 345, 
27780, 333, 332, 335, 348, 
27810, 336, 336, 336, 337, 
27840, 339, 341, 341, 327, 
27870, 339, 340, 340, 331, 
27900, 335, 335, 336, 340, 
27930, 333, 334, 332, 348, 
27961, 335, 334, 335, 342, 
27991, 339, 340, 339, 329, 
28021, 339, 341, 341, 328, 
28051, 336, 336, 338, 340, 
28082, 333, 332, 333, 349, 
28111, 334, 333, 335, 345, 
28142, 338, 339, 339, 333, 
28172, 339, 341, 341, 327, 
28201, 337, 339, 339, 336, 
28232, 333, 332, 334, 348, 
28262, 334, 332, 333, 348, 
28293, 337, 337, 336, 337, 
28322, 340, 342, 341, 328, 
28353, 339, 340, 340, 334, 
28383, 335, 334, 336, 345, 
28413, 334, 332, 333, 350, 
28443, 336, 336, 335, 341, 
28474, 339, 341, 339, 329, 
28504, 339, 341, 341, 331, 
28533, 336, 337, 337, 341, 
28564, 333, 331, 333, 350, 
28594, 334, 335, 335, 342, 
28624, 339, 340, 339, 332, 
28654, 339, 342, 341, 328, 
28685, 336, 337, 338, 338, 
28715, 333, 333, 334, 349, 
28745, 334, 332, 333, 346, 
28775, 337, 338, 338, 335, 
28806, 340, 342, 341, 327, 
28835, 338, 339, 340, 336, 
28865, 334, 333, 335, 346, 
28896, 334, 331, 333, 349, 
28925, 336, 336, 336, 339, 
28956, 341, 341, 340, 328, 
28986, 339, 341, 341, 331, 
29017, 336, 336, 337, 343, 
29046, 332, 331, 333, 350, 
29077, 335, 334, 334, 342, 
29107, 339, 339, 339, 330, 
29137, 340, 341, 341, 328, 
29167, 338, 338, 337, 340, 
29197, 333, 331, 333, 347, 
29228, 334, 333, 334, 345, 
29257, 338, 338, 339, 333, 
29288, 340, 342, 341, 326, 
29318, 337, 338, 339, 334, 
29348, 335, 334, 334, 346, 
29378, 333, 332, 333, 347, 
29409, 336, 336, 336, 336, 
29438, 339, 341, 340, 327, 
29469, 338, 341, 340, 331, 
29499, 335, 334, 336, 343, 
29529, 333, 331, 333, 349, 
29559, 335, 335, 335, 340, 
29589, 339, 341, 340, 329, 
29620, 339, 341, 341, 329, 
29649, 335, 336, 337, 340, 
29680, 334, 331, 334, 348, 
29710, 334, 335, 333, 343, 
29741, 338, 339, 338, 331, 
29770, 340, 342, 342, 326, 
29800, 337, 338, 339, 336, 
29831, 333, 332, 334, 347, 
29860, 335, 333, 333, 346, 
29891, 337, 337, 337, 335, 
29921, 339, 341, 341, 326, 
29952, 338, 340, 340, 333, 
29981, 333, 334, 337, 345, 
30012, 333, 332, 333, 349, 
30042, 336, 336, 335, 339, 
30072, 339, 341, 340, 328, 
30102, 339, 340, 341, 330, 
30132, 336, 335, 337, 341, 
30162, 334, 331, 333, 350, 
30192, 335, 334, 334, 341, 
30223, 338, 340, 339, 330, 
30253, 339, 340, 342, 327, 
30283, 337, 337, 339, 337, 
30313, 333, 332, 335, 347, 
30344, 334, 333, 334, 345, 
30373, 337, 338, 338, 333, 
30404, 339, 341, 341, 326, 
30434, 337, 338, 339, 333, 
30464, 334, 333, 335, 345, 
30494, 333, 331, 333, 347, 
30524, 337, 336, 336, 336, 
30555, 339, 342, 340, 327, 
30584, 340, 340, 340, 330, 
30615, 335, 335, 337, 341, 
30645, 333, 330, 334, 348, 
30675, 335, 335, 335, 341, 
30705, 339, 341, 339, 329, 
30736, 339, 342, 341, 327, 
30766, 336, 336, 339, 338, 
30795, 333, 332, 333, 348, 
30826, 334, 333, 334, 344, 
30856, 338, 339, 337, 332, 
30886, 339, 341, 342, 326, 
30916, 339, 338, 339, 334, 
30947, 334, 333, 334, 346, 
30977, 334, 333, 333, 347, 
31007, 337, 337, 336, 336, 
31037, 340, 342, 342, 327, 
31068, 338, 339, 340, 332, 
31097, 335, 334, 336, 345, 
31127, 333, 331, 332, 350, 
31158, 336, 335, 335, 340, 
31187, 339, 341, 339, 329, 
31218, 339, 341, 342, 329, 
31248, 336, 336, 338, 340, 
31279, 333, 331, 333, 349, 
31308, 334, 333, 334, 344, 
31339, 338, 339, 339, 332, 
31369, 339, 341, 342, 327, 
31399, 337, 337, 339, 337, 
31429, 333, 331, 334, 347, 
31459, 333, 332, 333, 346, 
31490, 337, 337, 337, 335, 
31519, 340, 342, 341, 327, 
31550, 338, 340, 340, 333, 
31580, 334, 333, 335, 345, 
31610, 333, 332, 332, 348, 
31640, 336, 334, 335, 338, 
31671, 339, 341, 340, 327, 
31700, 339, 340, 341, 329, 
31730, 336, 335, 337, 341, 
31761, 333, 331, 333, 349, 
31791, 335, 334, 334, 342, 
31821, 338, 341, 339, 330, 
31851, 339, 341, 341, 329, 
31882, 336, 337, 338, 338, 
31911, 333, 332, 334, 349, 
31942, 334, 332, 333, 345, 
31972, 337, 338, 338, 334, 
32003, 340, 341, 341, 326, 
32032, 337, 338, 339, 335, 
32062, 334, 333, 334, 346, 
32093, 333, 331, 333, 348, 
32122, 336, 336, 336, 338, 
32153, 339, 341, 341, 329, 
32183, 339, 340, 340, 331, 
32214, 335, 335, 336, 343, 
32243, 334, 331, 333, 349, 
32274, 335, 335, 336, 341, 
32304, 339, 340, 339, 329, 
32334, 339, 341, 341, 329, 
32364, 336, 336, 338, 338, 
32394, 333, 332, 333, 348, 
32424, 334, 331, 334, 344, 
32454, 338, 339, 337, 332, 
32485, 339, 343, 342, 327, 
32515, 337, 338, 339, 335, 
32545, 334, 332, 334, 346, 
32575, 333, 332, 331, 347, 
32606, 336, 336, 336, 336, 
32635, 339, 341, 340, 327, 
32666, 338, 339, 340, 331, 
32696, 335, 334, 336, 343, 
32726, 333, 331, 332, 348, 
32756, 336, 335, 335, 339, 
32786, 340, 341, 339, 328, 
32817, 339, 341, 341, 328, 
32846, 336, 336, 338, 339, 
32877, 333, 331, 333, 347, 
32907, 335, 333, 334, 343, 
32937, 338, 340, 339, 331, 
32967, 339, 341, 341, 326, 
32998, 337, 338, 339, 336, 
33028, 333, 332, 334, 346, 
33057, 333, 332, 333, 345, 
33088, 338, 337, 337, 335, 
33118, 339, 341, 341, 327, 
33148, 339, 339, 340, 333, 
33178, 334, 333, 335, 345, 
33209, 333, 332, 333, 350, 
33239, 336, 335, 337, 339, 
33269, 339, 342, 340, 328, 
33299, 339, 340, 340, 330, 
33330, 336, 336, 337, 341, 
33359, 333, 331, 334, 349, 
33389, 335, 335, 334, 343, 
33420, 339, 339, 339, 331, 
33449, 340, 341, 341, 327, 
33480, 337, 337, 338, 337, 
33510, 333, 332, 334, 347, 
33541, 334, 332, 334, 345, 
33570, 337, 338, 337, 333, 
33601, 340, 342, 341, 327, 
33631, 338, 340, 339, 333, 
33660, 334, 333, 335, 345, 
33691, 333, 330, 333, 348, 
33721, 336, 336, 336, 338, 
33752, 339, 341, 340, 327, 
33781, 338, 341, 341, 330, 
33812, 335, 335, 336, 342, 
33842, 333, 331, 333, 349, 
33872, 335, 335, 334, 341, 
33902, 338, 341, 339, 330, 
33933, 339, 341, 341, 328, 
33963, 336, 336, 337, 338, 
33992, 333, 331, 333, 349, 
34023, 334, 333, 333, 344, 
34053, 337, 338, 337, 334, 
34083, 339, 342, 341, 327, 
34113, 338, 338, 339, 335, 
34144, 334, 334, 335, 347, 
34173, 333, 331, 333, 348, 
34204, 335, 336, 337, 338, 
34234, 339, 343, 341, 329, 
34265, 338, 340, 340, 332, 
34294, 335, 333, 337, 344, 
34324, 333, 331, 333, 350, 
34355, 335, 334, 335, 341, 
34384, 339, 340, 340, 330, 
34415, 339, 339, 342, 329, 
34445, 336, 336, 338, 340, 
34476, 333, 332, 334, 349, 
34505, 334, 334, 334, 344, 
34536, 338, 339, 338, 332, 
34566, 339, 342, 341, 327, 
34596, 338, 338, 340, 336, 
34626, 334, 333, 334, 347, 
34656, 334, 333, 334, 346, 
34686, 338, 337, 337, 336, 
34716, 339, 342, 341, 328, 
34747, 338, 339, 340, 333, 
34777, 335, 334, 336, 345, 
34807, 333, 331, 334, 350, 
34837, 336, 335, 335, 339, 
34868, 339, 341, 339, 328, 
34897, 339, 340, 341, 329, 
34928, 335, 335, 337, 341, 
34958, 333, 330, 333, 350, 
34988, 335, 333, 334, 343, 
35018, 339, 339, 339, 331, 
35048, 339, 341, 340, 329, 
35079, 337, 337, 338, 337, 
35108, 333, 332, 334, 348, 
35139, 334, 332, 333, 346, 
35169, 337, 338, 337, 334, 
35200, 339, 342, 341, 327, 
35229, 339, 339, 340, 334, 
35260, 334, 333, 335, 345, 
35290, 333, 331, 333, 351, 
35319, 336, 336, 336, 337, 
35350, 339, 341, 342, 328, 
35380, 339, 340, 341, 329, 
35410, 335, 334, 336, 342, 
35440, 334, 332, 333, 348, 
35471, 337, 334, 334, 341, 
35501, 339, 341, 339, 330, 
35531, 339, 341, 341, 328, 
35561, 336, 336, 338, 337, 
35591, 334, 331, 333, 348, 
35621, 334, 333, 334, 345, 
35651, 338, 338, 337, 334, 
35682, 340, 342, 342, 327, 
35712, 337, 338, 339, 335, 
35742, 333, 333, 335, 347, 
35772, 333, 332, 332, 347, 
35803, 336, 337, 336, 336, 
35832, 339, 341, 340, 328, 
35863, 338, 340, 340, 332, 
35893, 335, 334, 336, 343, 
35922, 333, 331, 333, 349, 
35953, 335, 335, 335, 340, 
35983, 339, 340, 339, 329, 
36014, 339, 341, 341, 329, 
36043, 336, 336, 337, 339, 
36074, 333, 331, 333, 349, 
36104, 335, 334, 335, 344, 
36134, 338, 340, 338, 331, 
36164, 340, 342, 341, 327, 
36195, 337, 338, 339, 337, 
36225, 334, 332, 334, 347, 
36254, 333, 332, 334, 345, 
36285, 337, 337, 336, 334, 
36315, 339, 343, 341, 326, 
36345, 338, 339, 340, 332, 
36375, 334, 333, 335, 345, 
36406, 333, 331, 333, 349, 
36435, 336, 336, 335, 337, 
36466, 339, 341, 340, 327, 
36496, 339, 340, 340, 329, 
36527, 335, 335, 336, 340, 
36556, 334, 331, 332, 347, 
36586, 335, 334, 334, 341, 
36617, 339, 340, 338, 329, 
36646, 340, 341, 341, 327, 
36677, 337, 336, 338, 337, 
36707, 333, 332, 334, 348, 
36738, 334, 334, 334, 344, 
36767, 337, 339, 339, 332, 
36798, 339, 341, 341, 326, 
36828, 337, 338, 339, 334, 
36858, 334, 333, 335, 346, 
36888, 333, 332, 333, 347, 
36918, 337, 336, 336, 336, 
36948, 339, 342, 341, 326, 
36978, 338, 339, 340, 331, 
37009, 335, 334, 336, 342, 
37039, 333, 330, 333, 348, 
37069, 335, 334, 335, 340, 
37099, 338, 341, 340, 329, 
37130, 339, 341, 341, 328, 
37159, 336, 336, 338, 339, 
37190, 333, 331, 333, 348, 
37220, 334, 334, 334, 343, 
37250, 338, 339, 338, 331, 
37280, 340, 342, 341, 326, 
37310, 337, 337, 339, 336, 
37341, 333, 332, 334, 347, 
37370, 334, 335, 334, 345, 
37401, 337, 338, 337, 334, 
37431, 340, 341, 341, 326, 
37462, 338, 339, 341, 332, 
37491, 335, 333, 335, 343, 
37521, 333, 332, 333, 348, 
37552, 336, 336, 336, 337, 
37581, 339, 341, 340, 327, 
37612, 339, 341, 340, 330, 
37642, 335, 335, 336, 341, 
37672, 333, 331, 334, 348, 
37702, 335, 334, 335, 343, 
37733, 339, 340, 339, 329, 
37763, 339, 341, 343, 327, 
37793, 337, 336, 338, 337, 
37823, 333, 331, 333, 347, 
37853, 334, 333, 333, 344, 
37883, 337, 338, 338, 332, 
37913, 339, 341, 341, 326, 
37944, 337, 338, 339, 334, 
37974, 333, 333, 335, 346, 
38004, 334, 333, 333, 346, 
38034, 336, 337, 336, 336, 
38065, 339, 342, 341, 326, 
38094, 338, 340, 340, 331, 
38125, 336, 334, 337, 343, 
38155, 334, 331, 332, 348, 
38184, 335, 337, 334, 339, 
38215, 339, 341, 341, 328, 
38245, 339, 341, 341, 330, 
38276, 336, 335, 337, 340, 
38305, 333, 332, 332, 348, 
38336, 333, 334, 334, 342, 
38366, 338, 339, 339, 330, 
38396, 339, 342, 341, 326, 
38426, 337, 337, 339, 337, 
38457, 333, 332, 333, 347, 
38487, 334, 333, 333, 345, 
38516, 337, 338, 337, 334, 
38547, 340, 341, 341, 326, 
38577, 337, 338, 340, 334, 
38607, 334, 333, 336, 346, 
38637, 334, 331, 333, 348, 
38668, 336, 337, 336, 338, 
38697, 339, 341, 341, 327, 
38728, 338, 340, 340, 332, 
38758, 335, 334, 336, 342, 
38789, 333, 331, 333, 349, 
38818, 335, 335, 335, 341, 
38848, 338, 340, 339, 329, 
38879, 339, 341, 341, 328, 
38908, 336, 336, 338, 338, 
38939, 332, 331, 333, 348, 
38969, 335, 333, 334, 343, 
39000, 338, 340, 339, 332, 
39029, 339, 341, 341, 326, 
39060, 337, 338, 339, 336, 
39090, 334, 332, 334, 346, 
39120, 334, 332, 331, 346, 
39150, 337, 337, 337, 335, 
39180, 339, 340, 341, 326, 
39211, 338, 339, 340, 332, 
39240, 334, 333, 335, 345, 
39271, 333, 331, 333, 349, 
39301, 335, 335, 336, 338, 
39331, 339, 341, 340, 328, 
39361, 339, 340, 341, 329, 
39392, 335, 335, 337, 342, 
39421, 333, 331, 333, 349, 
39451, 335, 334, 334, 341, 
39482, 338, 339, 339, 329, 
39512, 339, 341, 342, 328, 
39542, 337, 336, 338, 337, 
39572, 333, 331, 333, 349, 
39603, 334, 332, 334, 344, 
39632, 337, 338, 338, 333, 
39663, 339, 342, 341, 327, 
39693, 337, 338, 339, 336, 
39724, 334, 333, 334, 347, 
39753, 333, 332, 333, 347, 
39783, 337, 336, 336, 336, 
39814, 339, 341, 340, 327, 
39843, 338, 340, 340, 332, 
39874, 334, 334, 336, 344, 
39904, 334, 331, 332, 349, 
39934, 335, 335, 335, 339, 
39964, 340, 341, 340, 329, 
39995, 339, 342, 342, 330, 
40025, 335, 335, 337, 340, 
40055, 333, 331, 333, 350, 
40085, 335, 334, 334, 342, 
40115, 338, 339, 339, 331, 
40145, 340, 341, 341, 327, 
40175, 337, 337, 338, 337, 
40206, 333, 331, 333, 348, 
40236, 333, 332, 333, 346, 
40266, 338, 337, 337, 333, 
40296, 340, 341, 341, 326, 
40327, 337, 338, 339, 333, 
40356, 336, 334, 335, 345, 
40387, 333, 331, 333, 347, 
40417, 336, 337, 336, 337, 
40446, 339, 342, 340, 326, 
40477, 338, 340, 341, 330, 
40507, 335, 335, 336, 343, 
40538, 333, 332, 332, 349, 
40567, 335, 334, 334, 339, 
40598, 339, 340, 340, 329, 
40628, 339, 342, 341, 329, 
40658, 336, 335, 337, 338, 
40688, 333, 331, 333, 348, 
40719, 334, 333, 334, 343, 
40749, 337, 339, 338, 331, 
40778, 339, 341, 342, 326, 
40809, 337, 338, 339, 335, 
40839, 333, 331, 334, 346, 
40869, 334, 332, 333, 346, 
40899, 337, 337, 337, 335, 
40930, 340, 341, 341, 326, 
40960, 338, 339, 340, 333, 
40990, 334, 333, 335, 344, 
41020, 334, 333, 334, 348, 
41051, 336, 336, 336, 338, 
41080, 339, 342, 340, 328, 
41110, 338, 340, 341, 331, 
41141, 335, 335, 337, 344, 
41170, 333, 332, 333, 349, 
41201, 335, 334, 335, 342, 
41231, 339, 340, 339, 331, 
41262, 339, 338, 341, 328, 
41291, 336, 336, 337, 339, 
41322, 333, 331, 333, 349, 
41352, 334, 333, 334, 345, 
41381, 338, 339, 338, 333, 
41412, 340, 342, 341, 326, 
41442, 337, 338, 340, 336, 
41473, 333, 332, 334, 347, 
41502, 334, 332, 334, 347, 
41533, 337, 337, 336, 336, 
41563, 340, 342, 341, 326, 
41593, 338, 339, 340, 332, 
41623, 335, 335, 335, 344, 
41654, 333, 331, 332, 349, 
41683, 336, 335, 335, 340, 
41713, 340, 342, 340, 330, 
41744, 338, 341, 341, 330, 
41774, 336, 335, 337, 341, 
41804, 333, 332, 333, 350, 
41834, 335, 332, 334, 344, 
41865, 338, 339, 339, 332, 
41894, 339, 341, 341, 328, 
41925, 336, 337, 339, 339, 
41955, 333, 332, 333, 349, 
41986, 334, 333, 335, 346, 
42015, 337, 337, 339, 335, 
42045, 340, 342, 341, 328, 
42076, 339, 338, 340, 337, 
42105, 334, 334, 335, 348, 
42136, 333, 332, 333, 349, 
42166, 335, 337, 336, 339, 
42196, 340, 342, 340, 329, 
42226, 338, 340, 341, 334, 
42257, 335, 334, 336, 345, 
42287, 333, 331, 333, 352, 
42317, 336, 335, 335, 342, 
42347, 339, 341, 341, 331, 
42377, 338, 340, 341, 329, 
42407, 335, 336, 338, 343, 
42437, 333, 332, 333, 350, 
42468, 334, 333, 334, 346, 
42498, 338, 339, 338, 332, 
42528, 339, 342, 341, 328, 
42558, 337, 337, 339, 339, 
42589, 333, 333, 334, 349, 
42618, 333, 332, 333, 347, 
42649, 337, 338, 337, 336, 
42679, 340, 342, 341, 329, 
42708, 338, 339, 340, 336, 
42739, 334, 333, 335, 349, 
42769, 333, 332, 333, 352, 
42800, 336, 337, 336, 340, 
42829, 339, 341, 340, 330, 
42860, 338, 339, 340, 333, 
42890, 335, 334, 336, 345, 
42920, 332, 331, 332, 351, 
42950, 335, 335, 336, 344, 
42981, 340, 340, 339, 332, 
43011, 339, 341, 342, 331, 
43040, 336, 337, 337, 342, 
43071, 333, 330, 333, 352, 
43101, 334, 333, 334, 347, 
43131, 339, 339, 338, 336, 
43161, 340, 341, 340, 330, 
43192, 337, 338, 339, 340, 
43222, 333, 332, 334, 352, 
43252, 334, 332, 333, 351, 
43282, 337, 339, 337, 339, 
43312, 340, 342, 341, 331, 
43342, 339, 339, 340, 338, 
43372, 334, 333, 335, 349, 
43403, 333, 331, 333, 352, 
43432, 336, 336, 336, 343, 
43463, 339, 341, 340, 332, 
43493, 338, 340, 341, 335, 
43524, 334, 335, 336, 346, 
43553, 333, 331, 333, 354, 
43584, 334, 334, 335, 346, 
43614, 338, 340, 340, 334, 
43643, 340, 341, 342, 332, 
43674, 337, 336, 339, 344, 
43704, 333, 331, 334, 354, 
43735, 334, 334, 335, 348, 
43764, 338, 339, 338, 337, 
43795, 339, 341, 342, 331, 
43825, 337, 337, 339, 340, 
43855, 333, 332, 335, 352, 
43885, 334, 332, 333, 350, 
43916, 337, 337, 337, 340, 
43945, 340, 341, 341, 333, 
43975, 338, 339, 340, 339, 
44006, 334, 333, 336, 349, 
44036, 333, 330, 334, 353, 
44066, 337, 336, 336, 343, 
44096, 339, 341, 340, 331, 
44127, 339, 341, 341, 336, 
44156, 335, 335, 337, 347, 
44187, 333, 332, 333, 353, 
44217, 335, 335, 336, 346, 
44248, 339, 339, 339, 334, 
44277, 339, 342, 341, 333, 
44307, 337, 336, 338, 344, 
44338, 333, 331, 333, 355, 
44367, 335, 333, 334, 350, 
44398, 338, 339, 337, 338, 
44428, 340, 342, 341, 332, 
44459, 337, 338, 339, 341, 
44488, 335, 332, 334, 353, 
44519, 334, 332, 334, 354, 
44549, 337, 337, 337, 342, 
44579, 340, 342, 341, 333, 
44609, 338, 339, 340, 340, 
44639, 335, 332, 336, 352, 
44669, 333, 331, 333, 357, 
44699, 336, 336, 336, 347, 
44730, 340, 341, 340, 338, 
44760, 339, 340, 341, 344, 
44790, 336, 335, 337, 359, 
44820, 333, 329, 333, 372, 
44851, 335, 334, 335, 368, 
44880, 338, 340, 339, 362, 
44911, 340, 341, 341, 365, 
44941, 337, 337, 339, 379, 
44971, 334, 332, 334, 393, 
45001, 334, 333, 334, 392, 
45031, 338, 338, 338, 384, 
45062, 340, 342, 341, 382, 
45091, 338, 338, 339, 393, 
45122, 334, 332, 335, 407, 
45152, 333, 331, 333, 410, 
45182, 337, 337, 337, 402, 
45212, 339, 342, 341, 396, 
45242, 338, 339, 340, 404, 
45273, 334, 334, 336, 418, 
45302, 333, 331, 333, 424, 
45333, 336, 336, 335, 416, 
45363, 339, 342, 340, 406, 
45393, 339, 340, 341, 411, 
45423, 335, 335, 337, 423, 
45454, 333, 331, 333, 430, 
45484, 335, 335, 335, 425, 
45514, 338, 339, 339, 415, 
45544, 339, 341, 341, 414, 
45574, 336, 337, 337, 425, 
45604, 334, 332, 333, 435, 
45634, 334, 333, 334, 432, 
45665, 337, 338, 338, 422, 
45694, 340, 341, 341, 417, 
45725, 337, 337, 338, 427, 
45755, 333, 332, 334, 437, 
45786, 333, 332, 333, 438, 
45815, 336, 337, 337, 427, 
45846, 340, 341, 342, 419, 
45876, 338, 339, 340, 425, 
45905, 334, 334, 335, 437, 
45936, 331, 332, 332, 440, 
45966, 336, 336, 336, 432, 
45997, 339, 342, 340, 422, 
46026, 338, 340, 341, 425, 
46057, 336, 334, 336, 437, 
46087, 333, 331, 333, 443, 
46117, 335, 334, 334, 436, 
46147, 339, 340, 340, 425, 
46178, 339, 341, 341, 424, 
46208, 337, 336, 339, 435, 
46237, 333, 332, 333, 444, 
46268, 334, 334, 334, 439, 
46298, 337, 339, 338, 428, 
46328, 340, 342, 341, 423, 
46358, 337, 337, 339, 431, 
46389, 334, 332, 335, 443, 
46418, 333, 332, 333, 442, 
46449, 337, 337, 338, 430, 
46479, 339, 342, 341, 422, 
46510, 337, 339, 340, 429, 
46539, 334, 333, 335, 439, 
46569, 333, 332, 334, 443, 
46600, 337, 335, 335, 432, 
46629, 339, 341, 341, 423, 
46660, 338, 340, 341, 424, 
46690, 335, 335, 335, 435, 
46721, 333, 331, 331, 441, 
46750, 335, 335, 335, 433, 
46781, 339, 340, 340, 422, 
46811, 339, 341, 341, 420, 
46841, 336, 336, 338, 430, 
46871, 333, 332, 333, 438, 
46901, 334, 333, 334, 432, 
46931, 338, 339, 339, 422, 
46961, 340, 341, 341, 414, 
46992, 337, 337, 339, 425, 
47022, 334, 332, 334, 435, 
47052, 334, 333, 333, 433, 
47082, 337, 337, 337, 422, 
47113, 340, 342, 341, 414, 
47142, 338, 339, 340, 421, 
47172, 334, 333, 335, 432, 
47203, 333, 332, 333, 434, 
47233, 336, 336, 336, 424, 
47263, 339, 341, 342, 414, 
47293, 339, 340, 341, 416, 
47324, 334, 334, 336, 427, 
47353, 333, 331, 333, 433, 
47384, 335, 335, 335, 425, 
47414, 338, 340, 340, 414, 
47444, 339, 339, 341, 413, 
47474, 336, 336, 338, 423, 
47504, 333, 331, 333, 432, 
47535, 334, 334, 334, 427, 
47564, 339, 339, 338, 415, 
47595, 339, 341, 341, 410, 
47625, 336, 338, 338, 419, 
47655, 333, 332, 334, 429, 
47685, 334, 332, 333, 426, 
47716, 337, 338, 337, 415, 
47746, 339, 343, 341, 408, 
47776, 337, 339, 340, 415, 
47806, 335, 333, 335, 425, 
47836, 333, 332, 333, 426, 
47866, 337, 336, 336, 416, 
47896, 339, 342, 341, 406, 
47927, 338, 340, 340, 410, 
47956, 335, 334, 336, 421, 
47987, 333, 331, 333, 426, 
48017, 335, 335, 336, 417, 
48048, 338, 341, 340, 405, 
48077, 339, 341, 341, 406, 
48108, 335, 336, 337, 417, 
48138, 333, 331, 333, 425, 
48167, 334, 334, 334, 419, 
48198, 338, 340, 340, 406, 
48228, 339, 341, 340, 403, 
48259, 336, 337, 338, 412, 
48288, 333, 331, 333, 423, 
48319, 334, 333, 333, 420, 
48349, 337, 338, 338, 407, 
48379, 339, 342, 342, 401, 
48409, 337, 338, 338, 408, 
48440, 334, 332, 335, 418, 
48470, 333, 332, 333, 419, 
48499, 337, 337, 336, 408, 
48530, 339, 341, 341, 400, 
48560, 339, 340, 341, 403, 
48590, 335, 334, 336, 412, 
48620, 333, 331, 333, 418, 
48651, 336, 336, 335, 408, 
48680, 339, 341, 340, 397, 
48711, 339, 341, 341, 399, 
48741, 337, 336, 337, 409, 
48772, 333, 331, 332, 416, 
48801, 335, 335, 334, 410, 
48831, 338, 340, 339, 398, 
48862, 339, 342, 341, 395, 
48891, 337, 336, 338, 404, 
48922, 333, 330, 334, 412, 
48952, 335, 333, 334, 410, 
48983, 338, 339, 338, 397, 
49012, 340, 342, 342, 392, 
49043, 338, 338, 339, 399, 
49073, 334, 332, 335, 410, 
49102, 334, 333, 334, 409, 
49133, 338, 337, 337, 398, 
49163, 340, 342, 341, 391, 
49193, 338, 340, 340, 395, 
49223, 335, 334, 336, 406, 
49254, 333, 331, 333, 409, 
49284, 336, 336, 336, 400, 
49314, 339, 341, 340, 389, 
49344, 339, 341, 341, 391, 
49375, 335, 335, 337, 402, 
49404, 333, 331, 333, 408, 
49434, 336, 335, 334, 400, 
49465, 339, 340, 339, 388, 
49495, 340, 341, 341, 386, 
49525, 336, 336, 338, 397, 
49555, 333, 331, 333, 406, 
49586, 336, 334, 334, 401, 
49615, 338, 339, 338, 390, 
49646, 340, 342, 341, 384, 
49676, 337, 338, 338, 393, 
49707, 334, 332, 334, 404, 
49736, 334, 332, 333, 402, 
49766, 338, 338, 337, 391, 
49797, 340, 342, 342, 382, 
49826, 339, 339, 339, 388, 
49857, 335, 333, 334, 400, 
49887, 333, 331, 332, 402, 
49917, 336, 336, 336, 391, 
49947, 340, 341, 340, 383, 
49978, 339, 340, 340, 385, 
50008, 335, 335, 336, 396, 
50038, 333, 332, 333, 402, 
50068, 335, 335, 335, 394, 
50098, 339, 341, 340, 384, 
50128, 339, 341, 341, 383, 
50158, 336, 336, 337, 393, 
50189, 333, 333, 333, 401, 
50219, 335, 334, 334, 396, 
50249, 338, 340, 339, 384, 
50279, 339, 340, 341, 381, 
50310, 337, 338, 339, 390, 
50339, 333, 331, 335, 401, 
50370, 334, 333, 333, 398, 
50400, 337, 338, 337, 387, 
50429, 339, 342, 341, 380, 
50460, 338, 337, 339, 387, 
50490, 334, 333, 334, 397, 
50521, 334, 331, 333, 400, 
50550, 337, 338, 336, 390, 
50581, 339, 341, 340, 380, 
50611, 338, 339, 342, 384, 
50641, 335, 334, 336, 394, 
50671, 333, 331, 333, 400, 
50702, 336, 335, 335, 391, 
50732, 340, 341, 340, 380, 
50761, 338, 341, 341, 380, 
50792, 336, 335, 338, 391, 
50822, 333, 331, 333, 399, 
50852, 335, 334, 334, 393, 
50882, 339, 340, 339, 381, 
50913, 340, 342, 341, 377, 
50942, 338, 337, 338, 387, 
50973, 333, 332, 334, 397, 
51003, 334, 333, 334, 393, 
51033, 339, 338, 337, 382, 
51063, 340, 342, 341, 375, 
51093, 338, 340, 340, 384, 
51124, 336, 333, 334, 394, 
51153, 334, 332, 333, 395, 
51184, 337, 338, 337, 384, 
51214, 340, 342, 342, 375, 
51245, 339, 339, 340, 380, 
51274, 335, 334, 336, 390, 
51305, 333, 331, 332, 395, 
51335, 336, 335, 335, 386, 
51364, 339, 341, 340, 376, 
51395, 338, 340, 341, 377, 
51425, 336, 336, 337, 387, 
51456, 333, 331, 334, 395, 
51485, 334, 334, 334, 387, 
51516, 339, 340, 339, 378, 
51546, 340, 341, 341, 374, 
51576, 336, 337, 338, 384, 
51606, 333, 331, 333, 393, 
51637, 334, 333, 333, 389, 
51666, 339, 338, 337, 378, 
51696, 339, 342, 342, 373, 
51727, 338, 338, 339, 380, 
51757, 335, 332, 334, 392, 
51787, 334, 332, 333, 391, 
51817, 337, 337, 337, 380, 
51848, 340, 341, 341, 373, 
51877, 338, 339, 340, 377, 
51908, 334, 334, 335, 386, 
51938, 334, 331, 333, 391, 
51969, 336, 335, 336, 382, 
51998, 339, 341, 342, 371, 
52028, 339, 340, 340, 373, 
52059, 335, 334, 337, 384, 
52088, 333, 331, 333, 392, 
52119, 335, 335, 334, 384, 
52149, 339, 340, 340, 373, 
52179, 339, 342, 343, 371, 
52209, 337, 336, 337, 382, 
52240, 333, 332, 333, 390, 
52270, 334, 333, 334, 385, 
52300, 338, 339, 339, 375, 
52330, 339, 342, 342, 369, 
52360, 340, 337, 339, 378, 
52390, 334, 332, 334, 388, 
52420, 335, 332, 333, 387, 
52451, 337, 337, 337, 377, 
52481, 340, 341, 341, 370, 
52511, 338, 338, 340, 375, 
52541, 334, 334, 335, 387, 
52572, 333, 331, 333, 390, 
52601, 336, 337, 336, 379, 
52632, 339, 341, 340, 369, 
52662, 339, 340, 340, 371, 
52691, 335, 334, 336, 382, 
52722, 333, 331, 333, 390, 
52752, 336, 334, 335, 380, 
52783, 339, 340, 339, 369, 
52812, 339, 341, 341, 370, 
52843, 336, 336, 338, 379, 
52873, 333, 332, 334, 389, 
52903, 334, 334, 334, 382, 
52933, 338, 339, 339, 371, 
52963, 339, 341, 342, 367, 
52994, 337, 337, 338, 376, 
53023, 334, 332, 334, 387, 
53054, 335, 332, 333, 385, 
53084, 338, 338, 338, 374, 
53114, 340, 342, 342, 366, 
53144, 338, 339, 339, 373, 
53175, 335, 332, 335, 384, 
53204, 333, 332, 333, 386, 
53235, 336, 336, 337, 375, 
53265, 340, 341, 341, 365, 
53295, 339, 340, 340, 369, 
53325, 335, 334, 337, 380, 
53355, 334, 331, 333, 385, 
53386, 335, 335, 336, 376, 
53415, 339, 340, 340, 367, 
53446, 339, 341, 341, 366, 
53476, 336, 336, 337, 376, 
53507, 332, 331, 333, 386, 
53536, 336, 335, 334, 379, 
53567, 338, 340, 339, 368, 
53597, 339, 342, 341, 365, 
53626, 336, 338, 338, 373, 
53657, 334, 332, 334, 384, 
53687, 334, 333, 333, 380, 
53718, 337, 338, 338, 370, 
53747, 340, 342, 341, 363, 
53778, 338, 338, 339, 370, 
53808, 334, 333, 335, 382, 
53838, 334, 332, 333, 382, 
53868, 336, 337, 336, 371, 
53899, 339, 342, 341, 364, 
53928, 338, 339, 341, 368, 
53958, 335, 335, 336, 380, 
53989, 333, 332, 333, 385, 
54019, 335, 335, 335, 375, 
54049, 339, 342, 340, 365, 
54079, 337, 340, 341, 367, 
54110, 335, 335, 337, 378, 
54139, 333, 331, 333, 384, 
54170, 335, 335, 334, 377, 
54200, 337, 339, 338, 366, 
54231, 340, 341, 341, 363, 
54260, 337, 336, 338, 373, 
54290, 334, 332, 333, 383, 
54321, 334, 333, 334, 380, 
54350, 337, 338, 338, 369, 
54381, 339, 342, 341, 362, 
54411, 338, 338, 339, 370, 
54441, 335, 332, 334, 381, 
54471, 334, 332, 333, 381, 
54502, 337, 337, 337, 370, 
54532, 341, 342, 342, 362, 
54562, 338, 340, 340, 367, 
54592, 334, 333, 335, 379, 
54622, 333, 332, 333, 382, 
54652, 336, 336, 335, 372, 
54682, 339, 341, 342, 362, 
54713, 339, 341, 340, 363, 
54743, 335, 335, 337, 375, 
54773, 333, 331, 332, 382, 
54803, 335, 334, 334, 375, 
54834, 339, 341, 341, 364, 
54863, 339, 341, 341, 362, 
54893, 336, 336, 338, 373, 
54924, 333, 331, 333, 382, 
54953, 334, 333, 335, 377, 
54984, 338, 339, 338, 365, 
55014, 340, 342, 342, 360, 
55045, 337, 338, 339, 369, 
55074, 335, 332, 335, 380, 
55105, 334, 332, 333, 380, 
55135, 337, 337, 337, 367, 
55165, 339, 341, 341, 360, 
55195, 338, 340, 340, 366, 
55225, 334, 333, 335, 377, 
55256, 333, 332, 332, 380, 
55285, 337, 336, 335, 370, 
55316, 339, 340, 340, 361, 
55346, 339, 340, 340, 364, 
55376, 335, 335, 336, 375, 
55406, 333, 331, 334, 383, 
55437, 336, 335, 334, 373, 
55467, 339, 340, 339, 361, 
55497, 339, 341, 341, 362, 
55527, 337, 336, 337, 372, 
55557, 334, 332, 333, 381, 
55587, 334, 333, 334, 377, 
55617, 338, 340, 338, 365, 
55648, 340, 342, 341, 360, 
55677, 337, 337, 339, 369, 
55708, 335, 332, 333, 380, 
55738, 334, 333, 334, 379, 
55769, 337, 337, 337, 367, 
55798, 340, 341, 342, 360, 
55829, 338, 338, 341, 366, 
55859, 334, 333, 335, 378, 
55888, 333, 331, 333, 379, 
55919, 337, 338, 336, 369, 
55949, 340, 341, 340, 359, 
55980, 339, 340, 341, 364, 
56009, 335, 334, 336, 374, 
56040, 333, 331, 333, 380, 
56070, 335, 335, 335, 372, 
56100, 339, 340, 340, 361, 
56130, 340, 341, 341, 361, 
56161, 337, 336, 337, 371, 
56190, 334, 332, 333, 380, 
56220, 335, 334, 334, 374, 
56251, 338, 340, 339, 363, 
56281, 340, 342, 341, 360, 
56311, 336, 338, 338, 369, 
56341, 334, 332, 334, 380, 
56372, 334, 333, 333, 377, 
56401, 337, 338, 338, 366, 
56432, 339, 342, 341, 358, 
56462, 337, 339, 339, 366, 
56493, 334, 333, 335, 377, 
56522, 333, 333, 333, 378, 
56552, 337, 336, 337, 368, 
56583, 339, 343, 341, 358, 
56612, 339, 340, 340, 364, 
56643, 335, 335, 337, 376, 
56673, 333, 333, 333, 379, 
56704, 336, 335, 334, 370, 
56733, 339, 341, 340, 361, 
56764, 339, 341, 341, 360, 
56794, 335, 335, 337, 371, 
56823, 333, 331, 334, 379, 
56854, 335, 333, 335, 372, 
56884, 339, 340, 339, 361, 
56914, 340, 341, 341, 358, 
56944, 337, 337, 338, 367, 
56975, 333, 332, 334, 378, 
57005, 334, 333, 335, 375, 
57035, 337, 338, 337, 362, 
57065, 340, 342, 342, 356, 
57096, 337, 339, 339, 364, 
57125, 333, 332, 334, 374, 
57155, 334, 332, 333, 377, 
57186, 337, 337, 337, 366, 
57216, 340, 341, 341, 357, 
57246, 338, 339, 340, 363, 
57276, 335, 334, 336, 374, 
57307, 333, 331, 333, 378, 
57336, 337, 335, 335, 369, 
57367, 339, 341, 340, 359, 
57397, 339, 341, 341, 360, 
57427, 336, 335, 337, 372, 
57457, 333, 331, 333, 379, 
57487, 335, 334, 334, 373, 
57518, 339, 340, 339, 361, 
57547, 340, 342, 342, 359, 
57578, 336, 337, 338, 369, 
57608, 334, 332, 333, 380, 
57638, 335, 333, 334, 375, 
57668, 337, 338, 338, 364, 
57699, 340, 342, 341, 359, 
57729, 338, 338, 339, 366, 
57759, 333, 331, 334, 377, 
57789, 335, 332, 332, 377, 
57819, 337, 337, 336, 367, 
57849, 339, 342, 341, 358, 
57879, 339, 339, 340, 363, 
57910, 334, 334, 336, 376, 
57939, 333, 331, 333, 379, 
57970, 337, 336, 336, 370, 
58000, 340, 341, 340, 359, 
58031, 338, 341, 341, 361, 
58060, 335, 335, 336, 373, 
58091, 333, 331, 333, 379, 
58121, 336, 334, 334, 371, 
58150, 339, 342, 339, 360, 
58181, 341, 341, 341, 358, 
58211, 336, 337, 337, 369, 
58242, 333, 332, 334, 380, 
58271, 335, 334, 334, 375, 
58302, 337, 339, 339, 363, 
58332, 340, 342, 341, 357, 
58362, 337, 338, 339, 366, 
58392, 333, 332, 333, 377, 
58423, 335, 332, 333, 376, 
58452, 337, 338, 337, 364, 
58482, 339, 341, 341, 355, 
58513, 338, 339, 339, 363, 
58543, 334, 333, 335, 374, 
58573, 334, 332, 332, 377, 
58603, 337, 336, 336, 367, 
58634, 339, 341, 341, 357, 
58663, 339, 340, 341, 359, 
58694, 335, 336, 336, 370, 
58724, 334, 332, 332, 378, 
58754, 335, 334, 335, 370, 
58784, 338, 341, 340, 359, 
58814, 339, 341, 341, 357, 
58845, 336, 336, 338, 367, 
58874, 334, 331, 333, 377, 
58905, 335, 333, 334, 372, 
58935, 338, 338, 338, 360, 
58966, 340, 341, 341, 355, 
58995, 337, 338, 339, 363, 
59026, 333, 332, 334, 374, 
59056, 334, 333, 333, 373, 
59085, 337, 337, 336, 362, 
59116, 339, 342, 341, 355, 
59146, 338, 339, 339, 361, 
59176, 334, 334, 335, 373, 
59206, 333, 332, 333, 376, 
59237, 337, 338, 336, 367, 
59267, 339, 341, 340, 356, 
59297, 338, 341, 340, 358, 
59327, 335, 334, 336, 369, 
59358, 333, 331, 333, 377, 
59387, 336, 335, 335, 369, 
59417, 339, 340, 339, 357, 
59448, 339, 341, 342, 356, 
59478, 336, 336, 337, 367, 
59508, 333, 332, 333, 376, 
59538, 334, 334, 334, 371, 
59569, 338, 339, 339, 360, 
59598, 340, 342, 341, 355, 
59629, 337, 337, 338, 363, 
59659, 333, 332, 334, 375, 
59689, 334, 333, 333, 373, 
59719, 337, 338, 337, 362, 
59749, 339, 342, 341, 353, 
59780, 338, 339, 340, 359, 
59809, 334, 333, 336, 371, 
59840, 334, 331, 333, 374, 
59870, 337, 336, 336, 364, 
59900, 339, 341, 340, 353, 
59930, 339, 340, 339, 356, 
59961, 336, 335, 337, 368, 
59991, 333, 331, 333, 375, 
60021, 335, 334, 335, 367, 
60051, 340, 340, 339, 355, 
60081, 339, 341, 341, 353, 
60111, 336, 336, 338, 364, 
60141, 334, 332, 333, 374, 
60172, 335, 334, 333, 369, 
60201, 338, 338, 339, 357, 
60232, 338, 342, 341, 352, 
60262, 337, 338, 339, 361, 
60293, 333, 332, 334, 371, 
60322, 334, 332, 334, 371, 
60353, 336, 338, 337, 359, 
60383, 339, 342, 341, 352, 
60412, 338, 339, 340, 357, 
60443, 334, 334, 335, 368, 
60473, 334, 331, 334, 371, 
60504, 336, 335, 336, 361, 
60533, 339, 341, 342, 351, 
60564, 339, 340, 341, 355, 
60594, 335, 335, 336, 366, 
60624, 333, 331, 333, 372, 
60654, 335, 334, 335, 365, 
60684, 340, 341, 339, 353, 
60715, 340, 341, 341, 352, 
60744, 336, 336, 337, 362, 
60775, 333, 331, 333, 371, 
60805, 334, 333, 334, 365, 
60835, 337, 337, 338, 355, 
60865, 340, 342, 341, 350, 
60896, 336, 339, 339, 359, 
60925, 333, 332, 334, 369, 
60956, 333, 332, 333, 369, 
60986, 337, 338, 338, 356, 
61016, 339, 341, 342, 349, 
61046, 338, 338, 340, 354, 
61076, 334, 334, 336, 367, 
61107, 333, 332, 333, 370, 
61136, 338, 336, 336, 359, 
61167, 339, 342, 341, 351, 
61197, 340, 340, 341, 353, 
61228, 336, 335, 337, 364, 
61257, 331, 331, 333, 371, 
61288, 335, 334, 335, 363, 
61318, 339, 340, 340, 352, 
61347, 339, 341, 342, 351, 
61378, 336, 336, 339, 362, 
61408, 333, 332, 333, 370, 
61438, 334, 333, 334, 366, 
61468, 338, 339, 339, 354, 
61499, 340, 341, 341, 348, 
61529, 336, 339, 339, 357, 
61559, 334, 332, 334, 368, 
61589, 332, 332, 333, 367, 
61620, 336, 337, 337, 356, 
61649, 339, 342, 341, 348, 
61679, 338, 339, 339, 354, 
61710, 334, 334, 336, 366, 
61740, 334, 331, 332, 369, 
61770, 336, 336, 336, 359, 
61800, 339, 342, 340, 348, 
61831, 338, 340, 340, 351, 
61860, 336, 335, 336, 361, 
61891, 333, 331, 333, 370, 
61921, 336, 334, 334, 362, 
61952, 339, 340, 339, 351, 
61981, 339, 341, 341, 349, 
62011, 337, 335, 338, 359, 
62042, 334, 330, 333, 369, 
62071, 334, 333, 334, 365, 
62102, 338, 339, 338, 353, 
62132, 340, 342, 341, 347, 
62162, 337, 338, 339, 356, 
62192, 334, 331, 334, 368, 
62223, 333, 332, 333, 367, 
62253, 336, 339, 337, 356, 
62283, 340, 340, 340, 347, 
62313, 339, 339, 341, 353, 
62343, 334, 333, 336, 365, 
62373, 334, 330, 333, 368, 
62403, 337, 336, 336, 358, 
62434, 341, 341, 340, 348, 
62464, 339, 340, 340, 350, 
62494, 335, 334, 337, 361, 
62524, 333, 331, 333, 369, 
62555, 335, 335, 335, 362, 
62584, 338, 340, 339, 350, 
62614, 339, 341, 341, 348, 
62645, 336, 336, 338, 358, 
62674, 333, 331, 333, 368, 
62705, 334, 333, 333, 364, 
62735, 338, 338, 338, 353, 
62766, 340, 342, 341, 346, 
62795, 337, 339, 339, 355, 
62826, 334, 332, 333, 366, 
62856, 334, 332, 333, 366, 
62886, 335, 336, 336, 355, 
62916, 340, 341, 341, 346, 
62946, 337, 339, 340, 352, 
62977, 334, 334, 336, 363, 
63006, 333, 331, 333, 368, 
63037, 336, 336, 336, 359, 
63067, 339, 341, 339, 347, 
63097, 339, 340, 342, 349, 
63127, 336, 335, 337, 360, 
63158, 334, 332, 333, 369, 
63187, 335, 334, 334, 362, 
63218, 339, 339, 339, 350, 
63248, 339, 341, 341, 347, 
63278, 336, 337, 338, 357, 
63308, 333, 332, 333, 367, 
63338, 334, 333, 333, 365, 
63369, 338, 338, 338, 353, 
63398, 340, 342, 340, 346, 
63429, 337, 338, 339, 354, 
63459, 334, 333, 335, 364, 
63490, 334, 331, 333, 367, 
63519, 337, 337, 336, 356, 
63550, 339, 342, 341, 346, 
63580, 338, 339, 340, 351, 
63609, 334, 334, 335, 362, 
63640, 332, 332, 332, 368, 
63670, 335, 335, 335, 358, 
63700, 338, 341, 340, 349, 
63730, 338, 340, 341, 349, 
63761, 336, 337, 337, 359, 
63791, 332, 331, 333, 368, 
63821, 335, 334, 334, 362, 
63851, 338, 340, 339, 350, 
63882, 339, 342, 342, 348, 
63911, 337, 337, 338, 356, 
63941, 333, 332, 335, 368, 
63972, 333, 332, 334, 365, 
64002, 337, 339, 337, 353, 
64032, 339, 341, 341, 347, 
64062, 339, 339, 340, 354, 
64093, 335, 333, 335, 365, 
64122, 334, 332, 333, 368, 
64153, 336, 337, 336, 357, 
64183, 339, 341, 341, 347, 
64214, 338, 341, 340, 351, 
64243, 336, 334, 336, 362, 
64273, 333, 331, 334, 368, 
64304, 337, 335, 335, 359, 
64333, 339, 340, 340, 348, 
64364, 340, 341, 341, 348, 
64394, 335, 336, 337, 359, 
64424, 333, 331, 333, 367, 
64454, 335, 334, 334, 362, 
64485, 338, 339, 338, 350, 
64515, 339, 341, 341, 346, 
64544, 337, 337, 339, 355, 
64575, 333, 331, 334, 366, 
64605, 334, 333, 334, 365, 
64635, 337, 337, 337, 353, 
64665, 341, 342, 341, 345, 
64696, 337, 339, 340, 352, 
64726, 334, 333, 335, 363, 
64756, 334, 331, 333, 366, 
64786, 334, 336, 336, 356, 
64817, 341, 341, 341, 346, 
64846, 340, 340, 340, 349, 
64876, 335, 336, 336, 360, 
64907, 333, 331, 332, 367, 
64936, 335, 334, 334, 360, 
64967, 338, 340, 338, 348, 
64997, 340, 341, 341, 346, 
65028, 336, 336, 338, 357, 
65057, 333, 331, 335, 366, 
65088, 334, 334, 335, 362, 
65118, 338, 340, 338, 350, 
65148, 340, 342, 342, 345, 
65178, 337, 337, 340, 355, 
65208, 334, 332, 333, 365, 
65239, 333, 332, 333, 365, 
65268, 337, 338, 337, 355, 
65299, 340, 342, 341, 345, 
65329, 338, 339, 341, 351, 
65359, 334, 333, 336, 362, 
65389, 333, 331, 333, 366, 
65420, 336, 337, 336, 356, 
65449, 339, 341, 341, 345, 
65480, 339, 339, 340, 348, 
65510, 335, 335, 336, 359, 
65540, 333, 331, 333, 367, 
65570, 335, 334, 334, 359, 
65600, 337, 339, 339, 348, 
65631, 340, 341, 342, 345, 
65660, 336, 337, 338, 355, 
65691, 333, 332, 334, 366, 
65721, 335, 333, 334, 362, 
65752, 338, 338, 337, 350, 
65781, 339, 342, 341, 344, 
65812, 337, 338, 339, 353, 
65842, 334, 332, 335, 364, 
65871, 334, 332, 333, 365, 
65902, 336, 336, 336, 354, 
65932, 340, 340, 340, 345, 
65963, 338, 340, 340, 350, 
65992, 335, 334, 336, 362, 
66023, 334, 331, 333, 366, 
66053, 336, 336, 335, 357, 
66083, 339, 340, 340, 346, 
66113, 339, 340, 341, 347, 
66144, 336, 336, 337, 357, 
66173, 333, 332, 334, 366, 
66203, 335, 333, 334, 359, 
66234, 338, 339, 337, 348, 
66264, 340, 341, 341, 344, 
66294, 338, 337, 338, 354, 
66324, 333, 332, 334, 365, 
66355, 334, 332, 333, 362, 
66384, 338, 338, 337, 351, 
66415, 339, 341, 340, 344, 
66445, 338, 339, 339, 351, 
66475, 334, 333, 335, 362, 
66505, 333, 332, 333, 365, 
66535, 336, 337, 336, 355, 
66566, 339, 341, 340, 344, 
66595, 338, 340, 341, 348, 
66626, 335, 334, 336, 359, 
66656, 333, 332, 333, 366, 
66686, 335, 335, 335, 358, 
66716, 338, 340, 339, 346, 
66747, 339, 341, 341, 345, 
66777, 336, 336, 338, 355, 
66806, 333, 331, 333, 366, 
66837, 334, 334, 333, 361, 
66867, 337, 338, 338, 349, 
66897, 340, 342, 341, 343, 
66927, 337, 338, 339, 352, 
66958, 334, 332, 334, 364, 
66988, 333, 332, 333, 363, 
67018, 336, 336, 336, 352, 
67048, 339, 341, 341, 343, 
67079, 338, 340, 339, 348, 
67108, 334, 333, 336, 360, 
67138, 333, 331, 333, 364, 
67169, 337, 335, 335, 354, 
67198, 340, 340, 340, 344, 
67229, 337, 340, 341, 345, 
67259, 336, 335, 337, 358, 
67290, 333, 331, 333, 365, 
67319, 335, 334, 334, 358, 
67350, 338, 340, 339, 346, 
67380, 340, 341, 341, 343, 
67410, 337, 337, 339, 353, 
67440, 334, 332, 334, 364, 
67470, 335, 333, 334, 362, 
67501, 337, 338, 338, 351, 
67530, 340, 342, 341, 343, 
67561, 338, 338, 339, 350, 
67591, 334, 333, 335, 361, 
67621, 334, 332, 333, 364, 
67651, 336, 336, 336, 353, 
67682, 341, 342, 341, 343, 
67712, 339, 340, 340, 347, 
67742, 335, 334, 336, 359, 
67772, 333, 331, 333, 364, 
67802, 335, 335, 335, 355, 
67832, 339, 340, 340, 345, 
67862, 339, 341, 342, 344, 
67893, 336, 336, 338, 355, 
67922, 332, 331, 333, 364, 
67953, 334, 333, 334, 359, 
67983, 338, 339, 338, 347, 
68014, 341, 342, 341, 342, 
68043, 338, 337, 339, 351, 
68074, 333, 332, 334, 362, 
68104, 334, 333, 333, 362, 
68133, 337, 337, 337, 351, 
68164, 339, 342, 341, 342, 
68194, 339, 339, 340, 348, 
68225, 333, 333, 335, 360, 
68254, 334, 331, 333, 364, 
68285, 336, 336, 335, 354, 
68315, 339, 341, 341, 344, 
68345, 339, 341, 341, 346, 
68375, 336, 336, 337, 357, 
68405, 333, 331, 333, 365, 
68435, 334, 334, 334, 358, 
68465, 338, 340, 339, 346, 
68496, 340, 343, 342, 343, 
68526, 337, 337, 339, 353, 
68556, 334, 331, 334, 363, 
68586, 334, 333, 333, 360, 
68617, 339, 338, 338, 349, 
68646, 339, 342, 341, 342, 
68677, 337, 338, 340, 350, 
68707, 334, 334, 336, 360, 
68737, 333, 332, 333, 363, 
68767, 336, 336, 337, 353, 
68797, 340, 341, 340, 342, 
68828, 338, 339, 340, 347, 
68857, 336, 335, 337, 358, 
68888, 333, 332, 333, 364, 
68918, 335, 335, 334, 355, 
68948, 339, 341, 339, 344, 
68978, 339, 341, 341, 343, 
69009, 336, 336, 337, 354, 
69039, 333, 331, 334, 363, 
69068, 334, 333, 332, 359, 
69099, 339, 339, 338, 347, 
69129, 340, 342, 341, 342, 
69159, 338, 338, 339, 351, 
69189, 334, 332, 335, 362, 
69220, 334, 332, 333, 362, 
69250, 338, 337, 337, 350, 
69280, 338, 342, 341, 342, 
69310, 338, 339, 340, 346, 
69341, 335, 334, 334, 358, 
69370, 333, 331, 332, 363, 
69400, 336, 336, 335, 355, 
69431, 339, 341, 341, 343, 
69460, 338, 340, 340, 345, 
69491, 335, 335, 337, 356, 
69521, 333, 331, 333, 363, 
69552, 335, 334, 333, 357, 
69581, 338, 340, 339, 347, 
69612, 340, 342, 342, 342, 
69642, 336, 337, 338, 353, 
69672, 333, 332, 333, 363, 
69702, 333, 333, 335, 361, 
69732, 338, 338, 336, 350, 
69763, 340, 342, 341, 342, 
69792, 338, 339, 340, 349, 
69823, 334, 332, 335, 360, 
69853, 333, 331, 333, 363, 
69883, 336, 336, 336, 353, 
69913, 340, 342, 340, 343, 
69944, 338, 340, 340, 345, 
69974, 335, 336, 336, 356, 
70004, 333, 331, 333, 363, 
70034, 335, 336, 335, 355, 
70064, 340, 340, 340, 344, 
70094, 340, 341, 341, 342, 
70124, 336, 336, 338, 352, 
70155, 333, 331, 333, 362, 
70184, 335, 333, 334, 358, 
70215, 338, 338, 339, 346, 
70245, 339, 342, 341, 340, 
70276, 337, 338, 339, 349, 
70305, 334, 332, 334, 360, 
70335, 333, 332, 333, 361, 
70366, 338, 337, 336, 351, 
70395, 339, 341, 340, 340, 
70426, 338, 339, 340, 346, 
70456, 334, 334, 336, 357, 
70487, 332, 332, 333, 363, 
70516, 335, 336, 335, 354, 
70547, 339, 341, 340, 343, 
70577, 340, 341, 341, 342, 
70607, 335, 335, 337, 354, 
70637, 334, 331, 333, 362, 
70667, 334, 334, 334, 356, 
70697, 338, 340, 339, 344, 
70727, 341, 343, 341, 340, 
70758, 337, 338, 339, 349, 
70788, 334, 332, 334, 360, 
70818, 334, 332, 333, 358, 
70848, 337, 338, 337, 347, 
70879, 339, 341, 341, 338, 
70908, 338, 339, 339, 346, 
70939, 334, 334, 335, 358, 
70969, 333, 332, 333, 361, 
70999, 336, 336, 336, 352, 
71029, 339, 342, 340, 341, 
71059, 338, 339, 341, 343, 
71090, 335, 335, 337, 354, 
71119, 333, 331, 334, 362, 
71150, 335, 334, 335, 354, 
71180, 340, 340, 339, 343, 
71211, 339, 341, 342, 341, 
71240, 337, 336, 339, 350, 
71271, 334, 331, 334, 361, 
71301, 334, 333, 334, 357, 
71330, 337, 338, 338, 345, 
71361, 340, 341, 341, 339, 
71391, 337, 338, 339, 347, 
71421, 334, 333, 335, 358, 
71451, 334, 332, 333, 360, 
71482, 336, 337, 336, 349, 
71512, 339, 341, 340, 339, 
71542, 339, 339, 340, 343, 
71572, 335, 334, 336, 355, 
71603, 333, 331, 333, 361, 
71632, 335, 335, 335, 352, 
71662, 339, 341, 340, 341, 
71693, 339, 341, 341, 340, 
71723, 336, 336, 336, 351, 
71753, 334, 331, 333, 360, 
71783, 334, 333, 334, 355, 
71814, 338, 340, 338, 343, 
71843, 340, 342, 342, 337, 
71874, 337, 338, 337, 346, 
71904, 334, 332, 335, 358, 
71934, 333, 332, 334, 357, 
71964, 337, 337, 337, 345, 
71994, 340, 341, 341, 337, 
72025, 339, 339, 340, 343, 
72054, 335, 334, 336, 355, 
72085, 334, 331, 333, 359, 
72115, 336, 335, 336, 349, 
72145, 339, 342, 340, 339, 
72175, 339, 340, 341, 341, 
72206, 336, 335, 338, 352, 
72236, 333, 331, 333, 358, 
72265, 335, 334, 335, 353, 
72296, 338, 340, 339, 341, 
72326, 339, 341, 341, 337, 
72356, 336, 337, 338, 347, 
72386, 333, 332, 334, 359, 
72417, 334, 333, 334, 355, 
72446, 337, 338, 337, 344, 
72477, 338, 342, 341, 337, 
72507, 339, 338, 341, 343, 
72538, 335, 333, 335, 354, 
72567, 333, 331, 334, 357, 
72597, 336, 336, 336, 347, 
72628, 340, 341, 341, 337, 
72657, 339, 340, 340, 340, 
72688, 335, 335, 337, 351, 
72718, 333, 331, 333, 360, 
72749, 335, 334, 334, 352, 
72778, 339, 340, 339, 340, 
72809, 339, 341, 341, 339, 
72839, 337, 336, 338, 349, 
72869, 333, 333, 332, 358, 
72899, 334, 333, 333, 354, 
72929, 339, 339, 339, 343, 
72960, 339, 341, 341, 339, 
72989, 337, 338, 339, 345, 
73020, 335, 332, 335, 356, 
73050, 335, 332, 334, 357, 
73080, 337, 337, 336, 347, 
73110, 341, 342, 340, 338, 
73141, 338, 340, 340, 344, 
73170, 336, 334, 336, 354, 
73201, 334, 331, 334, 359, 
73231, 336, 337, 335, 351, 
73261, 339, 341, 340, 339, 
73291, 340, 341, 341, 341, 
73321, 336, 336, 338, 352, 
73352, 333, 331, 333, 359, 
73381, 334, 333, 334, 354, 
73412, 338, 339, 339, 343, 
73442, 339, 342, 341, 339, 
73473, 336, 338, 338, 350, 
73502, 334, 332, 335, 359, 
73533, 333, 332, 333, 357, 
73563, 337, 337, 338, 347, 
73592, 340, 342, 342, 338, 
73623, 337, 339, 340, 347, 
73653, 335, 334, 336, 357, 
73683, 333, 331, 332, 360, 
73713, 336, 336, 336, 350, 
73744, 338, 341, 340, 339, 
73774, 340, 340, 341, 342, 
73804, 335, 335, 337, 354, 
73834, 334, 332, 333, 361, 
73865, 333, 334, 334, 353, 
73894, 338, 340, 339, 341, 
73924, 339, 342, 341, 338, 
73955, 336, 337, 339, 348, 
73985, 333, 332, 334, 359, 
74015, 334, 333, 334, 356, 
74045, 337, 338, 338, 344, 
74076, 339, 342, 341, 337, 
74105, 337, 339, 339, 345, 
74136, 334, 333, 335, 358, 
74166, 333, 332, 333, 359, 
74195, 336, 336, 336, 349, 
74226, 340, 341, 340, 340, 
74256, 338, 340, 341, 343, 
74287, 335, 335, 337, 354, 
74316, 333, 330, 332, 360, 
74347, 335, 335, 335, 352, 
74377, 339, 340, 338, 341, 
74407, 340, 341, 341, 339, 
74437, 336, 337, 338, 350, 
74468, 333, 331, 333, 359, 
74498, 334, 333, 334, 354, 
74527, 338, 339, 338, 343, 
74558, 340, 341, 341, 337, 
74588, 338, 337, 340, 346, 
74618, 333, 332, 335, 358, 
74648, 333, 331, 333, 357, 
74679, 337, 337, 338, 346, 
74708, 339, 342, 341, 337, 
74739, 338, 339, 339, 343, 
74769, 334, 334, 335, 355, 
74800, 334, 332, 334, 359, 
74829, 337, 335, 335, 350, 
74859, 340, 341, 340, 339, 
74890, 339, 341, 340, 341, 
74919, 337, 336, 337, 351, 
74950, 333, 331, 332, 361, 
74980, 335, 334, 334, 355, 
75011, 338, 339, 339, 342, 
75040, 339, 342, 342, 338, 
75071, 338, 337, 338, 347, 
75101, 333, 332, 334, 359, 
75131, 334, 332, 333, 356, 
75161, 337, 338, 337, 344, 
75191, 340, 342, 341, 336, 
75222, 338, 339, 340, 344, 
75251, 335, 333, 335, 354, 
75282, 333, 331, 332, 357, 
75312, 336, 336, 336, 347, 
75342, 339, 342, 341, 337, 
75372, 339, 342, 341, 340, 
75403, 335, 335, 336, 351, 
75432, 333, 331, 332, 358, 
75463, 336, 334, 334, 351, 
75493, 339, 340, 338, 339, 
75523, 339, 341, 342, 338, 
75553, 336, 336, 339, 348, 
75583, 333, 332, 332, 358, 
75614, 333, 333, 334, 356, 
75643, 338, 338, 336, 343, 
75674, 340, 342, 341, 336, 
75704, 337, 338, 339, 344, 
75735, 334, 333, 335, 356, 
75764, 333, 332, 334, 357, 
75795, 336, 336, 336, 347, 
75825, 339, 342, 340, 337, 
75854, 338, 340, 341, 341, 
75885, 335, 334, 337, 353, 
75915, 333, 331, 333, 359, 
75945, 335, 335, 335, 350, 
75975, 339, 340, 340, 339, 
76006, 339, 341, 340, 338, 
76036, 336, 336, 337, 348, 
76066, 333, 332, 333, 358, 
76096, 333, 335, 334, 353, 
76126, 338, 339, 338, 342, 
76156, 339, 343, 341, 336, 
76186, 337, 338, 339, 345, 
76217, 333, 332, 334, 356, 
76247, 334, 333, 333, 355, 
76277, 337, 337, 338, 345, 
76307, 339, 341, 342, 336, 
76338, 338, 339, 340, 342, 
76367, 334, 334, 336, 353, 
76398, 333, 331, 333, 358, 
76428, 335, 336, 336, 349, 
76457, 339, 341, 341, 338, 
76488, 339, 340, 341, 339, 
76518, 336, 335, 337, 350, 
76549, 333, 331, 333, 358, 
76578, 335, 333, 334, 352, 
76609, 338, 339, 339, 340, 
76639, 339, 342, 341, 337, 
76669, 337, 337, 339, 346, 
76699, 335, 332, 334, 358, 
76730, 334, 333, 333, 356, 
76760, 337, 338, 337, 343, 
76789, 340, 342, 340, 336, 
76820, 338, 339, 341, 343, 
76850, 334, 333, 335, 354, 
76880, 333, 332, 333, 357, 
76910, 337, 336, 336, 347, 
76941, 339, 341, 341, 337, 
76971, 338, 340, 341, 340, 
77001, 335, 335, 337, 351, 
77031, 333, 331, 334, 358, 
77062, 335, 335, 335, 351, 
77091, 338, 340, 340, 339, 
77121, 339, 341, 342, 337, 
77152, 337, 337, 338, 347, 
77181, 334, 331, 333, 357, 
77212, 334, 332, 333, 354, 
77242, 337, 338, 337, 342, 
77273, 340, 341, 341, 337, 
77302, 337, 338, 339, 345, 
77333, 333, 333, 335, 356, 
77363, 333, 331, 333, 357, 
77393, 336, 336, 336, 346, 
77423, 339, 342, 341, 337, 
77453, 339, 340, 340, 339, 
77484, 335, 335, 336, 352, 
77513, 333, 331, 333, 358, 
77544, 336, 335, 335, 350, 
77574, 338, 340, 340, 338, 
77604, 339, 341, 341, 337, 
77634, 337, 337, 337, 348, 
77665, 333, 331, 334, 358, 
77694, 334, 334, 335, 352, 
77725, 338, 339, 338, 341, 
77755, 339, 342, 341, 335, 
77785, 337, 338, 339, 344, 
77815, 333, 332, 334, 356, 
77845, 333, 332, 334, 356, 
77876, 337, 337, 337, 344, 
77905, 339, 341, 342, 334, 
77936, 338, 339, 340, 340, 
77966, 335, 334, 335, 352, 
77997, 333, 332, 333, 356, 
78026, 336, 336, 335, 347, 
78056, 339, 342, 341, 336, 
78087, 339, 341, 341, 337, 
78116, 334, 336, 337, 348, 
78147, 334, 331, 333, 356, 
78177, 334, 333, 335, 351, 
78208, 338, 339, 338, 339, 
78237, 339, 341, 341, 334, 
78268, 337, 338, 339, 344, 
78298, 333, 332, 334, 355, 
78328, 335, 333, 333, 353, 
78358, 337, 337, 337, 341, 
78388, 339, 342, 341, 334, 
78418, 338, 339, 340, 341, 
78448, 334, 333, 335, 353, 
78479, 334, 331, 333, 356, 
78509, 336, 336, 336, 346, 
78539, 339, 341, 340, 336, 
78569, 339, 340, 341, 339, 
78600, 336, 335, 336, 348, 
78629, 333, 331, 333, 357, 
78660, 335, 335, 334, 350, 
78690, 341, 340, 339, 337, 
78720, 340, 341, 341, 334, 
78750, 336, 337, 338, 345, 
78780, 333, 331, 334, 356, 
78811, 334, 333, 333, 353, 
78840, 338, 338, 337, 341, 
78871, 341, 342, 341, 334, 
78901, 338, 338, 340, 342, 
78931, 334, 333, 335, 353, 
78961, 333, 332, 335, 355, 
78992, 336, 337, 337, 344, 
79022, 339, 342, 342, 334, 
79051, 338, 340, 340, 338, 
79082, 336, 334, 336, 350, 
79112, 333, 331, 333, 356, 
79142, 335, 335, 335, 347, 
79172, 339, 341, 340, 336, 
79203, 339, 341, 341, 335, 
79233, 336, 336, 337, 346, 
79263, 334, 331, 333, 356, 
79293, 334, 333, 334, 351, 
79324, 338, 339, 338, 339, 
79353, 340, 342, 341, 334, 
79383, 338, 337, 339, 342, 
79414, 334, 332, 334, 353, 
79443, 333, 332, 333, 353, 
79474, 335, 337, 337, 343, 
79504, 339, 341, 341, 334, 
79535, 339, 339, 340, 340, 
79564, 333, 334, 336, 352, 
79595, 333, 331, 333, 357, 
79625, 335, 335, 335, 347, 
79655, 339, 341, 340, 336, 
79685, 339, 340, 342, 337, 
79715, 336, 336, 337, 348, 
79746, 333, 331, 333, 357, 
79775, 335, 333, 334, 350, 
79806, 338, 340, 339, 339, 
79836, 339, 341, 341, 335, 
79866, 337, 337, 339, 345, 
79896, 333, 332, 334, 356, 
79927, 334, 333, 333, 354, 
79956, 337, 337, 337, 344, 
79986, 339, 342, 341, 335, 
80017, 338, 339, 340, 343, 
80047, 334, 333, 335, 354, 
80077, 334, 331, 334, 357, 
80107, 336, 336, 336, 346, 
80138, 339, 341, 341, 336, 
80167, 338, 340, 340, 339, 
80198, 334, 334, 335, 351, 
80228, 333, 331, 333, 357, 
80259, 335, 335, 335, 350, 
80288, 338, 340, 341, 338, 
80318, 339, 342, 341, 336, 
80349, 337, 337, 338, 346, 
80378, 333, 331, 333, 356, 
80409, 334, 334, 334, 352, 
80439, 338, 339, 338, 340, 
80470, 339, 342, 340, 334, 
80499, 337, 338, 339, 343, 
80530, 333, 333, 334, 353, 
80560, 333, 332, 333, 354, 
80590, 337, 337, 337, 344, 
80620, 339, 342, 341, 334, 
80650, 338, 340, 340, 339, 
80680, 335, 334, 336, 351, 
80710, 333, 331, 333, 356, 
80741, 336, 335, 335, 347, 
80771, 339, 341, 340, 336, 
80801, 339, 341, 341, 337, 
80831, 335, 336, 338, 347, 
80862, 333, 331, 333, 356, 
80891, 334, 334, 334, 351, 
80922, 338, 339, 338, 339, 
80952, 339, 342, 342, 335, 
80982, 337, 338, 338, 344, 
81012, 334, 332, 334, 354, 
81042, 334, 332, 333, 354, 
81073, 338, 337, 337, 343, 
81102, 339, 342, 342, 334, 
81133, 337, 339, 339, 341, 
81163, 334, 334, 333, 352, 
81193, 333, 331, 333, 356, 
81223, 336, 336, 335, 346, 
81254, 339, 341, 340, 335, 
81284, 339, 340, 341, 338, 
81313, 335, 335, 337, 350, 
81344, 333, 331, 333, 356, 
81374, 335, 335, 335, 350, 
81404, 338, 340, 339, 338, 
81434, 339, 342, 341, 335, 
81465, 336, 337, 338, 346, 
81495, 333, 332, 334, 356, 
81525, 334, 333, 333, 352, 
81555, 337, 338, 337, 340, 
81586, 341, 342, 341, 334, 
81615, 338, 339, 339, 341, 
81645, 334, 333, 335, 353, 
81676, 334, 331, 333, 355, 
81705, 336, 337, 336, 345, 
81736, 339, 341, 340, 335, 
81766, 339, 339, 340, 338, 
81797, 335, 334, 336, 351, 
81826, 333, 331, 333, 358, 
81857, 335, 336, 335, 348, 
81887, 339, 341, 339, 337, 
81916, 339, 341, 342, 336, 
81947, 336, 337, 338, 346, 
81977, 333, 331, 333, 355, 
82008, 334, 333, 334, 351, 
82037, 338, 339, 339, 339, 
82068, 339, 341, 340, 334, 
82098, 337, 338, 339, 343, 
82128, 333, 332, 335, 356, 
82158, 334, 332, 333, 355, 
82189, 337, 337, 337, 343, 
82219, 339, 342, 341, 334, 
82248, 338, 340, 339, 339, 
82279, 335, 334, 335, 351, 
82309, 334, 331, 333, 356, 
82339, 336, 335, 335, 346, 
82369, 339, 341, 340, 336, 
82400, 339, 342, 341, 337, 
82429, 336, 336, 337, 347, 
82460, 333, 331, 333, 355, 
82490, 334, 333, 334, 350, 
82521, 338, 340, 339, 338, 
82550, 339, 342, 342, 334, 
82580, 337, 337, 339, 343, 
82611, 334, 332, 334, 354, 
82640, 334, 332, 334, 353, 
82671, 338, 338, 337, 342, 
82701, 340, 342, 341, 333, 
82732, 338, 339, 340, 340, 
82761, 335, 333, 335, 351, 
82792, 333, 332, 332, 355, 
82822, 336, 335, 336, 345, 
82852, 340, 341, 340, 334, 
82882, 338, 340, 341, 337, 
82912, 335, 335, 337, 348, 
82942, 333, 331, 333, 356, 
82972, 336, 334, 334, 347, 
83003, 339, 340, 339, 336, 
83033, 339, 340, 341, 334, 
83063, 336, 337, 339, 345, 
83093, 333, 332, 333, 355, 
83124, 334, 333, 334, 350, 
83153, 337, 338, 337, 341, 
83184, 339, 342, 341, 332, 
83214, 337, 338, 339, 340, 
83244, 334, 333, 335, 352, 
83274, 333, 332, 333, 354, 
83304, 336, 337, 336, 343, 
83335, 339, 341, 341, 333, 
83364, 339, 340, 340, 337, 
83395, 335, 333, 336, 350, 
83425, 333, 331, 333, 355, 
83456, 335, 334, 335, 347, 
83485, 339, 338, 340, 336, 
83516, 339, 342, 342, 335, 
83546, 336, 336, 338, 345, 
83575, 333, 332, 334, 355, 
83606, 335, 333, 334, 350, 
83636, 338, 339, 338, 338, 
83666, 340, 342, 342, 333, 
83696, 337, 338, 338, 342, 
83727, 334, 332, 334, 353, 
83757, 334, 332, 333, 354, 
83787, 337, 337, 335, 342, 
83817, 340, 342, 341, 333, 
83847, 338, 340, 341, 338, 
83877, 335, 333, 335, 350, 
83907, 333, 332, 333, 355, 
83938, 335, 335, 335, 346, 
83968, 339, 341, 339, 335, 
83998, 339, 340, 341, 336, 
84028, 336, 335, 337, 346, 
84059, 333, 331, 334, 355, 
84088, 335, 334, 334, 350, 
84119, 338, 340, 339, 337, 
84149, 340, 341, 341, 334, 
84178, 337, 337, 339, 343, 
84209, 334, 332, 334, 354, 
84239, 334, 332, 332, 352, 
84270, 337, 338, 337, 341, 
84299, 340, 342, 341, 333, 
84330, 338, 339, 340, 341, 
84360, 334, 333, 335, 352, 
84390, 333, 331, 335, 355, 
84420, 336, 336, 336, 345, 
84451, 340, 341, 341, 334, 
84481, 339, 341, 341, 337, 
84510, 335, 335, 337, 348, 
84541, 333, 331, 334, 356, 
84571, 335, 334, 334, 348, 
84601, 338, 340, 339, 337, 
84631, 339, 341, 341, 334, 
84662, 337, 337, 338, 345, 
84691, 333, 332, 334, 354, 
84722, 334, 333, 334, 351, 
84752, 338, 338, 337, 339, 
84783, 340, 342, 341, 333, 
84812, 338, 338, 339, 340, 
84842, 334, 332, 335, 352, 
84873, 333, 331, 333, 353, 
84902, 336, 336, 336, 344, 
84933, 340, 341, 340, 333, 
84963, 338, 339, 340, 337, 
84994, 334, 334, 336, 349, 
85023, 333, 331, 333, 355, 
85054, 335, 335, 335, 346, 
85084, 339, 341, 340, 335, 
85114, 340, 341, 341, 334, 
85144, 336, 336, 338, 345, 
85174, 334, 331, 333, 355, 
85204, 334, 333, 334, 350, 
85234, 337, 339, 338, 338, 
85265, 339, 342, 341, 334, 
85295, 337, 339, 339, 342, 
85325, 334, 332, 334, 353, 
85355, 334, 332, 332, 353, 
85386, 337, 337, 337, 342, 
85415, 340, 342, 341, 333, 
85446, 338, 339, 340, 340, 
85476, 336, 333, 337, 350, 
85506, 333, 331, 332, 355, 
85536, 336, 336, 335, 346, 
85566, 339, 341, 340, 334, 
85597, 339, 341, 341, 337, 
85626, 336, 336, 337, 347, 
85657, 333, 331, 333, 355, 
85687, 334, 334, 334, 349, 
85718, 338, 340, 339, 337, 
85747, 340, 341, 341, 333, 
85777, 337, 338, 339, 342, 
85808, 333, 332, 334, 354, 
85837, 335, 332, 333, 351, 
85868, 337, 337, 337, 341, 
85898, 340, 341, 342, 331, 
85928, 338, 339, 340, 338, 
85958, 334, 334, 335, 350, 
85989, 334, 332, 333, 354, 
86019, 336, 336, 336, 344, 
86049, 339, 341, 341, 333, 
86079, 339, 340, 341, 335, 
86109, 335, 335, 337, 346, 
86139, 333, 331, 333, 354, 
86169, 335, 334, 335, 347, 
86200, 339, 340, 340, 335, 
86230, 339, 342, 342, 332, 
86260, 337, 336, 338, 343, 
86290, 333, 332, 334, 353, 
86321, 334, 333, 334, 350, 
86350, 337, 338, 338, 339, 
86381, 340, 343, 341, 332, 
86411, 338, 339, 339, 339, 
86440, 334, 333, 333, 351, 
86471, 333, 332, 333, 353, 
86501, 336, 337, 336, 342, 
86532, 339, 342, 341, 333, 
86561, 339, 341, 340, 336, 
86592, 335, 334, 336, 348, 
86622, 333, 331, 331, 354, 
86652, 335, 335, 335, 346, 
86682, 340, 341, 340, 334, 
86713, 339, 341, 341, 334, 
86743, 336, 336, 337, 345, 
86772, 333, 332, 333, 354, 
86803, 335, 333, 334, 349, 
86833, 338, 339, 338, 337, 
86863, 339, 342, 341, 332, 
86893, 337, 338, 339, 341, 
86924, 335, 333, 334, 351, 
86953, 333, 332, 333, 352, 
86984, 337, 337, 337, 341, 
87014, 340, 342, 341, 332, 
87045, 338, 339, 340, 338, 
87074, 334, 334, 336, 350, 
87104, 333, 331, 333, 352, 
87135, 336, 334, 335, 344, 
87164, 339, 340, 341, 333, 
87195, 339, 341, 341, 334, 
87225, 335, 336, 337, 345, 
87256, 333, 331, 334, 354, 
87285, 334, 333, 335, 347, 
87316, 338, 339, 339, 336, 
87346, 340, 341, 341, 331, 
87376, 337, 337, 339, 340, 
