, 
129403, 333, 331, 333, 350, 
129434, 335, 334, 334, 343, 
129466, 337, 338, 337, 33 337, 343, 
129372, 333, 332, 334, 349, 
129403, 333, 331, 333, 350, 
129434, 335, 334, 334, 343, 
129466, 337, 338, 337, 33 337, 343, 
129372, 333, 332, 334, 349, 
129403, 333, 331, 333, 350, 
129434, 335, 334, 334, 343, 
129466, 337, 338, 337, 330, 333, 331, 334, 346, 
1, 335, 333, 335, 342, 
2, 336, 336, 337, 338, 
11, 336, 335, 335, 339, 
37, 339, 342, 342, 329, 
65, 333, 332, 333, 349, 
92, 338, 339, 339, 332, 
119, 337, 338, 339, 338, 
147, 334, 331, 333, 349, 
175, 339, 340, 339, 332, 
203, 338, 339, 340, 335, 
231, 333, 331, 333, 351, 
260, 337, 337, 338, 335, 
287, 339, 340, 341, 332, 
316, 333, 331, 333, 349, 
344, 336, 336, 336, 338, 
371, 339, 342, 341, 330, 
400, 333, 333, 335, 347, 
428, 335, 335, 335, 342, 
456, 340, 342, 343, 328, 
484, 335, 335, 336, 345, 
512, 334, 333, 334, 346, 
540, 339, 341, 341, 329, 
568, 336, 335, 338, 342, 
596, 334, 333, 333, 349, 
624, 340, 341, 340, 332, 
653, 337, 338, 338, 340, 
680, 332, 331, 333, 351, 
708, 338, 339, 340, 332, 
737, 339, 340, 340, 335, 
764, 334, 331, 333, 352, 
793, 337, 338, 338, 339, 
821, 338, 340, 341, 333, 
849, 333, 333, 334, 350, 
877, 335, 336, 336, 340, 
905, 340, 341, 342, 331, 
933, 334, 333, 335, 348, 
961, 335, 335, 335, 343, 
990, 340, 342, 341, 329, 
1017, 335, 334, 335, 346, 
1046, 334, 332, 334, 349, 
1076, 339, 339, 338, 335, 
1104, 339, 341, 342, 331, 
1134, 334, 333, 336, 346, 
1163, 333, 332, 333, 348, 
1192, 338, 339, 338, 334, 
1221, 339, 341, 342, 331, 
1251, 334, 334, 336, 347, 
1280, 334, 333, 333, 348, 
1308, 338, 339, 339, 333, 
1338, 339, 341, 341, 331, 
1367, 334, 333, 335, 346, 
1396, 334, 333, 333, 347, 
1425, 339, 340, 339, 332, 
1455, 338, 340, 341, 332, 
1483, 335, 333, 336, 347, 
1512, 334, 333, 333, 346, 
1542, 339, 340, 339, 332, 
1570, 339, 340, 340, 332, 
1600, 335, 333, 335, 347, 
1629, 334, 333, 334, 345, 
1658, 340, 341, 340, 330, 
1687, 338, 339, 341, 333, 
1717, 334, 333, 335, 348, 
1745, 334, 333, 334, 345, 
1774, 339, 340, 340, 330, 
1804, 338, 339, 340, 334, 
1832, 334, 332, 334, 349, 
1862, 335, 334, 334, 344, 
1891, 339, 341, 341, 330, 
1921, 339, 339, 340, 334, 
1949, 333, 332, 334, 349, 
1978, 335, 334, 334, 344, 
2008, 340, 341, 340, 330, 
2036, 339, 339, 340, 336, 
2066, 334, 332, 334, 350, 
2095, 334, 334, 335, 343, 
2124, 339, 342, 341, 329, 
2153, 338, 339, 339, 337, 
2183, 333, 332, 334, 349, 
2211, 336, 335, 335, 342, 
2240, 339, 341, 341, 328, 
2270, 337, 338, 339, 336, 
2298, 334, 332, 333, 349, 
2328, 336, 336, 335, 341, 
2357, 340, 341, 341, 328, 
2386, 338, 339, 339, 336, 
2415, 333, 331, 333, 349, 
2444, 335, 335, 336, 339, 
2473, 339, 342, 341, 327, 
2502, 336, 337, 339, 338, 
2532, 332, 330, 333, 349, 
2561, 336, 336, 336, 339, 
2590, 340, 342, 341, 329, 
2619, 337, 336, 339, 340, 
2649, 333, 331, 334, 351, 
2677, 336, 336, 337, 339, 
2706, 339, 342, 341, 328, 
2736, 337, 337, 338, 340, 
2764, 333, 330, 333, 351, 
2794, 336, 335, 337, 338, 
2823, 338, 342, 342, 329, 
2852, 336, 337, 339, 341, 
2881, 333, 332, 333, 351, 
2910, 337, 337, 336, 338, 
2939, 339, 342, 341, 327, 
2968, 336, 336, 337, 340, 
2998, 333, 332, 332, 349, 
3026, 337, 337, 337, 336, 
3056, 339, 342, 341, 328, 
3085, 336, 336, 338, 341, 
3115, 334, 331, 333, 349, 
3143, 337, 337, 337, 335, 
3172, 340, 342, 341, 328, 
3202, 336, 335, 337, 342, 
3230, 333, 332, 333, 349, 
3260, 338, 338, 337, 335, 
3289, 340, 340, 341, 329, 
3318, 335, 335, 337, 343, 
3347, 334, 332, 333, 349, 
3376, 337, 338, 338, 334, 
3405, 339, 341, 342, 329, 
3434, 335, 334, 337, 342, 
3464, 333, 332, 333, 347, 
3492, 338, 338, 338, 333, 
3522, 340, 341, 342, 329, 
3551, 335, 334, 336, 344, 
3580, 335, 332, 332, 347, 
3609, 339, 339, 339, 332, 
3638, 339, 341, 341, 329, 
3667, 335, 334, 335, 345, 
3696, 334, 332, 333, 347, 
3726, 338, 340, 339, 332, 
3755, 339, 340, 341, 330, 
3784, 334, 334, 335, 346, 
3813, 333, 332, 333, 346, 
3842, 339, 339, 339, 331, 
3871, 339, 340, 341, 331, 
3900, 334, 334, 333, 346, 
3930, 334, 334, 334, 346, 
3958, 338, 340, 339, 330, 
3988, 339, 341, 339, 332, 
4017, 333, 332, 336, 347, 
4046, 334, 332, 334, 345, 
4075, 339, 340, 340, 330, 
4104, 338, 339, 340, 333, 
4133, 333, 333, 334, 349, 
4162, 334, 333, 334, 345, 
4192, 339, 341, 340, 329, 
4220, 338, 339, 339, 333, 
4250, 333, 332, 334, 349, 
4279, 334, 334, 334, 345, 
4307, 339, 341, 340, 330, 
4337, 338, 339, 341, 335, 
4366, 333, 332, 334, 349, 
4396, 335, 334, 334, 344, 
4424, 339, 342, 339, 329, 
4454, 338, 339, 340, 335, 
4483, 333, 332, 333, 349, 
4512, 336, 334, 335, 343, 
4541, 340, 342, 341, 329, 
4570, 338, 338, 339, 337, 
4599, 335, 331, 333, 350, 
4628, 336, 335, 335, 342, 
4658, 340, 341, 341, 328, 
4686, 337, 338, 339, 338, 
4716, 333, 331, 333, 349, 
4745, 335, 335, 335, 342, 
4773, 339, 341, 342, 329, 
4803, 337, 338, 339, 338, 
4832, 333, 331, 333, 350, 
4861, 335, 336, 335, 340, 
4890, 341, 342, 341, 329, 
4920, 338, 337, 339, 339, 
4948, 332, 331, 333, 351, 
4978, 336, 337, 336, 340, 
5007, 340, 343, 341, 328, 
5036, 336, 337, 339, 340, 
5065, 332, 331, 333, 350, 
5094, 336, 336, 336, 340, 
5124, 340, 343, 341, 328, 
5152, 336, 337, 339, 339, 
5182, 333, 331, 334, 350, 
5211, 338, 335, 336, 337, 
5239, 340, 342, 342, 328, 
5269, 337, 336, 338, 341, 
5298, 333, 331, 332, 350, 
5327, 336, 337, 337, 337, 
5356, 339, 342, 342, 329, 
5386, 335, 335, 337, 342, 
5414, 333, 332, 333, 350, 
5444, 336, 337, 337, 337, 
5473, 340, 342, 341, 330, 
5501, 335, 336, 337, 343, 
5531, 333, 331, 333, 350, 
5560, 337, 338, 338, 336, 
5590, 339, 341, 343, 330, 
5618, 335, 335, 337, 344, 
5648, 332, 331, 334, 350, 
5677, 337, 339, 337, 335, 
5705, 339, 341, 341, 330, 
5735, 335, 334, 336, 344, 
5764, 333, 332, 333, 350, 
5793, 339, 338, 338, 334, 
5822, 341, 341, 341, 331, 
5852, 335, 334, 336, 346, 
5880, 334, 332, 333, 349, 
5910, 339, 339, 339, 334, 
5939, 339, 341, 341, 331, 
5967, 334, 334, 335, 346, 
5997, 334, 333, 333, 349, 
6026, 338, 339, 338, 334, 
6055, 338, 341, 341, 332, 
6084, 333, 333, 336, 347, 
6114, 333, 333, 332, 348, 
6142, 338, 339, 340, 333, 
6171, 339, 341, 341, 333, 
6201, 335, 333, 335, 347, 
6230, 335, 333, 333, 347, 
6259, 338, 340, 339, 332, 
6288, 338, 340, 341, 333, 
6318, 333, 333, 335, 348, 
6346, 335, 333, 334, 347, 
6376, 339, 340, 340, 332, 
6405, 338, 340, 341, 333, 
6433, 334, 333, 334, 349, 
6463, 334, 334, 334, 346, 
6492, 340, 340, 340, 330, 
6521, 339, 339, 341, 334, 
6550, 334, 332, 334, 349, 
6580, 335, 334, 334, 345, 
6608, 339, 341, 339, 329, 
6637, 338, 339, 340, 336, 
6667, 334, 332, 334, 350, 
6695, 334, 334, 334, 344, 
6725, 339, 342, 341, 330, 
6754, 339, 339, 340, 336, 
6784, 334, 332, 334, 351, 
6812, 335, 334, 334, 344, 
6842, 339, 342, 339, 330, 
6871, 338, 339, 340, 337, 
6899, 333, 334, 334, 350, 
6929, 333, 335, 335, 342, 
6958, 339, 341, 341, 328, 
6987, 338, 338, 339, 337, 
7016, 333, 331, 333, 350, 
7046, 335, 336, 335, 341, 
7074, 339, 340, 340, 328, 
7103, 337, 338, 339, 338, 
7133, 333, 331, 333, 351, 
7161, 335, 335, 335, 340, 
7191, 340, 342, 341, 328, 
7220, 337, 337, 339, 338, 
7249, 333, 331, 333, 351, 
7278, 337, 336, 336, 339, 
7308, 340, 343, 341, 328, 
7336, 336, 337, 338, 340, 
7365, 333, 331, 333, 351, 
7395, 336, 337, 336, 339, 
7424, 339, 341, 342, 328, 
7453, 337, 337, 339, 342, 
7482, 332, 331, 333, 351, 
7512, 338, 336, 336, 338, 
7540, 340, 342, 341, 328, 
7569, 335, 336, 337, 341, 
7599, 333, 331, 333, 351, 
7627, 336, 337, 337, 337, 
7657, 339, 341, 342, 329, 
7686, 336, 336, 337, 343, 
7715, 334, 331, 333, 351, 
7744, 337, 338, 338, 337, 
7774, 340, 341, 342, 330, 
7802, 336, 335, 337, 344, 
7831, 333, 333, 334, 351, 
7861, 337, 338, 338, 336, 
7889, 339, 341, 341, 331, 
7919, 335, 335, 336, 344, 
7948, 333, 332, 333, 350, 
7977, 337, 337, 338, 337, 
8006, 339, 342, 341, 331, 
8035, 335, 335, 336, 345, 
8065, 334, 331, 333, 351, 
8093, 336, 339, 339, 336, 
8123, 339, 341, 341, 332, 
8152, 335, 334, 336, 348, 
8181, 334, 332, 333, 349, 
8210, 338, 339, 338, 334, 
8240, 339, 341, 341, 332, 
8268, 334, 334, 335, 347, 
8297, 333, 332, 332, 349, 
8327, 339, 340, 339, 334, 
8355, 338, 340, 341, 333, 
8385, 335, 333, 335, 348, 
8414, 334, 333, 334, 348, 
8443, 339, 340, 339, 332, 
8472, 338, 340, 340, 333, 
8501, 334, 333, 336, 349, 
8530, 334, 334, 335, 348, 
8559, 339, 341, 339, 334, 
8589, 338, 340, 341, 334, 
8617, 333, 333, 334, 349, 
8647, 334, 334, 334, 347, 
8676, 339, 340, 340, 332, 
8706, 339, 340, 339, 335, 
8734, 335, 333, 334, 350, 
8763, 336, 334, 334, 347, 
8793, 339, 341, 339, 332, 
8821, 338, 339, 340, 336, 
8851, 333, 332, 333, 351, 
8880, 334, 335, 334, 346, 
8909, 340, 341, 340, 332, 
8938, 338, 338, 341, 338, 
8967, 334, 332, 334, 351, 
8996, 335, 334, 335, 347, 
9025, 339, 341, 340, 331, 
9055, 338, 339, 339, 338, 
9083, 333, 332, 335, 352, 
9113, 335, 335, 335, 345, 
9142, 339, 343, 340, 331, 
9171, 337, 338, 339, 339, 
9200, 333, 332, 333, 352, 
9229, 335, 336, 335, 344, 
9259, 340, 341, 341, 331, 
9287, 337, 338, 339, 340, 
9317, 334, 332, 333, 354, 
9346, 336, 335, 335, 344, 
9375, 340, 343, 341, 331, 
9404, 337, 337, 339, 340, 
9433, 333, 331, 334, 353, 
9462, 336, 336, 334, 342, 
9491, 339, 341, 342, 331, 
9521, 336, 337, 338, 341, 
9549, 333, 331, 333, 352, 
9579, 336, 336, 336, 342, 
9608, 339, 342, 342, 330, 
9637, 337, 337, 339, 343, 
9666, 333, 331, 331, 355, 
9695, 336, 336, 336, 342, 
9724, 339, 342, 341, 331, 
9753, 337, 336, 338, 344, 
9783, 333, 332, 332, 353, 
9811, 336, 337, 336, 341, 
9841, 339, 342, 341, 333, 
9870, 335, 336, 338, 345, 
9899, 333, 331, 333, 355, 
9928, 337, 338, 337, 340, 
9957, 338, 341, 341, 332, 
9987, 336, 336, 338, 345, 
10015, 333, 331, 333, 352, 
10046, 336, 336, 335, 343, 
10076, 340, 341, 340, 331, 
10106, 339, 340, 340, 333, 
10136, 335, 335, 336, 345, 
10167, 333, 331, 332, 352, 
10196, 336, 337, 335, 346, 
10226, 339, 340, 339, 333, 
10257, 339, 341, 341, 333, 
10287, 336, 337, 339, 341, 
10317, 333, 331, 334, 352, 
10347, 335, 333, 335, 347, 
10378, 338, 339, 338, 335, 
10407, 340, 342, 341, 330, 
10438, 336, 338, 339, 339, 
10468, 333, 332, 334, 350, 
10498, 333, 332, 333, 350, 
10528, 337, 337, 337, 338, 
10558, 340, 343, 341, 330, 
10589, 339, 340, 340, 336, 
10618, 334, 333, 335, 348, 
10649, 333, 332, 333, 352, 
10679, 337, 336, 336, 343, 
10710, 337, 341, 340, 332, 
10739, 339, 341, 341, 334, 
10770, 335, 334, 336, 346, 
10800, 334, 331, 332, 353, 
10829, 335, 334, 334, 345, 
10860, 339, 340, 338, 333, 
10890, 339, 341, 341, 332, 
10920, 336, 336, 338, 343, 
10950, 334, 331, 333, 352, 
10981, 334, 333, 334, 347, 
11011, 338, 339, 339, 335, 
11041, 341, 342, 341, 330, 
11071, 337, 338, 339, 339, 
11102, 334, 332, 335, 350, 
11131, 334, 333, 334, 349, 
11161, 337, 337, 337, 338, 
11192, 339, 341, 341, 331, 
11222, 338, 339, 340, 337, 
11252, 334, 334, 336, 348, 
11282, 333, 331, 333, 352, 
11313, 336, 336, 336, 341, 
11342, 340, 341, 341, 331, 
11373, 339, 340, 340, 334, 
11403, 333, 335, 336, 346, 
11433, 333, 331, 333, 353, 
11463, 335, 335, 335, 344, 
11493, 339, 340, 339, 333, 
11524, 339, 341, 341, 332, 
11553, 337, 336, 337, 343, 
11584, 333, 332, 334, 353, 
11614, 333, 333, 334, 347, 
11644, 339, 339, 340, 335, 
11674, 340, 342, 341, 331, 
11705, 337, 337, 338, 340, 
11735, 333, 332, 334, 351, 
11765, 334, 332, 333, 350, 
11795, 337, 338, 337, 338, 
11825, 341, 342, 342, 330, 
11855, 339, 339, 340, 338, 
11885, 334, 333, 335, 349, 
11916, 333, 332, 334, 352, 
11945, 336, 336, 336, 341, 
11976, 339, 342, 341, 331, 
12006, 338, 340, 340, 335, 
12037, 335, 334, 336, 348, 
12066, 333, 331, 333, 353, 
12097, 335, 335, 335, 343, 
12127, 339, 340, 339, 333, 
12156, 339, 341, 341, 332, 
12187, 337, 336, 338, 344, 
12217, 333, 331, 333, 353, 
12248, 335, 333, 334, 346, 
12277, 338, 339, 339, 334, 
12308, 339, 341, 342, 331, 
12338, 337, 338, 339, 341, 
12368, 334, 332, 334, 351, 
12398, 334, 332, 334, 349, 
12428, 338, 338, 338, 338, 
12459, 339, 342, 341, 330, 
12488, 337, 339, 339, 338, 
12519, 334, 332, 335, 350, 
12549, 333, 332, 333, 352, 
12579, 336, 338, 336, 341, 
12609, 340, 341, 341, 331, 
12640, 338, 339, 340, 336, 
12669, 335, 334, 336, 348, 
12700, 334, 332, 334, 353, 
12730, 335, 335, 336, 343, 
12760, 338, 341, 340, 334, 
12790, 339, 340, 341, 333, 
12820, 336, 336, 337, 344, 
12851, 332, 332, 333, 353, 
12880, 334, 334, 334, 346, 
12911, 338, 340, 340, 334, 
12941, 339, 341, 341, 331, 
12972, 336, 337, 338, 342, 
13001, 333, 331, 333, 353, 
13032, 334, 333, 333, 349, 
13062, 338, 338, 339, 337, 
13091, 339, 342, 341, 330, 
13122, 337, 338, 339, 338, 
13152, 334, 333, 335, 349, 
13182, 333, 332, 333, 350, 
13212, 337, 337, 336, 340, 
13243, 340, 341, 342, 330, 
13273, 338, 339, 340, 335, 
13303, 334, 334, 336, 347, 
13333, 333, 331, 333, 352, 
13364, 336, 335, 336, 343, 
13393, 339, 341, 339, 331, 
13423, 340, 341, 341, 333, 
13454, 335, 335, 338, 344, 
13484, 333, 331, 333, 352, 
13514, 335, 334, 335, 345, 
13544, 338, 340, 339, 333, 
13575, 339, 341, 341, 330, 
13604, 337, 337, 338, 342, 
13635, 333, 331, 334, 351, 
13665, 334, 333, 333, 349, 
13696, 338, 338, 337, 336, 
13725, 340, 341, 341, 331, 
13755, 337, 338, 339, 340, 
13786, 334, 333, 335, 350, 
13815, 333, 332, 333, 351, 
13846, 339, 336, 337, 339, 
13876, 340, 342, 342, 331, 
13906, 339, 339, 340, 336, 
13936, 334, 334, 336, 347, 
13967, 334, 331, 333, 352, 
13997, 336, 335, 336, 342, 
14027, 339, 341, 340, 331, 
14057, 338, 340, 341, 333, 
14087, 335, 335, 336, 346, 
14117, 333, 332, 331, 352, 
14147, 335, 334, 335, 345, 
14178, 338, 340, 340, 334, 
14208, 338, 341, 341, 332, 
14238, 337, 336, 339, 342, 
14268, 333, 331, 333, 352, 
14299, 334, 333, 334, 348, 
14328, 337, 339, 339, 336, 
14358, 338, 342, 341, 331, 
14389, 337, 338, 340, 339, 
14418, 334, 332, 334, 350, 
14449, 333, 332, 333, 350, 
14479, 337, 337, 337, 339, 
14510, 341, 342, 341, 330, 
14539, 338, 339, 340, 336, 
14570, 335, 333, 336, 348, 
14600, 334, 331, 333, 352, 
14630, 336, 336, 336, 342, 
14660, 338, 342, 340, 330, 
14690, 338, 340, 340, 335, 
14721, 335, 336, 336, 347, 
14750, 333, 331, 333, 352, 
14781, 335, 334, 335, 346, 
14811, 338, 340, 338, 334, 
14841, 339, 341, 342, 334, 
14871, 337, 336, 338, 344, 
14902, 334, 332, 333, 354, 
14931, 334, 333, 333, 350, 
14962, 338, 338, 338, 336, 
14992, 339, 341, 341, 331, 
15022, 337, 337, 339, 341, 
15052, 333, 331, 334, 352, 
15082, 333, 332, 333, 351, 
15113, 337, 337, 337, 339, 
15142, 339, 342, 342, 330, 
15173, 338, 339, 338, 337, 
15203, 334, 333, 335, 349, 
15234, 334, 332, 333, 352, 
15263, 336, 336, 336, 342, 
15294, 340, 342, 340, 332, 
15324, 338, 340, 341, 335, 
15353, 334, 334, 336, 347, 
15384, 333, 331, 333, 354, 
15414, 335, 335, 335, 345, 
15444, 338, 340, 340, 334, 
15474, 339, 341, 341, 334, 
15505, 336, 336, 338, 344, 
15535, 333, 331, 333, 353, 
15565, 334, 333, 334, 349, 
15595, 338, 340, 339, 336, 
15626, 339, 341, 342, 331, 
15655, 337, 338, 339, 341, 
15685, 333, 332, 334, 352, 
15716, 334, 332, 334, 350, 
15746, 338, 338, 338, 338, 
15776, 340, 342, 341, 330, 
15806, 338, 339, 340, 337, 
15837, 334, 332, 335, 348, 
15866, 333, 332, 333, 351, 
15897, 337, 336, 336, 341, 
15927, 339, 341, 341, 332, 
15958, 338, 340, 341, 335, 
15987, 335, 334, 336, 347, 
16017, 334, 331, 333, 353, 
16048, 335, 335, 335, 344, 
16077, 339, 340, 339, 333, 
16108, 339, 341, 341, 333, 
16138, 336, 336, 337, 344, 
16168, 333, 331, 333, 352, 
16198, 334, 334, 334, 347, 
16229, 339, 339, 338, 335, 
16259, 339, 341, 341, 331, 
16288, 337, 337, 338, 341, 
16319, 333, 331, 333, 351, 
16349, 334, 332, 333, 349, 
16379, 337, 338, 337, 337, 
16409, 339, 342, 340, 330, 
16440, 339, 338, 339, 338, 
16470, 333, 333, 335, 349, 
16500, 333, 332, 334, 351, 
16530, 336, 337, 336, 340, 
16561, 339, 341, 341, 331, 
16590, 340, 340, 341, 335, 
16620, 335, 334, 336, 347, 
16651, 333, 331, 332, 351, 
16680, 336, 335, 336, 344, 
16711, 340, 341, 340, 332, 
16741, 339, 341, 341, 333, 
16772, 336, 336, 338, 344, 
16801, 334, 331, 333, 354, 
16832, 335, 334, 334, 347, 
16862, 338, 339, 339, 335, 
16892, 340, 342, 342, 331, 
16922, 338, 337, 338, 341, 
16952, 334, 331, 334, 351, 
16983, 334, 332, 334, 349, 
17012, 337, 338, 338, 337, 
17043, 339, 342, 342, 330, 
17073, 338, 339, 340, 338, 
17103, 334, 333, 335, 349, 
17133, 333, 332, 333, 351, 
17164, 337, 336, 336, 341, 
17193, 339, 341, 341, 332, 
17224, 339, 339, 341, 336, 
17254, 335, 334, 336, 347, 
17284, 334, 332, 333, 353, 
17314, 335, 335, 335, 343, 
17344, 339, 340, 340, 333, 
17375, 339, 340, 342, 333, 
17404, 338, 336, 337, 344, 
17435, 334, 332, 333, 352, 
17465, 335, 334, 334, 346, 
17496, 340, 339, 339, 335, 
17525, 340, 342, 341, 331, 
17556, 337, 337, 338, 341, 
17586, 333, 333, 334, 352, 
17615, 334, 332, 333, 349, 
17646, 337, 338, 337, 337, 
17676, 340, 341, 341, 331, 
17707, 337, 338, 339, 338, 
17736, 334, 333, 335, 349, 
17767, 334, 332, 334, 351, 
17797, 336, 337, 336, 340, 
17827, 339, 341, 341, 330, 
17857, 338, 339, 340, 334, 
17888, 335, 333, 336, 347, 
17917, 333, 331, 334, 351, 
17947, 335, 336, 335, 342, 
17978, 339, 341, 341, 331, 
18008, 339, 341, 341, 331, 
18038, 335, 335, 338, 343, 
18068, 332, 330, 333, 352, 
18099, 334, 333, 334, 346, 
18128, 338, 339, 339, 334, 
18159, 339, 341, 341, 331, 
18189, 336, 337, 338, 341, 
18219, 333, 331, 334, 351, 
18249, 334, 333, 333, 348, 
18279, 337, 338, 338, 338, 
18310, 339, 342, 341, 331, 
18339, 337, 338, 339, 338, 
18370, 334, 333, 335, 349, 
18400, 333, 332, 333, 351, 
18430, 336, 337, 336, 340, 
18460, 339, 341, 341, 332, 
18491, 338, 340, 341, 335, 
18521, 335, 334, 336, 347, 
18550, 333, 331, 332, 352, 
18581, 336, 335, 335, 343, 
18611, 339, 340, 340, 332, 
18641, 339, 339, 341, 333, 
18671, 334, 336, 337, 344, 
18702, 333, 331, 334, 352, 
18732, 335, 334, 334, 346, 
18762, 338, 340, 339, 334, 
18792, 340, 341, 341, 330, 
18823, 336, 337, 339, 341, 
18852, 333, 332, 334, 351, 
18882, 334, 333, 333, 348, 
18913, 337, 338, 338, 336, 
18942, 340, 342, 341, 329, 
18973, 338, 340, 339, 337, 
19003, 334, 333, 335, 348, 
19034, 333, 332, 333, 349, 
19063, 338, 337, 336, 339, 
19094, 340, 342, 341, 330, 
19124, 338, 340, 339, 334, 
19154, 335, 334, 336, 346, 
19184, 333, 331, 333, 351, 
19214, 334, 335, 336, 342, 
19245, 340, 341, 340, 330, 
19274, 338, 341, 341, 332, 
19305, 336, 335, 337, 343, 
19335, 333, 331, 333, 351, 
19365, 335, 334, 334, 345, 
19395, 338, 339, 339, 333, 
19426, 340, 341, 341, 330, 
19456, 336, 337, 338, 340, 
19486, 333, 332, 333, 351, 
19516, 334, 333, 333, 348, 
19546, 338, 339, 337, 336, 
19576, 339, 341, 341, 330, 
19606, 337, 338, 339, 337, 
19637, 335, 332, 334, 349, 
19666, 332, 332, 331, 350, 
19697, 337, 337, 336, 339, 
19727, 339, 341, 340, 330, 
19758, 338, 339, 341, 335, 
19787, 335, 335, 336, 347, 
19818, 333, 331, 333, 351, 
19848, 336, 336, 335, 342, 
19877, 339, 341, 340, 331, 
19908, 339, 340, 340, 332, 
19938, 335, 335, 337, 344, 
19969, 333, 331, 333, 353, 
19998, 334, 334, 334, 345, 
20029, 338, 339, 339, 334, 
20059, 339, 342, 341, 330, 
20089, 337, 336, 338, 341, 
20119, 333, 331, 333, 352, 
20149, 334, 334, 333, 347, 
20179, 339, 339, 337, 336, 
20209, 339, 342, 342, 330, 
20240, 337, 339, 339, 338, 
20270, 333, 333, 334, 351, 
20300, 333, 332, 333, 350, 
20330, 337, 338, 337, 338, 
20361, 340, 342, 341, 329, 
20390, 338, 340, 340, 334, 
20421, 334, 334, 336, 346, 
20451, 333, 331, 332, 351, 
20481, 335, 337, 335, 342, 
20511, 339, 341, 337, 331, 
20541, 340, 340, 340, 333, 
20572, 336, 336, 335, 343, 
20601, 333, 331, 331, 352, 
20632, 335, 334, 333, 344, 
20662, 339, 340, 338, 333, 
20692, 340, 341, 339, 330, 
20722, 336, 338, 336, 340, 
20753, 333, 332, 331, 351, 
20783, 333, 334, 330, 347, 
20812, 337, 338, 335, 335, 
20843, 340, 342, 338, 328, 
20873, 337, 338, 335, 338, 
20903, 334, 332, 330, 348, 
20933, 334, 332, 327, 348, 
20964, 337, 337, 328, 337, 
20994, 340, 342, 332, 329, 
21024, 338, 339, 334, 333, 
21054, 335, 334, 330, 346, 
21085, 333, 331, 329, 350, 
21114, 336, 335, 334, 340, 
21144, 339, 342, 339, 329, 
21175, 339, 340, 341, 330, 
21204, 336, 336, 337, 342, 
21235, 334, 332, 334, 350, 
21265, 335, 334, 336, 343, 
21296, 339, 340, 341, 333, 
21325, 339, 341, 344, 329, 
21356, 336, 336, 340, 340, 
21386, 333, 332, 336, 350, 
21416, 334, 334, 336, 347, 
21446, 338, 339, 340, 334, 
21476, 340, 341, 344, 328, 
21507, 339, 339, 343, 337, 
21536, 334, 332, 337, 349, 
21567, 333, 332, 335, 349, 
21597, 337, 337, 338, 338, 
21627, 340, 342, 343, 328, 
21657, 338, 340, 342, 334, 
21688, 334, 334, 337, 345, 
21718, 333, 331, 335, 351, 
21748, 336, 335, 337, 342, 
21778, 338, 341, 343, 330, 
21808, 339, 340, 343, 331, 
21838, 335, 335, 339, 343, 
21868, 333, 331, 334, 351, 
21899, 334, 334, 336, 344, 
21928, 339, 339, 340, 333, 
21959, 339, 341, 343, 329, 
21989, 336, 337, 340, 339, 
22020, 333, 331, 335, 350, 
22049, 334, 334, 334, 347, 
22079, 338, 338, 339, 335, 
22110, 340, 342, 342, 329, 
22139, 337, 338, 340, 336, 
22170, 334, 334, 336, 348, 
22200, 333, 332, 334, 348, 
22231, 337, 338, 337, 337, 
22260, 339, 341, 342, 328, 
22291, 340, 339, 341, 333, 
22321, 335, 334, 337, 344, 
22351, 333, 331, 334, 349, 
22381, 336, 335, 336, 339, 
22411, 339, 342, 341, 329, 
22441, 338, 340, 342, 330, 
22471, 335, 335, 338, 342, 
22502, 333, 331, 334, 350, 
22532, 335, 334, 335, 343, 
22562, 339, 339, 340, 331, 
22592, 340, 342, 342, 328, 
22623, 337, 337, 339, 339, 
22652, 334, 331, 334, 350, 
22683, 334, 333, 334, 345, 
22713, 337, 338, 338, 334, 
22743, 339, 342, 342, 327, 
22773, 337, 339, 340, 336, 
22803, 333, 332, 335, 347, 
22834, 334, 332, 334, 348, 
22863, 337, 336, 337, 338, 
22894, 339, 341, 341, 329, 
22924, 338, 339, 340, 332, 
22955, 334, 334, 335, 345, 
22984, 333, 332, 334, 349, 
23015, 336, 335, 336, 340, 
23045, 340, 342, 340, 329, 
23074, 338, 341, 341, 330, 
23105, 336, 335, 337, 341, 
23135, 333, 331, 333, 350, 
23165, 335, 334, 335, 343, 
23195, 339, 340, 340, 332, 
23226, 340, 341, 341, 328, 
23256, 336, 337, 338, 339, 
23286, 333, 331, 334, 349, 
23316, 334, 333, 334, 347, 
23347, 338, 338, 338, 334, 
23376, 339, 342, 342, 329, 
23406, 338, 338, 339, 336, 
23437, 333, 332, 334, 349, 
23467, 333, 332, 333, 348, 
23497, 336, 337, 336, 338, 
23527, 339, 341, 342, 329, 
23558, 338, 340, 341, 335, 
23587, 335, 333, 336, 346, 
23618, 333, 331, 334, 351, 
23648, 335, 335, 336, 342, 
23678, 339, 341, 340, 330, 
23708, 338, 340, 340, 333, 
23738, 336, 336, 338, 344, 
23769, 333, 331, 333, 351, 
23798, 334, 334, 334, 344, 
23829, 339, 339, 339, 332, 
23859, 340, 340, 341, 329, 
23889, 336, 337, 338, 339, 
23919, 333, 332, 334, 350, 
23950, 334, 332, 334, 346, 
23980, 337, 338, 338, 334, 
24009, 339, 342, 342, 329, 
24040, 337, 338, 339, 338, 
24070, 334, 333, 335, 348, 
24100, 333, 331, 333, 350, 
24130, 337, 337, 337, 337, 
24161, 339, 342, 341, 329, 
24190, 338, 339, 340, 334, 
24221, 335, 334, 336, 346, 
24251, 333, 331, 334, 350, 
24282, 336, 336, 336, 340, 
24311, 339, 341, 340, 330, 
24341, 339, 341, 341, 330, 
24372, 335, 335, 337, 343, 
24401, 333, 331, 333, 352, 
24432, 335, 334, 335, 343, 
24462, 339, 339, 339, 332, 
24493, 339, 341, 341, 331, 
24522, 336, 337, 338, 340, 
24553, 334, 331, 333, 350, 
24583, 334, 333, 334, 347, 
24613, 338, 339, 338, 334, 
24643, 339, 342, 342, 329, 
24673, 337, 337, 339, 337, 
24704, 333, 333, 335, 348, 
24733, 334, 332, 333, 348, 
24764, 336, 337, 337, 337, 
24794, 340, 342, 342, 329, 
24824, 338, 339, 340, 335, 
24854, 334, 334, 336, 346, 
24885, 333, 332, 334, 350, 
24914, 336, 335, 336, 341, 
24945, 340, 341, 340, 330, 
24975, 339, 340, 342, 332, 
25005, 335, 335, 337, 346, 
25035, 333, 329, 333, 351, 
25065, 336, 334, 334, 343, 
25096, 339, 340, 340, 331, 
25125, 339, 341, 341, 330, 
25156, 336, 336, 338, 341, 
25186, 333, 331, 334, 351, 
25217, 334, 333, 334, 346, 
25246, 338, 338, 337, 335, 
25277, 340, 342, 342, 329, 
25307, 337, 338, 340, 338, 
25336, 333, 332, 334, 349, 
25367, 333, 332, 333, 349, 
25397, 336, 337, 337, 337, 
25427, 339, 341, 342, 329, 
25457, 338, 339, 340, 335, 
25488, 334, 333, 335, 348, 
25518, 333, 332, 333, 350, 
25548, 336, 336, 336, 340, 
25578, 339, 341, 341, 328, 
25609, 339, 340, 341, 331, 
25638, 335, 335, 337, 343, 
25668, 333, 331, 333, 350, 
25699, 335, 334, 335, 343, 
25729, 339, 340, 339, 332, 
25759, 339, 341, 341, 330, 
25789, 336, 337, 339, 340, 
25820, 333, 331, 334, 350, 
25849, 334, 334, 334, 344, 
25880, 338, 339, 339, 333, 
25910, 339, 342, 341, 330, 
25939, 337, 337, 339, 337, 
25970, 334, 332, 334, 349, 
26000, 332, 332, 334, 348, 
26031, 337, 337, 337, 337, 
26060, 340, 342, 341, 329, 
26091, 337, 339, 340, 336, 
26121, 334, 333, 335, 347, 
26151, 334, 331, 333, 350, 
26181, 336, 336, 336, 339, 
26212, 339, 341, 340, 329, 
26242, 338, 340, 340, 333, 
26271, 335, 334, 336, 346, 
26302, 333, 331, 333, 351, 
26332, 335, 334, 335, 343, 
26362, 339, 340, 340, 331, 
26392, 339, 340, 341, 330, 
26423, 336, 336, 338, 341, 
26452, 334, 332, 333, 352, 
26483, 334, 334, 334, 345, 
26513, 338, 340, 339, 333, 
26544, 340, 342, 341, 329, 
26573, 337, 337, 339, 338, 
26603, 334, 333, 334, 349, 
26634, 334, 332, 333, 348, 
26663, 337, 338, 338, 336, 
26694, 339, 342, 341, 328, 
26724, 337, 339, 340, 335, 
26755, 333, 333, 335, 348, 
26784, 333, 332, 334, 350, 
26815, 336, 336, 337, 340, 
26845, 340, 341, 340, 329, 
26875, 339, 340, 341, 334, 
26905, 335, 334, 337, 347, 
26935, 333, 331, 333, 352, 
26966, 336, 335, 335, 342, 
26995, 340, 341, 340, 332, 
27026, 339, 341, 341, 331, 
27056, 336, 336, 337, 342, 
27086, 333, 331, 333, 351, 
27116, 334, 334, 334, 344, 
27147, 338, 339, 339, 332, 
27176, 341, 341, 341, 329, 
27207, 336, 337, 338, 338, 
27237, 333, 331, 334, 350, 
27267, 334, 333, 333, 346, 
27297, 337, 338, 337, 335, 
27327, 340, 342, 342, 328, 
27358, 338, 339, 340, 336, 
27387, 334, 333, 335, 347, 
27418, 333, 333, 333, 348, 
27448, 337, 337, 336, 337, 
27479, 340, 342, 341, 328, 
27508, 339, 341, 340, 332, 
27539, 335, 334, 336, 345, 
27569, 333, 331, 333, 350, 
27598, 336, 335, 335, 340, 
27629, 339, 340, 341, 330, 
27659, 339, 340, 341, 331, 
27689, 335, 336, 337, 341, 
27719, 333, 331, 333, 350, 
27750, 336, 334, 334, 341, 
27780, 338, 340, 339, 330, 
27810, 339, 341, 341, 327, 
27840, 336, 337, 338, 339, 
27870, 333, 332, 334, 349, 
27900, 334, 333, 334, 346, 
27930, 337, 338, 338, 333, 
27961, 339, 342, 341, 326, 
27991, 337, 338, 340, 336, 
28021, 333, 332, 335, 347, 
28051, 334, 332, 333, 347, 
28082, 337, 337, 337, 337, 
28111, 338, 342, 341, 327, 
28142, 338, 339, 340, 332, 
28172, 334, 334, 335, 345, 
28201, 333, 331, 333, 349, 
28232, 336, 336, 336, 339, 
28262, 339, 341, 341, 329, 
28293, 339, 340, 341, 330, 
28322, 335, 335, 337, 342, 
28353, 333, 331, 332, 351, 
28383, 335, 334, 335, 341, 
28413, 339, 340, 339, 330, 
28443, 340, 341, 341, 329, 
28474, 336, 336, 338, 340, 
28504, 333, 332, 333, 348, 
28533, 334, 333, 334, 344, 
28564, 338, 338, 338, 332, 
28594, 339, 341, 341, 327, 
28624, 337, 338, 339, 337, 
28654, 333, 331, 336, 347, 
28685, 334, 332, 333, 346, 
28715, 337, 337, 337, 335, 
28745, 341, 342, 341, 328, 
28775, 338, 339, 340, 335, 
28806, 334, 334, 336, 346, 
28835, 335, 331, 333, 348, 
28865, 337, 336, 336, 338, 
28896, 339, 341, 341, 328, 
28925, 338, 340, 341, 331, 
28956, 335, 334, 336, 344, 
28986, 334, 332, 333, 350, 
29017, 335, 335, 335, 341, 
29046, 339, 341, 340, 330, 
29077, 339, 341, 341, 330, 
29107, 336, 336, 337, 340, 
29137, 333, 331, 333, 350, 
29167, 335, 334, 335, 344, 
29197, 339, 339, 339, 331, 
29228, 339, 341, 342, 327, 
29257, 336, 337, 338, 337, 
29288, 333, 331, 334, 348, 
29318, 334, 333, 333, 346, 
29348, 337, 338, 338, 334, 
29378, 340, 342, 341, 326, 
29409, 337, 339, 338, 334, 
29438, 334, 332, 334, 346, 
29469, 334, 332, 333, 347, 
29499, 336, 337, 335, 337, 
29529, 338, 341, 341, 328, 
29559, 340, 339, 340, 332, 
29589, 335, 334, 336, 344, 
29620, 334, 331, 332, 349, 
29649, 336, 335, 335, 341, 
29680, 339, 341, 340, 329, 
29710, 340, 342, 341, 331, 
29741, 336, 335, 337, 341, 
29770, 333, 332, 333, 350, 
29800, 336, 334, 335, 343, 
29831, 338, 340, 339, 333, 
29860, 339, 341, 341, 329, 
29891, 336, 337, 339, 340, 
29921, 333, 332, 333, 350, 
29952, 334, 333, 334, 346, 
29981, 337, 338, 338, 334, 
30012, 340, 342, 341, 328, 
30042, 337, 338, 339, 338, 
30072, 335, 333, 335, 349, 
30102, 334, 332, 333, 348, 
30132, 337, 337, 336, 338, 
30162, 339, 342, 342, 329, 
30192, 338, 339, 340, 335, 
30223, 335, 334, 335, 346, 
30253, 333, 332, 334, 352, 
30283, 336, 336, 335, 341, 
30313, 339, 341, 340, 330, 
30344, 339, 340, 341, 334, 
30373, 335, 335, 337, 344, 
30404, 335, 331, 333, 352, 
30434, 335, 334, 335, 344, 
30464, 339, 340, 339, 332, 
30494, 340, 341, 341, 331, 
30524, 336, 336, 337, 341, 
30555, 333, 333, 333, 351, 
30584, 334, 333, 334, 346, 
30615, 337, 339, 338, 335, 
30645, 339, 342, 341, 329, 
30675, 337, 338, 339, 338, 
30705, 333, 332, 334, 349, 
30736, 335, 332, 333, 348, 
30766, 337, 338, 337, 336, 
30795, 340, 342, 341, 330, 
30826, 337, 339, 340, 335, 
30856, 335, 333, 335, 347, 
30886, 333, 331, 332, 350, 
30916, 336, 336, 336, 339, 
30947, 340, 341, 341, 329, 
30977, 339, 340, 342, 334, 
31007, 336, 334, 336, 344, 
31037, 334, 331, 333, 350, 
31068, 335, 335, 335, 342, 
31097, 340, 340, 340, 331, 
31127, 339, 341, 341, 330, 
31158, 336, 336, 339, 343, 
31187, 334, 331, 333, 350, 
31218, 334, 335, 334, 344, 
31248, 338, 339, 340, 332, 
31279, 339, 342, 341, 329, 
31308, 337, 340, 338, 338, 
31339, 332, 333, 335, 350, 
31369, 334, 332, 334, 346, 
31399, 338, 339, 338, 334, 
31429, 341, 341, 341, 327, 
31459, 337, 338, 339, 336, 
31490, 334, 334, 335, 347, 
31519, 334, 331, 334, 350, 
31550, 337, 337, 336, 337, 
31580, 339, 343, 341, 327, 
31610, 339, 340, 341, 334, 
31640, 335, 334, 336, 344, 
31671, 333, 331, 332, 350, 
31700, 335, 335, 336, 341, 
31730, 340, 341, 340, 329, 
31761, 339, 342, 341, 330, 
31791, 337, 335, 337, 342, 
31821, 333, 331, 333, 350, 
31851, 335, 334, 334, 343, 
31882, 338, 340, 339, 333, 
31911, 339, 341, 341, 329, 
31942, 336, 337, 338, 339, 
31972, 333, 332, 333, 350, 
32003, 334, 333, 334, 345, 
32032, 338, 338, 337, 333, 
32062, 340, 341, 342, 329, 
32093, 338, 338, 340, 337, 
32122, 334, 332, 334, 348, 
32153, 335, 332, 334, 348, 
32183, 337, 337, 337, 338, 
32214, 340, 342, 342, 327, 
32243, 338, 339, 341, 335, 
32274, 334, 334, 335, 346, 
32304, 335, 334, 333, 349, 
32334, 336, 336, 336, 339, 
32364, 340, 341, 341, 329, 
32394, 339, 340, 341, 329, 
32424, 335, 335, 336, 343, 
32454, 333, 331, 333, 350, 
32485, 336, 334, 335, 341, 
32515, 339, 340, 340, 330, 
32545, 339, 341, 343, 329, 
32575, 337, 336, 337, 339, 
32606, 333, 332, 334, 350, 
32635, 335, 334, 334, 344, 
32666, 338, 339, 339, 332, 
32696, 339, 342, 341, 328, 
32726, 338, 337, 339, 338, 
32756, 334, 332, 334, 349, 
32786, 333, 332, 333, 347, 
32817, 337, 338, 338, 335, 
32846, 340, 341, 342, 328, 
32877, 337, 339, 340, 337, 
32907, 334, 334, 335, 349, 
32937, 334, 332, 333, 350, 
32967, 337, 337, 337, 339, 
32998, 341, 341, 341, 331, 
33028, 338, 340, 341, 334, 
33057, 334, 335, 337, 346, 
33088, 334, 331, 333, 351, 
33118, 336, 335, 335, 343, 
33148, 339, 341, 340, 331, 
33178, 340, 341, 341, 332, 
33209, 335, 337, 338, 344, 
33239, 333, 331, 333, 352, 
33269, 334, 334, 334, 346, 
33299, 339, 339, 340, 334, 
33330, 340, 341, 342, 329, 
33359, 336, 337, 338, 340, 
33389, 334, 332, 334, 350, 
33420, 334, 333, 333, 347, 
33449, 338, 338, 339, 336, 
33480, 340, 341, 341, 329, 
33510, 338, 338, 340, 336, 
33541, 335, 333, 334, 349, 
33570, 333, 332, 334, 349, 
33601, 336, 337, 337, 337, 
33631, 339, 342, 341, 329, 
33660, 339, 339, 341, 334, 
33691, 335, 334, 336, 344, 
33721, 333, 332, 332, 350, 
33752, 335, 335, 336, 341, 
33781, 340, 341, 341, 329, 
33812, 339, 341, 341, 332, 
33842, 336, 335, 337, 343, 
33872, 334, 332, 334, 350, 
33902, 335, 334, 335, 343, 
33933, 338, 340, 339, 331, 
33963, 339, 341, 341, 331, 
33992, 336, 336, 338, 340, 
34023, 334, 332, 333, 350, 
34053, 335, 334, 335, 344, 
34083, 338, 339, 338, 333, 
34113, 339, 342, 341, 328, 
34144, 337, 338, 339, 337, 
34173, 334, 333, 334, 349, 
34204, 334, 331, 333, 348, 
34234, 337, 338, 337, 335, 
34265, 339, 342, 342, 328, 
34294, 338, 339, 340, 336, 
34324, 334, 333, 335, 347, 
34355, 333, 332, 333, 350, 
34384, 337, 336, 336, 339, 
34415, 339, 342, 342, 328, 
34445, 339, 341, 341, 333, 
34476, 335, 335, 336, 344, 
34505, 332, 331, 333, 350, 
34536, 336, 335, 335, 342, 
34566, 340, 339, 340, 331, 
34596, 339, 342, 341, 329, 
34626, 336, 336, 338, 342, 
34656, 333, 331, 334, 350, 
34686, 334, 334, 334, 345, 
34716, 338, 339, 339, 333, 
34747, 340, 342, 341, 329, 
34777, 337, 339, 339, 338, 
34807, 334, 332, 334, 349, 
34837, 333, 332, 334, 347, 
34868, 338, 338, 338, 336, 
34897, 339, 342, 341, 329, 
34928, 338, 339, 340, 336, 
34958, 334, 333, 335, 347, 
34988, 333, 332, 333, 350, 
35018, 336, 336, 337, 338, 
35048, 339, 341, 341, 328, 
35079, 338, 340, 341, 334, 
35108, 336, 334, 336, 345, 
35139, 334, 333, 334, 349, 
35169, 335, 335, 335, 341, 
35200, 339, 341, 340, 331, 
35229, 338, 341, 341, 330, 
35260, 336, 336, 337, 342, 
35290, 334, 331, 334, 350, 
35319, 335, 334, 334, 343, 
35350, 338, 339, 339, 332, 
35380, 339, 341, 341, 328, 
35410, 336, 337, 338, 339, 
35440, 333, 332, 333, 350, 
35471, 334, 332, 335, 346, 
35501, 337, 339, 339, 334, 
35531, 340, 344, 341, 328, 
35561, 337, 338, 340, 336, 
35591, 334, 333, 334, 347, 
35621, 334, 333, 333, 347, 
35651, 338, 337, 337, 337, 
35682, 340, 342, 341, 328, 
35712, 338, 340, 341, 333, 
35742, 334, 334, 335, 345, 
35772, 333, 331, 333, 348, 
35803, 336, 335, 335, 340, 
35832, 340, 341, 340, 329, 
35863, 339, 343, 341, 331, 
35893, 335, 335, 337, 342, 
35922, 333, 331, 334, 351, 
35953, 335, 335, 335, 343, 
35983, 339, 340, 339, 330, 
36014, 340, 342, 341, 329, 
36043, 336, 337, 339, 340, 
36074, 333, 331, 335, 350, 
36104, 334, 333, 334, 346, 
36134, 338, 339, 338, 334, 
36164, 339, 342, 342, 330, 
36195, 338, 338, 340, 338, 
36225, 334, 333, 334, 349, 
36254, 333, 333, 333, 349, 
36285, 337, 337, 337, 338, 
36315, 340, 342, 340, 328, 
36345, 338, 340, 340, 335, 
36375, 335, 333, 336, 347, 
36406, 334, 332, 334, 351, 
36435, 336, 336, 336, 341, 
36466, 339, 341, 341, 330, 
36496, 339, 340, 341, 332, 
36527, 335, 335, 337, 344, 
36556, 334, 331, 332, 351, 
36586, 335, 336, 335, 343, 
36617, 337, 339, 341, 332, 
36646, 339, 341, 342, 331, 
36677, 336, 336, 338, 341, 
36707, 333, 333, 333, 350, 
36738, 334, 334, 334, 346, 
36767, 338, 340, 338, 334, 
36798, 340, 342, 341, 329, 
36828, 337, 338, 339, 339, 
36858, 333, 332, 334, 349, 
36888, 334, 332, 333, 348, 
36918, 338, 337, 338, 337, 
36948, 340, 343, 341, 329, 
36978, 338, 340, 340, 335, 
37009, 334, 333, 335, 346, 
37039, 332, 331, 333, 349, 
37069, 336, 337, 336, 340, 
37099, 340, 341, 340, 329, 
37130, 339, 341, 342, 332, 
37159, 334, 335, 336, 343, 
37190, 333, 332, 334, 351, 
37220, 335, 335, 335, 342, 
37250, 339, 342, 339, 331, 
37280, 340, 341, 341, 330, 
37310, 336, 336, 338, 341, 
37341, 333, 331, 334, 349, 
37370, 335, 333, 334, 345, 
37401, 338, 339, 338, 333, 
37431, 340, 343, 341, 328, 
37462, 338, 337, 338, 338, 
37491, 333, 333, 333, 349, 
37521, 335, 333, 333, 347, 
37552, 337, 338, 337, 335, 
37581, 340, 342, 341, 327, 
37612, 338, 338, 339, 335, 
37642, 335, 333, 335, 346, 
37672, 333, 332, 334, 349, 
37702, 336, 337, 336, 337, 
37733, 339, 341, 340, 328, 
37763, 338, 340, 340, 332, 
37793, 335, 335, 336, 343, 
37823, 334, 332, 333, 350, 
37853, 334, 335, 335, 341, 
37883, 339, 341, 339, 330, 
37913, 339, 341, 342, 330, 
37944, 335, 336, 337, 341, 
37974, 333, 331, 333, 350, 
38004, 335, 334, 334, 344, 
38034, 338, 339, 338, 332, 
38065, 339, 342, 341, 328, 
38094, 336, 337, 339, 339, 
38125, 334, 331, 334, 349, 
38155, 334, 332, 333, 347, 
38184, 338, 337, 338, 336, 
38215, 338, 342, 341, 328, 
38245, 338, 338, 339, 334, 
38276, 333, 333, 335, 347, 
38305, 333, 331, 333, 348, 
38336, 337, 336, 337, 338, 
38366, 340, 342, 341, 328, 
38396, 338, 339, 342, 332, 
38426, 335, 334, 336, 344, 
38457, 333, 331, 334, 350, 
38487, 336, 335, 336, 340, 
38516, 339, 340, 340, 328, 
38547, 340, 340, 341, 330, 
38577, 336, 336, 337, 341, 
38607, 332, 331, 333, 350, 
38637, 334, 335, 334, 342, 
38668, 338, 340, 340, 331, 
38697, 340, 341, 341, 328, 
38728, 338, 337, 338, 338, 
38758, 333, 331, 334, 348, 
38789, 334, 333, 333, 345, 
38818, 338, 338, 338, 333, 
38848, 339, 342, 342, 327, 
38879, 337, 338, 339, 336, 
38908, 335, 332, 334, 347, 
38939, 333, 332, 333, 348, 
38969, 336, 337, 336, 337, 
39000, 339, 342, 341, 329, 
39029, 338, 339, 340, 334, 
39060, 334, 334, 336, 345, 
39090, 334, 331, 333, 349, 
39120, 335, 337, 336, 339, 
39150, 340, 341, 340, 328, 
39180, 339, 340, 341, 331, 
39211, 336, 335, 337, 342, 
39240, 333, 331, 333, 350, 
39271, 336, 333, 335, 342, 
39301, 337, 341, 339, 330, 
39331, 339, 341, 342, 328, 
39361, 336, 336, 339, 339, 
39392, 333, 331, 334, 348, 
39421, 334, 333, 335, 344, 
39451, 339, 339, 338, 332, 
39482, 340, 342, 342, 327, 
39512, 338, 338, 339, 336, 
39542, 333, 332, 334, 347, 
39572, 334, 332, 333, 346, 
39603, 337, 337, 337, 335, 
39632, 341, 341, 342, 327, 
39663, 338, 340, 341, 333, 
39693, 334, 333, 335, 345, 
39724, 333, 332, 333, 350, 
39753, 337, 336, 336, 338, 
39783, 339, 341, 341, 328, 
39814, 339, 340, 340, 333, 
39843, 335, 334, 336, 344, 
39874, 333, 329, 333, 350, 
39904, 335, 335, 335, 341, 
39934, 340, 340, 339, 330, 
39964, 339, 341, 341, 330, 
39995, 337, 336, 337, 341, 
40025, 332, 331, 334, 349, 
40055, 334, 334, 334, 344, 
40085, 338, 339, 339, 331, 
40115, 339, 342, 342, 327, 
40145, 337, 337, 338, 338, 
40175, 336, 332, 334, 349, 
40206, 334, 333, 333, 344, 
40236, 338, 339, 337, 335, 
40266, 341, 342, 341, 327, 
40296, 338, 338, 339, 335, 
40327, 333, 333, 334, 346, 
40356, 335, 332, 333, 347, 
40387, 337, 337, 336, 336, 
40417, 339, 342, 341, 327, 
40446, 338, 339, 340, 333, 
40477, 336, 334, 336, 345, 
40507, 333, 331, 334, 349, 
40538, 337, 335, 336, 339, 
40567, 340, 341, 340, 328, 
40598, 339, 341, 341, 331, 
40628, 335, 335, 337, 343, 
40658, 332, 331, 333, 350, 
40688, 335, 334, 335, 342, 
40719, 340, 341, 340, 330, 
40749, 340, 341, 340, 328, 
40778, 337, 335, 337, 340, 
40809, 333, 331, 333, 350, 
40839, 334, 333, 333, 344, 
40869, 338, 339, 338, 332, 
40899, 340, 341, 342, 329, 
40930, 337, 337, 339, 337, 
40960, 333, 332, 334, 348, 
40990, 334, 332, 334, 346, 
41020, 337, 338, 337, 335, 
41051, 340, 342, 341, 327, 
41080, 339, 340, 340, 334, 
41110, 334, 333, 335, 346, 
41141, 333, 332, 333, 349, 
41170, 336, 337, 337, 337, 
41201, 339, 342, 341, 327, 
41231, 338, 340, 342, 332, 
41262, 336, 335, 336, 344, 
41291, 334, 332, 332, 349, 
41322, 335, 335, 335, 340, 
41352, 339, 341, 341, 328, 
41381, 339, 341, 341, 330, 
41412, 335, 336, 336, 341, 
41442, 334, 331, 332, 349, 
41473, 335, 335, 334, 342, 
41502, 339, 340, 339, 330, 
41533, 339, 342, 342, 327, 
41563, 336, 337, 338, 338, 
41593, 333, 331, 334, 349, 
41623, 336, 333, 333, 345, 
41654, 338, 339, 338, 333, 
41683, 340, 342, 342, 327, 
41713, 337, 338, 339, 336, 
41744, 334, 332, 334, 348, 
41774, 334, 333, 333, 348, 
41804, 338, 338, 337, 336, 
41834, 339, 342, 341, 326, 
41865, 338, 339, 340, 333, 
41894, 335, 333, 336, 344, 
41925, 333, 331, 334, 348, 
41955, 336, 337, 336, 337, 
41986, 340, 341, 343, 328, 
42015, 339, 340, 339, 330, 
42045, 335, 335, 336, 343, 
42076, 333, 331, 334, 349, 
42105, 336, 335, 335, 340, 
42136, 339, 341, 340, 329, 
42166, 340, 342, 341, 329, 
42196, 336, 336, 338, 340, 
42226, 333, 331, 333, 350, 
42257, 335, 333, 334, 343, 
42287, 339, 339, 338, 330, 
42317, 339, 342, 341, 328, 
42347, 338, 337, 338, 337, 
42377, 334, 332, 333, 348, 
42407, 335, 333, 333, 345, 
42437, 338, 338, 339, 333, 
42468, 340, 341, 341, 327, 
42498, 337, 338, 339, 335, 
42528, 334, 333, 334, 346, 
42558, 334, 332, 333, 346, 
42589, 337, 337, 337, 336, 
42618, 340, 343, 342, 325, 
42649, 339, 339, 340, 332, 
42679, 334, 334, 336, 344, 
42708, 334, 331, 332, 348, 
42739, 336, 336, 337, 338, 
42769, 339, 342, 340, 327, 
42800, 340, 340, 342, 331, 
42829, 335, 335, 336, 342, 
42860, 333, 333, 332, 350, 
42890, 335, 336, 334, 341, 
42920, 339, 341, 339, 329, 
42950, 340, 341, 341, 328, 
42981, 336, 335, 338, 341, 
43011, 333, 331, 334, 348, 
43040, 334, 333, 335, 343, 
43071, 337, 339, 339, 331, 
43101, 340, 341, 341, 327, 
43131, 336, 337, 339, 337, 
43161, 333, 332, 334, 348, 
43192, 334, 333, 333, 346, 
43222, 337, 338, 338, 335, 
43252, 340, 342, 341, 327, 
43282, 339, 339, 339, 335, 
43312, 334, 333, 334, 347, 
43342, 333, 332, 332, 349, 
43372, 337, 337, 336, 337, 
43403, 340, 342, 341, 328, 
43432, 338, 340, 341, 333, 
43463, 335, 335, 336, 344, 
43493, 333, 332, 333, 349, 
43524, 336, 335, 336, 339, 
43553, 339, 341, 340, 329, 
43584, 339, 341, 342, 331, 
43614, 334, 335, 337, 342, 
43643, 333, 331, 334, 350, 
43674, 335, 334, 334, 342, 
43704, 339, 340, 340, 331, 
43735, 340, 341, 341, 329, 
43764, 337, 336, 339, 340, 
43795, 332, 332, 333, 351, 
43825, 335, 334, 334, 345, 
43855, 338, 338, 338, 334, 
43885, 340, 343, 342, 328, 
43916, 337, 337, 338, 338, 
43945, 334, 332, 335, 349, 
43975, 333, 333, 333, 347, 
44006, 337, 337, 337, 335, 
44036, 340, 342, 341, 329, 
44066, 338, 338, 341, 334, 
44096, 334, 333, 335, 348, 
44127, 333, 332, 333, 349, 
44156, 335, 336, 336, 338, 
44187, 340, 341, 341, 329, 
44217, 338, 340, 340, 333, 
44248, 335, 334, 336, 346, 
44277, 333, 331, 333, 350, 
44307, 336, 335, 336, 342, 
44338, 338, 341, 340, 330, 
44367, 339, 340, 341, 331, 
44398, 335, 336, 337, 343, 
44428, 333, 331, 334, 352, 
44459, 336, 334, 334, 343, 
44488, 338, 340, 339, 333, 
44519, 338, 341, 341, 330, 
44549, 337, 336, 337, 340, 
44579, 333, 332, 333, 350, 
44609, 334, 334, 335, 347, 
44639, 338, 339, 338, 334, 
44669, 339, 342, 341, 329, 
44699, 336, 338, 340, 339, 
44730, 334, 332, 334, 349, 
44760, 334, 332, 334, 348, 
44790, 337, 337, 338, 337, 
44820, 339, 342, 342, 330, 
44851, 338, 338, 341, 336, 
44880, 333, 334, 336, 347, 
44911, 334, 331, 333, 350, 
44941, 336, 336, 336, 339, 
44971, 340, 342, 341, 329, 
45001, 339, 339, 341, 333, 
45031, 335, 335, 336, 343, 
45062, 332, 331, 333, 350, 
45091, 336, 335, 335, 341, 
45122, 339, 341, 340, 330, 
45152, 339, 341, 341, 332, 
45182, 335, 335, 338, 342, 
45212, 333, 331, 332, 351, 
45242, 333, 334, 334, 345, 
45273, 339, 339, 340, 333, 
45302, 339, 341, 343, 330, 
45333, 336, 337, 338, 341, 
45363, 333, 331, 333, 350, 
45393, 334, 333, 334, 347, 
45423, 337, 339, 338, 335, 
45454, 340, 343, 342, 329, 
45484, 337, 338, 340, 338, 
45514, 333, 333, 334, 349, 
45544, 334, 333, 333, 349, 
45574, 337, 338, 336, 337, 
45604, 339, 341, 342, 329, 
45634, 339, 339, 339, 335, 
45665, 334, 333, 335, 348, 
45694, 333, 332, 333, 350, 
45725, 336, 336, 336, 340, 
45755, 340, 341, 340, 329, 
45786, 338, 340, 341, 332, 
45815, 335, 334, 336, 344, 
45846, 332, 331, 333, 352, 
45876, 335, 335, 335, 342, 
45905, 339, 340, 340, 330, 
45936, 339, 341, 341, 330, 
45966, 336, 336, 337, 341, 
45997, 333, 332, 333, 350, 
46026, 334, 334, 335, 344, 
46057, 338, 339, 339, 332, 
46087, 339, 341, 341, 329, 
46117, 337, 337, 338, 339, 
46147, 333, 331, 333, 349, 
46178, 334, 332, 334, 346, 
46208, 337, 338, 338, 334, 
46237, 340, 342, 342, 327, 
46268, 338, 339, 339, 336, 
46298, 334, 332, 334, 348, 
46328, 334, 332, 333, 347, 
46358, 337, 336, 337, 337, 
46389, 339, 341, 341, 328, 
46418, 339, 339, 340, 334, 
46449, 334, 334, 335, 346, 
46479, 334, 331, 332, 350, 
46510, 336, 336, 336, 340, 
46539, 340, 341, 341, 329, 
46569, 339, 340, 342, 333, 
46600, 336, 334, 337, 344, 
46629, 333, 331, 332, 352, 
46660, 334, 335, 336, 342, 
46690, 339, 340, 340, 330, 
46721, 338, 341, 341, 330, 
46750, 336, 336, 337, 341, 
46781, 333, 331, 333, 349, 
46811, 335, 333, 334, 345, 
46841, 338, 339, 338, 333, 
46871, 340, 340, 342, 328, 
46901, 338, 337, 338, 339, 
46931, 333, 333, 334, 350, 
46961, 333, 333, 334, 348, 
46992, 337, 338, 338, 335, 
47022, 340, 343, 342, 328, 
47052, 337, 338, 338, 336, 
47082, 334, 333, 335, 348, 
47113, 334, 332, 333, 347, 
47142, 337, 337, 337, 337, 
47172, 340, 342, 342, 330, 
47203, 338, 339, 340, 335, 
47233, 335, 332, 335, 347, 
47263, 333, 331, 333, 351, 
47293, 337, 336, 336, 341, 
47324, 339, 340, 341, 330, 
47353, 339, 340, 342, 332, 
47384, 336, 335, 337, 344, 
47414, 333, 331, 333, 351, 
47444, 335, 334, 335, 343, 
47474, 339, 340, 339, 330, 
47504, 339, 341, 342, 330, 
47535, 337, 336, 338, 341, 
47564, 333, 332, 333, 351, 
47595, 334, 333, 334, 346, 
47625, 338, 339, 338, 333, 
47655, 339, 342, 342, 329, 
47685, 337, 337, 339, 338, 
47716, 332, 332, 334, 349, 
47746, 334, 333, 334, 348, 
47776, 337, 337, 336, 336, 
47806, 340, 342, 341, 328, 
47836, 338, 340, 340, 336, 
47866, 335, 333, 335, 347, 
47896, 334, 331, 333, 349, 
47927, 336, 336, 336, 337, 
47956, 340, 341, 341, 328, 
47987, 339, 340, 340, 333, 
48017, 334, 334, 336, 345, 
48048, 333, 331, 333, 351, 
48077, 336, 335, 335, 340, 
48108, 339, 341, 340, 330, 
48138, 339, 340, 341, 331, 
48167, 336, 335, 337, 343, 
48198, 333, 331, 333, 350, 
48228, 335, 334, 333, 343, 
48259, 339, 340, 339, 331, 
48288, 340, 342, 341, 329, 
48319, 336, 337, 338, 339, 
48349, 332, 331, 333, 349, 
48379, 335, 334, 334, 345, 
48409, 338, 339, 338, 333, 
48440, 339, 341, 341, 329, 
48470, 338, 338, 339, 337, 
48499, 334, 332, 334, 348, 
48530, 334, 332, 333, 347, 
48560, 337, 339, 337, 336, 
48590, 340, 342, 341, 328, 
48620, 338, 340, 340, 335, 
48651, 334, 334, 335, 347, 
48680, 333, 332, 333, 349, 
48711, 337, 337, 336, 338, 
48741, 339, 342, 341, 328, 
48772, 338, 340, 341, 333, 
48801, 335, 334, 336, 344, 
48831, 333, 331, 333, 350, 
48862, 335, 335, 335, 341, 
48891, 340, 340, 340, 330, 
48922, 338, 340, 341, 331, 
48952, 335, 335, 338, 343, 
48983, 334, 330, 333, 350, 
49012, 335, 334, 334, 344, 
49043, 338, 340, 339, 332, 
49073, 340, 341, 341, 329, 
49102, 336, 337, 338, 340, 
49133, 333, 331, 334, 350, 
49163, 334, 333, 334, 346, 
49193, 338, 340, 339, 335, 
49223, 339, 342, 341, 329, 
49254, 337, 338, 339, 337, 
49284, 334, 332, 334, 348, 
49314, 334, 332, 333, 348, 
49344, 337, 338, 337, 337, 
49375, 340, 342, 341, 328, 
49404, 338, 339, 340, 335, 
49434, 335, 333, 335, 346, 
49465, 333, 332, 333, 350, 
49495, 336, 336, 335, 340, 
49525, 340, 341, 340, 329, 
49555, 339, 339, 340, 333, 
49586, 335, 335, 337, 346, 
49615, 333, 331, 333, 351, 
49646, 335, 335, 333, 342, 
49676, 339, 341, 340, 331, 
49707, 339, 341, 342, 330, 
49736, 336, 336, 337, 341, 
49766, 333, 332, 333, 350, 
49797, 335, 333, 334, 344, 
49826, 338, 340, 339, 332, 
49857, 339, 342, 342, 329, 
49887, 337, 337, 338, 339, 
49917, 334, 332, 332, 349, 
49947, 334, 333, 333, 346, 
49978, 338, 339, 337, 335, 
50008, 340, 342, 341, 327, 
50038, 338, 338, 339, 337, 
50068, 334, 332, 334, 347, 
50098, 335, 332, 333, 347, 
50128, 337, 337, 337, 337, 
50158, 341, 342, 341, 328, 
50189, 338, 339, 341, 334, 
50219, 335, 333, 335, 346, 
50249, 333, 331, 333, 350, 
50279, 337, 336, 336, 339, 
50310, 339, 341, 341, 329, 
50339, 339, 340, 341, 332, 
50370, 336, 334, 336, 343, 
50400, 333, 331, 333, 351, 
50429, 335, 335, 335, 343, 
50460, 339, 341, 340, 332, 
50490, 339, 341, 341, 332, 
50521, 336, 336, 337, 341, 
50550, 333, 331, 334, 350, 
50581, 335, 333, 335, 345, 
50611, 338, 340, 339, 332, 
50641, 339, 341, 341, 329, 
50671, 337, 337, 338, 339, 
50702, 333, 332, 334, 349, 
50732, 334, 332, 333, 347, 
50761, 337, 338, 337, 335, 
50792, 340, 342, 342, 329, 
50822, 338, 338, 339, 336, 
50852, 333, 333, 335, 348, 
50882, 333, 332, 334, 349, 
50913, 336, 337, 336, 338, 
50942, 339, 341, 341, 328, 
50973, 338, 340, 340, 333, 
51003, 335, 334, 335, 347, 
51033, 333, 331, 332, 351, 
51063, 336, 335, 335, 340, 
51093, 339, 341, 341, 329, 
51124, 338, 340, 341, 333, 
51153, 335, 335, 336, 343, 
51184, 333, 332, 333, 351, 
51214, 335, 334, 335, 343, 
51245, 338, 340, 339, 331, 
51274, 339, 342, 341, 330, 
51305, 336, 336, 338, 342, 
51335, 333, 332, 334, 351, 
51364, 334, 333, 334, 347, 
51395, 338, 339, 338, 333, 
51425, 339, 342, 341, 328, 
51456, 338, 337, 339, 339, 
51485, 334, 332, 335, 349, 
51516, 333, 333, 333, 347, 
51546, 337, 338, 337, 335, 
51576, 340, 342, 341, 328, 
51606, 338, 339, 339, 335, 
51637, 334, 333, 335, 346, 
51666, 333, 331, 333, 349, 
51696, 336, 335, 336, 338, 
51727, 339, 342, 341, 329, 
51757, 338, 339, 340, 333, 
51787, 334, 334, 336, 345, 
51817, 334, 331, 333, 350, 
51848, 336, 335, 335, 340, 
51877, 339, 340, 340, 329, 
51908, 340, 341, 341, 331, 
51938, 335, 336, 337, 342, 
51969, 333, 331, 333, 350, 
51998, 334, 334, 334, 343, 
52028, 339, 340, 339, 331, 
52059, 339, 341, 341, 329, 
52088, 336, 336, 338, 340, 
52119, 333, 331, 333, 351, 
52149, 334, 333, 333, 345, 
52179, 338, 338, 338, 334, 
52209, 340, 342, 341, 327, 
52240, 338, 338, 339, 338, 
52270, 333, 332, 334, 349, 
52300, 334, 333, 334, 348, 
52330, 337, 337, 337, 337, 
52360, 340, 341, 341, 328, 
52390, 337, 339, 339, 335, 
52420, 334, 333, 335, 348, 
52451, 333, 332, 332, 350, 
52481, 336, 336, 336, 339, 
52511, 339, 341, 341, 329, 
52541, 339, 339, 340, 333, 
52572, 335, 335, 336, 345, 
52601, 333, 331, 333, 351, 
52632, 335, 335, 335, 341, 
52662, 339, 341, 339, 330, 
52691, 339, 341, 341, 331, 
52722, 336, 336, 337, 345, 
52752, 334, 331, 334, 351, 
52783, 335, 334, 335, 344, 
52812, 338, 341, 339, 332, 
52843, 339, 341, 341, 330, 
52873, 337, 337, 338, 340, 
52903, 333, 332, 333, 351, 
52933, 334, 333, 334, 346, 
52963, 339, 340, 338, 334, 
52994, 340, 342, 341, 328, 
53023, 337, 338, 339, 337, 
53054, 333, 332, 334, 349, 
53084, 334, 333, 334, 348, 
53114, 337, 338, 337, 336, 
53144, 340, 342, 341, 327, 
53175, 339, 340, 340, 334, 
53204, 334, 334, 336, 346, 
53235, 333, 332, 333, 349, 
53265, 336, 336, 336, 337, 
53295, 340, 342, 341, 328, 
53325, 338, 340, 340, 332, 
53355, 336, 334, 336, 344, 
53386, 333, 332, 332, 351, 
53415, 335, 333, 335, 341, 
53446, 339, 341, 340, 330, 
53476, 340, 341, 341, 330, 
53507, 336, 336, 338, 342, 
53536, 333, 331, 333, 350, 
53567, 335, 334, 334, 343, 
53597, 338, 339, 339, 332, 
53626, 340, 341, 341, 329, 
53657, 336, 336, 338, 340, 
53687, 333, 332, 334, 349, 
53718, 334, 334, 334, 345, 
53747, 338, 339, 338, 333, 
53778, 340, 342, 341, 327, 
53808, 337, 338, 339, 336, 
53838, 333, 332, 334, 348, 
53868, 334, 332, 333, 347, 
53899, 337, 338, 337, 335, 
53928, 340, 342, 341, 327, 
53958, 338, 338, 339, 334, 
53989, 335, 333, 335, 346, 
54019, 333, 332, 333, 348, 
54049, 336, 336, 336, 337, 
54079, 340, 342, 341, 328, 
54110, 338, 340, 340, 332, 
54139, 334, 334, 336, 344, 
54170, 333, 330, 333, 350, 
54200, 336, 335, 335, 340, 
54231, 339, 340, 340, 329, 
54260, 339, 341, 341, 329, 
54290, 335, 335, 337, 341, 
54321, 333, 330, 333, 349, 
54350, 335, 333, 335, 341, 
54381, 339, 340, 339, 330, 
54411, 340, 341, 341, 328, 
54441, 337, 336, 338, 339, 
54471, 333, 331, 333, 348, 
54502, 334, 333, 333, 344, 
54532, 338, 339, 338, 332, 
54562, 340, 342, 342, 327, 
54592, 337, 337, 339, 337, 
54622, 333, 332, 334, 348, 
54652, 333, 332, 333, 346, 
54682, 338, 338, 338, 335, 
54713, 339, 342, 341, 327, 
54743, 338, 339, 339, 334, 
54773, 335, 333, 335, 346, 
54803, 333, 332, 333, 349, 
54834, 336, 337, 336, 339, 
54863, 339, 341, 340, 328, 
54893, 338, 339, 340, 332, 
54924, 334, 334, 336, 345, 
54953, 333, 331, 332, 350, 
54984, 337, 336, 336, 341, 
55014, 339, 341, 341, 330, 
55045, 339, 340, 341, 331, 
55074, 335, 335, 337, 344, 
55105, 333, 331, 332, 353, 
55135, 335, 335, 334, 345, 
55165, 338, 339, 339, 333, 
55195, 339, 342, 342, 331, 
55225, 336, 337, 339, 342, 
55256, 333, 332, 333, 353, 
55285, 334, 333, 335, 347, 
55316, 337, 339, 338, 335, 
55346, 339, 341, 342, 329, 
55376, 337, 338, 339, 339, 
55406, 334, 332, 333, 349, 
55437, 333, 332, 333, 348, 
55467, 337, 338, 337, 336, 
55497, 340, 341, 342, 329, 
55527, 338, 339, 339, 337, 
55557, 334, 333, 335, 349, 
55587, 334, 331, 332, 350, 
55617, 337, 336, 336, 339, 
55648, 339, 341, 341, 331, 
55677, 338, 340, 340, 335, 
55708, 336, 334, 336, 347, 
55738, 333, 331, 332, 351, 
55769, 336, 335, 335, 342, 
55798, 339, 340, 340, 331, 
55829, 340, 340, 340, 333, 
55859, 336, 335, 336, 345, 
55888, 333, 332, 333, 352, 
55919, 335, 334, 334, 346, 
55949, 340, 340, 339, 333, 
55980, 339, 341, 341, 332, 
56009, 337, 337, 337, 342, 
56040, 334, 331, 333, 351, 
56070, 335, 334, 334, 347, 
56100, 338, 339, 339, 334, 
56130, 339, 341, 341, 329, 
56161, 337, 338, 339, 339, 
56190, 333, 332, 333, 350, 
56220, 333, 333, 334, 347, 
56251, 338, 339, 338, 335, 
56281, 340, 342, 341, 328, 
56311, 337, 338, 339, 336, 
56341, 334, 332, 334, 348, 
56372, 334, 332, 333, 349, 
56401, 337, 336, 336, 338, 
56432, 340, 342, 341, 329, 
56462, 338, 340, 339, 336, 
56493, 334, 333, 334, 347, 
56522, 333, 331, 334, 352, 
56552, 336, 336, 337, 340, 
56583, 339, 341, 341, 329, 
56612, 339, 340, 341, 334, 
56643, 335, 335, 336, 344, 
56673, 333, 331, 333, 351, 
56704, 336, 335, 335, 343, 
56733, 339, 341, 339, 331, 
56764, 339, 341, 341, 331, 
56794, 336, 336, 337, 341, 
56823, 333, 331, 333, 352, 
56854, 335, 333, 333, 345, 
56884, 338, 339, 339, 334, 
56914, 339, 341, 342, 330, 
56944, 338, 337, 338, 340, 
56975, 333, 333, 334, 350, 
57005, 334, 333, 333, 346, 
57035, 339, 339, 338, 335, 
57065, 340, 342, 341, 328, 
57096, 337, 338, 340, 337, 
57125, 334, 334, 335, 350, 
57155, 334, 331, 333, 348, 
57186, 337, 338, 337, 337, 
57216, 339, 343, 342, 329, 
57246, 338, 340, 340, 336, 
57276, 334, 334, 336, 347, 
57307, 334, 333, 333, 349, 
57336, 337, 336, 336, 339, 
57367, 339, 341, 341, 329, 
57397, 338, 340, 340, 333, 
57427, 335, 334, 336, 345, 
57457, 333, 331, 333, 351, 
57487, 336, 335, 335, 341, 
57518, 338, 342, 340, 330, 
57547, 339, 340, 341, 331, 
57578, 336, 335, 338, 343, 
57608, 334, 332, 333, 351, 
57638, 335, 334, 334, 344, 
57668, 338, 340, 339, 332, 
57699, 340, 342, 341, 329, 
57729, 336, 336, 338, 340, 
57759, 334, 331, 333, 350, 
57789, 334, 333, 333, 345, 
57819, 338, 340, 337, 334, 
57849, 339, 342, 341, 328, 
57879, 337, 338, 340, 338, 
57910, 333, 332, 334, 349, 
57939, 333, 332, 334, 347, 
57970, 337, 338, 337, 336, 
58000, 341, 342, 341, 328, 
58031, 338, 339, 340, 335, 
58060, 333, 333, 335, 347, 
58091, 333, 332, 333, 349, 
58121, 337, 336, 337, 338, 
58150, 339, 341, 341, 330, 
58181, 339, 340, 340, 334, 
58211, 334, 333, 336, 346, 
58242, 333, 331, 332, 350, 
58271, 336, 335, 335, 341, 
58302, 339, 341, 340, 330, 
58332, 339, 340, 341, 332, 
58362, 335, 335, 336, 344, 
58392, 333, 331, 333, 351, 
58423, 335, 336, 335, 343, 
58452, 339, 340, 340, 331, 
58482, 339, 341, 341, 330, 
58513, 336, 336, 339, 343, 
58543, 332, 331, 333, 352, 
58573, 334, 335, 335, 346, 
58603, 338, 340, 339, 334, 
58634, 339, 342, 341, 330, 
58663, 337, 337, 339, 340, 
58694, 333, 332, 334, 350, 
58724, 334, 333, 333, 349, 
58754, 337, 338, 338, 336, 
58784, 340, 342, 342, 329, 
58814, 337, 338, 340, 338, 
58845, 334, 333, 334, 349, 
58874, 334, 332, 335, 350, 
58905, 337, 337, 337, 338, 
58935, 339, 342, 342, 329, 
58966, 338, 339, 339, 335, 
58995, 334, 334, 335, 347, 
59026, 333, 331, 333, 351, 
59056, 336, 335, 335, 340, 
59085, 339, 342, 340, 329, 
59116, 339, 340, 341, 334, 
59146, 335, 334, 336, 345, 
59176, 333, 331, 332, 352, 
59206, 336, 334, 335, 343, 
59237, 339, 340, 340, 332, 
59267, 339, 342, 341, 332, 
59297, 336, 336, 337, 343, 
59327, 333, 331, 333, 351, 
59358, 335, 334, 334, 346, 
59387, 338, 340, 339, 334, 
59417, 339, 342, 341, 331, 
59448, 338, 337, 338, 342, 
59478, 333, 331, 333, 351, 
59508, 333, 331, 333, 348, 
59538, 337, 338, 337, 336, 
59569, 340, 343, 342, 330, 
59598, 337, 338, 339, 338, 
59629, 334, 333, 334, 350, 
59659, 333, 332, 334, 350, 
59689, 337, 338, 337, 339, 
59719, 340, 341, 341, 330, 
59749, 338, 339, 340, 336, 
59780, 335, 334, 335, 348, 
59809, 333, 331, 332, 351, 
59840, 336, 336, 337, 341, 
59870, 340, 341, 342, 330, 
59900, 338, 340, 341, 334, 
59930, 335, 334, 336, 345, 
59961, 333, 331, 333, 351, 
59991, 335, 335, 335, 343, 
60021, 338, 340, 340, 331, 
60051, 339, 342, 341, 332, 
60081, 336, 336, 337, 343, 
60111, 333, 331, 334, 351, 
60141, 335, 334, 334, 345, 
60172, 338, 340, 339, 332, 
60201, 339, 340, 342, 330, 
60232, 336, 337, 338, 340, 
60262, 333, 331, 333, 350, 
60293, 334, 333, 334, 347, 
60322, 337, 338, 338, 335, 
60353, 339, 342, 341, 330, 
60383, 337, 338, 339, 338, 
60412, 334, 332, 334, 350, 
60443, 334, 332, 333, 349, 
60473, 337, 338, 338, 337, 
60504, 340, 343, 341, 329, 
60533, 337, 340, 339, 337, 
60564, 334, 334, 335, 348, 
60594, 334, 332, 333, 351, 
60624, 336, 336, 336, 340, 
60654, 339, 342, 340, 329, 
60684, 338, 340, 340, 333, 
60715, 334, 334, 336, 346, 
60744, 334, 332, 333, 351, 
60775, 336, 335, 335, 342, 
60805, 339, 340, 340, 331, 
60835, 339, 340, 341, 332, 
60865, 335, 335, 337, 343, 
60896, 334, 331, 333, 352, 
60925, 335, 334, 335, 345, 
60956, 338, 340, 339, 332, 
60986, 339, 341, 342, 331, 
61016, 337, 337, 338, 341, 
61046, 334, 332, 334, 351, 
61076, 335, 333, 333, 347, 
61107, 337, 338, 338, 335, 
61136, 339, 342, 342, 329, 
61167, 337, 338, 339, 338, 
61197, 332, 334, 334, 349, 
61228, 333, 333, 333, 349, 
61257, 337, 338, 337, 337, 
61288, 339, 343, 341, 328, 
61318, 339, 339, 339, 335, 
61347, 334, 334, 335, 347, 
61378, 334, 333, 333, 349, 
61408, 336, 336, 336, 339, 
61438, 340, 342, 341, 329, 
61468, 339, 340, 341, 331, 
61499, 333, 334, 336, 345, 
61529, 333, 331, 333, 350, 
61559, 336, 335, 335, 341, 
61589, 339, 341, 341, 330, 
61620, 339, 341, 341, 331, 
61649, 336, 336, 337, 342, 
61679, 333, 332, 333, 351, 
61710, 335, 334, 335, 343, 
61740, 339, 340, 339, 332, 
61770, 339, 341, 342, 329, 
61800, 336, 335, 337, 339, 
61831, 333, 331, 334, 350, 
61860, 334, 333, 334, 346, 
61891, 337, 338, 338, 333, 
61921, 339, 343, 341, 328, 
61952, 337, 337, 340, 337, 
61981, 335, 332, 332, 348, 
62011, 334, 333, 333, 348, 
62042, 337, 337, 337, 336, 
62071, 339, 341, 340, 328, 
62102, 338, 339, 339, 336, 
62132, 334, 332, 335, 347, 
62162, 333, 331, 333, 350, 
62192, 336, 338, 337, 340, 
62223, 339, 341, 339, 330, 
62253, 338, 340, 340, 335, 
62283, 335, 334, 336, 346, 
62313, 333, 331, 333, 352, 
62343, 335, 335, 335, 343, 
62373, 339, 340, 340, 330, 
62403, 339, 341, 341, 333, 
62434, 335, 335, 337, 344, 
62464, 333, 331, 333, 352, 
62494, 336, 334, 334, 344, 
62524, 339, 340, 339, 332, 
62555, 340, 341, 341, 330, 
62584, 336, 337, 338, 340, 
62614, 333, 332, 332, 350, 
62645, 334, 333, 334, 346, 
62674, 339, 339, 338, 334, 
62705, 339, 341, 341, 329, 
62735, 337, 338, 338, 339, 
62766, 333, 332, 335, 349, 
62795, 333, 332, 333, 349, 
62826, 337, 338, 338, 337, 
62856, 340, 342, 341, 329, 
62886, 338, 339, 339, 336, 
62916, 334, 333, 335, 348, 
62946, 333, 331, 332, 350, 
62977, 336, 336, 336, 340, 
63006, 339, 340, 341, 330, 
63037, 338, 339, 341, 335, 
63067, 335, 334, 336, 347, 
63097, 333, 331, 333, 353, 
63127, 336, 335, 335, 343, 
63158, 339, 340, 341, 332, 
63187, 339, 341, 341, 333, 
63218, 335, 336, 337, 345, 
63248, 333, 332, 332, 352, 
63278, 334, 334, 334, 346, 
63308, 338, 339, 339, 334, 
63338, 339, 342, 342, 332, 
63369, 336, 336, 338, 342, 
63398, 333, 331, 333, 353, 
63429, 333, 333, 333, 348, 
63459, 338, 338, 338, 337, 
63490, 341, 342, 341, 331, 
63519, 337, 338, 339, 341, 
63550, 333, 332, 334, 352, 
63580, 335, 332, 333, 351, 
63609, 336, 338, 337, 340, 
63640, 339, 342, 341, 332, 
63670, 338, 339, 340, 338, 
63700, 334, 333, 335, 351, 
63730, 333, 333, 333, 354, 
63761, 336, 336, 336, 343, 
63791, 340, 341, 341, 334, 
63821, 338, 340, 342, 338, 
63851, 335, 334, 337, 349, 
63882, 333, 331, 333, 355, 
63911, 335, 335, 336, 346, 
63941, 338, 342, 340, 335, 
63972, 339, 342, 341, 336, 
64002, 337, 336, 337, 347, 
64032, 334, 331, 334, 355, 
64062, 335, 334, 335, 349, 
64093, 338, 340, 339, 336, 
64122, 339, 342, 341, 335, 
64153, 336, 337, 338, 345, 
64183, 333, 332, 332, 355, 
64214, 335, 334, 333, 351, 
64243, 338, 338, 338, 339, 
64273, 340, 342, 342, 333, 
64304, 338, 338, 340, 342, 
64333, 334, 333, 334, 354, 
64364, 335, 334, 334, 354, 
64394, 337, 337, 337, 341, 
64424, 340, 342, 341, 333, 
64454, 338, 339, 340, 341, 
64485, 334, 333, 336, 353, 
64515, 333, 332, 333, 356, 
64544, 336, 336, 337, 344, 
64575, 339, 341, 341, 335, 
64605, 338, 340, 341, 339, 
64635, 335, 335, 336, 350, 
64665, 333, 331, 332, 355, 
64696, 336, 336, 335, 347, 
64726, 339, 340, 341, 336, 
64756, 339, 340, 342, 336, 
64786, 335, 335, 338, 347, 
64817, 333, 331, 333, 355, 
64846, 337, 334, 334, 348, 
64876, 339, 340, 339, 336, 
64907, 339, 341, 341, 333, 
64936, 337, 337, 337, 344, 
64967, 333, 331, 333, 354, 
64997, 334, 333, 334, 350, 
65028, 338, 339, 337, 338, 
65057, 339, 342, 341, 332, 
65088, 338, 338, 339, 342, 
65118, 334, 332, 334, 353, 
65148, 334, 332, 334, 352, 
65178, 337, 336, 338, 340, 
65208, 340, 341, 341, 332, 
65239, 338, 339, 340, 339, 
65268, 335, 333, 335, 350, 
65299, 333, 331, 333, 353, 
65329, 336, 336, 336, 342, 
65359, 339, 343, 341, 332, 
65389, 339, 340, 341, 336, 
65420, 335, 334, 336, 348, 
65449, 334, 332, 333, 354, 
65480, 336, 335, 334, 345, 
65510, 339, 341, 340, 333, 
65540, 339, 342, 341, 333, 
65570, 336, 336, 338, 345, 
65600, 333, 331, 333, 353, 
65631, 335, 334, 335, 346, 
65660, 339, 339, 339, 335, 
65691, 339, 341, 342, 333, 
65721, 337, 336, 338, 342, 
65752, 333, 331, 334, 353, 
65781, 335, 333, 333, 348, 
65812, 339, 338, 338, 337, 
65842, 340, 342, 341, 330, 
65871, 337, 338, 340, 340, 
65902, 333, 332, 334, 350, 
65932, 333, 332, 334, 350, 
65963, 337, 337, 337, 339, 
65992, 339, 342, 342, 331, 
66023, 338, 338, 340, 337, 
66053, 334, 334, 335, 349, 
66083, 334, 328, 334, 351, 
66113, 336, 336, 336, 341, 
66144, 339, 342, 341, 331, 
66173, 338, 340, 341, 334, 
66203, 335, 334, 336, 347, 
66234, 333, 331, 333, 353, 
66264, 336, 334, 335, 344, 
66294, 339, 341, 339, 333, 
66324, 339, 342, 341, 333, 
66355, 336, 336, 338, 344, 
66384, 332, 332, 334, 352, 
66415, 335, 334, 334, 346, 
66445, 339, 339, 339, 333, 
66475, 340, 341, 342, 330, 
66505, 337, 335, 338, 341, 
66535, 334, 332, 334, 352, 
66566, 335, 333, 333, 348, 
66595, 338, 338, 338, 337, 
66626, 340, 342, 341, 330, 
66656, 337, 338, 339, 339, 
66686, 334, 332, 334, 351, 
66716, 334, 332, 333, 350, 
66747, 337, 339, 336, 339, 
66777, 339, 342, 341, 331, 
66806, 338, 339, 340, 337, 
66837, 334, 333, 335, 348, 
66867, 333, 332, 333, 353, 
66897, 336, 336, 336, 342, 
66927, 340, 341, 341, 331, 
66958, 338, 340, 342, 335, 
66988, 335, 334, 336, 347, 
67018, 333, 331, 332, 353, 
67048, 335, 336, 335, 345, 
67079, 340, 340, 340, 333, 
67108, 339, 341, 341, 332, 
67138, 336, 336, 337, 344, 
67169, 333, 331, 334, 351, 
67198, 335, 334, 333, 345, 
67229, 339, 339, 339, 334, 
67259, 340, 342, 341, 330, 
67290, 337, 337, 339, 340, 
67319, 333, 331, 334, 350, 
67350, 333, 333, 333, 348, 
67380, 337, 338, 338, 336, 
67410, 339, 342, 341, 330, 
67440, 337, 338, 339, 338, 
67470, 334, 332, 334, 350, 
67501, 333, 332, 333, 352, 
67530, 336, 337, 336, 339, 
67561, 339, 341, 341, 330, 
67591, 338, 339, 340, 336, 
67621, 334, 333, 336, 347, 
67651, 333, 331, 331, 352, 
67682, 336, 336, 337, 342, 
67712, 340, 341, 340, 331, 
67742, 339, 340, 340, 334, 
67772, 336, 335, 336, 345, 
67802, 333, 330, 333, 352, 
67832, 335, 334, 335, 344, 
67862, 339, 341, 340, 333, 
67893, 340, 341, 342, 332, 
67922, 336, 336, 339, 343, 
67953, 333, 332, 333, 352, 
67983, 334, 333, 334, 347, 
68014, 338, 339, 338, 335, 
68043, 339, 341, 341, 331, 
68074, 335, 337, 338, 340, 
68104, 333, 332, 334, 351, 
68133, 334, 333, 333, 349, 
68164, 337, 338, 338, 337, 
68194, 340, 341, 341, 330, 
68225, 337, 338, 341, 337, 
68254, 334, 333, 334, 349, 
68285, 333, 331, 333, 350, 
68315, 337, 337, 336, 339, 
68345, 341, 341, 341, 330, 
68375, 338, 339, 341, 335, 
68405, 334, 334, 336, 347, 
68435, 333, 331, 333, 351, 
68465, 335, 335, 336, 342, 
68496, 339, 341, 340, 331, 
68526, 339, 340, 342, 333, 
68556, 334, 335, 337, 341, 
