, 336, 337, 339, 
94916, 333, 331, 334, 349, 
94946, 335, 334, 335, 343, 
94977, 30, 333, 330, 333, 347, 
1, 334, 331, 334, 343, 
2, 334, 333, 336, 341, 
11, 337, 338, 337, 334, 
37, 338, 339, 339, 331, 
65, 334, 332, 334, 348, 
92, 338, 341, 340, 329, 
119, 336, 335, 338, 341, 
147, 335, 333, 334, 347, 
175, 340, 341, 339, 330, 
203, 337, 338, 337, 338, 
231, 333, 332, 335, 349, 
260, 338, 341, 339, 331, 
287, 337, 339, 340, 335, 
316, 333, 331, 334, 350, 
344, 337, 338, 338, 334, 
371, 338, 341, 340, 331, 
400, 334, 331, 335, 349, 
428, 337, 336, 337, 338, 
456, 340, 341, 340, 328, 
484, 334, 333, 335, 347, 
512, 335, 335, 336, 342, 
540, 339, 342, 341, 327, 
568, 334, 334, 336, 344, 
596, 334, 333, 335, 345, 
624, 339, 342, 341, 328, 
653, 336, 336, 337, 341, 
680, 335, 332, 334, 348, 
708, 340, 341, 340, 328, 
737, 338, 338, 338, 337, 
764, 333, 332, 334, 351, 
793, 338, 340, 340, 331, 
821, 338, 340, 339, 333, 
849, 333, 331, 335, 350, 
877, 337, 338, 339, 335, 
905, 338, 340, 341, 330, 
933, 333, 332, 334, 349, 
961, 336, 336, 337, 339, 
990, 339, 341, 341, 328, 
1017, 334, 333, 335, 346, 
1046, 334, 334, 335, 346, 
1076, 339, 341, 339, 330, 
1104, 338, 340, 340, 331, 
1134, 334, 333, 335, 347, 
1163, 334, 333, 334, 345, 
1192, 339, 340, 339, 329, 
1221, 338, 340, 339, 333, 
1251, 335, 332, 335, 347, 
1280, 335, 332, 335, 345, 
1308, 339, 341, 340, 330, 
1338, 339, 339, 339, 333, 
1367, 333, 333, 335, 348, 
1396, 335, 333, 336, 343, 
1425, 338, 341, 339, 328, 
1455, 337, 339, 339, 333, 
1483, 333, 333, 334, 347, 
1512, 334, 334, 335, 342, 
1542, 339, 341, 341, 328, 
1570, 337, 338, 340, 334, 
1600, 333, 331, 334, 348, 
1629, 335, 334, 335, 342, 
1658, 338, 341, 340, 326, 
1687, 337, 339, 339, 334, 
1717, 333, 332, 335, 349, 
1745, 335, 334, 335, 341, 
1774, 340, 341, 340, 326, 
1804, 337, 339, 339, 334, 
1832, 334, 331, 334, 348, 
1862, 335, 335, 335, 341, 
1891, 339, 342, 339, 326, 
1921, 337, 338, 338, 335, 
1949, 333, 331, 334, 348, 
1978, 335, 335, 335, 340, 
2008, 339, 341, 340, 327, 
2036, 336, 337, 338, 337, 
2066, 333, 332, 334, 350, 
2095, 336, 336, 336, 340, 
2124, 339, 341, 340, 327, 
2153, 336, 337, 338, 337, 
2183, 333, 331, 334, 349, 
2211, 337, 335, 337, 339, 
2240, 339, 342, 340, 326, 
2270, 336, 337, 337, 337, 
2298, 333, 331, 334, 349, 
2328, 336, 336, 337, 337, 
2357, 339, 341, 341, 326, 
2386, 337, 337, 337, 338, 
2415, 333, 332, 335, 349, 
2444, 336, 337, 337, 337, 
2473, 339, 342, 342, 326, 
2502, 336, 336, 338, 339, 
2532, 333, 331, 334, 348, 
2561, 336, 337, 338, 336, 
2590, 339, 341, 340, 327, 
2619, 335, 336, 337, 340, 
2649, 333, 332, 333, 349, 
2677, 337, 338, 338, 335, 
2706, 339, 343, 340, 326, 
2736, 335, 336, 337, 341, 
2764, 335, 332, 334, 349, 
2794, 337, 337, 337, 335, 
2823, 339, 341, 341, 327, 
2852, 335, 335, 337, 341, 
2881, 334, 331, 334, 348, 
2910, 337, 338, 338, 334, 
2939, 339, 341, 340, 327, 
2968, 335, 335, 337, 342, 
2998, 333, 332, 334, 347, 
3026, 338, 338, 338, 333, 
3056, 340, 339, 340, 327, 
3085, 335, 334, 336, 343, 
3115, 334, 331, 334, 347, 
3143, 338, 339, 338, 332, 
3172, 339, 341, 340, 328, 
3202, 336, 334, 336, 344, 
3230, 334, 332, 334, 347, 
3260, 338, 340, 338, 331, 
3289, 339, 341, 340, 329, 
3318, 334, 333, 336, 344, 
3347, 334, 334, 334, 346, 
3376, 338, 340, 338, 330, 
3405, 339, 340, 340, 330, 
3434, 335, 334, 336, 346, 
3464, 334, 333, 333, 346, 
3492, 339, 340, 339, 331, 
3522, 338, 341, 340, 330, 
3551, 334, 333, 336, 346, 
3580, 334, 333, 335, 346, 
3609, 339, 340, 339, 329, 
3638, 338, 340, 339, 331, 
3667, 334, 332, 335, 347, 
3696, 335, 333, 335, 344, 
3726, 339, 340, 339, 329, 
3755, 338, 339, 339, 331, 
3784, 334, 332, 335, 347, 
3813, 335, 333, 335, 344, 
3842, 339, 341, 338, 328, 
3871, 337, 339, 338, 332, 
3900, 334, 332, 334, 346, 
3930, 335, 334, 335, 342, 
3958, 340, 341, 340, 327, 
3988, 338, 339, 339, 332, 
4017, 334, 332, 334, 347, 
4046, 335, 334, 336, 342, 
4075, 339, 341, 340, 327, 
4104, 337, 339, 339, 334, 
4133, 333, 333, 335, 348, 
4162, 335, 334, 335, 341, 
4192, 339, 341, 340, 327, 
4220, 337, 339, 339, 334, 
4250, 334, 332, 334, 347, 
4279, 335, 335, 336, 339, 
4307, 339, 342, 339, 326, 
4337, 338, 339, 338, 334, 
4366, 333, 332, 334, 348, 
4396, 336, 336, 336, 339, 
4424, 339, 342, 340, 326, 
4454, 336, 339, 338, 335, 
4483, 333, 332, 334, 350, 
4512, 336, 336, 336, 339, 
4541, 339, 342, 341, 326, 
4570, 336, 338, 338, 337, 
4599, 334, 332, 333, 350, 
4628, 336, 336, 336, 338, 
4658, 340, 342, 341, 327, 
4686, 337, 336, 337, 338, 
4716, 333, 331, 334, 349, 
4745, 336, 336, 337, 338, 
4773, 340, 342, 340, 326, 
4803, 336, 336, 336, 339, 
4832, 333, 331, 334, 349, 
4861, 337, 337, 337, 336, 
4890, 339, 342, 341, 325, 
4920, 336, 336, 337, 339, 
4948, 333, 331, 334, 349, 
4978, 337, 337, 338, 336, 
5007, 339, 341, 340, 327, 
5036, 337, 336, 337, 340, 
5065, 333, 331, 333, 349, 
5094, 337, 337, 337, 335, 
5124, 339, 341, 340, 327, 
5152, 336, 336, 336, 341, 
5182, 334, 331, 335, 349, 
5211, 337, 337, 338, 334, 
5239, 340, 341, 340, 327, 
5269, 335, 335, 336, 342, 
5298, 333, 331, 334, 347, 
5327, 336, 338, 338, 333, 
5356, 339, 341, 339, 327, 
5386, 335, 335, 336, 343, 
5414, 333, 332, 335, 347, 
5444, 338, 339, 338, 332, 
5473, 339, 341, 340, 327, 
5501, 335, 334, 337, 344, 
5531, 333, 332, 334, 347, 
5560, 338, 339, 338, 333, 
5590, 339, 341, 340, 329, 
5618, 335, 334, 336, 345, 
5648, 334, 332, 333, 347, 
5677, 338, 340, 339, 331, 
5705, 339, 341, 340, 330, 
5735, 334, 333, 335, 345, 
5764, 334, 332, 336, 347, 
5793, 338, 340, 340, 331, 
5822, 338, 341, 340, 331, 
5852, 334, 333, 336, 346, 
5880, 334, 334, 335, 347, 
5910, 338, 340, 339, 331, 
5939, 338, 341, 340, 331, 
5967, 334, 333, 335, 346, 
5997, 334, 333, 335, 345, 
6026, 338, 341, 340, 329, 
6055, 338, 339, 339, 332, 
6084, 333, 332, 335, 347, 
6114, 335, 334, 335, 344, 
6142, 339, 342, 339, 328, 
6171, 337, 339, 339, 332, 
6201, 333, 332, 334, 348, 
6230, 334, 334, 335, 342, 
6259, 339, 341, 341, 328, 
6288, 338, 340, 339, 333, 
6318, 334, 331, 334, 348, 
6346, 335, 334, 335, 343, 
6376, 339, 341, 340, 328, 
6405, 337, 339, 339, 335, 
6433, 333, 331, 334, 348, 
6463, 336, 334, 336, 342, 
6492, 339, 341, 341, 327, 
6521, 337, 338, 339, 334, 
6550, 333, 331, 334, 350, 
6580, 335, 334, 336, 341, 
6608, 339, 342, 340, 327, 
6637, 337, 338, 338, 336, 
6667, 333, 331, 334, 349, 
6695, 335, 335, 336, 341, 
6725, 339, 342, 340, 327, 
6754, 336, 337, 338, 336, 
6784, 332, 331, 334, 349, 
6812, 336, 335, 336, 340, 
6842, 339, 342, 340, 326, 
6871, 336, 337, 338, 337, 
6899, 333, 331, 334, 348, 
6929, 336, 336, 336, 338, 
6958, 339, 342, 341, 326, 
6987, 338, 337, 338, 337, 
7016, 333, 331, 334, 349, 
7046, 336, 336, 336, 337, 
7074, 339, 341, 340, 325, 
7103, 336, 336, 337, 336, 
7133, 334, 330, 334, 348, 
7161, 336, 337, 337, 336, 
7191, 339, 342, 340, 327, 
7220, 336, 336, 337, 340, 
7249, 333, 331, 335, 349, 
7278, 335, 336, 336, 336, 
7308, 339, 342, 342, 326, 
7336, 336, 336, 338, 340, 
7365, 335, 331, 333, 349, 
7395, 337, 338, 337, 335, 
7424, 339, 342, 340, 327, 
7453, 334, 336, 336, 340, 
7482, 333, 331, 334, 348, 
7512, 338, 338, 337, 334, 
7540, 339, 341, 340, 328, 
7569, 335, 336, 336, 341, 
7599, 334, 331, 334, 348, 
7627, 337, 338, 338, 334, 
7657, 339, 341, 341, 326, 
7686, 335, 335, 336, 341, 
7715, 334, 332, 335, 347, 
7744, 338, 338, 339, 333, 
7774, 339, 341, 340, 327, 
7802, 335, 334, 336, 342, 
7831, 334, 332, 334, 347, 
7861, 338, 339, 338, 332, 
7889, 340, 341, 341, 327, 
7919, 335, 334, 336, 344, 
7948, 333, 332, 334, 346, 
7977, 338, 339, 338, 331, 
8006, 338, 341, 340, 330, 
8035, 336, 334, 335, 344, 
8065, 334, 333, 334, 346, 
8093, 338, 341, 339, 330, 
8123, 339, 340, 340, 329, 
8152, 334, 333, 335, 344, 
8181, 334, 333, 335, 344, 
8210, 339, 340, 339, 329, 
8240, 338, 341, 340, 329, 
8268, 334, 333, 335, 345, 
8297, 334, 333, 334, 345, 
8327, 339, 341, 339, 329, 
8355, 338, 340, 339, 330, 
8385, 334, 333, 335, 345, 
8414, 335, 333, 335, 344, 
8443, 339, 340, 339, 328, 
8472, 338, 339, 339, 331, 
8501, 335, 332, 335, 347, 
8530, 334, 333, 335, 344, 
8559, 340, 341, 339, 329, 
8589, 338, 340, 339, 332, 
8617, 333, 332, 335, 348, 
8647, 334, 334, 335, 343, 
8676, 340, 340, 340, 328, 
8706, 338, 339, 339, 333, 
8734, 333, 332, 334, 347, 
8763, 335, 333, 335, 342, 
8793, 339, 341, 340, 327, 
8821, 337, 338, 339, 333, 
8851, 334, 331, 334, 348, 
8880, 335, 336, 335, 341, 
8909, 339, 341, 341, 327, 
8938, 337, 339, 339, 335, 
8967, 333, 331, 334, 348, 
8996, 335, 335, 336, 342, 
9025, 339, 341, 341, 327, 
9055, 337, 338, 339, 336, 
9083, 333, 332, 334, 350, 
9113, 336, 335, 336, 341, 
9142, 339, 341, 340, 328, 
9171, 337, 338, 338, 336, 
9200, 333, 331, 333, 349, 
9229, 336, 335, 337, 339, 
9259, 339, 342, 341, 326, 
9287, 336, 337, 339, 337, 
9317, 333, 332, 334, 349, 
9346, 337, 336, 336, 339, 
9375, 339, 342, 340, 326, 
9404, 336, 337, 338, 337, 
9433, 333, 332, 335, 349, 
9462, 337, 336, 336, 338, 
9491, 339, 342, 340, 325, 
9521, 336, 337, 338, 338, 
9549, 334, 331, 335, 350, 
9579, 337, 337, 336, 337, 
9608, 339, 342, 340, 326, 
9637, 336, 336, 338, 340, 
9666, 333, 332, 333, 349, 
9695, 336, 337, 337, 336, 
9724, 339, 342, 340, 326, 
9753, 336, 336, 337, 339, 
9783, 333, 331, 334, 349, 
9811, 337, 337, 339, 336, 
9841, 338, 342, 340, 327, 
9870, 336, 337, 337, 340, 
9899, 333, 331, 334, 350, 
9928, 337, 338, 338, 336, 
9957, 339, 342, 341, 327, 
9987, 335, 335, 337, 341, 
10015, 334, 331, 334, 349, 
10046, 336, 336, 337, 340, 
10076, 339, 341, 340, 328, 
10106, 338, 340, 340, 330, 
10136, 335, 334, 337, 342, 
10167, 333, 331, 334, 350, 
10196, 335, 333, 336, 341, 
10226, 340, 340, 339, 329, 
10257, 339, 342, 340, 328, 
10287, 336, 336, 338, 338, 
10317, 334, 332, 334, 348, 
10347, 335, 333, 335, 345, 
10378, 338, 338, 338, 332, 
10407, 339, 342, 341, 326, 
10438, 337, 337, 338, 337, 
10468, 334, 332, 335, 347, 
10498, 334, 333, 335, 347, 
10528, 337, 338, 337, 335, 
10558, 340, 342, 340, 326, 
10589, 338, 339, 339, 332, 
10618, 334, 333, 335, 344, 
10649, 334, 331, 335, 348, 
10679, 337, 336, 336, 339, 
10710, 339, 341, 340, 327, 
10739, 339, 339, 340, 330, 
10770, 336, 335, 337, 341, 
10800, 333, 331, 334, 349, 
10829, 335, 334, 335, 341, 
10860, 338, 340, 341, 329, 
10890, 338, 341, 340, 328, 
10920, 336, 336, 337, 338, 
10950, 333, 332, 335, 349, 
10981, 334, 334, 336, 345, 
11011, 338, 339, 338, 333, 
11041, 339, 341, 340, 326, 
11071, 337, 338, 338, 335, 
11102, 334, 331, 335, 347, 
11131, 334, 332, 335, 347, 
11161, 337, 338, 338, 335, 
11192, 341, 341, 341, 326, 
11222, 338, 339, 339, 332, 
11252, 335, 334, 336, 344, 
11282, 333, 331, 334, 348, 
11313, 337, 336, 336, 338, 
11342, 339, 342, 340, 327, 
11373, 338, 340, 340, 330, 
11403, 335, 335, 337, 343, 
11433, 334, 332, 335, 349, 
11463, 335, 334, 336, 341, 
11493, 338, 340, 339, 330, 
11524, 339, 341, 340, 328, 
11553, 336, 336, 337, 338, 
11584, 333, 332, 334, 349, 
11614, 335, 333, 335, 345, 
11644, 338, 339, 338, 332, 
11674, 339, 341, 339, 326, 
11705, 337, 337, 338, 336, 
11735, 333, 332, 334, 348, 
11765, 334, 332, 334, 346, 
11795, 337, 338, 337, 334, 
11825, 339, 342, 340, 325, 
11855, 337, 339, 339, 331, 
11885, 334, 334, 335, 345, 
11916, 334, 332, 334, 348, 
11945, 337, 336, 336, 337, 
11976, 339, 341, 339, 326, 
12006, 338, 339, 340, 329, 
12037, 335, 335, 336, 342, 
12066, 333, 331, 334, 349, 
12097, 335, 334, 336, 341, 
12127, 339, 340, 339, 329, 
12156, 339, 342, 340, 327, 
12187, 336, 336, 337, 338, 
12217, 333, 331, 334, 348, 
12248, 334, 333, 335, 344, 
12277, 338, 339, 338, 331, 
12308, 339, 342, 340, 327, 
12338, 337, 337, 338, 335, 
12368, 333, 332, 335, 347, 
12398, 334, 332, 334, 346, 
12428, 337, 337, 338, 335, 
12459, 339, 341, 340, 326, 
12488, 337, 339, 339, 333, 
12519, 334, 333, 335, 345, 
12549, 333, 332, 334, 348, 
12579, 336, 337, 336, 337, 
12609, 341, 341, 340, 327, 
12640, 338, 340, 339, 330, 
12669, 335, 335, 336, 342, 
12700, 333, 331, 334, 349, 
12730, 335, 335, 335, 341, 
12760, 337, 340, 339, 330, 
12790, 339, 342, 340, 327, 
12820, 336, 336, 337, 339, 
12851, 333, 331, 334, 349, 
12880, 335, 333, 335, 343, 
12911, 338, 339, 338, 331, 
12941, 337, 342, 340, 326, 
12972, 337, 338, 338, 336, 
13001, 334, 332, 335, 348, 
13032, 334, 333, 334, 347, 
13062, 336, 338, 338, 335, 
13091, 339, 342, 340, 326, 
13122, 338, 338, 339, 333, 
13152, 334, 333, 336, 345, 
13182, 334, 331, 334, 348, 
13212, 337, 336, 337, 337, 
13243, 339, 341, 340, 327, 
13273, 340, 340, 340, 330, 
13303, 336, 335, 337, 342, 
13333, 333, 331, 334, 349, 
13364, 334, 335, 336, 341, 
13393, 338, 340, 339, 330, 
13423, 339, 341, 340, 328, 
13454, 336, 336, 337, 339, 
13484, 334, 331, 335, 349, 
13514, 334, 333, 336, 345, 
13544, 338, 339, 338, 332, 
13575, 339, 341, 340, 326, 
13604, 337, 337, 338, 337, 
13635, 334, 332, 334, 347, 
13665, 334, 332, 334, 346, 
13696, 337, 337, 337, 335, 
13725, 338, 342, 340, 326, 
13755, 338, 339, 338, 334, 
13786, 334, 334, 335, 345, 
13815, 334, 331, 334, 348, 
13846, 337, 336, 336, 338, 
13876, 340, 341, 340, 327, 
13906, 338, 340, 339, 331, 
13936, 335, 335, 336, 343, 
13967, 334, 331, 334, 350, 
13997, 335, 335, 337, 341, 
14027, 340, 341, 340, 329, 
14057, 338, 341, 338, 329, 
14087, 337, 336, 338, 340, 
14117, 333, 331, 335, 350, 
14147, 334, 334, 335, 344, 
14178, 338, 339, 339, 332, 
14208, 339, 341, 341, 327, 
14238, 337, 337, 338, 337, 
14268, 334, 332, 335, 348, 
14299, 334, 332, 334, 346, 
14328, 338, 338, 338, 334, 
14358, 339, 341, 341, 326, 
14389, 337, 338, 339, 334, 
14418, 335, 333, 335, 346, 
14449, 333, 331, 334, 349, 
14479, 336, 336, 337, 338, 
14510, 340, 342, 339, 327, 
14539, 338, 340, 339, 331, 
14570, 335, 334, 336, 343, 
14600, 333, 331, 334, 350, 
14630, 335, 335, 336, 342, 
14660, 339, 341, 339, 330, 
14690, 339, 341, 339, 329, 
14721, 337, 336, 337, 340, 
14750, 333, 332, 334, 350, 
14781, 334, 333, 335, 343, 
14811, 338, 339, 338, 331, 
14841, 340, 341, 340, 327, 
14871, 337, 337, 337, 336, 
14902, 334, 332, 335, 347, 
14931, 335, 332, 335, 346, 
14962, 337, 338, 338, 334, 
14992, 339, 341, 340, 327, 
15022, 336, 338, 339, 333, 
15052, 334, 333, 336, 346, 
15082, 333, 333, 333, 348, 
15113, 336, 336, 336, 337, 
15142, 339, 342, 339, 327, 
15173, 338, 339, 340, 331, 
15203, 335, 335, 336, 343, 
15234, 334, 332, 335, 349, 
15263, 336, 335, 336, 340, 
15294, 339, 341, 338, 328, 
15324, 339, 342, 340, 328, 
15353, 335, 336, 337, 340, 
15384, 333, 331, 334, 349, 
15414, 335, 334, 335, 343, 
15444, 338, 339, 339, 331, 
15474, 340, 341, 340, 326, 
15505, 338, 336, 338, 335, 
15535, 334, 332, 335, 348, 
15565, 334, 332, 334, 346, 
15595, 338, 338, 337, 334, 
15626, 339, 342, 341, 326, 
15655, 339, 338, 339, 334, 
15685, 335, 333, 335, 346, 
15716, 334, 332, 334, 348, 
15746, 337, 337, 338, 338, 
15776, 339, 342, 340, 327, 
15806, 338, 339, 339, 331, 
15837, 335, 334, 336, 343, 
15866, 333, 332, 335, 351, 
15897, 336, 335, 336, 339, 
15927, 339, 342, 340, 329, 
15958, 339, 341, 340, 329, 
15987, 337, 335, 337, 340, 
16017, 333, 331, 333, 349, 
16048, 335, 335, 336, 344, 
16077, 338, 339, 339, 331, 
16108, 339, 341, 340, 326, 
16138, 336, 337, 337, 337, 
16168, 334, 332, 334, 348, 
16198, 335, 333, 334, 345, 
16229, 337, 338, 339, 333, 
16259, 338, 342, 340, 327, 
16288, 336, 338, 339, 334, 
16319, 333, 332, 335, 346, 
16349, 334, 332, 334, 347, 
16379, 336, 338, 337, 336, 
16409, 339, 341, 341, 326, 
16440, 338, 339, 339, 331, 
16470, 335, 334, 336, 344, 
16500, 333, 332, 334, 349, 
16530, 336, 335, 336, 340, 
16561, 339, 341, 340, 328, 
16590, 338, 340, 340, 329, 
16620, 336, 335, 337, 341, 
16651, 333, 332, 334, 350, 
16680, 335, 334, 335, 343, 
16711, 339, 340, 339, 330, 
16741, 339, 341, 339, 327, 
16772, 336, 337, 338, 338, 
16801, 334, 331, 335, 349, 
16832, 334, 333, 335, 346, 
16862, 338, 338, 338, 333, 
16892, 339, 342, 340, 326, 
16922, 337, 338, 339, 336, 
16952, 334, 333, 335, 347, 
16983, 333, 331, 334, 347, 
17012, 337, 337, 337, 337, 
17043, 340, 343, 340, 326, 
17073, 338, 339, 340, 331, 
17103, 335, 334, 336, 344, 
17133, 333, 331, 334, 349, 
17164, 336, 336, 337, 339, 
17193, 339, 341, 340, 328, 
17224, 339, 340, 340, 330, 
17254, 335, 335, 336, 342, 
17284, 333, 331, 334, 350, 
17314, 335, 334, 335, 343, 
17344, 339, 340, 339, 330, 
17375, 339, 341, 340, 328, 
17404, 336, 336, 337, 339, 
17435, 333, 331, 334, 351, 
17465, 334, 333, 335, 346, 
17496, 338, 339, 338, 334, 
17525, 339, 342, 340, 327, 
17556, 337, 338, 339, 336, 
17586, 334, 332, 335, 347, 
17615, 334, 332, 334, 347, 
17646, 337, 337, 337, 336, 
17676, 339, 341, 341, 327, 
17707, 337, 339, 339, 333, 
17736, 335, 334, 336, 345, 
17767, 334, 331, 334, 348, 
17797, 336, 336, 336, 338, 
17827, 339, 341, 341, 328, 
17857, 338, 341, 340, 330, 
17888, 336, 335, 337, 342, 
17917, 334, 331, 334, 349, 
17947, 336, 335, 336, 341, 
17978, 339, 340, 339, 329, 
18008, 339, 341, 340, 328, 
18038, 336, 336, 338, 339, 
18068, 333, 331, 335, 350, 
18099, 335, 334, 336, 344, 
18128, 338, 339, 338, 332, 
18159, 339, 341, 340, 326, 
18189, 337, 337, 339, 336, 
18219, 333, 333, 334, 347, 
18249, 334, 332, 334, 346, 
18279, 337, 338, 338, 334, 
18310, 340, 343, 340, 326, 
18339, 338, 339, 339, 333, 
18370, 334, 333, 335, 344, 
18400, 334, 334, 334, 348, 
18430, 336, 335, 337, 337, 
18460, 340, 342, 341, 328, 
18491, 340, 340, 340, 330, 
18521, 335, 334, 336, 343, 
18550, 333, 331, 333, 349, 
18581, 335, 334, 336, 340, 
18611, 339, 339, 339, 328, 
18641, 339, 340, 340, 329, 
18671, 335, 335, 337, 340, 
18702, 333, 331, 334, 349, 
18732, 335, 333, 336, 344, 
18762, 339, 339, 339, 331, 
18792, 341, 341, 340, 327, 
18823, 337, 337, 338, 337, 
18852, 334, 332, 335, 348, 
18882, 334, 332, 334, 346, 
18913, 337, 338, 338, 335, 
18942, 339, 342, 340, 326, 
18973, 337, 339, 339, 334, 
19003, 334, 333, 335, 345, 
19034, 333, 331, 335, 348, 
19063, 336, 337, 337, 336, 
19094, 339, 342, 340, 326, 
19124, 338, 339, 340, 331, 
19154, 335, 335, 336, 343, 
19184, 333, 331, 333, 349, 
19214, 336, 335, 336, 339, 
19245, 339, 340, 340, 328, 
19274, 339, 340, 340, 328, 
19305, 335, 336, 337, 342, 
19335, 333, 332, 333, 349, 
19365, 335, 334, 334, 342, 
19395, 339, 340, 339, 330, 
19426, 339, 342, 340, 326, 
19456, 336, 337, 337, 337, 
19486, 333, 332, 334, 348, 
19516, 334, 334, 336, 345, 
19546, 338, 338, 338, 332, 
19576, 339, 342, 341, 326, 
19606, 337, 338, 338, 334, 
19637, 333, 332, 335, 346, 
19666, 334, 332, 334, 347, 
19697, 336, 337, 338, 335, 
19727, 339, 342, 340, 326, 
19758, 338, 340, 339, 331, 
19787, 335, 334, 335, 344, 
19818, 334, 331, 334, 349, 
19848, 336, 335, 336, 339, 
19877, 339, 341, 339, 327, 
19908, 338, 341, 340, 330, 
19938, 335, 335, 336, 342, 
19969, 333, 331, 334, 349, 
19998, 335, 334, 335, 342, 
20029, 338, 340, 339, 330, 
20059, 340, 342, 340, 328, 
20089, 336, 336, 338, 339, 
20119, 333, 331, 334, 349, 
20149, 334, 333, 334, 345, 
20179, 337, 338, 338, 332, 
20209, 339, 341, 340, 326, 
20240, 338, 338, 338, 336, 
20270, 333, 332, 334, 347, 
20300, 334, 332, 335, 347, 
20330, 337, 338, 336, 335, 
20361, 340, 342, 340, 326, 
20390, 337, 339, 339, 332, 
20421, 334, 334, 335, 345, 
20451, 334, 330, 335, 348, 
20481, 336, 337, 336, 337, 
20511, 339, 341, 339, 327, 
20541, 338, 340, 339, 331, 
20572, 334, 334, 337, 342, 
20601, 332, 331, 334, 349, 
20632, 335, 335, 336, 341, 
20662, 339, 340, 339, 329, 
20692, 337, 341, 340, 328, 
20722, 336, 336, 337, 340, 
20753, 334, 331, 334, 349, 
20783, 335, 334, 335, 343, 
20812, 338, 339, 338, 332, 
20843, 339, 341, 340, 326, 
20873, 338, 338, 338, 337, 
20903, 333, 332, 334, 347, 
20933, 335, 333, 335, 346, 
20964, 338, 339, 338, 334, 
20994, 340, 342, 340, 326, 
21024, 337, 339, 339, 333, 
21054, 334, 333, 335, 345, 
21085, 334, 332, 334, 348, 
21114, 336, 337, 337, 337, 
21144, 339, 342, 341, 326, 
21175, 338, 340, 339, 331, 
21204, 335, 334, 336, 343, 
21235, 333, 331, 333, 349, 
21265, 335, 335, 336, 339, 
21296, 340, 340, 339, 328, 
21325, 338, 341, 340, 328, 
21356, 336, 336, 336, 340, 
21386, 333, 331, 333, 349, 
21416, 333, 334, 336, 343, 
21446, 338, 340, 339, 331, 
21476, 340, 342, 340, 327, 
21507, 337, 337, 337, 338, 
21536, 333, 331, 335, 349, 
21567, 334, 334, 334, 345, 
21597, 338, 338, 337, 333, 
21627, 339, 342, 340, 326, 
21657, 336, 338, 338, 335, 
21688, 334, 333, 336, 346, 
21718, 333, 332, 335, 349, 
21748, 336, 337, 337, 336, 
21778, 339, 341, 340, 326, 
21808, 338, 340, 339, 331, 
21838, 335, 335, 336, 345, 
21868, 333, 332, 334, 349, 
21899, 336, 336, 336, 341, 
21928, 339, 341, 340, 328, 
21959, 339, 340, 339, 330, 
21989, 335, 336, 337, 341, 
22020, 334, 331, 334, 349, 
22049, 335, 335, 336, 342, 
22079, 338, 340, 339, 330, 
22110, 339, 341, 340, 327, 
22139, 336, 336, 337, 338, 
22170, 333, 331, 334, 349, 
22200, 334, 332, 335, 345, 
22231, 337, 339, 338, 331, 
22260, 340, 342, 340, 327, 
22291, 338, 338, 338, 335, 
22321, 333, 332, 335, 346, 
22351, 333, 332, 334, 346, 
22381, 337, 337, 337, 336, 
22411, 339, 342, 341, 326, 
22441, 338, 339, 339, 333, 
22471, 334, 333, 335, 344, 
22502, 334, 332, 334, 348, 
22532, 336, 336, 336, 338, 
22562, 339, 341, 340, 327, 
22592, 338, 340, 340, 329, 
22623, 335, 335, 336, 342, 
22652, 333, 332, 334, 349, 
22683, 335, 334, 335, 340, 
22713, 339, 340, 339, 328, 
22743, 339, 341, 340, 327, 
22773, 336, 337, 337, 338, 
22803, 333, 332, 334, 349, 
22834, 334, 334, 335, 343, 
22863, 338, 339, 337, 331, 
22894, 339, 343, 340, 326, 
22924, 338, 338, 338, 336, 
22955, 333, 332, 334, 347, 
22984, 335, 333, 335, 347, 
23015, 338, 337, 337, 335, 
23045, 340, 342, 341, 326, 
23074, 338, 339, 339, 333, 
23105, 334, 333, 335, 345, 
23135, 333, 332, 334, 348, 
23165, 336, 337, 337, 338, 
23195, 339, 341, 340, 327, 
23226, 338, 340, 339, 330, 
23256, 335, 335, 336, 343, 
23286, 333, 331, 333, 349, 
23316, 336, 335, 335, 341, 
23347, 339, 341, 339, 329, 
23376, 339, 341, 339, 329, 
23406, 336, 336, 337, 339, 
23437, 334, 330, 334, 349, 
23467, 335, 332, 335, 344, 
23497, 338, 338, 338, 332, 
23527, 340, 342, 341, 327, 
23558, 337, 337, 338, 336, 
23587, 334, 331, 334, 348, 
23618, 333, 331, 334, 345, 
23648, 337, 338, 338, 334, 
23678, 339, 342, 340, 326, 
23708, 337, 340, 339, 333, 
23738, 334, 333, 335, 345, 
23769, 333, 331, 334, 348, 
23798, 336, 336, 337, 337, 
23829, 340, 341, 340, 327, 
23859, 338, 340, 340, 331, 
23889, 335, 334, 336, 343, 
23919, 333, 331, 334, 349, 
23950, 335, 335, 336, 339, 
23980, 338, 341, 339, 327, 
24009, 339, 341, 340, 329, 
24040, 335, 336, 337, 340, 
24070, 334, 331, 336, 349, 
24100, 334, 334, 335, 343, 
24130, 338, 339, 339, 330, 
24161, 339, 341, 340, 327, 
24190, 336, 337, 338, 337, 
24221, 333, 332, 334, 348, 
24251, 334, 333, 335, 345, 
24282, 337, 338, 338, 333, 
24311, 338, 341, 341, 326, 
24341, 337, 338, 338, 334, 
24372, 334, 333, 336, 344, 
24401, 332, 332, 333, 347, 
24432, 337, 336, 338, 337, 
24462, 339, 341, 340, 327, 
24493, 338, 339, 339, 331, 
24522, 334, 334, 336, 343, 
24553, 333, 331, 334, 349, 
24583, 335, 335, 336, 338, 
24613, 339, 341, 340, 328, 
24643, 338, 340, 340, 330, 
24673, 335, 335, 336, 340, 
24704, 333, 331, 334, 349, 
24733, 335, 334, 337, 341, 
24764, 338, 339, 339, 329, 
24794, 339, 342, 342, 327, 
24824, 335, 337, 337, 337, 
24854, 333, 332, 334, 348, 
24885, 334, 334, 334, 345, 
24914, 337, 339, 338, 332, 
24945, 339, 341, 341, 327, 
24975, 337, 339, 338, 335, 
25005, 333, 333, 336, 347, 
25035, 335, 332, 334, 346, 
25065, 336, 336, 337, 336, 
25096, 339, 342, 340, 326, 
25125, 337, 339, 339, 331, 
25156, 335, 333, 336, 343, 
25186, 333, 331, 335, 348, 
25217, 335, 335, 336, 338, 
25246, 339, 341, 339, 327, 
25277, 338, 341, 339, 329, 
25307, 335, 334, 337, 341, 
25336, 333, 330, 334, 348, 
25367, 335, 334, 334, 341, 
25397, 340, 339, 339, 328, 
25427, 339, 341, 340, 327, 
25457, 336, 336, 338, 338, 
25488, 333, 331, 334, 348, 
25518, 334, 333, 335, 343, 
25548, 339, 338, 338, 331, 
25578, 340, 341, 340, 325, 
25609, 337, 337, 338, 335, 
25638, 332, 332, 336, 346, 
25668, 334, 332, 334, 345, 
25699, 337, 338, 338, 334, 
25729, 339, 342, 340, 325, 
25759, 336, 339, 339, 332, 
25789, 334, 333, 335, 344, 
25820, 335, 331, 334, 347, 
25849, 336, 336, 336, 337, 
25880, 339, 341, 340, 326, 
25910, 338, 340, 339, 329, 
25939, 335, 334, 336, 342, 
25970, 333, 331, 334, 349, 
26000, 335, 335, 335, 341, 
26031, 339, 340, 339, 329, 
26060, 338, 341, 340, 329, 
26091, 336, 335, 337, 340, 
26121, 333, 330, 334, 349, 
26151, 334, 333, 335, 343, 
26181, 339, 339, 339, 331, 
26212, 339, 341, 340, 327, 
26242, 336, 337, 338, 336, 
26271, 333, 331, 334, 348, 
26302, 334, 333, 335, 346, 
26332, 337, 338, 337, 334, 
26362, 339, 342, 340, 326, 
26392, 337, 338, 338, 335, 
26423, 334, 333, 336, 345, 
26452, 332, 332, 334, 347, 
26483, 336, 336, 337, 337, 
26513, 339, 341, 340, 326, 
26544, 338, 339, 339, 331, 
26573, 335, 334, 336, 343, 
26603, 332, 331, 334, 348, 
26634, 335, 335, 336, 338, 
26663, 339, 341, 339, 327, 
26694, 339, 340, 340, 328, 
26724, 337, 335, 337, 340, 
26755, 333, 331, 334, 348, 
26784, 335, 334, 336, 341, 
26815, 339, 340, 339, 329, 
26845, 338, 341, 340, 326, 
26875, 336, 336, 337, 337, 
26905, 333, 332, 334, 347, 
26935, 334, 333, 334, 343, 
26966, 338, 338, 339, 332, 
26995, 339, 341, 340, 326, 
27026, 337, 338, 338, 334, 
27056, 333, 332, 335, 346, 
27086, 334, 332, 337, 347, 
27116, 336, 335, 337, 335, 
27147, 339, 342, 340, 324, 
27176, 338, 339, 339, 332, 
27207, 334, 334, 336, 345, 
27237, 334, 331, 334, 348, 
27267, 336, 336, 336, 338, 
27297, 339, 341, 340, 328, 
27327, 338, 340, 341, 329, 
27358, 334, 335, 336, 340, 
27387, 333, 331, 333, 350, 
27418, 335, 334, 335, 341, 
27448, 338, 340, 340, 329, 
27479, 338, 341, 340, 327, 
27508, 336, 337, 338, 338, 
27539, 334, 331, 334, 349, 
27569, 334, 334, 335, 343, 
27598, 338, 339, 338, 331, 
27629, 339, 341, 340, 326, 
27659, 337, 337, 339, 336, 
27689, 333, 332, 335, 347, 
27719, 334, 332, 334, 346, 
27750, 337, 337, 337, 334, 
27780, 340, 342, 340, 326, 
27810, 337, 339, 339, 333, 
27840, 334, 334, 336, 346, 
27870, 334, 332, 334, 348, 
27900, 335, 336, 337, 338, 
27930, 340, 341, 340, 328, 
27961, 339, 340, 339, 331, 
27991, 336, 334, 336, 343, 
28021, 333, 332, 334, 349, 
28051, 337, 336, 338, 340, 
28082, 340, 340, 340, 328, 
28111, 340, 340, 340, 328, 
28142, 335, 336, 337, 340, 
28172, 332, 331, 334, 349, 
28201, 335, 333, 335, 342, 
28232, 338, 340, 339, 331, 
28262, 339, 341, 339, 328, 
28293, 336, 337, 337, 337, 
28322, 332, 331, 334, 348, 
28353, 334, 332, 334, 345, 
28383, 337, 338, 338, 333, 
28413, 339, 342, 341, 327, 
28443, 335, 338, 338, 336, 
28474, 334, 332, 335, 347, 
28504, 333, 332, 334, 347, 
28533, 336, 337, 337, 335, 
28564, 337, 342, 340, 327, 
28594, 336, 340, 339, 332, 
28624, 335, 333, 335, 344, 
28654, 333, 331, 333, 350, 
28685, 335, 335, 336, 339, 
28715, 338, 341, 340, 328, 
28745, 338, 340, 340, 330, 
28775, 335, 335, 337, 341, 
28806, 333, 331, 333, 349, 
28835, 336, 334, 335, 342, 
28865, 339, 340, 338, 329, 
28896, 338, 342, 340, 329, 
28925, 336, 337, 337, 339, 
28956, 333, 331, 335, 349, 
28986, 334, 334, 335, 344, 
29017, 338, 339, 338, 332, 
29046, 339, 341, 340, 327, 
29077, 337, 338, 338, 336, 
29107, 334, 332, 334, 347, 
29137, 335, 333, 334, 346, 
29167, 339, 338, 337, 334, 
29197, 339, 341, 340, 325, 
29228, 338, 339, 339, 333, 
29257, 334, 333, 335, 346, 
29288, 334, 331, 334, 348, 
29318, 336, 336, 338, 337, 
29348, 340, 342, 340, 326, 
29378, 338, 340, 339, 330, 
29409, 335, 334, 336, 343, 
29438, 333, 331, 333, 350, 
29469, 335, 336, 336, 340, 
29499, 339, 341, 339, 328, 
29529, 338, 341, 340, 328, 
29559, 336, 335, 337, 340, 
29589, 333, 331, 334, 349, 
29620, 334, 333, 335, 343, 
29649, 338, 340, 339, 330, 
29680, 340, 342, 340, 326, 
29710, 337, 337, 338, 337, 
29741, 334, 332, 334, 348, 
29770, 335, 333, 334, 345, 
29800, 338, 339, 337, 334, 
29831, 340, 342, 340, 326, 
29860, 338, 339, 338, 334, 
29891, 333, 333, 335, 346, 
29921, 333, 332, 334, 347, 
29952, 336, 336, 337, 336, 
29981, 340, 342, 340, 327, 
30012, 338, 339, 339, 332, 
30042, 336, 334, 336, 343, 
30072, 334, 331, 334, 348, 
30102, 336, 336, 336, 339, 
30132, 339, 341, 339, 328, 
30162, 339, 341, 339, 329, 
30192, 336, 335, 336, 340, 
30223, 333, 331, 334, 349, 
30253, 335, 334, 335, 343, 
30283, 338, 340, 339, 330, 
30313, 339, 342, 340, 327, 
30344, 336, 337, 337, 338, 
30373, 333, 333, 334, 350, 
30404, 334, 333, 335, 345, 
30434, 338, 338, 338, 332, 
30464, 339, 341, 342, 327, 
30494, 337, 337, 338, 335, 
30524, 334, 332, 335, 347, 
30555, 334, 332, 333, 347, 
30584, 337, 338, 337, 335, 
30615, 339, 342, 340, 326, 
30645, 338, 339, 339, 333, 
30675, 334, 334, 336, 344, 
30705, 334, 332, 334, 347, 
30736, 336, 336, 336, 339, 
30766, 339, 341, 339, 327, 
30795, 338, 341, 339, 332, 
30826, 335, 334, 336, 342, 
30856, 334, 331, 334, 349, 
30886, 336, 335, 336, 341, 
30916, 339, 341, 340, 329, 
30947, 339, 342, 340, 327, 
30977, 337, 336, 337, 340, 
31007, 333, 331, 334, 349, 
31037, 335, 333, 335, 343, 
31068, 338, 339, 338, 332, 
31097, 339, 342, 341, 326, 
31127, 337, 338, 338, 336, 
31158, 334, 333, 334, 348, 
31187, 334, 332, 334, 347, 
31218, 337, 338, 337, 334, 
31248, 340, 342, 340, 326, 
31279, 338, 338, 339, 334, 
31308, 334, 333, 335, 346, 
31339, 333, 332, 334, 349, 
31369, 336, 335, 336, 337, 
31399, 339, 341, 340, 326, 
31429, 338, 340, 339, 331, 
31459, 334, 334, 336, 343, 
31490, 333, 332, 333, 349, 
31519, 336, 335, 336, 341, 
31550, 339, 341, 339, 329, 
31580, 338, 340, 340, 329, 
31610, 336, 336, 337, 340, 
31640, 333, 332, 336, 349, 
31671, 335, 334, 335, 343, 
31700, 338, 341, 338, 332, 
31730, 339, 341, 340, 327, 
31761, 336, 336, 338, 337, 
31791, 333, 331, 334, 349, 
31821, 334, 333, 335, 346, 
31851, 337, 339, 337, 333, 
31882, 339, 342, 340, 326, 
31911, 337, 338, 339, 335, 
31942, 335, 332, 335, 346, 
31972, 333, 332, 335, 347, 
32003, 336, 336, 337, 336, 
32032, 339, 341, 340, 326, 
32062, 338, 339, 339, 332, 
32093, 334, 333, 335, 344, 
32122, 333, 331, 334, 349, 
32153, 336, 336, 337, 339, 
32183, 339, 342, 340, 328, 
32214, 339, 342, 340, 330, 
32243, 337, 335, 337, 341, 
32274, 333, 331, 334, 349, 
32304, 336, 334, 336, 342, 
32334, 339, 340, 339, 330, 
32364, 339, 342, 340, 328, 
32394, 336, 337, 337, 338, 
32424, 334, 331, 334, 349, 
32454, 334, 333, 334, 344, 
32485, 338, 339, 338, 332, 
32515, 339, 342, 340, 326, 
32545, 337, 338, 339, 335, 
32575, 334, 332, 335, 346, 
32606, 334, 332, 334, 346, 
32635, 337, 337, 337, 335, 
32666, 339, 342, 340, 326, 
32696, 338, 340, 339, 332, 
32726, 334, 334, 336, 344, 
32756, 334, 332, 334, 348, 
32786, 336, 336, 336, 336, 
32817, 340, 342, 339, 326, 
32846, 338, 339, 339, 330, 
32877, 335, 334, 336, 342, 
32907, 334, 331, 334, 349, 
32937, 335, 334, 336, 340, 
32967, 339, 340, 339, 329, 
32998, 339, 341, 340, 328, 
33028, 336, 336, 337, 339, 
33057, 333, 331, 334, 349, 
33088, 334, 334, 335, 343, 
33118, 338, 338, 339, 331, 
33148, 339, 341, 341, 327, 
33178, 337, 338, 338, 336, 
33209, 334, 331, 334, 348, 
33239, 333, 332, 336, 346, 
33269, 337, 338, 337, 334, 
33299, 339, 342, 340, 325, 
33330, 338, 339, 338, 333, 
33359, 332, 333, 335, 346, 
33389, 334, 333, 334, 348, 
33420, 336, 336, 338, 337, 
33449, 340, 342, 340, 326, 
33480, 338, 341, 339, 330, 
33510, 335, 335, 336, 344, 
33541, 331, 331, 333, 350, 
33570, 335, 335, 336, 339, 
33601, 339, 341, 339, 328, 
33631, 339, 342, 339, 329, 
33660, 335, 336, 338, 339, 
33691, 334, 331, 334, 349, 
33721, 334, 333, 336, 343, 
33752, 340, 340, 338, 330, 
33781, 339, 341, 340, 327, 
33812, 336, 337, 337, 338, 
33842, 333, 332, 335, 348, 
33872, 334, 332, 335, 345, 
33902, 338, 338, 337, 333, 
33933, 339, 342, 340, 326, 
33963, 338, 338, 338, 334, 
33992, 333, 333, 335, 346, 
34023, 334, 332, 335, 347, 
34053, 337, 337, 337, 337, 
34083, 339, 341, 340, 327, 
34113, 338, 340, 339, 332, 
34144, 334, 334, 336, 344, 
34173, 332, 332, 334, 349, 
34204, 336, 336, 337, 338, 
34234, 339, 340, 340, 327, 
34265, 338, 341, 339, 330, 
34294, 335, 335, 336, 341, 
34324, 333, 331, 333, 349, 
34355, 335, 334, 335, 342, 
34384, 338, 340, 339, 330, 
34415, 339, 341, 341, 328, 
34445, 336, 336, 337, 339, 
34476, 333, 331, 334, 349, 
34505, 334, 333, 335, 343, 
34536, 336, 339, 338, 332, 
34566, 339, 342, 340, 326, 
34596, 337, 337, 338, 335, 
34626, 335, 332, 334, 347, 
34656, 333, 332, 334, 346, 
34686, 338, 338, 337, 335, 
34716, 340, 342, 339, 326, 
34747, 338, 340, 339, 333, 
34777, 334, 333, 335, 345, 
34807, 334, 331, 334, 347, 
34837, 336, 336, 336, 337, 
34868, 339, 341, 340, 327, 
34897, 338, 339, 340, 330, 
34928, 335, 335, 336, 343, 
34958, 333, 331, 334, 349, 
34988, 337, 335, 335, 340, 
35018, 338, 340, 339, 329, 
35048, 339, 340, 340, 328, 
35079, 336, 336, 337, 340, 
35108, 333, 332, 335, 349, 
35139, 334, 334, 334, 343, 
35169, 339, 340, 340, 330, 
35200, 339, 341, 340, 327, 
35229, 336, 337, 338, 336, 
35260, 333, 332, 335, 348, 
35290, 334, 333, 334, 345, 
35319, 337, 338, 337, 333, 
35350, 340, 341, 340, 326, 
35380, 338, 339, 338, 334, 
35410, 334, 332, 335, 346, 
35440, 334, 332, 334, 347, 
35471, 337, 337, 337, 336, 
35501, 339, 341, 340, 326, 
35531, 338, 339, 339, 331, 
35561, 335, 333, 335, 343, 
35591, 333, 331, 333, 348, 
35621, 336, 335, 336, 337, 
35651, 339, 342, 339, 327, 
35682, 338, 340, 339, 329, 
35712, 335, 335, 337, 341, 
35742, 333, 331, 334, 348, 
35772, 335, 334, 335, 341, 
35803, 338, 340, 339, 330, 
35832, 339, 341, 340, 327, 
35863, 336, 336, 340, 337, 
35893, 333, 331, 334, 348, 
35922, 334, 333, 334, 343, 
35953, 337, 339, 339, 331, 
35983, 339, 341, 340, 326, 
36014, 337, 338, 338, 335, 
36043, 333, 332, 335, 347, 
36074, 334, 333, 335, 346, 
36104, 337, 339, 336, 334, 
36134, 339, 342, 340, 327, 
36164, 338, 339, 339, 332, 
36195, 335, 333, 332, 345, 
36225, 334, 331, 332, 348, 
36254, 336, 337, 336, 337, 
36285, 339, 342, 338, 326, 
36315, 338, 340, 339, 331, 
36345, 335, 334, 336, 342, 
36375, 333, 332, 333, 349, 
36406, 335, 335, 336, 340, 
36435, 339, 340, 339, 328, 
36466, 339, 341, 339, 328, 
36496, 335, 335, 337, 339, 
36527, 333, 332, 334, 348, 
36556, 335, 334, 335, 342, 
36586, 338, 339, 340, 330, 
36617, 340, 341, 340, 326, 
36646, 336, 337, 338, 336, 
36677, 333, 331, 334, 348, 
36707, 334, 333, 335, 345, 
36738, 338, 338, 338, 333, 
36767, 339, 342, 341, 325, 
36798, 337, 338, 339, 334, 
36828, 333, 333, 335, 345, 
36858, 334, 333, 334, 347, 
36888, 337, 336, 336, 336, 
36918, 339, 341, 340, 326, 
36948, 338, 339, 339, 331, 
36978, 334, 333, 335, 343, 
37009, 335, 331, 335, 348, 
37039, 336, 336, 336, 338, 
37069, 340, 341, 340, 327, 
37099, 339, 340, 339, 329, 
37130, 335, 335, 336, 340, 
37159, 333, 331, 334, 348, 
37190, 335, 334, 337, 341, 
37220, 338, 340, 340, 328, 
37250, 339, 341, 340, 327, 
37280, 335, 336, 336, 337, 
37310, 333, 331, 333, 348, 
37341, 335, 333, 335, 343, 
37370, 338, 338, 339, 332, 
37401, 340, 343, 340, 326, 
37431, 337, 337, 338, 335, 
37462, 334, 333, 334, 347, 
37491, 333, 332, 334, 346, 
37521, 337, 337, 337, 334, 
37552, 339, 342, 341, 327, 
37581, 338, 339, 340, 333, 
37612, 334, 333, 335, 345, 
37642, 334, 332, 333, 348, 
37672, 336, 336, 336, 337, 
37702, 339, 341, 340, 327, 
37733, 338, 340, 340, 331, 
37763, 335, 334, 335, 343, 
37793, 333, 331, 334, 349, 
37823, 336, 335, 336, 340, 
37853, 338, 340, 339, 328, 
37883, 339, 340, 340, 329, 
37913, 335, 336, 338, 341, 
37944, 333, 331, 334, 349, 
37974, 335, 334, 335, 343, 
38004, 338, 339, 339, 330, 
38034, 339, 341, 340, 327, 
38065, 336, 337, 337, 338, 
38094, 333, 331, 335, 348, 
38125, 335, 333, 335, 345, 
38155, 337, 337, 338, 333, 
38184, 340, 341, 340, 326, 
38215, 337, 338, 338, 334, 
38245, 334, 332, 335, 347, 
38276, 334, 332, 335, 348, 
38305, 336, 337, 338, 337, 
38336, 339, 341, 340, 327, 
38366, 338, 340, 339, 332, 
38396, 334, 333, 336, 344, 
38426, 334, 331, 334, 349, 
38457, 336, 336, 337, 339, 
38487, 339, 341, 340, 327, 
38516, 338, 342, 340, 330, 
38547, 335, 335, 336, 342, 
38577, 333, 331, 333, 349, 
38607, 335, 334, 335, 341, 
38637, 338, 340, 339, 329, 
38668, 339, 342, 340, 329, 
38697, 336, 336, 337, 340, 
38728, 333, 332, 334, 349, 
38758, 334, 333, 335, 344, 
38789, 339, 339, 340, 331, 
38818, 339, 341, 341, 326, 
38848, 337, 338, 338, 336, 
38879, 334, 332, 334, 347, 
38908, 334, 332, 335, 345, 
38939, 338, 338, 338, 334, 
38969, 339, 343, 341, 325, 
39000, 337, 339, 339, 333, 
39029, 335, 334, 335, 346, 
39060, 333, 332, 334, 348, 
39090, 337, 337, 336, 337, 
39120, 339, 341, 340, 326, 
39150, 339, 339, 339, 330, 
39180, 334, 334, 336, 342, 
39211, 333, 331, 334, 348, 
39240, 336, 335, 336, 338, 
39271, 339, 340, 340, 327, 
39301, 338, 340, 339, 328, 
39331, 336, 336, 338, 340, 
39361, 332, 331, 334, 349, 
39392, 335, 334, 336, 341, 
39421, 339, 340, 339, 329, 
39451, 339, 341, 340, 327, 
39482, 336, 337, 337, 337, 
39512, 334, 332, 334, 348, 
39542, 334, 333, 335, 345, 
39572, 337, 338, 338, 332, 
39603, 339, 341, 340, 325, 
39632, 337, 337, 338, 334, 
39663, 334, 332, 334, 347, 
39693, 334, 332, 334, 346, 
39724, 338, 338, 337, 336, 
39753, 339, 342, 340, 325, 
39783, 337, 339, 339, 332, 
39814, 334, 333, 336, 344, 
39843, 333, 331, 334, 348, 
39874, 336, 336, 336, 337, 
39904, 339, 341, 340, 327, 
39934, 338, 340, 340, 330, 
39964, 336, 335, 336, 342, 
39995, 333, 332, 334, 349, 
40025, 335, 335, 336, 340, 
40055, 338, 340, 339, 330, 
40085, 340, 340, 341, 328, 
40115, 335, 336, 337, 340, 
40145, 334, 331, 334, 349, 
40175, 335, 333, 335, 343, 
40206, 338, 339, 338, 331, 
40236, 339, 341, 340, 327, 
40266, 336, 337, 338, 337, 
40296, 332, 332, 334, 348, 
40327, 335, 333, 335, 345, 
40356, 338, 338, 338, 334, 
40387, 339, 341, 340, 326, 
40417, 337, 338, 339, 334, 
40446, 334, 333, 335, 346, 
40477, 334, 332, 335, 347, 
40507, 337, 336, 338, 336, 
40538, 339, 341, 340, 326, 
40567, 338, 338, 339, 332, 
40598, 334, 334, 336, 344, 
40628, 333, 331, 334, 348, 
40658, 337, 336, 336, 338, 
40688, 339, 341, 339, 327, 
40719, 338, 339, 339, 329, 
40749, 335, 335, 336, 341, 
40778, 334, 329, 333, 349, 
40809, 335, 334, 335, 341, 
40839, 338, 340, 338, 328, 
40869, 339, 340, 340, 327, 
40899, 336, 336, 337, 339, 
40930, 333, 331, 334, 348, 
40960, 335, 333, 335, 343, 
40990, 338, 339, 339, 331, 
41020, 340, 342, 340, 326, 
41051, 337, 338, 338, 337, 
41080, 334, 331, 334, 347, 
41110, 334, 333, 334, 345, 
41141, 337, 338, 338, 333, 
41170, 338, 341, 340, 326, 
41201, 337, 339, 338, 334, 
41231, 334, 333, 335, 346, 
41262, 333, 332, 334, 347, 
41291, 336, 337, 337, 336, 
41322, 340, 341, 340, 326, 
41352, 338, 339, 339, 331, 
41381, 335, 335, 336, 344, 
41412, 333, 331, 334, 348, 
41442, 336, 336, 336, 338, 
41473, 339, 341, 340, 327, 
41502, 339, 340, 340, 329, 
41533, 335, 335, 337, 341, 
41563, 333, 331, 334, 349, 
41593, 336, 334, 335, 341, 
41623, 338, 340, 339, 329, 
41654, 339, 341, 339, 327, 
41683, 336, 336, 337, 338, 
41713, 334, 331, 334, 348, 
41744, 335, 333, 335, 343, 
41774, 338, 339, 338, 331, 
41804, 339, 341, 340, 326, 
41834, 337, 337, 339, 336, 
41865, 333, 333, 335, 348, 
41894, 334, 332, 334, 346, 
41925, 337, 338, 337, 334, 
41955, 339, 342, 340, 327, 
41986, 337, 338, 338, 335, 
42015, 333, 333, 335, 346, 
42045, 334, 333, 334, 348, 
42076, 337, 337, 337, 337, 
42105, 339, 342, 340, 327, 
42136, 338, 339, 340, 332, 
42166, 334, 333, 334, 345, 
42196, 333, 331, 334, 348, 
42226, 336, 336, 336, 339, 
42257, 340, 340, 339, 328, 
42287, 339, 341, 338, 329, 
42317, 335, 335, 336, 342, 
42347, 333, 331, 333, 349, 
42377, 335, 334, 335, 342, 
42407, 338, 338, 339, 331, 
42437, 339, 341, 340, 328, 
42468, 336, 336, 337, 338, 
42498, 334, 331, 334, 348, 
42528, 334, 332, 335, 344, 
42558, 338, 339, 338, 332, 
42589, 339, 341, 340, 326, 
42618, 336, 337, 338, 336, 
42649, 333, 332, 335, 348, 
42679, 335, 331, 334, 346, 
42708, 337, 337, 337, 335, 
42739, 339, 340, 340, 326, 
42769, 337, 338, 339, 333, 
42800, 335, 333, 335, 345, 
42829, 334, 332, 334, 349, 
42860, 336, 336, 337, 337, 
42890, 340, 341, 340, 326, 
42920, 338, 340, 339, 331, 
42950, 335, 334, 336, 344, 
42981, 333, 331, 334, 349, 
43011, 336, 335, 336, 340, 
43040, 339, 340, 339, 328, 
43071, 339, 340, 339, 329, 
43101, 335, 335, 336, 341, 
43131, 333, 332, 334, 349, 
43161, 335, 334, 335, 343, 
43192, 338, 341, 339, 330, 
43222, 339, 341, 339, 327, 
43252, 337, 337, 338, 338, 
43282, 333, 331, 334, 348, 
43312, 334, 333, 335, 345, 
43342, 338, 338, 338, 332, 
43372, 339, 342, 341, 326, 
43403, 337, 338, 339, 337, 
43432, 334, 333, 334, 347, 
43463, 334, 333, 334, 346, 
43493, 337, 338, 337, 335, 
43524, 340, 341, 340, 326, 
43553, 338, 338, 339, 333, 
43584, 334, 333, 335, 345, 
43614, 333, 331, 334, 349, 
43643, 336, 337, 337, 337, 
43674, 339, 341, 340, 327, 
43704, 337, 340, 339, 331, 
43735, 335, 335, 336, 343, 
43764, 333, 331, 333, 349, 
43795, 336, 335, 335, 341, 
43825, 339, 341, 340, 329, 
43855, 339, 341, 340, 330, 
43885, 336, 336, 337, 341, 
43916, 333, 332, 334, 350, 
43945, 335, 335, 335, 343, 
43975, 339, 339, 340, 332, 
44006, 340, 342, 340, 328, 
44036, 336, 336, 338, 338, 
44066, 333, 331, 334, 348, 
44096, 335, 333, 335, 345, 
44127, 338, 339, 338, 333, 
44156, 339, 341, 341, 327, 
44187, 337, 338, 338, 335, 
44217, 334, 333, 335, 347, 
44248, 333, 332, 334, 346, 
44277, 337, 338, 338, 335, 
44307, 340, 341, 341, 326, 
44338, 338, 339, 339, 332, 
44367, 334, 333, 335, 344, 
44398, 333, 332, 333, 348, 
44428, 336, 337, 336, 337, 
44459, 339, 341, 340, 326, 
44488, 338, 339, 340, 331, 
44519, 335, 335, 336, 343, 
44549, 333, 331, 335, 348, 
44579, 335, 335, 336, 340, 
44609, 339, 341, 339, 328, 
44639, 339, 341, 340, 328, 
44669, 336, 336, 337, 339, 
44699, 333, 331, 334, 349, 
44730, 335, 334, 334, 343, 
44760, 339, 339, 339, 330, 
44790, 339, 341, 340, 327, 
44820, 336, 338, 338, 338, 
44851, 335, 333, 335, 348, 
44880, 334, 333, 333, 343, 
44911, 338, 339, 339, 333, 
44941, 340, 341, 340, 327, 
44971, 336, 338, 339, 335, 
45001, 334, 333, 335, 346, 
45031, 334, 332, 334, 347, 
45062, 337, 337, 337, 336, 
45091, 338, 341, 340, 326, 
45122, 338, 339, 340, 333, 
45152, 334, 334, 336, 345, 
45182, 334, 332, 335, 348, 
45212, 336, 336, 336, 338, 
45242, 339, 341, 339, 327, 
45273, 337, 340, 339, 329, 
45302, 335, 334, 337, 341, 
45333, 334, 331, 333, 350, 
45363, 336, 335, 336, 341, 
45393, 339, 340, 339, 329, 
45423, 339, 341, 340, 328, 
45454, 337, 336, 337, 339, 
45484, 333, 331, 334, 348, 
45514, 335, 334, 335, 343, 
45544, 337, 340, 338, 331, 
45574, 339, 342, 341, 326, 
45604, 336, 337, 339, 336, 
45634, 334, 331, 334, 347, 
45665, 334, 333, 334, 346, 
45694, 337, 339, 338, 333, 
45725, 339, 342, 340, 326, 
45755, 337, 338, 339, 333, 
45786, 334, 332, 336, 345, 
45815, 334, 332, 334, 347, 
45846, 337, 336, 338, 337, 
45876, 341, 342, 340, 326, 
45905, 339, 340, 339, 331, 
45936, 335, 335, 336, 343, 
45966, 333, 331, 334, 348, 
45997, 336, 335, 338, 338, 
46026, 340, 341, 340, 327, 
46057, 340, 340, 340, 329, 
46087, 336, 336, 337, 341, 
46117, 333, 332, 334, 349, 
46147, 335, 334, 336, 341, 
46178, 338, 340, 340, 328, 
46208, 339, 341, 341, 327, 
46237, 337, 336, 337, 338, 
46268, 334, 332, 334, 348, 
46298, 335, 335, 335, 344, 
46328, 338, 339, 339, 332, 
46358, 340, 342, 340, 326, 
46389, 337, 337, 338, 336, 
46418, 334, 332, 334, 347, 
46449, 335, 332, 335, 345, 
46479, 338, 338, 338, 333, 
46510, 339, 342, 340, 326, 
46539, 338, 337, 338, 334, 
46569, 334, 334, 335, 346, 
46600, 333, 332, 334, 348, 
46629, 337, 336, 337, 337, 
46660, 340, 341, 340, 327, 
46690, 338, 340, 339, 331, 
46721, 334, 335, 336, 343, 
46750, 333, 331, 334, 350, 
46781, 335, 335, 336, 339, 
46811, 339, 340, 339, 327, 
46841, 339, 340, 340, 330, 
46871, 335, 335, 337, 341, 
46901, 333, 331, 333, 349, 
46931, 335, 334, 335, 341, 
46961, 339, 340, 339, 329, 
46992, 339, 341, 340, 327, 
47022, 336, 337, 337, 338, 
47052, 333, 331, 334, 349, 
47082, 335, 333, 335, 344, 
47113, 337, 339, 338, 331, 
47142, 340, 342, 340, 327, 
47172, 337, 337, 338, 336, 
47203, 333, 332, 335, 347, 
47233, 334, 332, 334, 345, 
47263, 337, 338, 337, 334, 
47293, 339, 342, 340, 326, 
47324, 338, 339, 338, 333, 
47353, 334, 333, 335, 346, 
47384, 334, 332, 334, 349, 
47414, 336, 336, 336, 337, 
47444, 339, 341, 340, 326, 
47474, 338, 340, 339, 331, 
47504, 335, 334, 335, 344, 
47535, 334, 331, 333, 348, 
47564, 336, 336, 336, 340, 
47595, 339, 341, 339, 329, 
47625, 338, 340, 340, 329, 
47655, 335, 335, 336, 342, 
47685, 333, 331, 333, 350, 
47716, 336, 334, 335, 343, 
47746, 338, 340, 339, 329, 
47776, 338, 341, 340, 328, 
47806, 336, 336, 337, 338, 
47836, 334, 331, 334, 349, 
47866, 335, 333, 335, 344, 
47896, 338, 339, 338, 333, 
47927, 339, 341, 340, 327, 
47956, 336, 337, 338, 336, 
47987, 333, 332, 335, 347, 
48017, 335, 332, 334, 346, 
48048, 337, 337, 338, 336, 
48077, 339, 341, 340, 326, 
48108, 338, 338, 338, 332, 
48138, 334, 332, 335, 346, 
48167, 334, 331, 334, 347, 
48198, 335, 337, 337, 337, 
48228, 339, 341, 340, 327, 
48259, 338, 340, 339, 331, 
48288, 334, 334, 336, 343, 
48319, 333, 331, 334, 349, 
48349, 336, 335, 336, 339, 
48379, 339, 341, 339, 329, 
48409, 338, 339, 341, 327, 
48440, 335, 335, 337, 341, 
48470, 334, 331, 335, 348, 
48499, 335, 334, 335, 342, 
48530, 339, 340, 339, 329, 
48560, 339, 341, 340, 327, 
48590, 336, 337, 337, 338, 
48620, 333, 331, 334, 348, 
48651, 334, 333, 335, 344, 
48680, 336, 340, 338, 331, 
48711, 339, 341, 341, 326, 
48741, 337, 337, 339, 335, 
48772, 334, 332, 334, 348, 
48801, 334, 332, 334, 346, 
48831, 337, 337, 338, 334, 
48862, 338, 343, 340, 326, 
48891, 338, 338, 339, 333, 
48922, 334, 333, 335, 345, 
48952, 334, 331, 334, 347, 
48983, 335, 336, 335, 337, 
49012, 339, 341, 341, 328, 
49043, 337, 339, 340, 331, 
49073, 335, 334, 336, 343, 
49102, 334, 331, 334, 348, 
49133, 336, 335, 336, 340, 
49163, 339, 341, 338, 327, 
49193, 338, 341, 340, 328, 
49223, 335, 336, 338, 342, 
49254, 333, 332, 334, 349, 
49284, 335, 334, 335, 342, 
49314, 339, 340, 338, 330, 
49344, 339, 341, 340, 327, 
49375, 336, 336, 337, 338, 
49404, 334, 332, 335, 349, 
49434, 334, 334, 334, 344, 
49465, 337, 338, 338, 332, 
49495, 339, 341, 341, 325, 
49525, 337, 337, 338, 336, 
49555, 333, 332, 334, 347, 
49586, 335, 332, 334, 346, 
49615, 340, 337, 338, 334, 
49646, 339, 342, 340, 327, 
49676, 337, 339, 339, 334, 
49707, 334, 333, 336, 345, 
49736, 333, 331, 334, 348, 
49766, 337, 337, 336, 338, 
49797, 339, 341, 339, 326, 
49826, 337, 340, 340, 331, 
49857, 335, 334, 336, 344, 
49887, 335, 331, 334, 349, 
49917, 336, 335, 336, 340, 
49947, 341, 340, 339, 329, 
49978, 338, 340, 339, 329, 
50008, 335, 336, 337, 340, 
50038, 333, 331, 333, 348, 
50068, 335, 334, 335, 342, 
50098, 337, 339, 339, 329, 
50128, 340, 342, 340, 326, 
50158, 336, 336, 338, 337, 
50189, 333, 331, 335, 348, 
50219, 334, 333, 334, 344, 
50249, 339, 339, 339, 331, 
50279, 339, 342, 340, 325, 
50310, 338, 338, 338, 335, 
50339, 334, 332, 335, 346, 
50370, 334, 332, 335, 346, 
50400, 337, 338, 338, 335, 
50429, 340, 342, 340, 325, 
50460, 338, 339, 338, 332, 
50490, 335, 334, 335, 345, 
50521, 334, 334, 335, 348, 
50550, 336, 336, 336, 338, 
50581, 339, 341, 340, 327, 
50611, 339, 340, 339, 330, 
50641, 335, 335, 336, 342, 
50671, 334, 331, 334, 349, 
50702, 337, 336, 336, 340, 
50732, 339, 341, 341, 329, 
50761, 339, 340, 340, 329, 
50792, 336, 336, 337, 341, 
50822, 333, 331, 335, 350, 
50852, 336, 334, 336, 343, 
50882, 338, 340, 340, 330, 
50913, 339, 341, 341, 328, 
50942, 336, 337, 338, 339, 
50973, 335, 331, 334, 348, 
51003, 335, 333, 336, 345, 
51033, 338, 338, 338, 333, 
51063, 339, 341, 340, 326, 
51093, 337, 338, 339, 335, 
51124, 334, 333, 335, 347, 
51153, 334, 332, 334, 346, 
51184, 337, 339, 337, 335, 
51214, 340, 341, 340, 326, 
51245, 338, 339, 339, 331, 
51274, 334, 333, 336, 345, 
51305, 333, 331, 333, 348, 
51335, 336, 336, 337, 338, 
51364, 340, 341, 340, 327, 
51395, 338, 340, 339, 331, 
51425, 335, 334, 336, 341, 
51456, 333, 331, 334, 349, 
51485, 336, 335, 336, 340, 
51516, 339, 340, 339, 328, 
51546, 339, 341, 340, 328, 
51576, 336, 336, 338, 340, 
51606, 333, 331, 334, 349, 
51637, 335, 334, 335, 343, 
51666, 339, 340, 339, 330, 
51696, 340, 341, 339, 328, 
51727, 337, 337, 338, 337, 
51757, 334, 333, 337, 347, 
51787, 335, 333, 335, 345, 
51817, 338, 340, 338, 333, 
51848, 339, 342, 341, 326, 
51877, 337, 338, 340, 334, 
51908, 334, 333, 334, 346, 
51938, 334, 334, 335, 347, 
51969, 338, 337, 337, 336, 
51998, 339, 342, 341, 326, 
52028, 338, 339, 339, 331, 
52059, 334, 333, 336, 343, 
52088, 333, 331, 334, 348, 
52119, 336, 336, 337, 338, 
52149, 339, 342, 340, 328, 
52179, 339, 340, 340, 331, 
52209, 335, 335, 336, 342, 
52240, 333, 331, 334, 348, 
52270, 336, 335, 336, 342, 
52300, 339, 340, 339, 329, 
52330, 340, 341, 340, 331, 
52360, 336, 336, 337, 340, 
52390, 333, 331, 334, 349, 
52420, 335, 333, 335, 343, 
52451, 338, 339, 340, 331, 
52481, 339, 341, 341, 327, 
52511, 336, 337, 337, 338, 
52541, 334, 332, 334, 348, 
52572, 334, 333, 334, 346, 
52601, 338, 338, 338, 335, 
52632, 341, 342, 340, 327, 
52662, 338, 339, 340, 334, 
52691, 334, 334, 335, 347, 
52722, 334, 332, 334, 347, 
52752, 337, 337, 340, 336, 
52783, 339, 341, 340, 326, 
52812, 338, 339, 340, 331, 
52843, 335, 334, 336, 344, 
52873, 333, 331, 334, 349, 
52903, 336, 336, 336, 338, 
52933, 339, 341, 340, 327, 
52963, 338, 340, 340, 330, 
52994, 335, 335, 336, 343, 
53023, 333, 331, 334, 349, 
53054, 335, 334, 336, 342, 
53084, 339, 340, 339, 329, 
53114, 339, 341, 340, 327, 
53144, 336, 336, 337, 339, 
53175, 334, 331, 335, 349, 
53204, 334, 333, 335, 345, 
53235, 338, 339, 338, 331, 
53265, 339, 341, 340, 326, 
53295, 337, 337, 338, 336, 
53325, 334, 332, 334, 348, 
53355, 334, 333, 335, 345, 
53386, 337, 339, 338, 334, 
53415, 339, 342, 341, 326, 
53446, 337, 339, 339, 334, 
53476, 334, 333, 335, 345, 
53507, 334, 332, 334, 347, 
53536, 336, 337, 337, 337, 
53567, 339, 341, 341, 327, 
53597, 338, 340, 340, 331, 
53626, 335, 333, 336, 343, 
53657, 334, 331, 334, 348, 
53687, 336, 335, 337, 338, 
53718, 340, 341, 340, 327, 
53747, 339, 341, 339, 329, 
53778, 336, 336, 338, 341, 
53808, 334, 331, 334, 349, 
53838, 335, 334, 335, 342, 
53868, 339, 340, 339, 331, 
53899, 339, 342, 340, 327, 
53928, 336, 336, 338, 338, 
53958, 333, 331, 334, 348, 
53989, 335, 333, 335, 344, 
54019, 337, 338, 338, 332, 
54049, 339, 341, 341, 326, 
54079, 337, 338, 338, 335, 
54110, 334, 333, 335, 347, 
54139, 334, 332, 334, 347, 
54170, 337, 339, 338, 334, 
54200, 339, 342, 340, 326, 
54231, 337, 339, 340, 333, 
54260, 334, 333, 336, 345, 
54290, 333, 332, 334, 348, 
54321, 336, 336, 337, 337, 
54350, 339, 341, 341, 327, 
54381, 339, 340, 339, 330, 
54411, 335, 334, 336, 342, 
54441, 334, 331, 334, 348, 
54471, 336, 335, 336, 340, 
54502, 340, 340, 340, 328, 
54532, 339, 341, 341, 328, 
54562, 337, 335, 337, 340, 
54592, 333, 331, 333, 350, 
54622, 335, 334, 335, 342, 
54652, 339, 339, 339, 330, 
54682, 339, 342, 340, 326, 
54713, 337, 337, 337, 337, 
54743, 333, 332, 334, 348, 
54773, 335, 333, 335, 344, 
54803, 338, 338, 339, 333, 
54834, 340, 342, 341, 326, 
54863, 337, 338, 338, 335, 
54893, 334, 332, 335, 345, 
54924, 334, 332, 334, 346, 
54953, 337, 337, 337, 335, 
54984, 340, 341, 340, 325, 
55014, 337, 339, 339, 332, 
55045, 334, 333, 335, 344, 
55074, 332, 331, 334, 348, 
55105, 336, 336, 336, 337, 
55135, 339, 341, 339, 326, 
55165, 338, 340, 340, 330, 
55195, 335, 335, 337, 343, 
55225, 333, 331, 334, 349, 
55256, 335, 335, 336, 340, 
55285, 338, 341, 339, 329, 
55316, 338, 341, 340, 328, 
55346, 335, 336, 337, 340, 
55376, 333, 331, 334, 349, 
55406, 335, 333, 335, 342, 
55437, 338, 340, 338, 330, 
55467, 339, 341, 340, 327, 
55497, 336, 337, 337, 337, 
55527, 333, 332, 334, 348, 
55557, 334, 332, 335, 345, 
55587, 337, 338, 338, 333, 
55617, 339, 342, 340, 326, 
55648, 336, 339, 338, 334, 
55677, 334, 332, 335, 346, 
55708, 333, 332, 334, 347, 
55738, 336, 337, 337, 336, 
55769, 339, 341, 340, 326, 
55798, 338, 339, 340, 332, 
55829, 334, 333, 336, 344, 
55859, 333, 331, 333, 348, 
55888, 335, 337, 336, 338, 
55919, 339, 341, 341, 327, 
55949, 338, 340, 339, 329, 
55980, 336, 334, 336, 341, 
56009, 333, 330, 334, 349, 
56040, 336, 334, 335, 340, 
56070, 339, 341, 339, 329, 
56100, 339, 341, 340, 328, 
56130, 337, 336, 337, 339, 
56161, 333, 331, 334, 348, 
56190, 335, 333, 335, 343, 
56220, 338, 339, 338, 331, 
56251, 339, 341, 340, 326, 
56281, 336, 338, 338, 337, 
56311, 333, 332, 334, 347, 
56341, 334, 332, 335, 346, 
56372, 337, 338, 337, 333, 
56401, 340, 342, 340, 326, 
56432, 337, 338, 338, 334, 
56462, 334, 334, 335, 345, 
56493, 334, 330, 333, 347, 
56522, 337, 336, 337, 336, 
56552, 339, 342, 338, 326, 
56583, 338, 339, 338, 331, 
56612, 335, 333, 336, 343, 
56643, 332, 332, 334, 348, 
56673, 336, 336, 336, 339, 
56704, 339, 341, 339, 327, 
56733, 339, 341, 339, 328, 
56764, 335, 334, 336, 341, 
56794, 333, 331, 334, 349, 
56823, 334, 334, 335, 341, 
56854, 339, 340, 339, 329, 
56884, 339, 340, 340, 327, 
56914, 336, 337, 337, 339, 
56944, 333, 331, 334, 348, 
56975, 335, 334, 335, 344, 
57005, 337, 338, 338, 332, 
57035, 339, 341, 340, 327, 
57065, 337, 337, 338, 336, 
57096, 333, 332, 334, 348, 
57125, 335, 332, 335, 347, 
57155, 337, 339, 339, 335, 
57186, 339, 342, 340, 327, 
57216, 337, 338, 339, 334, 
57246, 334, 333, 335, 347, 
57276, 334, 332, 334, 347, 
57307, 336, 336, 337, 337, 
57336, 339, 342, 340, 327, 
57367, 338, 340, 340, 331, 
57397, 333, 334, 337, 343, 
57427, 333, 331, 335, 349, 
57457, 336, 336, 336, 339, 
57487, 340, 341, 339, 328, 
57518, 338, 341, 340, 329, 
57547, 335, 335, 336, 341, 
57578, 333, 331, 333, 349, 
57608, 335, 334, 335, 342, 
57638, 339, 339, 338, 330, 
57668, 337, 341, 340, 327, 
57699, 336, 336, 338, 339, 
57729, 333, 331, 335, 349, 
57759, 334, 334, 335, 344, 
57789, 338, 338, 338, 333, 
57819, 340, 341, 340, 326, 
57849, 337, 337, 338, 336, 
57879, 333, 332, 335, 348, 
57910, 334, 332, 334, 348, 
57939, 337, 337, 338, 335, 
57970, 340, 342, 341, 326, 
58000, 338, 339, 339, 332, 
58031, 335, 333, 335, 345, 
58060, 334, 332, 334, 347, 
58091, 336, 336, 337, 337, 
58121, 339, 341, 341, 326, 
58150, 338, 340, 339, 331, 
58181, 335, 335, 336, 343, 
58211, 334, 331, 334, 349, 
58242, 335, 336, 336, 340, 
58271, 339, 341, 340, 329, 
58302, 339, 343, 340, 329, 
58332, 336, 336, 337, 339, 
58362, 334, 331, 334, 349, 
58392, 335, 334, 336, 343, 
58423, 338, 340, 339, 330, 
58452, 339, 341, 341, 327, 
58482, 336, 337, 338, 337, 
58513, 333, 332, 335, 348, 
58543, 334, 332, 334, 345, 
58573, 337, 338, 337, 333, 
58603, 339, 341, 340, 326, 
58634, 337, 341, 339, 334, 
58663, 334, 332, 334, 346, 
58694, 335, 332, 334, 347, 
58724, 337, 337, 338, 336, 
58754, 339, 341, 340, 327, 
58784, 338, 339, 338, 332, 
58814, 333, 333, 336, 344, 
58845, 333, 331, 334, 348, 
58874, 336, 336, 335, 338, 
58905, 339, 341, 339, 327, 
58935, 339, 340, 339, 329, 
58966, 335, 334, 336, 342, 
58995, 333, 332, 334, 348, 
59026, 335, 334, 335, 340, 
59056, 339, 340, 339, 328, 
59085, 339, 341, 339, 328, 
59116, 336, 336, 337, 339, 
59146, 333, 331, 334, 349, 
59176, 335, 333, 335, 343, 
59206, 338, 339, 338, 331, 
59237, 339, 341, 340, 326, 
59267, 336, 337, 338, 336, 
59297, 333, 331, 334, 346, 
59327, 334, 333, 334, 345, 
59358, 337, 337, 337, 333, 
59387, 339, 343, 340, 325, 
59417, 337, 337, 338, 333, 
59448, 334, 333, 334, 345, 
59478, 334, 332, 334, 346, 
59508, 336, 337, 337, 336, 
59538, 339, 341, 339, 326, 
59569, 338, 340, 340, 331, 
59598, 335, 335, 336, 343, 
59629, 333, 331, 333, 348, 
59659, 336, 335, 336, 339, 
59689, 339, 341, 339, 328, 
59719, 339, 340, 341, 329, 
59749, 335, 334, 337, 340, 
59780, 333, 331, 334, 349, 
59809, 335, 334, 335, 342, 
59840, 339, 340, 339, 329, 
59870, 339, 341, 340, 327, 
59900, 336, 337, 337, 339, 
59930, 334, 332, 334, 348, 
59961, 334, 333, 335, 344, 
59991, 337, 338, 338, 332, 
60021, 339, 341, 342, 326, 
60051, 337, 338, 339, 336, 
60081, 333, 332, 335, 347, 
60111, 334, 332, 334, 345, 
60141, 337, 337, 337, 335, 
60172, 340, 341, 340, 326, 
60201, 337, 338, 339, 333, 
60232, 334, 333, 335, 345, 
60262, 333, 331, 334, 348, 
60293, 336, 336, 336, 337, 
60322, 339, 341, 340, 326, 
60353, 339, 339, 339, 330, 
60383, 335, 334, 336, 342, 
60412, 334, 331, 333, 349, 
60443, 335, 335, 336, 340, 
60473, 339, 340, 340, 328, 
60504, 339, 341, 340, 328, 
60533, 336, 336, 337, 339, 
60564, 333, 331, 333, 349, 
60594, 335, 333, 335, 343, 
60624, 338, 339, 339, 331, 
60654, 339, 342, 340, 327, 
60684, 336, 337, 338, 337, 
60715, 334, 331, 334, 349, 
60744, 334, 333, 334, 346, 
60775, 336, 338, 338, 335, 
60805, 339, 342, 340, 326, 
60835, 337, 339, 339, 334, 
60865, 334, 333, 335, 347, 
60896, 334, 332, 335, 348, 
60925, 337, 337, 337, 336, 
60956, 339, 341, 341, 328, 
60986, 338, 339, 339, 332, 
61016, 334, 334, 336, 345, 
61046, 333, 331, 334, 349, 
61076, 336, 335, 335, 339, 
61107, 339, 340, 339, 330, 
61136, 338, 340, 340, 329, 
61167, 334, 335, 336, 341, 
61197, 333, 331, 333, 349, 
61228, 335, 335, 335, 342, 
61257, 339, 339, 339, 329, 
61288, 339, 341, 341, 328, 
61318, 336, 336, 337, 338, 
61347, 334, 331, 335, 348, 
61378, 334, 334, 335, 344, 
61408, 337, 338, 338, 332, 
61438, 339, 341, 339, 326, 
61468, 337, 337, 338, 335, 
61499, 334, 333, 333, 347, 
61529, 334, 332, 334, 346, 
61559, 338, 337, 338, 335, 
61589, 340, 341, 339, 325, 
61620, 338, 339, 339, 332, 
61649, 335, 333, 335, 343, 
61679, 334, 332, 335, 347, 
61710, 336, 337, 337, 337, 
61740, 339, 341, 340, 326, 
61770, 337, 340, 340, 329, 
61800, 336, 334, 336, 342, 
61831, 333, 331, 334, 347, 
61860, 335, 335, 337, 341, 
61891, 339, 341, 340, 328, 
61921, 339, 341, 341, 327, 
61952, 336, 336, 337, 339, 
61981, 335, 331, 334, 349, 
62011, 335, 334, 335, 342, 
62042, 338, 339, 339, 330, 
62071, 340, 341, 340, 326, 
62102, 336, 337, 337, 335, 
62132, 334, 331, 334, 347, 
62162, 335, 333, 334, 345, 
62192, 338, 338, 337, 333, 
62223, 340, 341, 340, 326, 
62253, 338, 339, 338, 333, 
62283, 334, 333, 335, 344, 
62313, 334, 332, 334, 347, 
62343, 337, 336, 337, 336, 
62373, 339, 341, 340, 326, 
62403, 338, 340, 340, 331, 
62434, 334, 333, 336, 344, 
62464, 333, 332, 334, 347, 
62494, 335, 336, 336, 339, 
62524, 340, 341, 339, 327, 
62555, 338, 340, 340, 329, 
62584, 335, 335, 336, 342, 
62614, 333, 331, 333, 349, 
62645, 335, 333, 335, 342, 
62674, 337, 339, 339, 330, 
62705, 339, 341, 339, 328, 
62735, 336, 336, 337, 338, 
62766, 333, 331, 333, 349, 
62795, 335, 333, 335, 345, 
62826, 339, 338, 338, 333, 
62856, 340, 340, 341, 326, 
62886, 337, 339, 338, 335, 
62916, 333, 332, 335, 347, 
62946, 334, 332, 334, 347, 
62977, 337, 337, 337, 334, 
63006, 339, 342, 340, 326, 
63037, 338, 339, 339, 332, 
63067, 334, 334, 336, 345, 
63097, 335, 331, 334, 348, 
63127, 337, 336, 337, 338, 
63158, 339, 341, 339, 327, 
63187, 339, 340, 339, 331, 
63218, 335, 335, 337, 343, 
63248, 333, 331, 334, 350, 
63278, 335, 335, 336, 341, 
63308, 340, 340, 340, 331, 
63338, 339, 340, 340, 329, 
63369, 336, 337, 337, 340, 
63398, 334, 331, 334, 348, 
63429, 335, 333, 335, 344, 
63459, 338, 339, 338, 331, 
63490, 339, 342, 340, 327, 
63519, 337, 338, 337, 336, 
63550, 334, 332, 335, 347, 
63580, 334, 333, 334, 346, 
63609, 337, 338, 338, 335, 
63640, 339, 341, 340, 326, 
63670, 337, 338, 338, 334, 
63700, 334, 333, 335, 345, 
63730, 334, 332, 334, 347, 
63761, 336, 336, 337, 337, 
63791, 340, 341, 341, 326, 
63821, 338, 339, 339, 331, 
63851, 335, 334, 336, 343, 
63882, 333, 331, 333, 348, 
63911, 335, 335, 336, 341, 
63941, 339, 340, 339, 328, 
63972, 337, 341, 340, 328, 
64002, 337, 335, 338, 339, 
64032, 333, 331, 334, 349, 
64062, 335, 334, 334, 342, 
64093, 338, 339, 339, 330, 
64122, 339, 341, 341, 327, 
64153, 336, 337, 338, 337, 
64183, 334, 332, 335, 347, 
64214, 334, 333, 335, 345, 
64243, 338, 339, 338, 333, 
64273, 340, 342, 340, 326, 
64304, 337, 338, 339, 335, 
64333, 334, 332, 336, 346, 
64364, 334, 332, 334, 347, 
64394, 337, 336, 337, 337, 
64424, 339, 341, 337, 326, 
64454, 339, 340, 339, 331, 
64485, 334, 334, 336, 344, 
64515, 334, 332, 335, 349, 
64544, 336, 335, 336, 339, 
64575, 339, 341, 340, 328, 
64605, 339, 340, 340, 329, 
64635, 336, 335, 337, 340, 
64665, 333, 331, 334, 348, 
64696, 336, 334, 336, 343, 
64726, 339, 339, 339, 330, 
64756, 340, 341, 341, 328, 
64786, 337, 337, 337, 338, 
64817, 333, 331, 334, 348, 
64846, 334, 333, 335, 345, 
64876, 338, 339, 338, 333, 
64907, 339, 341, 340, 327, 
64936, 337, 338, 338, 336, 
64967, 334, 333, 334, 347, 
64997, 333, 332, 334, 347, 
65028, 337, 337, 337, 336, 
65057, 339, 342, 340, 326, 
65088, 337, 339, 339, 333, 
65118, 335, 334, 336, 345, 
65148, 334, 332, 333, 349, 
65178, 335, 336, 336, 339, 
65208, 339, 342, 339, 329, 
65239, 338, 341, 340, 330, 
65268, 335, 335, 336, 342, 
65299, 333, 331, 334, 350, 
65329, 335, 334, 335, 343, 
65359, 338, 340, 339, 331, 
65389, 339, 341, 340, 328, 
65420, 336, 336, 337, 338, 
65449, 333, 331, 334, 349, 
65480, 335, 333, 334, 344, 
65510, 337, 338, 338, 332, 
65540, 339, 341, 340, 327, 
65570, 337, 338, 339, 335, 
65600, 333, 332, 335, 347, 
65631, 333, 331, 334, 347, 
65660, 336, 337, 337, 335, 
65691, 339, 341, 341, 326, 
65721, 337, 338, 339, 333, 
65752, 334, 333, 335, 345, 
65781, 333, 331, 335, 349, 
65812, 336, 335, 337, 338, 
65842, 339, 341, 340, 327, 
65871, 339, 340, 340, 330, 
65902, 335, 334, 336, 342, 
65932, 333, 331, 333, 350, 
65963, 335, 334, 335, 342, 
65992, 338, 340, 339, 329, 
66023, 339, 341, 341, 328, 
