9, 331, 
976577, 340, 342, 341, 326, 
976608, 339, 341, 340, 330, 
976640, 339, 340, 341, 327, 
1, 341, 342, 340, 325, 
2, 339, 342, 340, 326, 
11, 334, 333, 336, 346, 
37, 337, 337, 337, 337, 
65, 340, 341, 340, 332, 
92, 334, 332, 334, 350, 
119, 340, 341, 339, 329, 
147, 337, 338, 339, 335, 
175, 333, 332, 334, 351, 
203, 339, 340, 338, 333, 
231, 338, 341, 340, 333, 
260, 334, 332, 334, 351, 
287, 337, 338, 338, 336, 
316, 339, 341, 341, 330, 
344, 334, 333, 335, 349, 
371, 337, 337, 336, 340, 
400, 340, 342, 341, 328, 
428, 336, 335, 336, 346, 
456, 336, 336, 335, 344, 
484, 341, 343, 341, 327, 
512, 336, 334, 337, 343, 
540, 335, 333, 335, 347, 
568, 340, 342, 340, 328, 
596, 337, 338, 338, 339, 
624, 334, 332, 335, 350, 
653, 339, 341, 340, 330, 
680, 338, 339, 340, 336, 
708, 333, 331, 334, 351, 
737, 338, 340, 339, 333, 
764, 339, 340, 340, 332, 
793, 333, 332, 335, 350, 
821, 338, 338, 338, 337, 
849, 340, 341, 342, 330, 
877, 335, 332, 335, 348, 
905, 336, 336, 336, 342, 
933, 340, 343, 341, 327, 
961, 335, 334, 336, 345, 
990, 335, 334, 335, 345, 
1017, 340, 342, 341, 328, 
1046, 337, 338, 339, 338, 
1076, 334, 331, 335, 351, 
1104, 336, 337, 337, 340, 
1134, 341, 343, 341, 328, 
1163, 338, 338, 339, 339, 
1192, 333, 331, 335, 351, 
1221, 336, 337, 337, 339, 
1251, 340, 342, 340, 327, 
1280, 338, 338, 338, 339, 
1308, 333, 332, 335, 350, 
1338, 337, 337, 337, 339, 
1367, 340, 342, 341, 327, 
1396, 337, 337, 338, 342, 
1425, 333, 331, 334, 351, 
1455, 336, 337, 337, 337, 
1483, 340, 342, 341, 327, 
1512, 335, 336, 338, 341, 
1542, 333, 332, 334, 350, 
1570, 338, 338, 338, 336, 
1600, 340, 343, 341, 327, 
1629, 336, 336, 338, 341, 
1658, 333, 332, 335, 350, 
1687, 337, 338, 338, 337, 
1717, 339, 342, 342, 328, 
1745, 336, 336, 337, 343, 
1774, 334, 332, 334, 349, 
1804, 338, 339, 338, 335, 
1832, 340, 342, 341, 328, 
1862, 336, 334, 337, 342, 
1891, 334, 332, 334, 349, 
1921, 338, 339, 338, 334, 
1949, 339, 343, 341, 328, 
1978, 336, 335, 337, 343, 
2008, 334, 332, 334, 349, 
2036, 338, 339, 339, 333, 
2066, 339, 342, 341, 328, 
2095, 336, 334, 337, 343, 
2124, 334, 332, 335, 348, 
2153, 338, 339, 339, 333, 
2183, 340, 342, 341, 329, 
2211, 335, 335, 337, 345, 
2240, 335, 333, 334, 349, 
2270, 339, 341, 339, 333, 
2298, 340, 342, 342, 330, 
2328, 335, 335, 337, 347, 
2357, 334, 333, 334, 348, 
2386, 339, 340, 339, 332, 
2415, 339, 341, 341, 332, 
2444, 335, 334, 336, 346, 
2473, 335, 333, 334, 347, 
2502, 339, 340, 339, 331, 
2532, 339, 342, 341, 330, 
2561, 335, 333, 337, 346, 
2590, 334, 333, 335, 346, 
2619, 340, 341, 340, 330, 
2649, 339, 341, 341, 331, 
2677, 335, 334, 335, 347, 
2706, 335, 333, 335, 346, 
2736, 339, 342, 340, 330, 
2764, 339, 341, 340, 332, 
2794, 334, 333, 336, 347, 
2823, 335, 333, 334, 345, 
2852, 340, 341, 340, 329, 
2881, 339, 340, 341, 332, 
2910, 334, 334, 335, 349, 
2939, 335, 334, 335, 345, 
2968, 339, 343, 340, 330, 
2998, 339, 340, 340, 334, 
3026, 334, 334, 335, 349, 
3056, 336, 334, 335, 345, 
3085, 339, 341, 340, 329, 
3115, 339, 340, 340, 334, 
3143, 334, 332, 335, 348, 
3172, 335, 335, 335, 344, 
3202, 340, 340, 342, 329, 
3230, 338, 340, 341, 335, 
3260, 334, 332, 335, 348, 
3289, 336, 335, 335, 343, 
3318, 340, 342, 341, 328, 
3347, 338, 339, 339, 334, 
3376, 334, 332, 335, 349, 
3405, 336, 335, 336, 342, 
3434, 340, 342, 340, 327, 
3464, 339, 339, 340, 334, 
3492, 334, 332, 335, 349, 
3522, 336, 335, 334, 342, 
3551, 340, 342, 342, 328, 
3580, 337, 337, 339, 335, 
3609, 333, 332, 335, 350, 
3638, 336, 334, 336, 341, 
3667, 340, 343, 341, 326, 
3696, 337, 339, 339, 336, 
3726, 334, 332, 334, 350, 
3755, 336, 336, 337, 341, 
3784, 342, 341, 341, 327, 
3813, 338, 338, 339, 337, 
3842, 334, 331, 333, 350, 
3871, 336, 336, 337, 341, 
3900, 340, 343, 342, 327, 
3930, 337, 337, 339, 338, 
3958, 334, 332, 335, 350, 
3988, 336, 336, 337, 339, 
4017, 340, 342, 341, 327, 
4046, 336, 338, 339, 337, 
4075, 334, 332, 334, 350, 
4104, 336, 337, 337, 338, 
4133, 340, 343, 343, 326, 
4162, 337, 337, 338, 338, 
4192, 333, 331, 334, 350, 
4220, 336, 336, 336, 338, 
4250, 340, 342, 341, 326, 
4279, 336, 336, 340, 339, 
4307, 333, 332, 334, 350, 
4337, 337, 337, 335, 337, 
4366, 341, 342, 341, 326, 
4396, 337, 336, 338, 339, 
4424, 333, 331, 334, 350, 
4454, 337, 337, 338, 336, 
4483, 340, 342, 341, 326, 
4512, 336, 336, 339, 340, 
4541, 333, 332, 333, 349, 
4570, 336, 338, 338, 336, 
4599, 340, 342, 341, 326, 
4628, 336, 336, 338, 340, 
4658, 334, 333, 334, 349, 
4686, 339, 338, 337, 335, 
4716, 340, 342, 341, 327, 
4745, 336, 337, 337, 341, 
4773, 335, 332, 334, 349, 
4803, 338, 338, 338, 335, 
4832, 340, 343, 341, 329, 
4861, 336, 336, 338, 342, 
4890, 334, 332, 334, 350, 
4920, 337, 338, 338, 335, 
4948, 340, 342, 341, 328, 
4978, 336, 335, 337, 343, 
5007, 334, 332, 334, 349, 
5036, 339, 338, 339, 334, 
5065, 339, 342, 341, 328, 
5094, 336, 335, 337, 343, 
5124, 335, 332, 333, 349, 
5152, 338, 339, 339, 333, 
5182, 339, 342, 342, 329, 
5211, 336, 335, 337, 343, 
5239, 334, 332, 334, 348, 
5269, 338, 339, 338, 333, 
5298, 339, 342, 341, 328, 
5327, 335, 335, 337, 344, 
5356, 334, 333, 335, 348, 
5386, 338, 339, 339, 332, 
5414, 340, 343, 341, 329, 
5444, 335, 335, 336, 345, 
5473, 334, 333, 334, 348, 
5501, 337, 340, 339, 332, 
5531, 339, 342, 341, 329, 
5560, 335, 335, 336, 345, 
5590, 334, 333, 334, 348, 
5618, 339, 341, 340, 332, 
5648, 339, 342, 341, 329, 
5677, 335, 335, 336, 345, 
5705, 334, 333, 335, 347, 
5735, 339, 340, 339, 331, 
5764, 340, 341, 340, 329, 
5793, 335, 334, 336, 345, 
5822, 334, 332, 334, 347, 
5852, 340, 341, 339, 331, 
5880, 340, 341, 340, 330, 
5910, 335, 334, 336, 346, 
5939, 334, 333, 334, 346, 
5967, 339, 340, 339, 331, 
5997, 339, 341, 341, 331, 
6026, 335, 333, 337, 347, 
6055, 334, 333, 335, 346, 
6084, 339, 341, 340, 330, 
6114, 339, 341, 340, 331, 
6142, 334, 334, 336, 347, 
6171, 334, 333, 335, 346, 
6201, 339, 341, 340, 329, 
6230, 339, 341, 339, 332, 
6259, 334, 333, 336, 346, 
6288, 335, 334, 335, 345, 
6318, 339, 342, 340, 329, 
6346, 339, 340, 340, 332, 
6376, 334, 332, 336, 349, 
6405, 335, 335, 335, 345, 
6433, 340, 341, 341, 329, 
6463, 339, 341, 340, 333, 
6492, 335, 333, 335, 348, 
6521, 334, 334, 335, 345, 
6550, 339, 342, 340, 328, 
6580, 339, 340, 340, 333, 
6608, 334, 332, 335, 348, 
6637, 335, 334, 335, 344, 
6667, 340, 342, 340, 329, 
6695, 338, 339, 340, 334, 
6725, 333, 332, 335, 349, 
6754, 335, 334, 335, 344, 
6784, 340, 341, 341, 328, 
6812, 338, 339, 340, 334, 
6842, 334, 332, 333, 349, 
6871, 336, 335, 335, 342, 
6899, 339, 342, 339, 327, 
6929, 338, 339, 340, 334, 
6958, 335, 331, 334, 349, 
6987, 335, 334, 336, 343, 
7016, 339, 342, 340, 329, 
7046, 338, 340, 340, 335, 
7074, 334, 332, 335, 350, 
7103, 336, 336, 336, 342, 
7133, 340, 341, 341, 328, 
7161, 337, 339, 340, 335, 
7191, 333, 332, 336, 350, 
7220, 336, 335, 336, 342, 
7249, 340, 343, 341, 327, 
7278, 338, 339, 339, 335, 
7308, 334, 332, 335, 349, 
7336, 336, 336, 336, 342, 
7365, 340, 342, 341, 327, 
7395, 337, 339, 338, 336, 
7424, 333, 333, 335, 349, 
7453, 336, 336, 336, 340, 
7482, 340, 343, 342, 326, 
7512, 338, 339, 339, 336, 
7540, 335, 331, 334, 349, 
7569, 336, 336, 337, 340, 
7599, 340, 342, 341, 326, 
7627, 337, 339, 339, 337, 
7657, 335, 332, 333, 350, 
7686, 337, 336, 337, 341, 
7715, 340, 343, 343, 327, 
7744, 337, 338, 339, 336, 
7774, 333, 331, 334, 350, 
7802, 336, 336, 336, 339, 
7831, 340, 342, 341, 326, 
7861, 337, 337, 339, 336, 
7889, 334, 332, 334, 350, 
7919, 336, 336, 336, 338, 
7948, 340, 342, 341, 326, 
7977, 337, 338, 339, 337, 
8006, 333, 332, 334, 350, 
8035, 336, 336, 338, 338, 
8065, 340, 343, 341, 326, 
8093, 336, 337, 338, 338, 
8123, 335, 332, 335, 350, 
8152, 336, 337, 337, 338, 
8181, 340, 342, 341, 327, 
8210, 337, 337, 338, 339, 
8240, 333, 332, 334, 350, 
8268, 337, 337, 337, 338, 
8297, 340, 343, 341, 327, 
8327, 336, 337, 338, 340, 
8355, 334, 331, 334, 351, 
8385, 337, 337, 337, 339, 
8414, 340, 343, 342, 328, 
8443, 336, 336, 338, 340, 
8472, 334, 331, 334, 351, 
8501, 337, 337, 338, 338, 
8530, 340, 343, 341, 327, 
8559, 335, 336, 338, 340, 
8589, 333, 331, 334, 350, 
8617, 337, 337, 337, 336, 
8647, 341, 342, 342, 327, 
8676, 336, 336, 337, 340, 
8706, 333, 332, 333, 349, 
8734, 338, 339, 338, 336, 
8763, 340, 343, 341, 328, 
8793, 336, 336, 337, 341, 
8821, 335, 331, 334, 349, 
8851, 338, 338, 338, 335, 
8880, 340, 342, 341, 327, 
8909, 336, 336, 338, 341, 
8938, 334, 332, 335, 349, 
8967, 338, 338, 339, 335, 
8996, 340, 342, 342, 329, 
9025, 336, 336, 337, 342, 
9055, 333, 332, 333, 349, 
9083, 338, 338, 338, 334, 
9113, 341, 343, 341, 327, 
9142, 336, 336, 337, 342, 
9171, 335, 332, 334, 349, 
9200, 338, 339, 338, 334, 
9229, 340, 342, 342, 329, 
9259, 336, 335, 337, 343, 
9287, 334, 332, 335, 348, 
9317, 338, 339, 338, 334, 
9346, 339, 342, 342, 328, 
9375, 336, 335, 336, 343, 
9404, 334, 332, 335, 348, 
9433, 338, 339, 338, 333, 
9462, 340, 342, 341, 328, 
9491, 335, 335, 337, 345, 
9521, 334, 333, 334, 348, 
9549, 339, 340, 339, 333, 
9579, 340, 342, 341, 329, 
9608, 335, 334, 335, 344, 
9637, 334, 333, 334, 348, 
9666, 338, 338, 339, 333, 
9695, 340, 341, 341, 329, 
9724, 335, 334, 336, 344, 
9753, 335, 333, 334, 348, 
9783, 339, 340, 339, 332, 
9811, 339, 342, 341, 329, 
9841, 335, 334, 337, 346, 
9870, 334, 333, 336, 346, 
9899, 339, 340, 339, 332, 
9928, 340, 341, 340, 330, 
9957, 335, 334, 336, 345, 
9987, 333, 333, 334, 347, 
10015, 339, 340, 337, 331, 
10046, 339, 342, 343, 327, 
10076, 337, 338, 339, 337, 
10106, 335, 332, 336, 348, 
10136, 335, 333, 334, 346, 
10167, 338, 338, 337, 335, 
10196, 341, 342, 342, 327, 
10226, 338, 340, 340, 333, 
10257, 335, 334, 336, 345, 
10287, 335, 332, 334, 350, 
10317, 337, 337, 337, 339, 
10347, 340, 342, 340, 328, 
10378, 339, 340, 340, 332, 
10407, 335, 335, 336, 343, 
10438, 334, 331, 334, 350, 
10468, 336, 336, 336, 342, 
10498, 339, 340, 340, 330, 
10528, 340, 342, 341, 328, 
10558, 337, 336, 338, 340, 
10589, 334, 331, 334, 349, 
10618, 335, 334, 335, 345, 
10649, 339, 339, 339, 333, 
10679, 340, 342, 341, 326, 
10710, 340, 339, 339, 335, 
10739, 334, 333, 335, 348, 
10770, 334, 332, 334, 347, 
10800, 338, 337, 337, 336, 
10829, 341, 341, 342, 327, 
10860, 338, 340, 341, 332, 
10890, 336, 334, 337, 344, 
10920, 333, 332, 335, 349, 
10950, 336, 336, 337, 340, 
10981, 339, 342, 340, 328, 
11011, 340, 340, 341, 329, 
11041, 336, 336, 338, 341, 
11071, 335, 332, 335, 350, 
11102, 336, 334, 336, 344, 
11131, 338, 340, 340, 330, 
11161, 339, 343, 341, 327, 
11192, 338, 338, 339, 337, 
11222, 334, 332, 335, 348, 
11252, 335, 333, 335, 346, 
11282, 338, 339, 338, 334, 
11313, 338, 343, 341, 326, 
11342, 337, 340, 340, 334, 
11373, 335, 333, 336, 346, 
11403, 333, 332, 334, 348, 
11433, 336, 337, 336, 337, 
11463, 340, 342, 341, 327, 
11493, 340, 341, 340, 330, 
11524, 336, 335, 337, 342, 
11553, 335, 332, 334, 349, 
11584, 336, 335, 335, 341, 
11614, 339, 341, 340, 329, 
11644, 339, 341, 341, 329, 
11674, 336, 336, 337, 339, 
11705, 334, 332, 335, 349, 
11735, 335, 334, 335, 345, 
11765, 338, 339, 339, 332, 
11795, 340, 342, 343, 327, 
11825, 338, 338, 340, 336, 
11855, 334, 332, 335, 348, 
11885, 335, 332, 334, 347, 
11916, 338, 337, 338, 336, 
11945, 340, 342, 342, 325, 
11976, 338, 339, 340, 332, 
12006, 335, 334, 336, 345, 
12037, 333, 331, 335, 349, 
12066, 336, 336, 336, 339, 
12097, 340, 342, 340, 328, 
12127, 338, 341, 341, 328, 
12156, 337, 336, 338, 341, 
12187, 334, 331, 333, 351, 
12217, 335, 335, 336, 344, 
12248, 340, 340, 339, 331, 
12277, 340, 342, 341, 326, 
12308, 336, 339, 337, 337, 
12338, 334, 331, 335, 349, 
12368, 334, 333, 334, 346, 
12398, 338, 339, 338, 334, 
12428, 340, 343, 341, 327, 
12459, 338, 339, 340, 335, 
12488, 336, 333, 336, 347, 
12519, 335, 332, 334, 349, 
12549, 337, 337, 338, 337, 
12579, 340, 342, 341, 328, 
12609, 339, 340, 341, 332, 
12640, 336, 335, 338, 343, 
12669, 335, 333, 334, 350, 
12700, 336, 335, 336, 341, 
12730, 338, 342, 340, 330, 
12760, 339, 342, 341, 328, 
12790, 337, 337, 338, 340, 
12820, 334, 332, 335, 349, 
12851, 336, 334, 335, 346, 
12880, 338, 339, 340, 332, 
12911, 340, 342, 342, 327, 
12941, 338, 338, 340, 336, 
12972, 334, 333, 335, 348, 
13001, 335, 334, 334, 347, 
13032, 338, 338, 337, 337, 
13062, 340, 342, 341, 326, 
13091, 338, 339, 341, 332, 
13122, 334, 334, 336, 345, 
13152, 333, 331, 334, 349, 
13182, 337, 337, 336, 340, 
13212, 339, 341, 340, 329, 
13243, 339, 342, 341, 330, 
13273, 336, 336, 337, 341, 
13303, 335, 331, 334, 350, 
13333, 336, 335, 335, 343, 
13364, 339, 340, 339, 331, 
13393, 341, 342, 341, 329, 
13423, 337, 337, 339, 337, 
13454, 334, 332, 335, 349, 
13484, 335, 333, 334, 346, 
13514, 337, 338, 338, 334, 
13544, 341, 343, 342, 326, 
13575, 338, 339, 340, 336, 
13604, 336, 333, 335, 346, 
13635, 334, 332, 334, 349, 
13665, 338, 337, 337, 337, 
13696, 340, 342, 340, 326, 
13725, 339, 341, 342, 332, 
13755, 337, 335, 336, 345, 
13786, 334, 331, 334, 349, 
13815, 336, 335, 336, 342, 
13846, 339, 341, 340, 329, 
13876, 339, 341, 341, 328, 
13906, 336, 338, 338, 339, 
13936, 333, 332, 335, 350, 
13967, 335, 334, 335, 344, 
13997, 339, 339, 339, 332, 
14027, 340, 342, 341, 327, 
14057, 337, 337, 340, 335, 
14087, 334, 333, 336, 348, 
14117, 334, 334, 334, 349, 
14147, 339, 337, 338, 336, 
14178, 340, 342, 342, 327, 
14208, 338, 340, 340, 332, 
14238, 336, 334, 336, 344, 
14268, 334, 333, 335, 350, 
14299, 336, 337, 337, 341, 
14328, 340, 341, 341, 328, 
14358, 339, 341, 341, 328, 
14389, 336, 336, 337, 342, 
14418, 334, 332, 334, 350, 
14449, 336, 335, 336, 343, 
14479, 339, 340, 340, 332, 
14510, 340, 342, 341, 326, 
14539, 337, 338, 339, 338, 
14570, 334, 332, 335, 349, 
14600, 334, 333, 334, 346, 
14630, 337, 339, 338, 335, 
14660, 340, 343, 341, 327, 
14690, 339, 339, 340, 334, 
14721, 335, 333, 336, 346, 
14750, 333, 332, 334, 349, 
14781, 336, 336, 336, 340, 
14811, 340, 342, 341, 328, 
14841, 340, 340, 341, 332, 
14871, 335, 335, 337, 343, 
14902, 333, 331, 334, 350, 
14931, 336, 335, 335, 343, 
14962, 339, 341, 340, 329, 
14992, 340, 341, 340, 327, 
15022, 337, 338, 339, 340, 
15052, 333, 332, 335, 350, 
15082, 335, 333, 335, 347, 
15113, 339, 339, 338, 333, 
15142, 340, 343, 341, 326, 
15173, 338, 339, 340, 335, 
15203, 334, 334, 335, 348, 
15234, 335, 332, 335, 347, 
15263, 337, 337, 337, 337, 
15294, 340, 342, 341, 327, 
15324, 338, 340, 340, 332, 
15353, 336, 336, 336, 345, 
15384, 334, 332, 334, 350, 
15414, 336, 335, 336, 341, 
15444, 339, 341, 340, 329, 
15474, 340, 341, 341, 329, 
15505, 337, 336, 338, 339, 
15535, 334, 332, 334, 349, 
15565, 335, 334, 335, 344, 
15595, 340, 339, 339, 332, 
15626, 340, 343, 341, 326, 
15655, 337, 338, 339, 335, 
15685, 334, 333, 335, 347, 
15716, 334, 333, 335, 346, 
15746, 337, 338, 337, 335, 
15776, 340, 342, 341, 326, 
15806, 338, 339, 340, 333, 
15837, 335, 334, 336, 344, 
15866, 334, 332, 334, 349, 
15897, 336, 336, 336, 340, 
15927, 340, 341, 341, 328, 
15958, 338, 341, 341, 329, 
15987, 336, 335, 337, 341, 
16017, 334, 332, 334, 350, 
16048, 335, 333, 335, 343, 
16077, 339, 340, 339, 330, 
16108, 339, 343, 341, 327, 
16138, 337, 337, 338, 338, 
16168, 333, 332, 335, 348, 
16198, 334, 333, 334, 345, 
16229, 338, 337, 337, 334, 
16259, 340, 343, 342, 326, 
16288, 338, 339, 340, 334, 
16319, 335, 333, 336, 347, 
16349, 334, 332, 334, 350, 
16379, 337, 337, 336, 339, 
16409, 340, 342, 341, 327, 
16440, 339, 341, 341, 330, 
16470, 336, 336, 338, 343, 
16500, 334, 330, 335, 349, 
16530, 336, 335, 336, 341, 
16561, 339, 341, 340, 330, 
16590, 340, 342, 341, 328, 
16620, 337, 338, 339, 338, 
16651, 334, 332, 335, 349, 
16680, 335, 334, 335, 345, 
16711, 338, 339, 339, 333, 
16741, 339, 342, 341, 327, 
16772, 338, 339, 339, 334, 
16801, 334, 333, 335, 346, 
16832, 334, 332, 334, 348, 
16862, 337, 337, 337, 338, 
16892, 339, 342, 340, 326, 
16922, 339, 340, 340, 331, 
16952, 335, 335, 336, 344, 
16983, 334, 332, 334, 349, 
17012, 335, 335, 335, 341, 
17043, 339, 342, 340, 329, 
17073, 339, 342, 341, 328, 
17103, 337, 336, 338, 341, 
17133, 334, 332, 334, 349, 
17164, 335, 333, 333, 344, 
17193, 338, 339, 338, 332, 
17224, 339, 344, 341, 326, 
17254, 338, 338, 339, 337, 
17284, 334, 333, 335, 348, 
17314, 334, 334, 334, 347, 
17344, 337, 338, 336, 335, 
17375, 340, 342, 341, 326, 
17404, 338, 340, 338, 332, 
17435, 334, 334, 336, 344, 
17465, 334, 332, 334, 349, 
17496, 337, 336, 336, 339, 
17525, 340, 341, 340, 328, 
17556, 339, 341, 341, 329, 
17586, 336, 337, 338, 340, 
17615, 333, 331, 333, 349, 
17646, 335, 334, 335, 343, 
17676, 338, 341, 339, 332, 
17707, 340, 342, 341, 327, 
17736, 337, 338, 339, 338, 
17767, 333, 332, 334, 350, 
17797, 334, 333, 334, 347, 
17827, 337, 338, 337, 335, 
17857, 340, 342, 340, 327, 
17888, 338, 339, 340, 333, 
17917, 334, 334, 336, 346, 
17947, 333, 333, 334, 349, 
17978, 336, 336, 336, 338, 
18008, 339, 341, 341, 327, 
18038, 340, 341, 340, 329, 
18068, 335, 335, 337, 343, 
18099, 334, 331, 333, 350, 
18128, 335, 335, 335, 342, 
18159, 339, 340, 339, 331, 
18189, 340, 342, 341, 328, 
18219, 336, 337, 339, 338, 
18249, 334, 332, 334, 349, 
18279, 334, 333, 335, 345, 
18310, 337, 339, 338, 335, 
18339, 341, 343, 341, 326, 
18370, 338, 338, 339, 334, 
18400, 335, 333, 336, 346, 
18430, 334, 332, 334, 347, 
18460, 337, 337, 337, 336, 
18491, 340, 342, 341, 326, 
18521, 339, 340, 340, 331, 
18550, 334, 334, 337, 343, 
18581, 334, 331, 334, 349, 
18611, 336, 335, 336, 340, 
18641, 340, 341, 340, 329, 
18671, 339, 341, 342, 329, 
18702, 336, 336, 337, 340, 
18732, 333, 331, 334, 350, 
18762, 335, 334, 334, 344, 
18792, 339, 339, 338, 332, 
18823, 339, 342, 341, 328, 
18852, 337, 338, 338, 338, 
18882, 334, 332, 334, 349, 
18913, 334, 333, 334, 348, 
18942, 337, 338, 337, 336, 
18973, 340, 343, 342, 327, 
19003, 339, 340, 340, 333, 
19034, 335, 334, 335, 346, 
19063, 334, 332, 334, 350, 
19094, 336, 336, 337, 339, 
19124, 339, 342, 340, 328, 
19154, 339, 341, 341, 330, 
19184, 337, 335, 337, 342, 
19214, 333, 332, 334, 350, 
19245, 335, 335, 335, 343, 
19274, 338, 340, 339, 331, 
19305, 340, 342, 341, 328, 
19335, 337, 337, 338, 338, 
19365, 332, 331, 334, 349, 
19395, 334, 333, 334, 346, 
19426, 338, 338, 338, 334, 
19456, 339, 342, 341, 326, 
19486, 338, 339, 339, 334, 
19516, 334, 333, 335, 346, 
19546, 333, 332, 334, 348, 
19576, 336, 336, 337, 337, 
19606, 339, 342, 340, 327, 
19637, 339, 340, 340, 331, 
19666, 335, 334, 336, 343, 
19697, 333, 331, 334, 349, 
19727, 335, 335, 336, 341, 
19758, 339, 341, 341, 329, 
19787, 339, 342, 341, 328, 
19818, 337, 336, 338, 339, 
19848, 334, 332, 334, 349, 
19877, 335, 334, 336, 344, 
19908, 338, 339, 339, 333, 
19938, 340, 342, 341, 328, 
19969, 337, 338, 340, 335, 
19998, 334, 332, 336, 347, 
20029, 334, 332, 334, 347, 
20059, 337, 338, 338, 335, 
20089, 341, 342, 341, 326, 
20119, 338, 340, 340, 332, 
20149, 335, 334, 336, 344, 
20179, 333, 331, 333, 349, 
20209, 336, 337, 336, 339, 
20240, 340, 342, 340, 328, 
20270, 340, 341, 341, 329, 
20300, 336, 336, 338, 341, 
20330, 333, 331, 334, 351, 
20361, 335, 334, 336, 343, 
20390, 339, 340, 339, 331, 
20421, 340, 342, 341, 327, 
20451, 337, 337, 338, 337, 
20481, 334, 331, 334, 349, 
20511, 334, 333, 334, 346, 
20541, 338, 338, 337, 334, 
20572, 340, 342, 341, 326, 
20601, 338, 339, 340, 333, 
20632, 334, 333, 336, 346, 
20662, 333, 331, 334, 349, 
20692, 336, 336, 336, 338, 
20722, 339, 342, 341, 327, 
20753, 338, 340, 340, 329, 
20783, 334, 335, 337, 342, 
20812, 333, 332, 334, 349, 
20843, 336, 335, 336, 342, 
20873, 339, 341, 340, 330, 
20903, 339, 341, 341, 328, 
20933, 337, 338, 338, 339, 
20964, 333, 332, 334, 350, 
20994, 334, 334, 335, 344, 
21024, 338, 339, 338, 332, 
21054, 340, 342, 341, 326, 
21085, 338, 338, 339, 335, 
21114, 335, 333, 335, 347, 
21144, 334, 332, 334, 348, 
21175, 338, 338, 337, 336, 
21204, 340, 342, 341, 327, 
21235, 339, 340, 340, 332, 
21265, 335, 334, 336, 344, 
21296, 335, 331, 333, 350, 
21325, 335, 336, 336, 340, 
21356, 340, 341, 340, 329, 
21386, 339, 341, 341, 330, 
21416, 336, 336, 337, 341, 
21446, 334, 332, 334, 350, 
21476, 336, 334, 335, 344, 
21507, 339, 340, 340, 332, 
21536, 340, 342, 341, 327, 
21567, 337, 338, 340, 337, 
21597, 334, 332, 335, 349, 
21627, 334, 333, 336, 347, 
21657, 338, 340, 337, 335, 
21688, 340, 343, 340, 327, 
21718, 338, 340, 340, 334, 
21748, 333, 333, 336, 346, 
21778, 334, 331, 333, 349, 
21808, 337, 336, 336, 338, 
21838, 340, 342, 340, 327, 
21868, 339, 342, 341, 330, 
21899, 335, 335, 337, 342, 
21928, 334, 332, 334, 352, 
21959, 336, 335, 335, 343, 
21989, 339, 341, 341, 329, 
22020, 340, 342, 341, 327, 
22049, 337, 337, 340, 338, 
22079, 333, 332, 335, 349, 
22110, 335, 333, 335, 345, 
22139, 338, 340, 338, 333, 
22170, 341, 342, 341, 326, 
22200, 338, 339, 339, 334, 
22231, 334, 333, 335, 346, 
22260, 334, 332, 334, 347, 
22291, 337, 337, 337, 336, 
22321, 340, 343, 341, 327, 
22351, 338, 340, 341, 332, 
22381, 335, 334, 336, 344, 
22411, 334, 331, 333, 350, 
22441, 335, 335, 336, 340, 
22471, 339, 342, 340, 329, 
22502, 340, 342, 341, 330, 
22532, 337, 336, 337, 341, 
22562, 335, 331, 335, 350, 
22592, 335, 333, 335, 344, 
22623, 339, 339, 340, 332, 
22652, 340, 342, 341, 327, 
22683, 338, 338, 339, 338, 
22713, 334, 332, 334, 349, 
22743, 334, 333, 334, 347, 
22773, 338, 338, 338, 335, 
22803, 340, 343, 341, 327, 
22834, 338, 339, 340, 335, 
22863, 335, 334, 336, 346, 
22894, 335, 332, 334, 349, 
22924, 337, 337, 337, 338, 
22955, 340, 343, 340, 327, 
22984, 339, 341, 340, 330, 
23015, 336, 336, 338, 343, 
23045, 335, 331, 334, 349, 
23074, 336, 335, 336, 341, 
23105, 340, 341, 340, 330, 
23135, 339, 341, 342, 327, 
23165, 336, 337, 339, 338, 
23195, 334, 331, 335, 349, 
23226, 335, 334, 335, 345, 
23256, 338, 339, 338, 333, 
23286, 340, 342, 341, 326, 
23316, 338, 339, 340, 336, 
23347, 334, 333, 335, 347, 
23376, 334, 332, 334, 347, 
23406, 337, 337, 338, 336, 
23437, 340, 342, 341, 326, 
23467, 339, 340, 340, 331, 
23497, 335, 334, 336, 344, 
23527, 333, 331, 333, 349, 
23558, 337, 336, 336, 340, 
23587, 339, 341, 339, 328, 
23618, 339, 340, 341, 329, 
23648, 337, 336, 337, 341, 
23678, 333, 331, 334, 350, 
23708, 336, 335, 335, 343, 
23738, 338, 340, 339, 330, 
23769, 340, 343, 341, 327, 
23798, 337, 338, 339, 338, 
23829, 334, 332, 335, 348, 
23859, 335, 334, 334, 346, 
23889, 338, 340, 338, 334, 
23919, 340, 343, 342, 325, 
23950, 338, 339, 340, 333, 
23980, 335, 333, 335, 346, 
24009, 334, 332, 334, 347, 
24040, 337, 337, 337, 335, 
24070, 340, 343, 341, 326, 
24100, 339, 340, 341, 330, 
24130, 336, 335, 336, 343, 
24161, 333, 331, 334, 349, 
24190, 336, 336, 336, 340, 
24221, 339, 341, 340, 328, 
24251, 339, 342, 341, 328, 
24282, 336, 338, 338, 341, 
24311, 334, 332, 334, 349, 
24341, 335, 334, 335, 345, 
24372, 339, 340, 339, 331, 
24401, 341, 342, 341, 326, 
24432, 337, 338, 339, 336, 
24462, 334, 333, 335, 347, 
24493, 335, 333, 334, 346, 
24522, 337, 338, 338, 335, 
24553, 340, 342, 341, 327, 
24583, 339, 340, 340, 333, 
24613, 335, 334, 336, 345, 
24643, 334, 332, 334, 349, 
24673, 337, 336, 337, 338, 
24704, 340, 342, 340, 327, 
24733, 339, 340, 340, 330, 
24764, 336, 335, 336, 342, 
24794, 333, 331, 334, 349, 
24824, 335, 335, 335, 342, 
24854, 339, 340, 339, 330, 
24885, 340, 341, 341, 328, 
24914, 337, 337, 338, 338, 
24945, 335, 332, 333, 350, 
24975, 335, 333, 334, 345, 
25005, 338, 339, 338, 333, 
25035, 340, 342, 341, 326, 
25065, 337, 338, 339, 335, 
25096, 334, 333, 335, 347, 
25125, 334, 333, 334, 348, 
25156, 338, 338, 337, 336, 
25186, 340, 342, 341, 328, 
25217, 339, 340, 340, 332, 
25246, 335, 334, 336, 345, 
25277, 333, 331, 333, 350, 
25307, 338, 337, 336, 340, 
25336, 340, 342, 341, 328, 
25367, 340, 341, 340, 330, 
25397, 336, 336, 337, 341, 
25427, 335, 331, 334, 350, 
25457, 336, 334, 335, 343, 
25488, 339, 341, 340, 331, 
25518, 340, 342, 341, 327, 
25548, 338, 338, 339, 339, 
25578, 333, 333, 335, 349, 
25609, 335, 333, 334, 347, 
25638, 338, 339, 338, 334, 
25668, 340, 343, 341, 327, 
25699, 338, 339, 339, 335, 
25729, 335, 334, 336, 347, 
25759, 334, 332, 334, 347, 
25789, 338, 337, 337, 337, 
25820, 340, 343, 341, 327, 
25849, 340, 340, 340, 333, 
25880, 335, 334, 336, 344, 
25910, 333, 332, 334, 350, 
25939, 336, 336, 337, 341, 
25970, 339, 341, 340, 329, 
26000, 339, 341, 342, 329, 
26031, 337, 336, 338, 340, 
26060, 334, 332, 334, 350, 
26091, 336, 335, 336, 343, 
26121, 339, 339, 339, 331, 
26151, 340, 342, 341, 327, 
26181, 337, 336, 339, 337, 
26212, 334, 332, 335, 349, 
26242, 335, 333, 335, 345, 
26271, 338, 338, 337, 335, 
26302, 340, 343, 341, 327, 
26332, 339, 339, 340, 334, 
26362, 335, 333, 336, 346, 
26392, 335, 332, 334, 349, 
26423, 337, 337, 337, 338, 
26452, 340, 342, 340, 328, 
26483, 339, 339, 340, 331, 
26513, 336, 335, 337, 343, 
26544, 333, 332, 334, 351, 
26573, 335, 336, 336, 341, 
26603, 340, 341, 340, 329, 
26634, 340, 341, 341, 329, 
26663, 337, 336, 338, 340, 
26694, 334, 332, 334, 350, 
26724, 335, 334, 335, 344, 
26755, 339, 340, 339, 332, 
26784, 341, 342, 341, 327, 
26815, 337, 338, 339, 337, 
26845, 334, 332, 335, 349, 
26875, 335, 333, 334, 347, 
26905, 337, 338, 337, 335, 
26935, 340, 343, 340, 327, 
26966, 338, 340, 340, 333, 
26995, 334, 332, 337, 345, 
27026, 334, 332, 334, 349, 
27056, 337, 336, 337, 338, 
27086, 340, 342, 340, 328, 
27116, 339, 340, 340, 332, 
27147, 335, 336, 338, 342, 
27176, 333, 332, 334, 350, 
27207, 335, 336, 336, 342, 
27237, 339, 340, 339, 329, 
27267, 339, 341, 341, 329, 
27297, 336, 337, 338, 339, 
27327, 333, 331, 334, 349, 
27358, 334, 334, 335, 345, 
27387, 338, 339, 338, 332, 
27418, 341, 342, 342, 327, 
27448, 337, 338, 339, 336, 
27479, 333, 333, 333, 349, 
27508, 334, 333, 334, 347, 
27539, 338, 338, 337, 336, 
27569, 340, 342, 340, 326, 
27598, 338, 340, 340, 333, 
27629, 336, 334, 336, 346, 
27659, 334, 332, 334, 350, 
27689, 337, 336, 336, 340, 
27719, 339, 342, 340, 328, 
27750, 339, 340, 340, 331, 
27780, 335, 335, 337, 343, 
27810, 333, 331, 334, 351, 
27840, 335, 335, 336, 343, 
27870, 339, 340, 340, 331, 
27900, 339, 341, 342, 330, 
27930, 337, 337, 338, 340, 
27961, 334, 331, 334, 350, 
27991, 335, 333, 336, 347, 
28021, 338, 339, 339, 333, 
28051, 340, 342, 341, 327, 
28082, 338, 338, 340, 336, 
28111, 335, 333, 335, 348, 
28142, 334, 332, 334, 348, 
28172, 338, 338, 337, 336, 
28201, 341, 342, 341, 327, 
28232, 338, 340, 340, 333, 
28262, 334, 334, 336, 346, 
28293, 334, 332, 333, 350, 
28322, 336, 336, 336, 340, 
28353, 340, 342, 340, 328, 
28383, 339, 341, 340, 330, 
28413, 336, 336, 337, 342, 
28443, 332, 331, 335, 350, 
28474, 336, 335, 336, 343, 
28504, 339, 340, 340, 331, 
28533, 340, 342, 341, 328, 
28564, 337, 337, 337, 338, 
28594, 334, 332, 334, 349, 
28624, 336, 334, 334, 345, 
28654, 338, 339, 338, 333, 
28685, 340, 342, 340, 326, 
28715, 338, 338, 339, 335, 
28745, 334, 333, 335, 347, 
28775, 334, 331, 333, 347, 
28806, 337, 337, 337, 336, 
28835, 340, 343, 340, 327, 
28865, 339, 340, 340, 332, 
28896, 335, 334, 336, 345, 
28925, 334, 333, 334, 349, 
28956, 335, 336, 336, 339, 
28986, 340, 341, 340, 328, 
29017, 339, 340, 341, 329, 
29046, 336, 335, 337, 342, 
29077, 333, 332, 334, 350, 
29107, 336, 335, 335, 343, 
29137, 340, 340, 339, 331, 
29167, 339, 340, 341, 327, 
29197, 337, 337, 339, 338, 
29228, 334, 331, 334, 349, 
29257, 334, 333, 335, 346, 
29288, 339, 339, 339, 333, 
29318, 340, 343, 341, 327, 
29348, 339, 339, 340, 335, 
29378, 333, 333, 336, 347, 
29409, 335, 332, 336, 348, 
29438, 337, 337, 336, 336, 
29469, 340, 341, 342, 327, 
29499, 339, 340, 340, 332, 
29529, 336, 334, 336, 345, 
29559, 334, 331, 335, 349, 
29589, 336, 336, 336, 341, 
29620, 340, 342, 341, 329, 
29649, 341, 343, 341, 329, 
29680, 336, 336, 337, 341, 
29710, 334, 332, 334, 350, 
29741, 335, 335, 334, 343, 
29770, 339, 340, 339, 331, 
29800, 340, 343, 341, 328, 
29831, 338, 338, 338, 338, 
29860, 334, 332, 334, 349, 
29891, 335, 333, 335, 346, 
29921, 338, 339, 338, 334, 
29952, 340, 342, 342, 327, 
29981, 338, 340, 341, 335, 
30012, 335, 334, 336, 347, 
30042, 335, 332, 334, 350, 
30072, 338, 338, 339, 338, 
30102, 341, 342, 341, 328, 
30132, 338, 339, 340, 332, 
30162, 336, 335, 337, 345, 
30192, 333, 331, 334, 350, 
30223, 337, 337, 337, 341, 
30253, 339, 342, 341, 329, 
30283, 339, 341, 341, 329, 
30313, 336, 336, 337, 341, 
30344, 333, 332, 334, 350, 
30373, 336, 335, 335, 343, 
30404, 338, 340, 338, 331, 
30434, 340, 343, 341, 327, 
30464, 336, 337, 338, 337, 
30494, 334, 332, 335, 349, 
30524, 335, 333, 334, 346, 
30555, 338, 339, 339, 334, 
30584, 341, 343, 342, 327, 
30615, 338, 339, 340, 334, 
30645, 335, 334, 335, 347, 
30675, 335, 332, 335, 349, 
30705, 337, 337, 338, 337, 
30736, 340, 342, 341, 327, 
30766, 339, 340, 340, 332, 
30795, 335, 335, 338, 344, 
30826, 334, 332, 334, 350, 
30856, 336, 336, 336, 341, 
30886, 340, 341, 340, 329, 
30916, 340, 341, 341, 329, 
30947, 337, 336, 338, 341, 
30977, 333, 331, 334, 350, 
31007, 334, 334, 334, 344, 
31037, 339, 340, 340, 331, 
31068, 340, 342, 342, 328, 
31097, 338, 338, 338, 337, 
31127, 334, 332, 335, 347, 
31158, 334, 333, 335, 347, 
31187, 338, 340, 338, 335, 
31218, 339, 342, 341, 326, 
31248, 338, 340, 340, 335, 
31279, 336, 333, 335, 347, 
31308, 333, 332, 335, 349, 
31339, 338, 337, 337, 338, 
31369, 340, 342, 342, 327, 
31399, 339, 340, 341, 330, 
31429, 335, 335, 337, 344, 
31459, 334, 332, 334, 350, 
31490, 334, 336, 337, 341, 
31519, 339, 341, 340, 329, 
31550, 338, 341, 341, 329, 
31580, 336, 336, 338, 340, 
31610, 333, 331, 334, 350, 
31640, 335, 334, 335, 344, 
31671, 340, 340, 339, 330, 
31700, 340, 342, 341, 327, 
31730, 337, 339, 339, 337, 
31761, 334, 332, 336, 349, 
31791, 335, 333, 335, 347, 
31821, 339, 338, 338, 336, 
31851, 340, 342, 341, 328, 
31882, 339, 339, 340, 334, 
31911, 335, 333, 336, 348, 
31942, 334, 332, 335, 349, 
31972, 337, 337, 337, 339, 
32003, 340, 342, 341, 329, 
32032, 339, 340, 341, 332, 
32062, 336, 335, 337, 343, 
32093, 334, 331, 334, 350, 
32122, 336, 335, 336, 342, 
32153, 339, 341, 340, 329, 
32183, 339, 342, 341, 328, 
32214, 337, 337, 338, 341, 
32243, 334, 332, 336, 350, 
32274, 335, 334, 335, 344, 
32304, 339, 340, 339, 332, 
32334, 340, 342, 342, 326, 
32364, 338, 338, 340, 336, 
32394, 333, 332, 335, 347, 
32424, 335, 333, 335, 347, 
32454, 337, 337, 337, 336, 
32485, 340, 342, 341, 328, 
32515, 338, 340, 340, 333, 
32545, 336, 334, 336, 346, 
32575, 334, 332, 333, 349, 
32606, 337, 337, 337, 338, 
32635, 341, 343, 340, 329, 
32666, 339, 341, 341, 330, 
32696, 336, 336, 337, 342, 
32726, 334, 332, 334, 350, 
32756, 335, 335, 335, 342, 
32786, 339, 341, 340, 330, 
32817, 340, 342, 342, 329, 
32846, 338, 337, 338, 341, 
32877, 334, 332, 335, 350, 
32907, 335, 334, 334, 345, 
32937, 337, 339, 339, 333, 
32967, 340, 342, 341, 327, 
32998, 338, 339, 339, 336, 
33028, 334, 333, 335, 347, 
33057, 334, 335, 335, 348, 
33088, 337, 338, 338, 336, 
33118, 340, 342, 341, 327, 
33148, 338, 341, 340, 333, 
33178, 335, 334, 337, 344, 
33209, 334, 332, 335, 349, 
33239, 336, 336, 336, 339, 
33269, 340, 342, 340, 328, 
33299, 340, 342, 341, 329, 
33330, 336, 336, 337, 341, 
33359, 333, 331, 334, 350, 
33389, 336, 334, 335, 343, 
33420, 339, 340, 339, 331, 
33449, 340, 342, 341, 327, 
33480, 337, 337, 338, 338, 
33510, 334, 332, 334, 349, 
33541, 335, 333, 334, 345, 
33570, 338, 339, 339, 333, 
33601, 340, 343, 341, 326, 
33631, 338, 339, 339, 334, 
33660, 335, 333, 335, 348, 
33691, 334, 333, 334, 348, 
33721, 337, 339, 336, 336, 
33752, 340, 342, 341, 327, 
33781, 339, 340, 340, 332, 
33812, 335, 334, 337, 345, 
33842, 335, 331, 335, 348, 
33872, 336, 336, 336, 341, 
33902, 339, 341, 340, 328, 
33933, 339, 341, 340, 330, 
33963, 336, 336, 337, 341, 
33992, 334, 331, 334, 350, 
34023, 336, 334, 336, 344, 
34053, 339, 340, 339, 331, 
34083, 340, 342, 341, 328, 
34113, 337, 337, 339, 337, 
34144, 334, 332, 335, 348, 
34173, 333, 333, 334, 346, 
34204, 337, 338, 338, 334, 
34234, 340, 343, 342, 326, 
34265, 338, 339, 340, 333, 
34294, 334, 333, 335, 346, 
34324, 334, 332, 334, 348, 
34355, 338, 337, 336, 337, 
34384, 340, 342, 340, 327, 
34415, 339, 341, 340, 331, 
34445, 336, 335, 336, 343, 
34476, 335, 331, 334, 350, 
34505, 336, 336, 336, 340, 
34536, 340, 341, 339, 331, 
34566, 340, 341, 341, 329, 
34596, 337, 337, 338, 340, 
34626, 334, 332, 334, 350, 
34656, 335, 334, 335, 345, 
34686, 338, 340, 339, 332, 
34716, 340, 342, 342, 327, 
34747, 337, 338, 339, 338, 
34777, 334, 333, 335, 349, 
34807, 334, 333, 334, 347, 
34837, 337, 338, 337, 335, 
34868, 340, 343, 341, 326, 
34897, 338, 339, 339, 333, 
34928, 335, 333, 336, 346, 
34958, 334, 332, 335, 350, 
34988, 337, 337, 336, 337, 
35018, 341, 342, 340, 326, 
35048, 339, 340, 340, 331, 
35079, 335, 335, 337, 343, 
35108, 333, 331, 334, 350, 
35139, 336, 335, 335, 342, 
35169, 339, 341, 340, 330, 
35200, 338, 342, 340, 329, 
35229, 336, 337, 338, 340, 
35260, 335, 331, 335, 350, 
35290, 335, 334, 335, 345, 
35319, 339, 339, 339, 334, 
35350, 340, 342, 341, 327, 
35380, 338, 338, 339, 336, 
35410, 334, 332, 335, 348, 
35440, 334, 332, 334, 348, 
35471, 338, 338, 336, 336, 
35501, 340, 343, 342, 326, 
35531, 339, 339, 340, 332, 
35561, 335, 334, 336, 345, 
35591, 334, 331, 333, 349, 
35621, 337, 336, 336, 339, 
35651, 339, 342, 340, 327, 
35682, 339, 341, 341, 329, 
35712, 336, 336, 337, 341, 
35742, 333, 331, 334, 350, 
35772, 335, 335, 335, 342, 
35803, 339, 340, 339, 330, 
35832, 339, 342, 341, 328, 
35863, 336, 337, 339, 337, 
35893, 334, 332, 335, 348, 
35922, 334, 332, 335, 345, 
35953, 338, 339, 338, 334, 
35983, 340, 343, 342, 326, 
36014, 338, 339, 339, 335, 
36043, 335, 333, 335, 347, 
36074, 334, 332, 334, 348, 
36104, 337, 336, 337, 337, 
36134, 339, 342, 341, 326, 
36164, 339, 341, 340, 332, 
36195, 335, 334, 337, 345, 
36225, 334, 332, 334, 350, 
36254, 336, 335, 336, 341, 
36285, 340, 340, 341, 329, 
36315, 340, 341, 341, 329, 
36345, 336, 336, 338, 341, 
36375, 334, 331, 334, 350, 
36406, 335, 334, 335, 345, 
36435, 339, 340, 339, 331, 
36466, 340, 341, 341, 326, 
36496, 337, 337, 339, 336, 
36527, 334, 332, 334, 348, 
36556, 334, 333, 334, 345, 
36586, 338, 339, 337, 334, 
36617, 340, 342, 341, 326, 
36646, 339, 339, 340, 335, 
36677, 335, 334, 336, 346, 
36707, 334, 332, 334, 349, 
36738, 337, 337, 337, 338, 
36767, 340, 342, 341, 327, 
36798, 339, 340, 340, 331, 
36828, 336, 335, 337, 344, 
36858, 334, 332, 333, 350, 
36888, 336, 335, 336, 343, 
36918, 339, 341, 340, 330, 
36948, 339, 342, 341, 329, 
36978, 336, 336, 339, 339, 
37009, 334, 333, 334, 350, 
37039, 335, 334, 335, 345, 
37069, 339, 339, 338, 332, 
37099, 340, 342, 342, 326, 
37130, 337, 338, 339, 336, 
37159, 334, 332, 335, 349, 
37190, 334, 334, 334, 347, 
37220, 337, 337, 337, 336, 
37250, 340, 342, 342, 327, 
37280, 338, 340, 340, 333, 
37310, 335, 334, 336, 346, 
37341, 334, 332, 334, 349, 
37370, 336, 337, 337, 340, 
37401, 340, 342, 341, 328, 
37431, 339, 341, 341, 330, 
37462, 337, 335, 338, 342, 
37491, 334, 331, 334, 350, 
37521, 336, 335, 337, 342, 
37552, 339, 342, 339, 330, 
37581, 339, 341, 341, 327, 
37612, 337, 337, 338, 338, 
37642, 333, 331, 334, 349, 
37672, 335, 333, 334, 345, 
37702, 338, 339, 339, 333, 
37733, 340, 343, 341, 326, 
37763, 338, 338, 339, 335, 
37793, 334, 333, 335, 347, 
37823, 334, 332, 335, 347, 
37853, 337, 337, 337, 336, 
37883, 340, 342, 341, 326, 
37913, 339, 341, 339, 332, 
37944, 335, 334, 336, 344, 
37974, 334, 331, 333, 350, 
38004, 336, 336, 335, 340, 
38034, 340, 340, 341, 328, 
38065, 339, 341, 340, 329, 
38094, 336, 337, 338, 341, 
38125, 333, 332, 334, 350, 
38155, 335, 334, 335, 343, 
38184, 338, 341, 341, 331, 
38215, 339, 342, 341, 327, 
38245, 337, 337, 339, 337, 
38276, 333, 334, 334, 349, 
38305, 334, 333, 334, 346, 
38336, 337, 339, 338, 334, 
38366, 341, 342, 341, 327, 
38396, 338, 339, 339, 334, 
38426, 334, 332, 336, 346, 
38457, 334, 333, 335, 348, 
38487, 337, 336, 337, 337, 
38516, 339, 343, 341, 327, 
38547, 339, 340, 340, 332, 
38577, 334, 335, 336, 343, 
38607, 334, 332, 334, 350, 
38637, 337, 336, 336, 340, 
38668, 340, 342, 339, 328, 
38697, 340, 341, 340, 328, 
38728, 336, 337, 337, 340, 
38758, 333, 332, 334, 349, 
38789, 335, 334, 335, 344, 
38818, 338, 340, 338, 331, 
38848, 339, 342, 341, 327, 
38879, 337, 337, 339, 336, 
38908, 334, 332, 335, 348, 
38939, 334, 333, 334, 348, 
38969, 337, 338, 338, 335, 
39000, 341, 343, 341, 326, 
39029, 339, 340, 340, 333, 
39060, 335, 333, 337, 346, 
39090, 334, 333, 334, 349, 
39120, 336, 337, 336, 338, 
39150, 339, 342, 341, 328, 
39180, 339, 341, 340, 331, 
39211, 336, 336, 337, 342, 
39240, 334, 331, 334, 350, 
39271, 335, 335, 336, 342, 
39301, 340, 342, 340, 331, 
39331, 339, 342, 342, 328, 
39361, 336, 337, 338, 339, 
39392, 334, 332, 334, 351, 
39421, 335, 333, 335, 346, 
39451, 339, 339, 338, 334, 
39482, 340, 343, 341, 327, 
39512, 337, 339, 339, 336, 
39542, 333, 333, 335, 348, 
39572, 334, 332, 334, 349, 
39603, 337, 338, 337, 337, 
39632, 339, 342, 340, 328, 
39663, 337, 340, 340, 333, 
39693, 335, 332, 336, 345, 
39724, 334, 332, 334, 350, 
39753, 336, 337, 336, 342, 
39783, 339, 341, 339, 329, 
39814, 339, 342, 340, 331, 
39843, 334, 335, 337, 342, 
39874, 333, 331, 334, 351, 
39904, 335, 335, 335, 345, 
39934, 339, 340, 339, 332, 
39964, 340, 342, 341, 328, 
39995, 336, 338, 339, 339, 
40025, 334, 332, 335, 349, 
40055, 334, 333, 334, 347, 
40085, 338, 339, 338, 334, 
40115, 340, 344, 341, 326, 
40145, 338, 339, 339, 335, 
40175, 334, 333, 336, 346, 
40206, 334, 333, 334, 349, 
40236, 337, 337, 337, 337, 
40266, 340, 343, 341, 328, 
40296, 339, 341, 341, 332, 
40327, 335, 335, 337, 344, 
40356, 334, 332, 334, 351, 
40387, 335, 335, 336, 341, 
40417, 339, 341, 340, 329, 
40446, 340, 342, 341, 329, 
40477, 336, 336, 337, 340, 
40507, 333, 333, 334, 349, 
40538, 335, 334, 336, 344, 
40567, 339, 340, 339, 332, 
40598, 340, 342, 342, 327, 
40628, 337, 338, 339, 337, 
40658, 335, 332, 335, 349, 
40688, 334, 333, 334, 346, 
40719, 338, 338, 338, 336, 
40749, 340, 342, 341, 326, 
40778, 338, 339, 340, 334, 
40809, 334, 334, 336, 346, 
40839, 335, 332, 334, 349, 
40869, 336, 337, 337, 339, 
40899, 341, 342, 341, 329, 
40930, 339, 341, 341, 331, 
40960, 336, 335, 338, 343, 
40990, 333, 332, 334, 350, 
41020, 336, 336, 336, 342, 
41051, 339, 341, 339, 330, 
41080, 339, 341, 341, 329, 
41110, 337, 336, 338, 339, 
41141, 334, 331, 334, 349, 
41170, 333, 335, 333, 345, 
41201, 339, 339, 338, 333, 
41231, 340, 342, 342, 327, 
41262, 337, 338, 340, 337, 
41291, 332, 332, 335, 347, 
41322, 334, 332, 334, 347, 
41352, 337, 338, 338, 335, 
41381, 340, 343, 341, 327, 
41412, 338, 339, 340, 333, 
41442, 335, 334, 337, 346, 
41473, 335, 332, 334, 350, 
41502, 336, 336, 336, 340, 
41533, 339, 342, 340, 328, 
41563, 339, 341, 342, 331, 
41593, 336, 336, 338, 342, 
41623, 333, 331, 335, 351, 
41654, 336, 334, 335, 343, 
41683, 339, 340, 339, 332, 
