0, 333, 330, 333, 354, 
1, 334, 333, 336, 350, 
2, 336, 336, 337, 346, 
11, 336, 336, 336, 344, 
37, 338, 340, 341, 338, 
65, 333, 331, 332, 356, 
92, 339, 339, 339, 339, 
119, 336, 337, 338, 346, 
147, 334, 332, 333, 356, 
175, 338, 340, 340, 338, 
203, 337, 338, 339, 342, 
231, 333, 331, 332, 357, 
260, 337, 338, 338, 341, 
287, 338, 340, 341, 339, 
316, 334, 332, 333, 356, 
344, 337, 337, 336, 345, 
371, 339, 341, 342, 336, 
400, 334, 334, 335, 354, 
428, 336, 335, 335, 349, 
456, 340, 342, 341, 335, 
484, 335, 335, 336, 351, 
512, 334, 334, 334, 353, 
540, 340, 342, 341, 335, 
568, 336, 336, 339, 347, 
596, 333, 333, 333, 355, 
624, 339, 341, 340, 337, 
653, 337, 339, 339, 343, 
680, 333, 332, 333, 357, 
708, 338, 340, 339, 340, 
737, 339, 340, 342, 339, 
764, 333, 332, 333, 356, 
793, 338, 338, 337, 344, 
821, 339, 341, 342, 336, 
849, 335, 332, 334, 354, 
877, 336, 335, 336, 347, 
905, 340, 342, 342, 335, 
933, 335, 334, 336, 351, 
961, 335, 334, 335, 351, 
990, 341, 342, 341, 335, 
1017, 336, 336, 337, 348, 
1046, 333, 332, 333, 355, 
1076, 336, 338, 338, 342, 
1104, 340, 342, 341, 334, 
1134, 336, 336, 336, 348, 
1163, 333, 333, 332, 356, 
1192, 338, 339, 337, 342, 
1221, 340, 341, 341, 334, 
1251, 336, 336, 336, 348, 
1280, 334, 331, 333, 355, 
1308, 338, 338, 338, 341, 
1338, 341, 341, 343, 335, 
1367, 336, 335, 337, 348, 
1396, 333, 333, 334, 355, 
1425, 336, 338, 338, 341, 
1455, 339, 340, 342, 335, 
1483, 336, 335, 337, 348, 
1512, 334, 332, 333, 354, 
1542, 337, 340, 338, 340, 
1570, 339, 341, 341, 334, 
1600, 335, 335, 337, 348, 
1629, 333, 333, 334, 354, 
1658, 337, 338, 338, 338, 
1687, 339, 341, 341, 333, 
1717, 335, 335, 338, 347, 
1745, 334, 332, 333, 353, 
1774, 338, 339, 338, 339, 
1804, 340, 341, 342, 333, 
1832, 335, 335, 336, 347, 
1862, 333, 332, 333, 351, 
1891, 337, 339, 338, 336, 
1921, 339, 342, 342, 332, 
1949, 337, 335, 336, 347, 
1978, 334, 332, 333, 350, 
2008, 338, 338, 339, 337, 
2036, 339, 339, 341, 333, 
2066, 335, 334, 336, 347, 
2095, 334, 332, 332, 351, 
2124, 338, 338, 338, 337, 
2153, 339, 341, 341, 334, 
2183, 334, 333, 335, 349, 
2211, 333, 332, 333, 353, 
2240, 338, 340, 338, 340, 
2270, 339, 342, 341, 336, 
2298, 335, 334, 335, 351, 
2328, 334, 333, 333, 353, 
2357, 338, 339, 338, 340, 
2386, 339, 341, 341, 337, 
2415, 334, 333, 336, 352, 
2444, 333, 332, 333, 354, 
2473, 338, 339, 339, 339, 
2502, 339, 340, 341, 338, 
2532, 334, 333, 336, 352, 
2561, 334, 333, 333, 353, 
2590, 338, 339, 340, 339, 
2619, 339, 340, 341, 337, 
2649, 334, 334, 335, 352, 
2677, 334, 333, 333, 353, 
2706, 338, 340, 339, 338, 
2736, 339, 340, 341, 337, 
2764, 335, 333, 335, 352, 
2794, 334, 333, 333, 353, 
2823, 339, 340, 340, 338, 
2852, 339, 340, 342, 338, 
2881, 335, 335, 336, 352, 
2910, 334, 333, 334, 353, 
2939, 338, 340, 339, 338, 
2968, 339, 340, 341, 338, 
2998, 334, 333, 335, 353, 
3026, 334, 333, 333, 352, 
3056, 338, 341, 339, 338, 
3085, 338, 340, 341, 341, 
3115, 333, 332, 335, 354, 
3143, 334, 334, 334, 352, 
3172, 338, 340, 340, 338, 
3202, 339, 341, 340, 340, 
3230, 334, 333, 335, 354, 
3260, 334, 332, 333, 353, 
3289, 339, 341, 340, 337, 
3318, 338, 340, 340, 339, 
3347, 333, 332, 334, 354, 
3376, 335, 333, 334, 353, 
3405, 339, 340, 340, 337, 
3434, 338, 340, 341, 339, 
3464, 333, 332, 335, 354, 
3492, 334, 333, 335, 351, 
3522, 340, 340, 340, 337, 
3551, 339, 340, 342, 339, 
3580, 335, 332, 334, 354, 
3609, 335, 334, 334, 350, 
3638, 339, 340, 341, 335, 
3667, 338, 339, 341, 339, 
3696, 334, 333, 334, 354, 
3726, 335, 332, 334, 349, 
3755, 339, 341, 341, 335, 
3784, 338, 340, 340, 339, 
3813, 333, 333, 334, 353, 
3842, 335, 334, 334, 349, 
3871, 338, 341, 340, 334, 
3900, 338, 339, 342, 339, 
3930, 334, 332, 334, 352, 
3958, 335, 334, 334, 347, 
3988, 339, 341, 340, 334, 
4017, 338, 339, 341, 339, 
4046, 333, 332, 333, 353, 
4075, 335, 334, 335, 347, 
4104, 339, 341, 342, 333, 
4133, 339, 339, 340, 340, 
4162, 333, 332, 335, 353, 
4192, 335, 335, 334, 347, 
4220, 339, 341, 340, 334, 
4250, 337, 338, 340, 340, 
4279, 333, 331, 333, 354, 
4307, 335, 334, 334, 347, 
4337, 339, 341, 341, 334, 
4366, 338, 338, 339, 342, 
4396, 332, 332, 333, 355, 
4424, 336, 335, 336, 347, 
4454, 340, 342, 341, 334, 
4483, 337, 338, 340, 342, 
4512, 333, 331, 333, 354, 
4541, 335, 335, 335, 346, 
4570, 340, 341, 340, 333, 
4599, 337, 338, 339, 341, 
4628, 333, 332, 333, 354, 
4658, 336, 336, 335, 346, 
4686, 340, 342, 341, 334, 
4716, 337, 338, 341, 341, 
4745, 333, 331, 333, 354, 
4773, 336, 336, 336, 345, 
4803, 339, 341, 341, 332, 
4832, 337, 336, 339, 342, 
4861, 333, 331, 333, 354, 
4890, 336, 335, 335, 345, 
4920, 340, 342, 341, 333, 
4948, 338, 338, 338, 342, 
4978, 333, 332, 333, 354, 
5007, 336, 336, 336, 344, 
5036, 340, 342, 342, 334, 
5065, 337, 338, 339, 343, 
5094, 332, 332, 333, 354, 
5124, 336, 336, 336, 345, 
5152, 338, 341, 341, 333, 
5182, 336, 337, 338, 342, 
5211, 333, 331, 332, 356, 
5239, 336, 336, 335, 345, 
5269, 340, 342, 341, 334, 
5298, 337, 337, 339, 345, 
5327, 333, 332, 333, 355, 
5356, 336, 336, 336, 344, 
5386, 339, 343, 341, 334, 
5414, 336, 337, 338, 345, 
5444, 333, 331, 334, 354, 
5473, 336, 336, 336, 344, 
5501, 340, 342, 342, 333, 
5531, 336, 337, 338, 345, 
5560, 333, 332, 334, 355, 
5590, 336, 336, 337, 343, 
5618, 340, 343, 342, 333, 
5648, 336, 337, 338, 345, 
5677, 334, 332, 333, 356, 
5705, 337, 337, 337, 342, 
5735, 340, 343, 341, 333, 
5764, 336, 335, 338, 345, 
5793, 333, 331, 333, 355, 
5822, 336, 337, 337, 342, 
5852, 339, 342, 341, 333, 
5880, 336, 336, 337, 345, 
5910, 333, 332, 332, 354, 
5939, 337, 337, 337, 342, 
5967, 339, 341, 342, 333, 
5997, 336, 336, 337, 346, 
6026, 332, 332, 333, 353, 
6055, 337, 338, 337, 340, 
6084, 340, 341, 341, 333, 
6114, 336, 337, 337, 347, 
6142, 333, 331, 333, 353, 
6171, 337, 338, 337, 340, 
6201, 339, 341, 342, 334, 
6230, 337, 335, 337, 346, 
6259, 333, 332, 333, 353, 
6288, 337, 338, 338, 340, 
6318, 339, 342, 342, 333, 
6346, 335, 335, 336, 347, 
6376, 333, 332, 333, 353, 
6405, 338, 338, 338, 340, 
6433, 339, 341, 342, 333, 
6463, 336, 335, 336, 347, 
6492, 334, 332, 334, 353, 
6521, 338, 338, 338, 338, 
6550, 340, 342, 341, 334, 
6580, 335, 335, 336, 347, 
6608, 334, 332, 333, 352, 
6637, 338, 338, 338, 338, 
6667, 340, 341, 341, 334, 
6695, 335, 334, 336, 348, 
6725, 333, 333, 333, 352, 
6754, 338, 339, 339, 338, 
6784, 339, 341, 342, 334, 
6812, 335, 334, 336, 348, 
6842, 334, 332, 333, 351, 
6871, 339, 339, 338, 337, 
6899, 339, 341, 341, 334, 
6929, 335, 334, 336, 348, 
6958, 335, 333, 334, 351, 
6987, 338, 340, 338, 337, 
7016, 339, 342, 341, 334, 
7046, 334, 334, 335, 348, 
7074, 334, 332, 333, 351, 
7103, 338, 339, 339, 337, 
7133, 339, 340, 341, 337, 
7161, 334, 334, 335, 350, 
7191, 334, 333, 333, 351, 
7220, 339, 339, 339, 336, 
7249, 338, 340, 342, 336, 
7278, 334, 334, 336, 350, 
7308, 335, 333, 334, 351, 
7336, 339, 339, 339, 336, 
7365, 339, 341, 341, 336, 
7395, 334, 333, 334, 350, 
7424, 334, 333, 334, 350, 
7453, 338, 341, 339, 335, 
7482, 339, 340, 340, 336, 
7512, 334, 334, 335, 351, 
7540, 335, 333, 334, 348, 
7569, 339, 340, 339, 333, 
7599, 338, 340, 341, 336, 
7627, 335, 332, 335, 350, 
7657, 333, 333, 334, 348, 
7686, 339, 340, 340, 333, 
7715, 340, 340, 340, 336, 
7744, 335, 333, 334, 350, 
7774, 336, 333, 334, 347, 
7802, 339, 341, 340, 334, 
7831, 339, 339, 340, 336, 
7861, 334, 333, 334, 350, 
7889, 337, 334, 334, 347, 
7919, 339, 341, 341, 333, 
7948, 338, 339, 341, 338, 
7977, 335, 333, 335, 351, 
8006, 334, 334, 334, 348, 
8035, 339, 341, 341, 333, 
8065, 338, 339, 340, 338, 
8093, 333, 333, 333, 352, 
8123, 334, 334, 334, 347, 
8152, 339, 341, 340, 334, 
8181, 338, 339, 341, 338, 
8210, 333, 332, 334, 354, 
8240, 334, 334, 334, 348, 
8268, 339, 341, 341, 334, 
8297, 338, 339, 339, 339, 
8327, 333, 331, 334, 353, 
8355, 335, 334, 333, 347, 
8385, 340, 341, 341, 333, 
8414, 337, 338, 339, 339, 
8443, 333, 331, 333, 354, 
8472, 336, 334, 334, 347, 
8501, 339, 341, 341, 334, 
8530, 336, 338, 339, 341, 
8559, 333, 331, 333, 354, 
8589, 335, 335, 334, 346, 
8617, 339, 342, 342, 335, 
8647, 337, 338, 339, 342, 
8676, 332, 333, 333, 355, 
8706, 335, 335, 335, 346, 
8734, 339, 342, 341, 332, 
8763, 337, 338, 339, 341, 
8793, 333, 332, 333, 355, 
8821, 336, 336, 336, 345, 
8851, 339, 342, 341, 332, 
8880, 337, 338, 339, 342, 
8909, 332, 331, 333, 354, 
8938, 336, 335, 336, 344, 
8967, 341, 343, 341, 332, 
8996, 337, 338, 339, 341, 
9025, 333, 332, 333, 353, 
9055, 336, 336, 336, 343, 
9083, 340, 342, 341, 332, 
9113, 337, 337, 338, 342, 
9142, 333, 332, 333, 353, 
9171, 336, 336, 336, 343, 
9200, 340, 342, 342, 332, 
9229, 337, 337, 338, 343, 
9259, 333, 331, 332, 353, 
9287, 336, 335, 336, 342, 
9317, 341, 342, 342, 331, 
9346, 336, 337, 338, 343, 
9375, 333, 331, 334, 354, 
9404, 336, 336, 336, 341, 
9433, 340, 342, 342, 332, 
9462, 336, 337, 338, 343, 
9491, 333, 333, 333, 353, 
9521, 336, 337, 336, 342, 
9549, 339, 341, 342, 332, 
9579, 336, 336, 337, 344, 
9608, 333, 332, 333, 353, 
9637, 337, 337, 336, 341, 
9666, 339, 342, 341, 332, 
9695, 336, 336, 337, 344, 
9724, 334, 330, 333, 352, 
9753, 337, 337, 337, 340, 
9783, 340, 343, 341, 331, 
9811, 336, 335, 337, 346, 
9841, 334, 332, 333, 353, 
9870, 337, 336, 338, 341, 
9899, 340, 342, 341, 332, 
9928, 336, 335, 337, 346, 
9957, 333, 332, 333, 353, 
9987, 337, 338, 338, 341, 
10015, 339, 341, 341, 334, 
10046, 337, 338, 339, 343, 
10076, 335, 332, 334, 352, 
10106, 334, 332, 333, 350, 
10136, 337, 339, 337, 339, 
10167, 340, 342, 342, 332, 
10196, 338, 338, 340, 340, 
10226, 334, 333, 335, 351, 
10257, 334, 332, 332, 353, 
10287, 336, 336, 335, 342, 
10317, 340, 341, 341, 333, 
10347, 339, 340, 340, 336, 
10378, 335, 335, 336, 347, 
10407, 335, 331, 333, 353, 
10438, 335, 335, 335, 345, 
10468, 339, 340, 339, 335, 
10498, 339, 341, 341, 333, 
10528, 336, 336, 338, 345, 
10558, 333, 331, 333, 353, 
10589, 334, 334, 334, 349, 
10618, 338, 339, 338, 337, 
10649, 339, 341, 342, 333, 
10679, 338, 337, 339, 341, 
10710, 334, 332, 334, 351, 
10739, 333, 331, 333, 352, 
10770, 337, 337, 337, 342, 
10800, 339, 341, 342, 334, 
10829, 338, 339, 341, 339, 
10860, 335, 333, 335, 351, 
10890, 334, 331, 332, 354, 
10920, 335, 336, 336, 345, 
10950, 339, 341, 341, 335, 
10981, 338, 340, 341, 338, 
11011, 336, 335, 337, 348, 
11041, 333, 331, 332, 355, 
11071, 335, 334, 334, 348, 
11102, 338, 339, 340, 336, 
11131, 338, 341, 342, 334, 
11161, 336, 336, 338, 344, 
11192, 333, 332, 333, 353, 
11222, 334, 333, 333, 351, 
11252, 338, 339, 338, 339, 
11282, 340, 341, 342, 334, 
11313, 337, 338, 340, 341, 
11342, 334, 332, 335, 351, 
11373, 334, 332, 333, 352, 
11403, 338, 337, 337, 343, 
11433, 340, 342, 341, 334, 
11463, 338, 340, 341, 338, 
11493, 335, 335, 336, 350, 
11524, 335, 331, 332, 354, 
11553, 337, 335, 335, 346, 
11584, 341, 341, 340, 336, 
11614, 340, 340, 341, 337, 
11644, 336, 336, 337, 347, 
11674, 334, 332, 333, 354, 
11705, 335, 334, 335, 349, 
11735, 339, 340, 340, 336, 
11765, 340, 343, 341, 334, 
11795, 337, 337, 338, 344, 
11825, 333, 332, 334, 354, 
11855, 332, 332, 334, 352, 
11885, 337, 338, 338, 340, 
11916, 340, 342, 342, 333, 
11945, 338, 339, 341, 340, 
11976, 335, 333, 335, 352, 
12006, 335, 331, 333, 353, 
12037, 337, 336, 336, 344, 
12066, 340, 341, 341, 333, 
12097, 340, 339, 340, 337, 
12127, 335, 334, 336, 350, 
12156, 333, 331, 333, 354, 
12187, 335, 335, 335, 348, 
12217, 340, 340, 340, 335, 
12248, 340, 341, 342, 335, 
12277, 336, 336, 337, 345, 
12308, 333, 331, 334, 354, 
12338, 335, 335, 334, 348, 
12368, 338, 339, 338, 336, 
12398, 340, 342, 342, 332, 
12428, 337, 338, 339, 342, 
12459, 334, 333, 334, 352, 
12488, 334, 333, 333, 350, 
12519, 337, 338, 337, 339, 
12549, 340, 342, 341, 332, 
12579, 338, 339, 340, 339, 
12609, 335, 333, 335, 349, 
12640, 334, 331, 333, 353, 
12669, 337, 336, 336, 343, 
12700, 339, 341, 341, 331, 
12730, 339, 340, 341, 335, 
12760, 335, 336, 336, 346, 
12790, 334, 331, 333, 353, 
12820, 335, 335, 335, 346, 
12851, 339, 341, 340, 334, 
12880, 339, 341, 341, 332, 
12911, 336, 336, 337, 343, 
12941, 334, 332, 333, 353, 
12972, 335, 333, 334, 348, 
13001, 338, 339, 338, 337, 
13032, 340, 341, 342, 331, 
13062, 338, 338, 339, 340, 
13091, 334, 333, 334, 350, 
13122, 334, 332, 333, 350, 
13152, 337, 337, 337, 339, 
13182, 340, 342, 341, 331, 
13212, 339, 339, 340, 337, 
13243, 335, 334, 336, 350, 
13273, 333, 332, 333, 353, 
13303, 337, 335, 337, 343, 
13333, 340, 341, 340, 334, 
13364, 338, 340, 341, 335, 
13393, 336, 336, 338, 346, 
13423, 334, 331, 332, 354, 
13454, 335, 335, 334, 346, 
13484, 339, 341, 339, 335, 
13514, 339, 341, 341, 333, 
13544, 336, 337, 338, 343, 
13575, 333, 332, 333, 353, 
13604, 334, 333, 333, 351, 
13635, 338, 338, 338, 338, 
13665, 339, 341, 342, 333, 
13696, 337, 338, 340, 341, 
13725, 334, 332, 335, 352, 
13755, 334, 332, 335, 353, 
13786, 337, 337, 337, 341, 
13815, 340, 344, 341, 332, 
13846, 339, 340, 341, 337, 
13876, 335, 334, 336, 349, 
13906, 334, 331, 333, 353, 
13936, 336, 335, 336, 344, 
13967, 339, 341, 340, 333, 
13997, 339, 340, 341, 334, 
14027, 336, 337, 337, 345, 
14057, 333, 331, 333, 353, 
14087, 335, 334, 334, 347, 
14117, 338, 339, 340, 336, 
14147, 340, 341, 341, 334, 
14178, 338, 338, 339, 342, 
14208, 334, 332, 334, 352, 
14238, 334, 333, 333, 351, 
14268, 338, 337, 338, 338, 
14299, 340, 341, 342, 333, 
14328, 338, 339, 340, 339, 
14358, 334, 333, 335, 350, 
14389, 334, 333, 333, 351, 
14418, 336, 336, 336, 340, 
14449, 340, 342, 341, 331, 
14479, 339, 339, 340, 335, 
14510, 336, 334, 336, 348, 
14539, 333, 331, 332, 352, 
14570, 336, 336, 335, 344, 
14600, 339, 340, 340, 333, 
14630, 339, 341, 341, 333, 
14660, 336, 336, 337, 344, 
14690, 333, 331, 333, 354, 
14721, 334, 334, 334, 347, 
14750, 338, 339, 338, 335, 
14781, 340, 341, 341, 332, 
14811, 337, 339, 339, 341, 
14841, 334, 332, 334, 352, 
14871, 334, 332, 333, 351, 
14902, 338, 337, 337, 339, 
14931, 340, 342, 341, 333, 
14962, 337, 339, 340, 339, 
14992, 334, 333, 336, 352, 
15022, 333, 332, 333, 352, 
15052, 337, 336, 336, 342, 
15082, 340, 342, 341, 332, 
15113, 339, 340, 341, 337, 
15142, 335, 335, 336, 347, 
15173, 333, 331, 333, 353, 
15203, 336, 335, 335, 345, 
15234, 339, 341, 340, 333, 
15263, 339, 341, 342, 333, 
15294, 336, 335, 337, 344, 
15324, 334, 331, 333, 352, 
15353, 334, 333, 333, 347, 
15384, 338, 339, 340, 336, 
15414, 339, 342, 341, 331, 
15444, 337, 337, 339, 339, 
15474, 336, 333, 334, 350, 
15505, 334, 333, 333, 349, 
15535, 337, 337, 338, 338, 
15565, 340, 342, 342, 330, 
15595, 338, 340, 340, 337, 
15626, 334, 334, 335, 347, 
15655, 333, 332, 333, 353, 
15685, 336, 336, 336, 342, 
15716, 340, 341, 341, 331, 
15746, 339, 340, 341, 335, 
15776, 336, 335, 337, 346, 
15806, 335, 331, 333, 353, 
15837, 335, 335, 336, 346, 
15866, 339, 340, 340, 335, 
15897, 341, 341, 341, 333, 
15927, 336, 336, 339, 343, 
15958, 334, 331, 333, 352, 
15987, 335, 333, 333, 348, 
16017, 338, 339, 339, 337, 
16048, 340, 341, 342, 330, 
16077, 337, 338, 339, 339, 
16108, 334, 332, 334, 351, 
16138, 335, 332, 333, 350, 
16168, 337, 337, 336, 339, 
16198, 340, 342, 342, 331, 
16229, 339, 339, 341, 337, 
16259, 335, 334, 336, 347, 
16288, 334, 331, 333, 352, 
16319, 336, 336, 336, 343, 
16349, 340, 341, 341, 333, 
16379, 340, 336, 341, 334, 
16409, 336, 335, 338, 345, 
16440, 334, 331, 334, 352, 
16470, 335, 335, 336, 345, 
16500, 337, 340, 340, 333, 
16530, 340, 341, 342, 332, 
16561, 337, 337, 338, 341, 
16590, 333, 332, 333, 351, 
16620, 334, 333, 333, 348, 
16651, 339, 339, 338, 336, 
16680, 338, 342, 342, 330, 
16711, 337, 338, 340, 337, 
16741, 335, 333, 335, 346, 
16772, 335, 332, 333, 348, 
16801, 337, 337, 336, 338, 
16832, 339, 341, 341, 328, 
16862, 337, 339, 340, 335, 
16892, 335, 334, 337, 345, 
16922, 333, 331, 332, 350, 
16952, 336, 335, 335, 342, 
16983, 340, 341, 340, 332, 
17012, 339, 340, 341, 331, 
17043, 337, 335, 337, 342, 
17073, 333, 331, 332, 351, 
17103, 336, 334, 334, 345, 
17133, 338, 339, 339, 334, 
17164, 339, 342, 342, 332, 
17193, 336, 337, 339, 341, 
17224, 333, 332, 333, 351, 
17254, 334, 333, 334, 348, 
17284, 339, 338, 339, 335, 
17314, 340, 342, 341, 329, 
17344, 339, 338, 340, 338, 
17375, 334, 333, 335, 348, 
17404, 333, 332, 333, 349, 
17435, 336, 336, 336, 339, 
17465, 341, 341, 341, 330, 
17496, 339, 340, 341, 334, 
17525, 335, 335, 336, 346, 
17556, 334, 331, 332, 352, 
17586, 337, 335, 336, 343, 
17615, 340, 340, 340, 332, 
17646, 339, 342, 342, 332, 
17676, 336, 336, 337, 343, 
17707, 334, 332, 333, 351, 
17736, 334, 333, 334, 347, 
17767, 338, 339, 339, 335, 
17797, 339, 341, 340, 332, 
17827, 336, 336, 338, 341, 
17857, 333, 331, 333, 352, 
17888, 334, 332, 333, 351, 
17917, 337, 337, 337, 340, 
17947, 339, 342, 341, 333, 
17978, 338, 338, 340, 340, 
18008, 334, 333, 336, 350, 
18038, 334, 332, 334, 353, 
18068, 337, 336, 337, 343, 
18099, 339, 342, 341, 333, 
18128, 339, 341, 341, 336, 
18159, 335, 334, 336, 347, 
18189, 333, 331, 332, 353, 
18219, 336, 335, 335, 345, 
18249, 339, 341, 340, 333, 
18279, 339, 340, 342, 333, 
18310, 336, 336, 338, 343, 
18339, 333, 331, 333, 352, 
18370, 335, 334, 335, 347, 
18400, 338, 339, 339, 335, 
18430, 340, 342, 342, 330, 
18460, 337, 338, 339, 339, 
18491, 333, 332, 334, 349, 
18521, 334, 332, 334, 348, 
18550, 338, 338, 339, 336, 
18581, 340, 342, 341, 329, 
18611, 339, 339, 341, 335, 
18641, 335, 334, 336, 347, 
18671, 333, 332, 333, 350, 
18702, 336, 336, 336, 340, 
18732, 340, 341, 340, 330, 
18762, 340, 340, 340, 334, 
18792, 335, 335, 336, 346, 
18823, 333, 332, 334, 351, 
18852, 334, 335, 335, 343, 
18882, 340, 341, 340, 332, 
18913, 339, 342, 342, 331, 
18942, 336, 336, 338, 342, 
18973, 333, 331, 333, 350, 
19003, 335, 334, 333, 345, 
19034, 337, 339, 338, 334, 
19063, 340, 341, 342, 330, 
19094, 337, 337, 337, 339, 
19124, 333, 332, 333, 350, 
19154, 333, 333, 333, 350, 
19184, 337, 337, 337, 341, 
19214, 338, 341, 341, 332, 
19245, 338, 339, 340, 338, 
19274, 336, 333, 335, 350, 
19305, 333, 331, 333, 353, 
19335, 335, 336, 336, 343, 
19365, 339, 341, 341, 333, 
19395, 338, 341, 341, 335, 
19426, 335, 335, 336, 346, 
19456, 333, 331, 332, 353, 
19486, 335, 334, 335, 346, 
19516, 340, 341, 340, 335, 
19546, 338, 341, 341, 333, 
19576, 336, 337, 338, 343, 
19606, 333, 331, 334, 353, 
19637, 335, 333, 334, 349, 
19666, 338, 339, 338, 338, 
19697, 339, 343, 340, 333, 
19727, 337, 338, 339, 341, 
19758, 333, 332, 334, 352, 
19787, 334, 333, 334, 352, 
19818, 337, 337, 337, 341, 
19848, 339, 341, 342, 333, 
19877, 338, 339, 340, 339, 
19908, 334, 334, 335, 351, 
19938, 333, 331, 333, 354, 
19969, 335, 337, 336, 345, 
19998, 339, 341, 340, 335, 
20029, 340, 340, 341, 338, 
20059, 336, 335, 337, 349, 
20089, 333, 332, 333, 356, 
20119, 335, 334, 335, 349, 
20149, 340, 340, 340, 338, 
20179, 339, 341, 341, 336, 
20209, 336, 336, 338, 346, 
20240, 333, 332, 335, 356, 
20270, 334, 333, 334, 353, 
20300, 338, 338, 338, 340, 
20330, 340, 343, 343, 335, 
20361, 338, 338, 339, 343, 
20390, 335, 333, 334, 354, 
20421, 334, 332, 333, 354, 
20451, 338, 337, 335, 344, 
20481, 340, 341, 341, 334, 
20511, 338, 340, 340, 339, 
20541, 334, 335, 337, 349, 
20572, 333, 331, 333, 354, 
20601, 336, 335, 336, 345, 
20632, 341, 341, 340, 334, 
20662, 339, 340, 342, 335, 
20692, 336, 335, 338, 346, 
20722, 334, 332, 333, 353, 
20753, 334, 334, 334, 347, 
20783, 340, 340, 339, 335, 
20812, 339, 342, 342, 333, 
20843, 337, 337, 337, 343, 
20873, 333, 332, 333, 352, 
20903, 335, 333, 333, 350, 
20933, 337, 338, 337, 339, 
20964, 339, 341, 342, 331, 
20994, 337, 337, 340, 340, 
21024, 334, 333, 335, 351, 
21054, 334, 332, 334, 352, 
21085, 337, 336, 337, 343, 
21114, 339, 341, 340, 333, 
21144, 338, 339, 340, 337, 
21175, 336, 334, 336, 349, 
21204, 333, 331, 332, 353, 
21235, 336, 334, 335, 345, 
21265, 339, 341, 341, 334, 
21296, 339, 341, 341, 334, 
21325, 336, 336, 337, 345, 
21356, 333, 332, 333, 353, 
21386, 335, 334, 334, 348, 
21416, 339, 341, 338, 335, 
21446, 340, 342, 342, 332, 
21476, 337, 337, 338, 341, 
21507, 333, 332, 333, 350, 
21536, 334, 333, 333, 349, 
21567, 338, 338, 338, 338, 
21597, 340, 341, 341, 332, 
21627, 338, 338, 341, 339, 
21657, 335, 333, 335, 350, 
21688, 334, 332, 333, 352, 
21718, 337, 337, 336, 341, 
21748, 339, 341, 340, 332, 
21778, 338, 340, 340, 336, 
21808, 336, 334, 336, 347, 
21838, 333, 331, 332, 353, 
21868, 335, 336, 335, 345, 
21899, 339, 340, 339, 334, 
21928, 339, 341, 341, 334, 
21959, 337, 336, 337, 346, 
21989, 334, 331, 333, 354, 
22020, 334, 333, 333, 348, 
22049, 338, 340, 339, 338, 
22079, 340, 341, 341, 333, 
22110, 337, 337, 339, 343, 
22139, 333, 332, 334, 354, 
22170, 335, 332, 331, 351, 
22200, 337, 337, 338, 340, 
22231, 340, 341, 342, 333, 
22260, 338, 338, 340, 340, 
22291, 335, 333, 335, 351, 
22321, 333, 332, 333, 354, 
22351, 336, 336, 336, 343, 
22381, 340, 341, 340, 334, 
22411, 338, 340, 341, 337, 
22441, 335, 334, 336, 349, 
22471, 333, 331, 333, 355, 
22502, 335, 335, 336, 347, 
22532, 339, 340, 340, 336, 
22562, 339, 341, 341, 336, 
22592, 336, 336, 338, 346, 
22623, 333, 332, 333, 354, 
22652, 334, 334, 334, 350, 
22683, 337, 339, 338, 338, 
22713, 339, 341, 342, 333, 
22743, 338, 338, 340, 343, 
22773, 332, 333, 334, 353, 
22803, 333, 333, 333, 352, 
22834, 337, 337, 337, 341, 
22863, 339, 341, 341, 333, 
22894, 338, 339, 340, 340, 
22924, 334, 333, 334, 352, 
22955, 332, 332, 334, 355, 
22984, 337, 336, 335, 344, 
23015, 339, 341, 341, 335, 
23045, 339, 340, 340, 338, 
23074, 335, 334, 336, 350, 
23105, 333, 331, 333, 356, 
23135, 335, 334, 334, 348, 
23165, 339, 340, 340, 336, 
23195, 339, 341, 341, 336, 
23226, 336, 336, 337, 346, 
23256, 333, 331, 333, 355, 
23286, 334, 334, 334, 351, 
23316, 337, 339, 339, 340, 
23347, 340, 342, 341, 335, 
23376, 337, 338, 339, 343, 
23406, 334, 332, 335, 354, 
23437, 334, 332, 333, 353, 
23467, 337, 337, 338, 342, 
23497, 339, 342, 342, 334, 
23527, 338, 339, 340, 340, 
23558, 335, 334, 335, 351, 
23587, 332, 330, 333, 355, 
23618, 337, 336, 335, 345, 
23648, 339, 341, 342, 335, 
23678, 339, 340, 342, 337, 
23708, 335, 335, 337, 348, 
23738, 333, 332, 333, 355, 
23769, 334, 334, 334, 348, 
23798, 339, 340, 339, 338, 
23829, 339, 341, 341, 335, 
23859, 336, 336, 338, 346, 
23889, 333, 332, 333, 356, 
23919, 334, 334, 334, 352, 
23950, 338, 339, 338, 340, 
23980, 340, 342, 341, 334, 
24009, 337, 337, 339, 343, 
24040, 333, 332, 333, 355, 
24070, 333, 332, 333, 354, 
24100, 337, 337, 337, 344, 
24130, 340, 341, 341, 336, 
24161, 338, 341, 340, 341, 
24190, 334, 333, 335, 353, 
24221, 333, 332, 333, 358, 
24251, 336, 336, 335, 347, 
24282, 339, 341, 341, 337, 
24311, 339, 340, 341, 339, 
24341, 335, 335, 337, 350, 
24372, 332, 331, 332, 359, 
24401, 335, 334, 334, 350, 
24432, 338, 339, 339, 340, 
24462, 339, 342, 340, 337, 
24493, 336, 336, 338, 348, 
24522, 333, 332, 333, 357, 
24553, 334, 333, 334, 353, 
24583, 337, 338, 338, 342, 
24613, 339, 341, 343, 336, 
24643, 337, 338, 339, 343, 
24673, 334, 333, 335, 354, 
24704, 333, 332, 333, 355, 
24733, 337, 337, 335, 344, 
24764, 339, 342, 341, 336, 
24794, 338, 340, 340, 343, 
24824, 335, 334, 334, 353, 
24854, 333, 332, 333, 357, 
24885, 336, 335, 336, 348, 
24914, 339, 341, 340, 338, 
24945, 340, 341, 341, 339, 
24975, 335, 336, 337, 351, 
25005, 333, 332, 333, 357, 
25035, 335, 334, 334, 351, 
25065, 338, 339, 339, 339, 
25096, 339, 341, 341, 336, 
25125, 336, 337, 339, 346, 
25156, 333, 332, 333, 357, 
25186, 335, 333, 334, 353, 
25217, 338, 338, 338, 342, 
25246, 340, 342, 341, 335, 
25277, 338, 338, 339, 344, 
25307, 334, 333, 334, 355, 
25336, 333, 333, 333, 356, 
25367, 336, 337, 336, 346, 
25397, 339, 341, 341, 337, 
25427, 338, 340, 341, 343, 
25457, 334, 334, 336, 354, 
25488, 334, 331, 333, 359, 
25518, 336, 336, 335, 350, 
25548, 339, 340, 340, 340, 
25578, 339, 341, 342, 342, 
25609, 336, 336, 338, 353, 
25638, 333, 331, 333, 360, 
25668, 335, 334, 334, 355, 
25699, 339, 341, 339, 343, 
25729, 340, 342, 342, 340, 
25759, 337, 337, 339, 352, 
25789, 333, 333, 333, 361, 
25820, 334, 333, 333, 360, 
25849, 337, 338, 338, 348, 
25880, 340, 342, 342, 341, 
25910, 338, 339, 339, 349, 
25939, 335, 333, 335, 360, 
25970, 333, 331, 333, 364, 
26000, 336, 336, 337, 353, 
26031, 340, 340, 341, 345, 
26060, 338, 340, 341, 349, 
26091, 335, 334, 336, 360, 
26121, 333, 331, 333, 367, 
26151, 336, 336, 335, 357, 
26181, 339, 340, 339, 347, 
26212, 339, 341, 341, 347, 
26242, 337, 336, 337, 358, 
26271, 333, 331, 333, 366, 
26302, 335, 334, 334, 361, 
26332, 339, 340, 339, 348, 
26362, 339, 341, 342, 346, 
26392, 337, 338, 341, 355, 
26423, 334, 332, 334, 363, 
26452, 333, 333, 334, 362, 
26483, 338, 339, 337, 350, 
26513, 340, 342, 341, 344, 
26544, 339, 338, 340, 351, 
26573, 335, 333, 335, 362, 
26603, 334, 332, 333, 364, 
26634, 336, 335, 336, 354, 
26663, 340, 341, 340, 344, 
26694, 338, 340, 340, 347, 
26724, 335, 334, 337, 359, 
26755, 333, 331, 332, 364, 
26784, 336, 336, 335, 356, 
26815, 340, 340, 340, 345, 
26845, 340, 341, 341, 344, 
26875, 337, 337, 337, 356, 
26905, 333, 331, 333, 363, 
26935, 334, 333, 334, 358, 
26966, 339, 339, 339, 346, 
26995, 340, 341, 341, 342, 
27026, 336, 337, 338, 351, 
27056, 334, 332, 334, 361, 
27086, 333, 332, 333, 359, 
27116, 337, 338, 337, 348, 
27147, 339, 342, 341, 340, 
27176, 337, 339, 341, 347, 
27207, 335, 333, 335, 358, 
27237, 334, 332, 333, 360, 
27267, 336, 336, 336, 350, 
27297, 340, 341, 341, 340, 
27327, 338, 340, 341, 343, 
27358, 335, 335, 336, 353, 
27387, 333, 331, 333, 360, 
27418, 335, 335, 336, 352, 
27448, 339, 340, 340, 341, 
27479, 339, 341, 342, 340, 
27508, 337, 336, 338, 350, 
27539, 333, 332, 333, 359, 
27569, 334, 334, 335, 354, 
27598, 339, 339, 338, 344, 
27629, 339, 341, 341, 338, 
27659, 338, 337, 339, 346, 
27689, 334, 332, 334, 357, 
27719, 334, 332, 333, 356, 
27750, 337, 337, 338, 344, 
27780, 340, 342, 341, 337, 
27810, 337, 339, 340, 342, 
27840, 334, 334, 336, 353, 
27870, 333, 332, 333, 357, 
27900, 336, 337, 335, 347, 
27930, 340, 341, 340, 337, 
27961, 340, 340, 340, 340, 
27991, 335, 335, 336, 350, 
28021, 334, 331, 334, 357, 
28051, 335, 335, 335, 350, 
28082, 339, 340, 339, 338, 
28111, 339, 341, 341, 336, 
28142, 336, 336, 337, 346, 
28172, 333, 331, 333, 355, 
28201, 335, 334, 333, 351, 
28232, 339, 338, 338, 340, 
28262, 340, 341, 341, 334, 
28293, 337, 337, 339, 343, 
28322, 333, 333, 334, 353, 
28353, 333, 332, 333, 354, 
28383, 337, 337, 337, 342, 
28413, 339, 342, 342, 334, 
28443, 338, 338, 340, 340, 
28474, 337, 334, 337, 351, 
28504, 333, 332, 334, 355, 
28533, 336, 336, 336, 346, 
28564, 339, 342, 342, 335, 
28594, 339, 341, 341, 337, 
28624, 335, 336, 337, 348, 
28654, 333, 331, 333, 356, 
28685, 336, 334, 334, 348, 
28715, 339, 340, 339, 337, 
28745, 339, 341, 341, 334, 
28775, 337, 337, 338, 344, 
28806, 333, 331, 333, 353, 
28835, 334, 333, 334, 350, 
28865, 338, 338, 338, 339, 
28896, 340, 342, 341, 333, 
28925, 337, 338, 341, 341, 
28956, 334, 332, 334, 352, 
28986, 333, 332, 333, 352, 
29017, 336, 337, 337, 341, 
29046, 339, 342, 341, 333, 
29077, 338, 339, 340, 338, 
29107, 334, 334, 335, 349, 
29137, 333, 331, 332, 354, 
29167, 336, 335, 335, 345, 
29197, 339, 341, 341, 334, 
29228, 338, 340, 341, 335, 
29257, 335, 335, 337, 346, 
29288, 333, 331, 333, 354, 
29318, 335, 334, 334, 347, 
29348, 338, 339, 340, 336, 
29378, 341, 341, 341, 332, 
29409, 337, 337, 337, 342, 
29438, 334, 332, 333, 352, 
29469, 334, 333, 333, 349, 
29499, 337, 338, 337, 338, 
29529, 340, 341, 342, 331, 
29559, 338, 339, 340, 339, 
29589, 334, 333, 334, 349, 
29620, 334, 332, 332, 351, 
29649, 336, 336, 337, 340, 
29680, 339, 342, 341, 332, 
29710, 339, 339, 341, 336, 
29741, 335, 334, 337, 347, 
29770, 334, 331, 332, 352, 
29800, 335, 335, 335, 344, 
29831, 339, 340, 341, 332, 
29860, 339, 341, 341, 333, 
29891, 336, 336, 337, 343, 
29921, 333, 331, 333, 352, 
29952, 335, 334, 334, 347, 
29981, 338, 339, 339, 335, 
30012, 339, 342, 342, 331, 
30042, 336, 339, 339, 340, 
30072, 333, 332, 334, 351, 
30102, 334, 333, 334, 348, 
30132, 337, 337, 337, 338, 
30162, 340, 342, 341, 329, 
30192, 338, 339, 340, 336, 
30223, 334, 333, 335, 347, 
30253, 333, 332, 333, 350, 
30283, 336, 337, 337, 340, 
30313, 339, 341, 341, 330, 
30344, 339, 340, 341, 333, 
30373, 335, 334, 335, 345, 
30404, 333, 331, 333, 351, 
30434, 336, 335, 335, 343, 
30464, 339, 341, 340, 333, 
30494, 339, 340, 341, 331, 
30524, 336, 336, 338, 342, 
30555, 333, 330, 333, 352, 
30584, 334, 334, 334, 346, 
30615, 338, 339, 340, 335, 
30645, 339, 341, 341, 330, 
30675, 336, 338, 338, 340, 
30705, 333, 332, 334, 350, 
30736, 333, 333, 334, 349, 
30766, 337, 338, 337, 339, 
30795, 340, 343, 341, 330, 
30826, 338, 339, 340, 337, 
30856, 334, 334, 335, 348, 
30886, 333, 331, 333, 352, 
30916, 336, 335, 336, 342, 
30947, 339, 341, 340, 332, 
30977, 339, 340, 341, 334, 
31007, 335, 335, 337, 346, 
31037, 333, 331, 333, 352, 
31068, 336, 334, 335, 345, 
31097, 339, 340, 340, 334, 
31127, 339, 342, 341, 332, 
31158, 336, 337, 337, 342, 
31187, 333, 332, 333, 352, 
31218, 334, 334, 334, 348, 
31248, 338, 339, 338, 337, 
31279, 339, 342, 342, 331, 
31308, 337, 337, 339, 339, 
31339, 335, 333, 336, 350, 
31369, 334, 332, 333, 350, 
31399, 337, 338, 336, 339, 
31429, 339, 342, 341, 330, 
31459, 338, 340, 341, 336, 
31490, 334, 334, 336, 348, 
31519, 335, 332, 333, 352, 
31550, 336, 336, 334, 343, 
31580, 341, 339, 340, 333, 
31610, 339, 340, 342, 333, 
31640, 337, 335, 337, 344, 
31671, 333, 331, 332, 353, 
31700, 334, 335, 334, 346, 
31730, 340, 340, 339, 335, 
31761, 340, 341, 341, 331, 
31791, 337, 337, 338, 341, 
31821, 334, 331, 334, 351, 
31851, 334, 332, 333, 349, 
31882, 339, 338, 338, 337, 
31911, 340, 342, 342, 330, 
31942, 338, 338, 340, 338, 
31972, 334, 333, 334, 349, 
32003, 334, 332, 332, 351, 
32032, 336, 337, 336, 340, 
32062, 340, 341, 342, 330, 
32093, 338, 340, 341, 334, 
32122, 335, 335, 337, 345, 
32153, 334, 331, 332, 351, 
32183, 336, 336, 335, 343, 
32214, 339, 341, 340, 331, 
32243, 340, 340, 340, 332, 
32274, 337, 336, 337, 343, 
32304, 334, 331, 333, 351, 
32334, 336, 333, 334, 346, 
32364, 338, 339, 339, 335, 
32394, 340, 341, 342, 329, 
32424, 337, 337, 339, 340, 
32454, 335, 332, 334, 349, 
32485, 334, 332, 333, 349, 
32515, 337, 337, 337, 338, 
32545, 340, 342, 341, 331, 
32575, 337, 339, 340, 337, 
32606, 334, 334, 335, 348, 
32635, 333, 332, 333, 351, 
32666, 336, 336, 336, 341, 
32696, 340, 341, 341, 332, 
32726, 338, 340, 341, 334, 
32756, 335, 335, 335, 345, 
32786, 333, 331, 333, 352, 
32817, 336, 334, 335, 345, 
32846, 338, 340, 340, 335, 
32877, 339, 341, 343, 331, 
32907, 338, 338, 338, 342, 
32937, 333, 332, 333, 351, 
32967, 334, 333, 334, 348, 
32998, 338, 338, 337, 336, 
33028, 340, 342, 341, 331, 
33057, 337, 338, 339, 339, 
33088, 334, 333, 334, 350, 
33118, 334, 332, 333, 350, 
33148, 338, 337, 337, 340, 
33178, 339, 343, 341, 330, 
33209, 338, 339, 340, 336, 
33239, 335, 334, 336, 347, 
33269, 335, 331, 333, 352, 
33299, 336, 335, 336, 343, 
33330, 339, 340, 340, 333, 
33359, 340, 340, 341, 333, 
33389, 336, 336, 337, 343, 
33420, 332, 331, 333, 352, 
33449, 335, 333, 335, 346, 
33480, 338, 339, 339, 334, 
33510, 341, 342, 341, 330, 
33541, 337, 339, 338, 340, 
33570, 333, 332, 334, 350, 
33601, 333, 333, 333, 348, 
33631, 338, 338, 337, 338, 
33660, 339, 342, 341, 330, 
33691, 337, 339, 340, 337, 
33721, 334, 333, 335, 348, 
33752, 333, 332, 333, 351, 
33781, 336, 336, 336, 341, 
33812, 339, 342, 341, 331, 
33842, 339, 340, 341, 334, 
33872, 335, 335, 336, 345, 
33902, 333, 331, 333, 352, 
33933, 335, 334, 335, 344, 
33963, 339, 340, 339, 334, 
33992, 340, 341, 342, 331, 
34023, 336, 336, 338, 341, 
34053, 332, 332, 334, 350, 
34083, 334, 333, 334, 347, 
34113, 337, 338, 338, 336, 
34144, 339, 341, 342, 330, 
34173, 337, 338, 339, 338, 
34204, 334, 334, 334, 349, 
34234, 331, 332, 334, 350, 
34265, 336, 338, 337, 339, 
34294, 339, 342, 341, 331, 
34324, 338, 340, 341, 335, 
34355, 335, 335, 336, 346, 
34384, 333, 331, 334, 351, 
34415, 335, 335, 335, 342, 
34445, 339, 341, 340, 331, 
34476, 340, 342, 341, 331, 
34505, 336, 336, 338, 342, 
34536, 333, 331, 333, 352, 
34566, 334, 334, 334, 346, 
34596, 338, 339, 339, 334, 
34626, 339, 341, 342, 329, 
34656, 337, 337, 338, 339, 
34686, 333, 332, 334, 350, 
34716, 334, 333, 333, 348, 
34747, 337, 337, 337, 337, 
34777, 339, 342, 341, 330, 
34807, 338, 340, 340, 336, 
34837, 333, 333, 335, 347, 
34868, 334, 331, 332, 351, 
34897, 336, 336, 335, 342, 
34928, 339, 340, 340, 331, 
34958, 338, 340, 340, 333, 
34988, 335, 335, 337, 344, 
35018, 333, 331, 332, 351, 
35048, 335, 334, 334, 344, 
35079, 338, 341, 340, 334, 
35108, 339, 340, 341, 330, 
35139, 336, 336, 338, 341, 
35169, 333, 332, 334, 350, 
35200, 334, 333, 333, 347, 
35229, 338, 338, 338, 336, 
35260, 340, 342, 342, 329, 
35290, 337, 338, 339, 338, 
35319, 334, 333, 335, 348, 
35350, 333, 332, 333, 350, 
35380, 336, 337, 337, 339, 
35410, 339, 341, 341, 329, 
35440, 339, 340, 340, 334, 
35471, 334, 334, 337, 345, 
35501, 333, 331, 333, 351, 
35531, 335, 335, 335, 342, 
35561, 340, 340, 340, 332, 
35591, 339, 341, 341, 332, 
35621, 336, 336, 337, 342, 
35651, 333, 330, 333, 351, 
35682, 334, 333, 333, 346, 
35712, 338, 338, 338, 335, 
35742, 340, 341, 341, 330, 
35772, 337, 338, 339, 339, 
35803, 333, 332, 334, 350, 
35832, 333, 333, 333, 349, 
35863, 337, 337, 338, 338, 
35893, 339, 342, 341, 331, 
35922, 338, 339, 340, 336, 
35953, 334, 334, 335, 347, 
35983, 334, 332, 333, 351, 
36014, 336, 335, 335, 342, 
36043, 339, 341, 340, 331, 
36074, 339, 341, 341, 333, 
36104, 335, 335, 337, 344, 
36134, 333, 331, 333, 352, 
36164, 335, 334, 335, 345, 
36195, 338, 339, 339, 334, 
36225, 339, 341, 342, 331, 
36254, 338, 337, 338, 341, 
36285, 333, 332, 333, 350, 
36315, 334, 333, 333, 347, 
36345, 337, 338, 338, 336, 
36375, 340, 342, 342, 330, 
36406, 338, 338, 340, 338, 
36435, 335, 334, 335, 348, 
36466, 332, 331, 333, 350, 
36496, 336, 336, 336, 340, 
36527, 339, 341, 341, 329, 
36556, 339, 340, 341, 333, 
36586, 335, 335, 336, 345, 
36617, 333, 331, 334, 350, 
36646, 335, 335, 335, 342, 
36677, 340, 340, 340, 331, 
36707, 340, 342, 341, 330, 
36738, 336, 336, 338, 340, 
36767, 333, 332, 333, 350, 
36798, 334, 333, 334, 345, 
36828, 336, 339, 338, 334, 
36858, 339, 341, 340, 328, 
36888, 338, 338, 339, 337, 
36918, 334, 333, 334, 348, 
36948, 334, 332, 333, 348, 
36978, 337, 337, 336, 337, 
37009, 339, 341, 342, 329, 
37039, 339, 339, 341, 333, 
37069, 334, 335, 336, 345, 
37099, 333, 331, 332, 350, 
37130, 336, 335, 335, 341, 
37159, 339, 340, 340, 331, 
37190, 339, 340, 341, 330, 
37220, 335, 335, 337, 342, 
37250, 333, 331, 333, 349, 
37280, 335, 334, 334, 343, 
37310, 339, 339, 339, 333, 
37341, 340, 342, 341, 329, 
37370, 337, 337, 340, 338, 
37401, 333, 332, 334, 348, 
37431, 334, 333, 333, 346, 
37462, 337, 337, 337, 335, 
37491, 338, 341, 341, 328, 
37521, 338, 338, 340, 335, 
37552, 334, 334, 335, 345, 
37581, 333, 332, 333, 348, 
37612, 336, 336, 335, 338, 
37642, 339, 341, 340, 327, 
37672, 339, 340, 340, 331, 
37702, 335, 334, 336, 341, 
37733, 333, 331, 332, 350, 
37763, 335, 334, 334, 343, 
37793, 339, 340, 339, 330, 
37823, 340, 341, 340, 328, 
37853, 337, 337, 338, 338, 
37883, 333, 332, 334, 348, 
37913, 334, 333, 334, 344, 
37944, 337, 338, 338, 334, 
37974, 341, 341, 341, 327, 
38004, 338, 338, 340, 334, 
38034, 334, 332, 335, 346, 
38065, 333, 332, 332, 348, 
38094, 336, 336, 337, 339, 
38125, 339, 341, 340, 329, 
38155, 339, 339, 340, 333, 
38184, 335, 334, 336, 345, 
38215, 332, 331, 333, 351, 
38245, 335, 335, 335, 343, 
38276, 338, 340, 340, 331, 
38305, 339, 341, 341, 331, 
38336, 336, 337, 338, 341, 
38366, 333, 331, 333, 351, 
38396, 334, 334, 333, 346, 
38426, 337, 337, 338, 335, 
38457, 339, 341, 341, 330, 
38487, 337, 338, 339, 339, 
38516, 333, 332, 334, 349, 
38547, 333, 332, 333, 350, 
38577, 337, 337, 337, 339, 
38607, 339, 342, 341, 329, 
38637, 338, 339, 340, 335, 
38668, 335, 334, 335, 347, 
38697, 333, 331, 332, 351, 
38728, 336, 335, 335, 342, 
38758, 339, 340, 340, 332, 
38789, 339, 340, 341, 333, 
38818, 335, 333, 336, 344, 
38848, 333, 331, 333, 352, 
38879, 335, 334, 334, 346, 
38908, 338, 340, 339, 336, 
38939, 340, 341, 342, 331, 
38969, 336, 338, 338, 340, 
39000, 333, 332, 334, 350, 
39029, 334, 332, 334, 348, 
39060, 337, 338, 337, 338, 
39090, 340, 342, 341, 331, 
39120, 337, 339, 340, 337, 
39150, 335, 333, 335, 348, 
39180, 333, 331, 334, 351, 
39211, 336, 336, 337, 342, 
39240, 340, 341, 341, 330, 
39271, 339, 340, 342, 334, 
39301, 335, 335, 336, 345, 
39331, 333, 331, 333, 352, 
39361, 335, 334, 334, 344, 
39392, 338, 340, 342, 334, 
39421, 339, 341, 341, 331, 
39451, 336, 337, 338, 341, 
39482, 333, 332, 334, 351, 
39512, 334, 333, 333, 347, 
39542, 338, 338, 338, 336, 
39572, 340, 342, 343, 330, 
39603, 338, 338, 339, 337, 
39632, 334, 332, 334, 349, 
39663, 334, 332, 332, 350, 
39693, 336, 337, 337, 339, 
39724, 340, 342, 341, 330, 
39753, 338, 340, 342, 334, 
39783, 335, 334, 336, 346, 
39814, 333, 331, 334, 352, 
39843, 335, 335, 335, 344, 
39874, 339, 340, 341, 333, 
39904, 339, 342, 341, 332, 
39934, 336, 336, 339, 342, 
39964, 332, 331, 333, 350, 
39995, 334, 333, 335, 345, 
40025, 338, 339, 338, 336, 
40055, 339, 341, 343, 330, 
40085, 337, 338, 339, 338, 
40115, 333, 333, 334, 349, 
40145, 334, 332, 334, 347, 
40175, 337, 337, 337, 338, 
40206, 340, 342, 341, 331, 
40236, 338, 340, 340, 335, 
40266, 334, 334, 336, 347, 
40296, 334, 332, 333, 351, 
40327, 336, 336, 335, 342, 
40356, 339, 341, 340, 331, 
40387, 339, 340, 341, 333, 
40417, 336, 336, 337, 344, 
40446, 333, 332, 332, 351, 
40477, 335, 335, 334, 346, 
40507, 338, 339, 339, 333, 
40538, 340, 342, 341, 330, 
40567, 338, 337, 339, 340, 
40598, 334, 332, 334, 350, 
40628, 334, 333, 334, 348, 
40658, 338, 338, 338, 336, 
40688, 340, 342, 341, 329, 
40719, 338, 339, 340, 336, 
40749, 335, 333, 336, 348, 
40778, 333, 332, 333, 351, 
40809, 336, 336, 336, 340, 
40839, 340, 341, 341, 329, 
40869, 339, 340, 341, 332, 
40899, 335, 335, 337, 344, 
40930, 333, 331, 332, 352, 
40960, 336, 334, 335, 344, 
40990, 338, 340, 339, 332, 
41020, 339, 341, 342, 330, 
41051, 337, 337, 338, 342, 
41080, 334, 332, 334, 350, 
41110, 334, 333, 334, 348, 
41141, 338, 339, 339, 335, 
41170, 340, 342, 341, 329, 
41201, 337, 339, 339, 337, 
41231, 334, 333, 334, 348, 
41262, 334, 332, 333, 349, 
41291, 336, 338, 337, 341, 
41322, 339, 342, 341, 329, 
41352, 338, 341, 341, 334, 
41381, 335, 334, 336, 346, 
41412, 333, 331, 333, 351, 
41442, 336, 335, 335, 342, 
41473, 339, 342, 340, 333, 
41502, 339, 341, 342, 332, 
41533, 336, 336, 338, 342, 
41563, 333, 331, 332, 351, 
41593, 335, 333, 334, 346, 
41623, 338, 339, 339, 334, 
41654, 340, 342, 342, 331, 
41683, 337, 339, 339, 338, 
41713, 334, 332, 334, 350, 
41744, 334, 333, 333, 347, 
41774, 338, 337, 337, 337, 
41804, 341, 342, 341, 329, 
41834, 338, 339, 340, 336, 
41865, 334, 334, 336, 346, 
41894, 334, 332, 333, 350, 
41925, 336, 336, 337, 341, 
41955, 340, 341, 341, 331, 
41986, 340, 341, 341, 332, 
42015, 336, 335, 337, 345, 
42045, 333, 331, 333, 351, 
42076, 335, 334, 335, 345, 
42105, 339, 339, 340, 333, 
42136, 339, 341, 341, 330, 
42166, 337, 338, 339, 339, 
42196, 333, 332, 334, 351, 
42226, 334, 334, 334, 347, 
42257, 337, 338, 339, 337, 
42287, 341, 342, 343, 329, 
42317, 338, 338, 340, 336, 
42347, 334, 333, 335, 347, 
42377, 334, 332, 333, 351, 
42407, 336, 336, 336, 340, 
42437, 340, 341, 341, 329, 
42468, 338, 340, 341, 334, 
42498, 335, 335, 336, 346, 
42528, 333, 331, 332, 350, 
42558, 335, 335, 334, 344, 
42589, 338, 340, 340, 333, 
42618, 340, 341, 341, 331, 
42649, 337, 336, 338, 342, 
42679, 333, 332, 334, 350, 
42708, 335, 333, 335, 347, 
42739, 338, 338, 338, 336, 
42769, 339, 342, 342, 330, 
42800, 338, 339, 339, 338, 
42829, 334, 333, 335, 349, 
42860, 334, 332, 333, 349, 
42890, 337, 337, 337, 338, 
42920, 339, 342, 342, 330, 
42950, 338, 340, 341, 334, 
42981, 335, 335, 336, 346, 
43011, 333, 331, 332, 352, 
43040, 336, 336, 335, 343, 
43071, 340, 340, 340, 331, 
43101, 339, 340, 339, 332, 
43131, 336, 336, 337, 342, 
43161, 333, 331, 333, 351, 
43192, 335, 334, 334, 345, 
43222, 339, 340, 339, 335, 
43252, 340, 342, 341, 330, 
43282, 337, 338, 339, 339, 
43312, 335, 332, 334, 349, 
43342, 334, 333, 332, 348, 
43372, 337, 338, 339, 337, 
43403, 340, 342, 342, 330, 
43432, 339, 340, 340, 336, 
43463, 335, 334, 335, 346, 
43493, 333, 332, 333, 349, 
43524, 336, 336, 336, 341, 
43553, 339, 341, 341, 330, 
43584, 339, 340, 341, 332, 
43614, 336, 336, 338, 345, 
43643, 334, 331, 333, 350, 
43674, 335, 334, 334, 344, 
43704, 339, 340, 340, 333, 
43735, 339, 341, 342, 330, 
43764, 336, 337, 338, 342, 
43795, 334, 331, 333, 351, 
43825, 334, 333, 333, 346, 
43855, 337, 338, 337, 336, 
43885, 339, 342, 341, 330, 
43916, 335, 338, 340, 337, 
43945, 334, 333, 336, 348, 
43975, 334, 332, 333, 350, 
44006, 337, 336, 336, 339, 
44036, 340, 342, 341, 331, 
44066, 339, 340, 341, 334, 
44096, 335, 334, 337, 346, 
44127, 333, 332, 333, 351, 
44156, 336, 335, 335, 344, 
44187, 340, 340, 340, 331, 
44217, 339, 342, 343, 331, 
44248, 337, 336, 339, 342, 
44277, 333, 331, 334, 350, 
44307, 334, 335, 334, 345, 
44338, 339, 339, 338, 334, 
44367, 340, 342, 342, 328, 
44398, 337, 338, 340, 338, 
44428, 333, 333, 334, 349, 
44459, 334, 332, 334, 348, 
44488, 337, 337, 337, 337, 
44519, 341, 341, 341, 328, 
44549, 339, 339, 340, 333, 
44579, 334, 334, 337, 346, 
44609, 334, 332, 333, 350, 
44639, 336, 336, 336, 340, 
44669, 340, 341, 342, 329, 
44699, 340, 340, 342, 332, 
44730, 336, 337, 337, 342, 
44760, 332, 331, 334, 351, 
44790, 335, 334, 334, 345, 
44820, 338, 340, 340, 332, 
44851, 339, 341, 343, 329, 
44880, 337, 338, 339, 339, 
44911, 333, 332, 334, 349, 
44941, 335, 332, 334, 347, 
44971, 337, 337, 337, 337, 
45001, 340, 342, 342, 329, 
45031, 338, 339, 340, 336, 
45062, 334, 333, 336, 347, 
45091, 334, 332, 333, 350, 
45122, 336, 336, 336, 340, 
45152, 339, 341, 339, 330, 
45182, 339, 340, 341, 332, 
45212, 335, 335, 336, 344, 
45242, 334, 331, 333, 351, 
45273, 335, 335, 335, 343, 
45302, 339, 340, 340, 332, 
45333, 339, 342, 342, 330, 
45363, 336, 337, 338, 340, 
45393, 333, 331, 335, 349, 
45423, 335, 334, 335, 345, 
45454, 337, 338, 338, 334, 
45484, 340, 341, 342, 328, 
45514, 337, 338, 340, 336, 
45544, 334, 333, 335, 347, 
45574, 332, 331, 333, 349, 
45604, 337, 336, 336, 337, 
45634, 339, 343, 341, 328, 
45665, 338, 339, 341, 333, 
45694, 335, 334, 336, 344, 
45725, 333, 331, 333, 350, 
45755, 335, 335, 335, 341, 
45786, 340, 340, 339, 329, 
45815, 340, 340, 342, 331, 
45846, 336, 336, 337, 341, 
45876, 333, 331, 333, 350, 
45905, 334, 334, 334, 344, 
45936, 338, 340, 339, 333, 
45966, 340, 342, 342, 329, 
45997, 337, 337, 340, 338, 
46026, 334, 333, 334, 349, 
46057, 334, 332, 334, 348, 
46087, 337, 338, 338, 336, 
46117, 340, 342, 342, 328, 
46147, 339, 339, 341, 334, 
46178, 333, 333, 336, 346, 
46208, 334, 332, 333, 349, 
46237, 337, 336, 336, 340, 
46268, 340, 341, 341, 329, 
46298, 341, 340, 341, 331, 
46328, 336, 335, 337, 342, 
46358, 335, 331, 333, 349, 
46389, 335, 334, 335, 343, 
46418, 339, 340, 340, 332, 
46449, 340, 342, 343, 329, 
46479, 336, 337, 338, 339, 
46510, 334, 332, 333, 349, 
46539, 334, 333, 333, 345, 
46569, 337, 338, 338, 335, 
46600, 341, 341, 342, 328, 
46629, 338, 339, 339, 336, 
46660, 334, 333, 335, 347, 
46690, 335, 332, 334, 350, 
46721, 336, 336, 336, 338, 
46750, 341, 342, 341, 329, 
46781, 339, 339, 341, 333, 
46811, 335, 335, 336, 344, 
46841, 333, 331, 333, 350, 
46871, 336, 335, 335, 342, 
46901, 339, 340, 340, 330, 
46931, 338, 341, 341, 330, 
46961, 337, 337, 339, 341, 
46992, 334, 332, 333, 350, 
47022, 335, 334, 335, 345, 
47052, 339, 339, 338, 334, 
47082, 340, 341, 341, 329, 
47113, 338, 338, 340, 338, 
47142, 334, 332, 335, 349, 
47172, 334, 332, 334, 348, 
47203, 337, 337, 337, 338, 
47233, 341, 341, 342, 330, 
47263, 338, 339, 340, 334, 
47293, 335, 334, 335, 346, 
47324, 334, 333, 334, 351, 
47353, 336, 336, 336, 340, 
47384, 340, 341, 340, 330, 
47414, 340, 341, 341, 331, 
47444, 335, 335, 337, 342, 
47474, 333, 331, 334, 350, 
47504, 335, 335, 335, 344, 
47535, 337, 339, 339, 333, 
47564, 339, 341, 341, 329, 
47595, 338, 337, 339, 340, 
47625, 333, 332, 333, 349, 
47655, 334, 334, 334, 347, 
47685, 338, 338, 337, 336, 
47716, 341, 342, 342, 328, 
47746, 338, 339, 340, 336, 
47776, 335, 333, 335, 347, 
47806, 333, 332, 332, 349, 
47836, 336, 336, 336, 340, 
47866, 339, 341, 341, 330, 
47896, 338, 340, 341, 333, 
47927, 335, 334, 336, 344, 
47956, 334, 331, 333, 350, 
47987, 336, 335, 335, 342, 
48017, 339, 341, 340, 332, 
48048, 339, 341, 342, 330, 
48077, 337, 336, 340, 340, 
48108, 334, 331, 333, 349, 
48138, 336, 333, 334, 345, 
48167, 338, 339, 337, 333, 
48198, 340, 342, 342, 328, 
48228, 338, 339, 340, 337, 
48259, 333, 332, 335, 348, 
48288, 334, 332, 333, 348, 
48319, 338, 337, 337, 338, 
48349, 339, 343, 341, 328, 
48379, 338, 339, 340, 334, 
48409, 335, 334, 334, 345, 
48440, 333, 331, 333, 350, 
48470, 335, 337, 335, 342, 
48499, 340, 341, 339, 331, 
48530, 340, 340, 342, 332, 
48560, 335, 335, 337, 342, 
48590, 333, 331, 333, 350, 
48620, 335, 334, 334, 345, 
48651, 338, 339, 340, 333, 
48680, 340, 341, 341, 330, 
48711, 337, 337, 338, 339, 
48741, 333, 332, 334, 349, 
48772, 334, 332, 333, 347, 
48801, 337, 337, 337, 336, 
48831, 339, 342, 341, 329, 
48862, 339, 339, 340, 335, 
48891, 334, 334, 335, 347, 
48922, 333, 332, 334, 349, 
48952, 336, 336, 336, 339, 
48983, 341, 342, 340, 329, 
49012, 339, 340, 340, 332, 
49043, 336, 335, 336, 342, 
49073, 333, 331, 332, 349, 
49102, 335, 334, 335, 342, 
49133, 339, 340, 338, 331, 
49163, 339, 341, 341, 330, 
49193, 336, 336, 339, 340, 
49223, 334, 331, 333, 350, 
49254, 333, 333, 333, 346, 
49284, 337, 338, 339, 335, 
49314, 340, 341, 341, 328, 
49344, 337, 338, 340, 338, 
49375, 333, 331, 334, 349, 
49404, 334, 332, 333, 349, 
49434, 337, 336, 336, 338, 
49465, 339, 341, 341, 330, 
49495, 339, 339, 339, 335, 
49525, 333, 334, 336, 346, 
49555, 333, 330, 333, 351, 
49586, 335, 335, 335, 342, 
49615, 338, 341, 341, 331, 
49646, 339, 340, 341, 332, 
49676, 336, 336, 337, 343, 
49707, 333, 331, 333, 351, 
49736, 334, 334, 334, 346, 
49766, 338, 340, 339, 333, 
49797, 338, 341, 341, 330, 
49826, 336, 338, 339, 339, 
49857, 334, 332, 332, 350, 
49887, 332, 333, 333, 348, 
49917, 337, 337, 337, 337, 
49947, 339, 341, 342, 330, 
49978, 338, 339, 340, 336, 
50008, 334, 333, 335, 348, 
50038, 333, 332, 333, 350, 
50068, 336, 336, 336, 339, 
50098, 340, 341, 340, 330, 
50128, 337, 341, 341, 333, 
50158, 335, 336, 336, 344, 
50189, 334, 330, 333, 351, 
50219, 335, 335, 334, 344, 
50249, 339, 340, 340, 332, 
50279, 340, 341, 342, 331, 
50310, 335, 336, 338, 341, 
50339, 333, 333, 333, 350, 
50370, 334, 334, 333, 347, 
50400, 339, 339, 338, 335, 
50429, 340, 342, 342, 329, 
50460, 337, 338, 339, 338, 
50490, 332, 332, 334, 349, 
50521, 334, 332, 332, 349, 
50550, 336, 336, 337, 338, 
50581, 340, 342, 341, 330, 
50611, 339, 340, 340, 336, 
50641, 334, 335, 337, 348, 
50671, 332, 331, 333, 351, 
50702, 336, 335, 335, 342, 
50732, 339, 342, 340, 331, 
50761, 339, 341, 341, 331, 
50792, 336, 336, 337, 342, 
50822, 333, 331, 334, 351, 
50852, 334, 334, 334, 344, 
50882, 339, 340, 337, 332, 
50913, 340, 341, 341, 330, 
50942, 336, 337, 339, 338, 
50973, 334, 332, 333, 349, 
51003, 334, 333, 334, 347, 
51033, 337, 337, 338, 336, 
51063, 340, 342, 341, 329, 
51093, 338, 340, 340, 336, 
51124, 334, 333, 335, 347, 
51153, 333, 331, 333, 350, 
51184, 337, 337, 336, 341, 
51214, 339, 341, 341, 331, 
51245, 339, 340, 340, 333, 
51274, 335, 335, 337, 345, 
51305, 333, 331, 332, 351, 
51335, 336, 335, 335, 344, 
51364, 338, 340, 340, 334, 
51395, 339, 341, 342, 332, 
51425, 337, 337, 339, 342, 
51456, 333, 331, 333, 351, 
51485, 333, 331, 333, 347, 
51516, 338, 339, 338, 336, 
51546, 340, 341, 341, 330, 
51576, 337, 337, 339, 339, 
51606, 334, 332, 335, 349, 
51637, 334, 332, 333, 350, 
51666, 337, 336, 336, 339, 
51696, 340, 342, 341, 330, 
51727, 338, 339, 340, 334, 
51757, 335, 334, 336, 346, 
51787, 333, 332, 333, 351, 
51817, 335, 337, 335, 342, 
51848, 339, 340, 340, 332, 
51877, 339, 341, 341, 331, 
51908, 336, 336, 338, 343, 
51938, 333, 331, 333, 351, 
51969, 335, 334, 335, 346, 
51998, 339, 339, 339, 334, 
52028, 340, 341, 340, 330, 
52059, 338, 338, 339, 339, 
52088, 333, 331, 334, 349, 
52119, 334, 333, 333, 348, 
52149, 337, 338, 337, 338, 
52179, 340, 342, 341, 329, 
52209, 338, 339, 341, 336, 
52240, 335, 333, 335, 347, 
52270, 333, 331, 333, 350, 
52300, 336, 336, 336, 342, 
52330, 339, 341, 340, 331, 
52360, 339, 341, 339, 332, 
52390, 335, 335, 336, 345, 
52420, 333, 331, 333, 352, 
52451, 335, 334, 334, 343, 
52481, 339, 340, 339, 333, 
52511, 339, 341, 341, 330, 
52541, 336, 337, 338, 340, 
52572, 333, 332, 333, 350, 
52601, 334, 333, 333, 346, 
52632, 338, 338, 338, 335, 
52662, 340, 341, 342, 330, 
52691, 337, 339, 339, 337, 
52722, 334, 333, 334, 348, 
52752, 333, 332, 333, 349, 
52783, 337, 337, 336, 338, 
52812, 340, 341, 340, 329, 
52843, 339, 340, 341, 333, 
52873, 336, 334, 336, 345, 
52903, 333, 332, 332, 350, 
52933, 335, 335, 335, 341, 
52963, 339, 341, 339, 331, 
52994, 339, 341, 341, 332, 
53023, 336, 336, 338, 342, 
53054, 333, 330, 333, 350, 
53084, 335, 333, 334, 346, 
53114, 338, 339, 339, 334, 
53144, 340, 342, 342, 329, 
53175, 337, 338, 339, 339, 
53204, 334, 332, 334, 349, 
53235, 334, 332, 333, 348, 
53265, 337, 337, 337, 338, 
53295, 340, 342, 343, 329, 
53325, 339, 339, 340, 335, 
53355, 335, 334, 334, 346, 
53386, 333, 331, 333, 351, 
53415, 335, 335, 335, 341, 
53446, 339, 340, 341, 331, 
53476, 339, 340, 341, 332, 
53507, 336, 336, 337, 343, 
53536, 333, 331, 333, 352, 
53567, 335, 334, 334, 344, 
53597, 339, 339, 339, 333, 
53626, 341, 342, 341, 331, 
53657, 337, 337, 339, 340, 
53687, 333, 332, 334, 350, 
53718, 335, 332, 333, 347, 
53747, 337, 337, 338, 337, 
53778, 340, 342, 341, 328, 
53808, 338, 338, 339, 336, 
53838, 334, 333, 335, 347, 
53868, 333, 332, 333, 349, 
53899, 336, 336, 336, 340, 
53928, 339, 341, 341, 330, 
53958, 338, 340, 340, 333, 
53989, 336, 334, 337, 345, 
54019, 333, 331, 333, 350, 
54049, 336, 335, 336, 343, 
54079, 337, 340, 339, 333, 
54110, 339, 341, 342, 331, 
54139, 339, 337, 338, 341, 
54170, 334, 332, 333, 351, 
54200, 334, 333, 333, 346, 
54231, 339, 339, 338, 335, 
54260, 340, 342, 342, 329, 
54290, 337, 338, 339, 338, 
54321, 333, 333, 334, 348, 
54350, 335, 333, 333, 349, 
54381, 337, 337, 337, 338, 
54411, 339, 343, 340, 329, 
54441, 339, 340, 341, 335, 
54471, 335, 334, 336, 345, 
54502, 333, 331, 332, 350, 
54532, 336, 336, 335, 343, 
54562, 340, 341, 339, 331, 
54592, 339, 341, 342, 331, 
54622, 337, 336, 337, 342, 
54652, 333, 331, 333, 351, 
54682, 335, 334, 334, 345, 
54713, 338, 340, 339, 333, 
54743, 339, 341, 342, 329, 
54773, 337, 337, 339, 338, 
54803, 333, 333, 334, 349, 
54834, 334, 333, 334, 347, 
54863, 337, 338, 338, 336, 
54893, 340, 343, 342, 329, 
54924, 337, 339, 340, 336, 
54953, 335, 333, 335, 346, 
54984, 333, 332, 333, 350, 
55014, 336, 336, 337, 341, 
55045, 339, 341, 341, 330, 
55074, 340, 340, 341, 333, 
55105, 335, 336, 337, 344, 
55135, 333, 331, 332, 351, 
55165, 335, 335, 335, 344, 
55195, 338, 340, 339, 333, 
55225, 340, 341, 341, 331, 
55256, 336, 337, 338, 341, 
55285, 333, 331, 334, 351, 
55316, 334, 333, 333, 346, 
55346, 337, 338, 338, 336, 
55376, 339, 341, 341, 330, 
55406, 337, 337, 339, 337, 
55437, 335, 333, 335, 349, 
55467, 334, 332, 333, 350, 
55497, 337, 336, 336, 339, 
55527, 339, 341, 341, 329, 
55557, 338, 340, 340, 334, 
55587, 334, 334, 336, 345, 
55617, 333, 331, 332, 352, 
55648, 335, 334, 335, 342, 
55677, 339, 341, 340, 332, 
55708, 339, 340, 341, 331, 
55738, 336, 336, 337, 342, 
55769, 333, 331, 333, 351, 
55798, 334, 333, 334, 345, 
55829, 338, 339, 338, 334, 
55859, 340, 341, 341, 329, 
55888, 337, 337, 339, 339, 
55919, 333, 332, 334, 349, 
55949, 334, 332, 333, 348, 
55980, 337, 337, 338, 337, 
56009, 340, 342, 341, 329, 
56040, 339, 339, 340, 335, 
56070, 334, 333, 335, 346, 
56100, 333, 331, 333, 350, 
56130, 336, 336, 335, 340, 
56161, 339, 341, 340, 330, 
56190, 339, 341, 341, 332, 
56220, 336, 335, 337, 343, 
56251, 333, 331, 333, 352, 
56281, 335, 334, 334, 344, 
56311, 339, 340, 339, 333, 
56341, 341, 341, 341, 330, 
56372, 337, 337, 338, 341, 
56401, 335, 332, 333, 350, 
56432, 334, 332, 334, 348, 
56462, 337, 338, 337, 336, 
56493, 339, 342, 341, 330, 
56522, 338, 338, 340, 336, 
56552, 334, 333, 334, 348, 
56583, 334, 332, 332, 350, 
56612, 336, 336, 336, 340, 
