44535, 339, 341, 340, 285, 
144567, 339, 341, 341, 283, 
144598, 337, 339, 339, 289, 
1446, 
144504, 336, 337, 337, 292, 
144535, 339, 341, 340, 285, 
144567, 339, 341, 341, 283, 
144598, 337, 339, 339, 289, 
14460, 336, 336, 338, 293, 
1, 337, 338, 339, 288, 
2, 338, 340, 341, 284, 
11, 333, 331, 334, 306, 
37, 340, 341, 340, 287, 
65, 335, 335, 337, 298, 
92, 335, 334, 335, 301, 
119, 339, 342, 342, 286, 
147, 334, 334, 336, 304, 
175, 336, 334, 334, 301, 
203, 340, 341, 341, 286, 
231, 336, 335, 335, 301, 
260, 334, 333, 333, 305, 
287, 339, 342, 341, 286, 
316, 336, 336, 338, 298, 
344, 333, 331, 333, 307, 
371, 339, 340, 339, 289, 
400, 337, 338, 339, 295, 
428, 333, 332, 333, 309, 
456, 338, 339, 337, 292, 
484, 338, 339, 340, 290, 
512, 333, 331, 333, 308, 
540, 337, 337, 337, 294, 
568, 338, 340, 341, 288, 
596, 333, 331, 334, 308, 
624, 336, 335, 336, 298, 
653, 339, 341, 341, 287, 
680, 334, 333, 335, 304, 
708, 335, 334, 334, 301, 
737, 339, 342, 341, 286, 
764, 334, 334, 336, 301, 
793, 333, 335, 334, 304, 
821, 339, 341, 340, 286, 
849, 336, 336, 338, 298, 
877, 334, 332, 333, 307, 
905, 340, 341, 339, 288, 
933, 337, 338, 339, 295, 
961, 333, 331, 333, 308, 
990, 338, 340, 338, 291, 
1017, 339, 339, 340, 292, 
1046, 333, 332, 334, 307, 
1076, 335, 334, 334, 302, 
1104, 339, 341, 340, 287, 
1134, 338, 339, 339, 293, 
1163, 333, 331, 333, 307, 
1192, 335, 334, 334, 302, 
1221, 339, 341, 341, 287, 
1251, 337, 338, 339, 295, 
1280, 333, 332, 334, 309, 
1308, 335, 335, 335, 301, 
1338, 340, 342, 341, 287, 
1367, 337, 338, 339, 295, 
1396, 332, 332, 335, 309, 
1425, 336, 336, 336, 300, 
1455, 340, 342, 342, 287, 
1483, 336, 338, 338, 297, 
1512, 334, 333, 333, 308, 
1542, 336, 336, 337, 299, 
1570, 339, 342, 341, 286, 
1600, 337, 338, 339, 297, 
1629, 333, 331, 333, 310, 
1658, 336, 337, 335, 297, 
1687, 340, 342, 341, 286, 
1717, 336, 336, 338, 298, 
1745, 333, 331, 333, 308, 
1774, 336, 337, 336, 296, 
1804, 339, 340, 341, 287, 
1832, 335, 336, 337, 299, 
1862, 333, 331, 332, 309, 
1891, 337, 337, 337, 296, 
1921, 339, 343, 342, 287, 
1949, 336, 336, 338, 300, 
1978, 333, 333, 334, 308, 
2008, 337, 338, 337, 295, 
2036, 339, 341, 341, 288, 
2066, 335, 335, 337, 302, 
2095, 334, 332, 333, 308, 
2124, 337, 338, 338, 295, 
2153, 339, 342, 341, 288, 
2183, 336, 335, 338, 302, 
2211, 334, 332, 334, 308, 
2240, 337, 338, 338, 293, 
2270, 339, 342, 340, 289, 
2298, 335, 334, 336, 304, 
2328, 335, 332, 334, 308, 
2357, 339, 339, 339, 293, 
2386, 339, 342, 341, 289, 
2415, 335, 334, 336, 305, 
2444, 333, 332, 333, 308, 
2473, 338, 340, 339, 292, 
2502, 339, 341, 341, 290, 
2532, 334, 334, 335, 305, 
2561, 335, 333, 334, 307, 
2590, 339, 340, 339, 291, 
2619, 339, 340, 341, 291, 
2649, 334, 334, 335, 306, 
2677, 334, 333, 335, 306, 
2706, 339, 341, 339, 291, 
2736, 338, 340, 342, 292, 
2764, 335, 333, 335, 308, 
2794, 334, 333, 333, 305, 
2823, 339, 341, 340, 289, 
2852, 338, 339, 340, 292, 
2881, 334, 332, 335, 306, 
2910, 334, 334, 334, 304, 
2939, 339, 341, 340, 288, 
2968, 337, 339, 340, 294, 
2998, 333, 332, 334, 308, 
3026, 335, 334, 334, 303, 
3056, 339, 341, 340, 288, 
3085, 338, 339, 340, 294, 
3115, 333, 331, 334, 308, 
3143, 335, 334, 336, 303, 
3172, 339, 342, 342, 288, 
3202, 338, 338, 339, 295, 
3230, 334, 331, 333, 311, 
3260, 335, 337, 334, 302, 
3289, 339, 341, 341, 288, 
3318, 337, 339, 339, 296, 
3347, 333, 331, 334, 310, 
3376, 335, 335, 336, 301, 
3405, 340, 342, 341, 288, 
3434, 338, 337, 339, 297, 
3464, 333, 331, 333, 309, 
3492, 336, 336, 336, 301, 
3522, 341, 342, 342, 287, 
3551, 338, 337, 338, 298, 
3580, 334, 331, 333, 310, 
3609, 336, 336, 335, 300, 
3638, 339, 342, 342, 289, 
3667, 336, 337, 339, 298, 
3696, 333, 331, 334, 309, 
3726, 336, 337, 337, 298, 
3755, 340, 342, 341, 288, 
3784, 336, 335, 338, 301, 
3813, 333, 331, 334, 310, 
3842, 337, 337, 337, 298, 
3871, 339, 342, 341, 288, 
3900, 336, 336, 337, 302, 
3930, 333, 331, 333, 310, 
3958, 336, 337, 337, 298, 
3988, 339, 341, 342, 289, 
4017, 335, 336, 337, 302, 
4046, 333, 332, 333, 310, 
4075, 337, 338, 337, 296, 
4104, 340, 341, 341, 289, 
4133, 335, 335, 337, 303, 
4162, 333, 332, 333, 310, 
4192, 338, 338, 337, 297, 
4220, 339, 341, 341, 289, 
4250, 335, 335, 336, 303, 
4279, 334, 332, 333, 308, 
4307, 338, 339, 339, 294, 
4337, 340, 342, 341, 290, 
4366, 335, 335, 336, 304, 
4396, 333, 332, 333, 309, 
4424, 338, 339, 338, 294, 
4454, 339, 341, 341, 290, 
4483, 335, 334, 337, 306, 
4512, 332, 333, 334, 307, 
4541, 338, 339, 339, 293, 
4570, 339, 340, 341, 290, 
4599, 335, 334, 335, 305, 
4628, 334, 332, 333, 308, 
4658, 338, 340, 339, 293, 
4686, 339, 340, 341, 292, 
4716, 334, 333, 335, 307, 
4745, 334, 333, 334, 307, 
4773, 338, 340, 339, 292, 
4803, 339, 340, 340, 292, 
4832, 334, 333, 335, 307, 
4861, 334, 333, 334, 307, 
4890, 339, 340, 340, 291, 
4920, 338, 340, 340, 293, 
4948, 335, 332, 334, 308, 
4978, 334, 333, 334, 307, 
5007, 339, 340, 340, 291, 
5036, 338, 338, 340, 294, 
5065, 335, 332, 334, 309, 
5094, 335, 334, 335, 307, 
5124, 338, 341, 340, 290, 
5152, 338, 340, 340, 295, 
5182, 333, 333, 335, 309, 
5211, 335, 334, 334, 305, 
5239, 339, 342, 340, 290, 
5269, 338, 339, 340, 295, 
5298, 333, 331, 333, 311, 
5327, 336, 334, 335, 304, 
5356, 339, 341, 341, 290, 
5386, 337, 338, 339, 296, 
5414, 334, 331, 334, 311, 
5444, 335, 335, 336, 304, 
5473, 341, 342, 341, 290, 
5501, 337, 338, 340, 298, 
5531, 333, 332, 334, 312, 
5560, 336, 335, 335, 303, 
5590, 340, 342, 342, 289, 
5618, 337, 338, 339, 298, 
5648, 333, 331, 333, 310, 
5677, 336, 336, 336, 303, 
5705, 339, 342, 341, 289, 
5735, 337, 337, 339, 298, 
5764, 333, 331, 333, 311, 
5793, 336, 337, 336, 301, 
5822, 340, 342, 341, 289, 
5852, 337, 337, 338, 299, 
5880, 333, 331, 334, 312, 
5910, 336, 337, 336, 300, 
5939, 340, 342, 341, 289, 
5967, 336, 336, 338, 300, 
5997, 333, 332, 333, 311, 
6026, 335, 337, 336, 299, 
6055, 341, 342, 341, 288, 
6084, 337, 337, 337, 301, 
6114, 333, 331, 334, 312, 
6142, 337, 338, 337, 299, 
6171, 339, 342, 341, 290, 
6201, 336, 336, 338, 303, 
6230, 334, 332, 334, 311, 
6259, 337, 337, 338, 297, 
6288, 339, 341, 342, 290, 
6318, 336, 335, 337, 304, 
6346, 333, 331, 333, 311, 
6376, 337, 338, 338, 297, 
6405, 339, 342, 340, 291, 
6433, 335, 335, 337, 304, 
6463, 334, 332, 334, 310, 
6492, 337, 339, 337, 296, 
6521, 339, 340, 341, 291, 
6550, 335, 334, 336, 306, 
6580, 334, 332, 333, 311, 
6608, 337, 340, 338, 295, 
6637, 339, 341, 341, 292, 
6667, 335, 334, 336, 307, 
6695, 333, 332, 333, 310, 
6725, 338, 340, 338, 295, 
6754, 339, 341, 341, 293, 
6784, 334, 333, 336, 307, 
6812, 334, 332, 334, 309, 
6842, 338, 340, 339, 294, 
6871, 338, 340, 341, 293, 
6899, 334, 333, 334, 309, 
6929, 335, 333, 333, 310, 
6958, 339, 340, 339, 294, 
6987, 339, 340, 341, 294, 
7016, 335, 333, 335, 309, 
7046, 334, 333, 334, 308, 
7074, 338, 339, 339, 292, 
7103, 338, 340, 340, 294, 
7133, 334, 333, 334, 310, 
7161, 335, 333, 334, 308, 
7191, 339, 340, 340, 293, 
7220, 339, 340, 340, 295, 
7249, 335, 333, 334, 310, 
7278, 335, 335, 334, 307, 
7308, 340, 341, 340, 293, 
7336, 337, 340, 340, 296, 
7365, 334, 332, 334, 312, 
7395, 335, 334, 335, 306, 
7424, 339, 341, 340, 292, 
7453, 338, 339, 340, 297, 
7482, 334, 334, 334, 311, 
7512, 335, 334, 334, 307, 
7540, 339, 341, 340, 292, 
7569, 337, 338, 339, 298, 
7599, 333, 332, 333, 311, 
7627, 335, 335, 335, 306, 
7657, 339, 341, 341, 291, 
7686, 337, 339, 339, 298, 
7715, 333, 331, 334, 312, 
7744, 335, 335, 335, 305, 
7774, 339, 341, 341, 292, 
7802, 337, 337, 339, 300, 
7831, 334, 331, 333, 313, 
7861, 335, 335, 335, 303, 
7889, 340, 341, 341, 291, 
7919, 336, 337, 338, 300, 
7948, 334, 332, 333, 313, 
7977, 336, 337, 335, 303, 
8006, 340, 342, 341, 292, 
8035, 336, 337, 338, 302, 
8065, 333, 331, 333, 314, 
8093, 337, 335, 336, 302, 
8123, 339, 342, 341, 291, 
8152, 336, 336, 339, 303, 
8181, 333, 331, 333, 313, 
8210, 337, 336, 336, 301, 
8240, 339, 342, 341, 292, 
8268, 336, 336, 337, 303, 
8297, 332, 331, 333, 314, 
8327, 337, 338, 337, 301, 
8355, 339, 342, 342, 291, 
8385, 335, 336, 337, 305, 
8414, 333, 331, 333, 314, 
8443, 337, 337, 337, 300, 
8472, 339, 341, 341, 292, 
8501, 336, 335, 337, 305, 
8530, 334, 332, 333, 314, 
8559, 337, 338, 338, 299, 
8589, 340, 341, 341, 291, 
8617, 337, 335, 338, 306, 
8647, 333, 332, 333, 313, 
8676, 338, 338, 338, 298, 
8706, 339, 341, 342, 292, 
8734, 335, 334, 336, 307, 
8763, 334, 332, 333, 312, 
8793, 338, 339, 338, 298, 
8821, 339, 341, 341, 293, 
8851, 335, 334, 337, 307, 
8880, 334, 332, 333, 312, 
8909, 338, 340, 338, 297, 
8938, 339, 341, 341, 293, 
8967, 333, 333, 335, 309, 
8996, 333, 332, 333, 311, 
9025, 338, 340, 339, 295, 
9055, 339, 341, 340, 295, 
9083, 334, 332, 335, 309, 
9113, 335, 331, 333, 311, 
9142, 339, 340, 337, 295, 
9171, 339, 341, 341, 295, 
9200, 334, 333, 335, 310, 
9229, 334, 332, 333, 311, 
9259, 338, 340, 339, 296, 
9287, 338, 340, 340, 296, 
9317, 333, 332, 334, 311, 
9346, 334, 333, 334, 309, 
9375, 339, 340, 339, 295, 
9404, 338, 339, 340, 297, 
9433, 333, 332, 335, 312, 
9462, 334, 333, 335, 309, 
9491, 339, 340, 340, 294, 
9521, 338, 338, 340, 297, 
9549, 334, 332, 334, 313, 
9579, 334, 334, 334, 308, 
9608, 339, 340, 341, 293, 
9637, 338, 339, 339, 298, 
9666, 333, 332, 334, 313, 
9695, 334, 334, 334, 307, 
9724, 340, 341, 340, 293, 
9753, 337, 338, 339, 299, 
9783, 333, 331, 334, 314, 
9811, 336, 335, 335, 307, 
9841, 340, 341, 341, 293, 
9870, 338, 339, 339, 299, 
9899, 333, 331, 333, 314, 
9928, 336, 335, 335, 306, 
9957, 339, 343, 341, 292, 
9987, 337, 338, 339, 301, 
10015, 333, 331, 333, 314, 
10046, 334, 333, 334, 309, 
10076, 337, 339, 339, 298, 
10106, 339, 343, 341, 292, 
10136, 336, 337, 338, 302, 
10167, 333, 331, 334, 313, 
10196, 334, 332, 333, 313, 
10226, 336, 338, 337, 300, 
10257, 340, 342, 341, 293, 
10287, 338, 339, 339, 299, 
10317, 334, 334, 335, 311, 
10347, 333, 331, 333, 314, 
10378, 336, 337, 336, 304, 
10407, 338, 341, 341, 294, 
10438, 338, 341, 340, 297, 
10468, 335, 336, 336, 309, 
10498, 333, 331, 333, 316, 
10528, 335, 335, 335, 307, 
10558, 339, 341, 340, 295, 
10589, 339, 340, 341, 295, 
10618, 335, 335, 337, 307, 
10649, 333, 331, 334, 315, 
10679, 335, 334, 334, 310, 
10710, 338, 339, 339, 297, 
10739, 340, 342, 341, 294, 
10770, 335, 336, 338, 304, 
10800, 335, 332, 333, 314, 
10829, 335, 333, 333, 312, 
10860, 337, 339, 336, 300, 
10890, 339, 342, 341, 293, 
10920, 338, 338, 339, 301, 
10950, 334, 333, 334, 313, 
10981, 333, 332, 333, 315, 
11011, 337, 337, 335, 303, 
11041, 340, 341, 341, 294, 
11071, 338, 339, 340, 298, 
11102, 334, 334, 335, 310, 
11131, 333, 332, 333, 316, 
11161, 336, 336, 335, 305, 
11192, 340, 341, 340, 295, 
11222, 338, 340, 341, 296, 
11252, 335, 335, 336, 307, 
11282, 333, 332, 333, 317, 
11313, 334, 334, 335, 310, 
11342, 339, 340, 339, 297, 
11373, 339, 341, 341, 295, 
11403, 336, 335, 337, 305, 
11433, 333, 331, 333, 315, 
11463, 334, 333, 335, 311, 
11493, 337, 339, 338, 298, 
11524, 339, 342, 341, 293, 
11553, 337, 338, 339, 302, 
11584, 333, 332, 334, 313, 
11614, 334, 332, 333, 314, 
11644, 337, 337, 338, 302, 
11674, 339, 343, 341, 293, 
11705, 338, 339, 339, 300, 
11735, 335, 333, 335, 312, 
11765, 333, 331, 333, 315, 
11795, 336, 336, 336, 306, 
11825, 339, 341, 340, 294, 
11855, 338, 340, 341, 297, 
11885, 335, 335, 336, 308, 
11916, 334, 331, 333, 316, 
11945, 335, 335, 335, 309, 
11976, 339, 340, 339, 297, 
12006, 339, 341, 341, 296, 
12037, 336, 336, 337, 306, 
12066, 333, 331, 333, 315, 
12097, 334, 333, 334, 310, 
12127, 338, 339, 338, 298, 
12156, 339, 341, 341, 294, 
12187, 338, 337, 339, 303, 
12217, 333, 332, 334, 314, 
12248, 334, 332, 333, 313, 
12277, 337, 338, 338, 302, 
12308, 340, 340, 341, 294, 
12338, 338, 339, 340, 301, 
12368, 334, 333, 335, 312, 
12398, 334, 332, 333, 316, 
12428, 336, 336, 336, 306, 
12459, 339, 341, 340, 294, 
12488, 338, 339, 340, 298, 
12519, 335, 334, 336, 311, 
12549, 333, 331, 333, 316, 
12579, 336, 335, 335, 307, 
12609, 339, 341, 339, 296, 
12640, 339, 340, 341, 296, 
12669, 335, 335, 338, 309, 
12700, 333, 331, 333, 316, 
12730, 334, 334, 334, 310, 
12760, 338, 340, 339, 299, 
12790, 339, 342, 341, 294, 
12820, 336, 336, 338, 304, 
12851, 334, 332, 333, 315, 
12880, 334, 333, 334, 312, 
12911, 338, 338, 338, 300, 
12941, 339, 342, 342, 294, 
12972, 337, 338, 339, 302, 
13001, 333, 332, 333, 314, 
13032, 333, 332, 334, 314, 
13062, 337, 337, 337, 305, 
13091, 339, 341, 341, 295, 
13122, 338, 340, 340, 300, 
13152, 334, 334, 335, 312, 
13182, 333, 330, 333, 317, 
13212, 336, 335, 335, 308, 
13243, 339, 341, 340, 296, 
13273, 339, 340, 341, 299, 
13303, 336, 335, 337, 309, 
13333, 333, 331, 333, 317, 
13364, 336, 334, 335, 311, 
13393, 338, 339, 339, 298, 
13423, 339, 341, 341, 294, 
13454, 336, 336, 338, 306, 
13484, 333, 331, 333, 318, 
13514, 334, 334, 334, 312, 
13544, 336, 338, 338, 301, 
13575, 339, 340, 341, 295, 
13604, 337, 338, 339, 305, 
13635, 333, 332, 334, 314, 
13665, 333, 332, 333, 315, 
13696, 338, 337, 337, 303, 
13725, 340, 342, 341, 294, 
13755, 337, 339, 339, 301, 
13786, 334, 333, 336, 313, 
13815, 334, 331, 333, 316, 
13846, 336, 336, 336, 305, 
13876, 339, 341, 340, 295, 
13906, 338, 340, 340, 299, 
13936, 335, 334, 336, 311, 
13967, 333, 331, 333, 318, 
13997, 335, 333, 334, 310, 
14027, 339, 340, 340, 298, 
14057, 339, 340, 341, 297, 
14087, 337, 334, 337, 307, 
14117, 333, 331, 333, 318, 
14147, 333, 333, 334, 312, 
14178, 339, 339, 339, 302, 
14208, 339, 341, 342, 296, 
14238, 337, 337, 339, 304, 
14268, 333, 332, 333, 316, 
14299, 334, 333, 333, 314, 
14328, 337, 337, 337, 303, 
14358, 339, 342, 341, 296, 
14389, 338, 339, 339, 302, 
14418, 334, 333, 335, 313, 
14449, 333, 331, 332, 316, 
14479, 336, 336, 336, 305, 
14510, 340, 341, 340, 296, 
14539, 339, 340, 339, 300, 
14570, 335, 335, 336, 311, 
14600, 333, 331, 333, 317, 
14630, 336, 335, 335, 309, 
14660, 339, 341, 340, 299, 
14690, 339, 341, 341, 298, 
14721, 336, 336, 337, 309, 
14750, 333, 331, 333, 318, 
14781, 335, 334, 334, 312, 
14811, 339, 339, 339, 300, 
14841, 339, 341, 342, 295, 
14871, 337, 337, 339, 306, 
14902, 333, 332, 334, 316, 
14931, 335, 333, 334, 314, 
14962, 338, 338, 337, 303, 
14992, 341, 340, 341, 296, 
15022, 338, 338, 340, 303, 
15052, 334, 333, 335, 314, 
15082, 334, 332, 333, 316, 
15113, 336, 337, 337, 306, 
15142, 340, 343, 341, 296, 
15173, 338, 338, 340, 302, 
15203, 335, 334, 336, 312, 
15234, 333, 331, 333, 318, 
15263, 337, 335, 335, 308, 
15294, 339, 341, 340, 297, 
15324, 339, 341, 340, 297, 
15353, 337, 335, 337, 309, 
15384, 333, 331, 333, 318, 
15414, 336, 334, 335, 312, 
15444, 339, 340, 339, 300, 
15474, 339, 341, 340, 297, 
15505, 337, 338, 338, 306, 
15535, 334, 331, 333, 318, 
15565, 335, 333, 334, 314, 
15595, 338, 338, 338, 303, 
15626, 341, 342, 341, 294, 
15655, 337, 338, 339, 303, 
15685, 334, 332, 335, 315, 
15716, 335, 332, 334, 315, 
15746, 336, 338, 337, 304, 
15776, 339, 342, 341, 295, 
15806, 338, 339, 340, 300, 
15837, 334, 333, 335, 311, 
15866, 334, 332, 333, 316, 
15897, 336, 335, 335, 307, 
15927, 339, 341, 340, 297, 
15958, 339, 340, 341, 298, 
15987, 336, 335, 336, 309, 
16017, 333, 331, 333, 319, 
16048, 335, 334, 335, 311, 
16077, 340, 340, 340, 299, 
16108, 339, 341, 341, 297, 
16138, 336, 337, 338, 308, 
16168, 334, 331, 333, 319, 
16198, 334, 333, 334, 315, 
16229, 338, 339, 338, 302, 
16259, 340, 341, 342, 296, 
16288, 337, 337, 339, 305, 
16319, 334, 332, 335, 317, 
16349, 333, 333, 333, 316, 
16379, 337, 337, 338, 305, 
16409, 341, 342, 341, 296, 
16440, 337, 339, 340, 303, 
16470, 334, 333, 336, 315, 
16500, 333, 331, 333, 318, 
16530, 337, 336, 336, 308, 
16561, 340, 342, 341, 297, 
16590, 339, 340, 341, 300, 
16620, 335, 335, 336, 312, 
16651, 333, 331, 333, 319, 
16680, 335, 335, 335, 311, 
16711, 339, 341, 340, 299, 
16741, 339, 341, 341, 298, 
16772, 336, 336, 338, 310, 
16801, 333, 331, 333, 319, 
16832, 335, 334, 334, 313, 
16862, 339, 340, 339, 301, 
16892, 339, 342, 340, 297, 
16922, 337, 338, 338, 306, 
16952, 333, 331, 333, 317, 
16983, 334, 332, 333, 315, 
17012, 337, 337, 338, 304, 
17043, 340, 342, 342, 296, 
17073, 338, 338, 340, 304, 
17103, 334, 333, 336, 316, 
17133, 334, 332, 333, 318, 
17164, 335, 337, 334, 307, 
17193, 340, 342, 341, 297, 
17224, 339, 340, 340, 302, 
17254, 335, 334, 336, 312, 
17284, 334, 332, 333, 320, 
17314, 336, 335, 336, 311, 
17344, 341, 341, 340, 299, 
17375, 339, 341, 341, 299, 
17404, 336, 335, 337, 310, 
17435, 334, 331, 333, 320, 
17465, 335, 334, 335, 314, 
17496, 339, 340, 339, 301, 
17525, 340, 342, 341, 298, 
17556, 337, 337, 338, 308, 
17586, 333, 331, 333, 318, 
17615, 335, 333, 334, 315, 
17646, 338, 339, 338, 303, 
17676, 341, 342, 341, 297, 
17707, 337, 338, 339, 305, 
17736, 334, 332, 334, 315, 
17767, 333, 332, 333, 317, 
17797, 337, 337, 336, 306, 
17827, 339, 342, 342, 297, 
17857, 338, 339, 340, 304, 
17888, 334, 333, 336, 316, 
17917, 333, 331, 333, 319, 
17947, 336, 336, 336, 310, 
17978, 339, 341, 340, 298, 
18008, 339, 340, 340, 299, 
18038, 335, 335, 337, 312, 
18068, 333, 331, 333, 320, 
18099, 335, 335, 334, 312, 
18128, 338, 340, 340, 301, 
18159, 339, 341, 341, 299, 
18189, 336, 337, 337, 311, 
18219, 333, 332, 333, 319, 
18249, 334, 333, 334, 316, 
18279, 338, 339, 338, 304, 
18310, 340, 341, 341, 297, 
18339, 337, 337, 339, 306, 
18370, 333, 333, 334, 317, 
18400, 334, 332, 333, 317, 
18430, 337, 337, 337, 306, 
18460, 339, 342, 341, 297, 
18491, 338, 339, 340, 304, 
18521, 335, 333, 335, 316, 
18550, 333, 332, 333, 319, 
18581, 336, 337, 336, 309, 
18611, 340, 341, 341, 298, 
18641, 339, 340, 340, 301, 
18671, 335, 334, 336, 314, 
18702, 334, 331, 333, 319, 
18732, 335, 335, 335, 311, 
18762, 339, 341, 339, 300, 
18792, 339, 341, 341, 300, 
18823, 336, 337, 338, 311, 
18852, 333, 331, 333, 320, 
18882, 335, 334, 334, 315, 
18913, 340, 339, 338, 303, 
18942, 339, 342, 341, 298, 
18973, 336, 337, 339, 308, 
19003, 333, 332, 334, 319, 
19034, 334, 332, 334, 318, 
19063, 337, 339, 337, 306, 
19094, 339, 342, 341, 298, 
19124, 339, 338, 339, 305, 
19154, 334, 332, 335, 317, 
19184, 333, 331, 333, 319, 
19214, 336, 336, 337, 308, 
19245, 337, 341, 341, 298, 
19274, 338, 339, 340, 304, 
19305, 336, 334, 336, 315, 
19335, 333, 331, 333, 321, 
19365, 336, 335, 335, 311, 
19395, 340, 341, 340, 300, 
19426, 339, 340, 340, 301, 
19456, 336, 336, 338, 312, 
19486, 333, 331, 333, 320, 
19516, 335, 334, 335, 314, 
19546, 339, 340, 339, 302, 
19576, 340, 342, 342, 298, 
19606, 336, 336, 338, 310, 
19637, 333, 332, 333, 319, 
19666, 334, 333, 333, 316, 
19697, 337, 338, 337, 304, 
19727, 340, 342, 341, 298, 
19758, 337, 338, 339, 306, 
19787, 334, 332, 334, 318, 
19818, 334, 333, 333, 320, 
19848, 337, 337, 336, 307, 
19877, 339, 342, 341, 299, 
19908, 338, 339, 341, 304, 
19938, 334, 333, 335, 316, 
19969, 333, 331, 333, 320, 
19998, 336, 336, 336, 310, 
20029, 339, 341, 340, 300, 
20059, 338, 340, 341, 301, 
20089, 335, 336, 337, 313, 
20119, 334, 331, 333, 321, 
20149, 336, 334, 334, 312, 
20179, 339, 340, 339, 301, 
20209, 339, 341, 341, 299, 
20240, 337, 336, 338, 309, 
20270, 333, 331, 334, 320, 
20300, 334, 334, 334, 316, 
20330, 339, 339, 338, 304, 
20361, 340, 342, 341, 298, 
20390, 337, 338, 339, 307, 
20421, 333, 332, 334, 317, 
20451, 333, 333, 333, 318, 
20481, 337, 337, 337, 307, 
20511, 339, 341, 341, 298, 
20541, 338, 339, 339, 305, 
20572, 334, 334, 335, 317, 
20601, 333, 331, 333, 322, 
20632, 336, 336, 335, 311, 
20662, 340, 341, 340, 300, 
20692, 339, 340, 340, 304, 
20722, 335, 336, 336, 315, 
20753, 333, 331, 332, 322, 
20783, 335, 335, 335, 313, 
20812, 339, 340, 339, 302, 
20843, 339, 341, 341, 301, 
20873, 336, 336, 337, 312, 
20903, 333, 332, 333, 322, 
20933, 334, 333, 334, 317, 
20964, 338, 339, 338, 304, 
20994, 339, 341, 341, 300, 
21024, 336, 337, 339, 309, 
21054, 334, 332, 334, 320, 
21085, 334, 332, 333, 318, 
21114, 337, 339, 337, 308, 
21144, 340, 342, 341, 300, 
21175, 337, 339, 339, 306, 
21204, 333, 333, 335, 320, 
21235, 333, 331, 333, 321, 
21265, 336, 336, 336, 311, 
21296, 340, 342, 340, 301, 
21325, 338, 340, 340, 305, 
21356, 335, 334, 336, 317, 
21386, 333, 331, 333, 323, 
21416, 334, 335, 335, 314, 
21446, 339, 341, 340, 302, 
21476, 339, 341, 340, 302, 
21507, 336, 336, 337, 314, 
21536, 333, 331, 333, 322, 
21567, 335, 333, 334, 318, 
21597, 338, 339, 339, 306, 
21627, 340, 341, 342, 300, 
21657, 337, 337, 338, 310, 
21688, 333, 331, 333, 321, 
21718, 334, 333, 333, 319, 
21748, 337, 338, 338, 307, 
21778, 339, 342, 341, 300, 
21808, 338, 338, 340, 307, 
21838, 334, 333, 335, 319, 
21868, 333, 331, 334, 321, 
21899, 336, 337, 336, 310, 
21928, 339, 341, 340, 300, 
21959, 338, 339, 340, 306, 
21989, 334, 334, 335, 317, 
22020, 333, 332, 333, 322, 
22049, 336, 335, 335, 314, 
22079, 338, 341, 340, 302, 
22110, 338, 340, 341, 303, 
22139, 336, 335, 337, 314, 
22170, 333, 331, 334, 323, 
22200, 335, 334, 334, 316, 
22231, 339, 339, 339, 304, 
22260, 339, 341, 342, 302, 
22291, 337, 337, 338, 309, 
22321, 333, 332, 333, 322, 
22351, 333, 332, 334, 319, 
22381, 337, 338, 337, 307, 
22411, 338, 342, 341, 300, 
22441, 337, 338, 339, 308, 
22471, 333, 332, 335, 319, 
22502, 333, 332, 333, 322, 
22532, 337, 337, 336, 310, 
22562, 340, 342, 340, 299, 
22592, 339, 339, 340, 304, 
22623, 335, 333, 335, 317, 
22652, 333, 331, 333, 322, 
22683, 336, 335, 335, 314, 
22713, 339, 342, 341, 301, 
22743, 340, 341, 341, 303, 
22773, 335, 335, 337, 314, 
22803, 335, 331, 333, 323, 
22834, 335, 334, 334, 316, 
22863, 339, 340, 339, 304, 
22894, 339, 342, 341, 301, 
22924, 335, 337, 338, 311, 
22955, 333, 331, 334, 322, 
22984, 334, 332, 333, 320, 
23015, 337, 338, 337, 306, 
23045, 341, 342, 341, 300, 
23074, 337, 338, 339, 308, 
23105, 333, 332, 334, 320, 
23135, 335, 332, 334, 320, 
23165, 337, 337, 337, 310, 
23195, 340, 342, 341, 300, 
23226, 338, 340, 340, 305, 
23256, 334, 334, 335, 317, 
23286, 335, 331, 333, 322, 
23316, 336, 335, 335, 314, 
23347, 340, 341, 340, 302, 
23376, 339, 339, 340, 303, 
23406, 336, 335, 336, 314, 
23437, 333, 332, 333, 322, 
23467, 335, 334, 334, 316, 
23497, 339, 340, 339, 304, 
23527, 339, 341, 341, 301, 
23558, 337, 336, 338, 312, 
23587, 334, 331, 333, 323, 
23618, 334, 333, 333, 319, 
23648, 338, 339, 338, 307, 
23678, 341, 342, 342, 300, 
23708, 337, 338, 339, 308, 
23738, 334, 333, 335, 320, 
23769, 335, 332, 333, 320, 
23798, 338, 337, 337, 311, 
23829, 340, 342, 341, 300, 
23859, 338, 340, 340, 306, 
23889, 335, 334, 337, 319, 
23919, 333, 331, 333, 322, 
23950, 336, 336, 336, 313, 
23980, 340, 342, 340, 303, 
24009, 339, 340, 341, 304, 
24040, 336, 335, 337, 315, 
24070, 333, 331, 334, 324, 
24100, 335, 334, 334, 317, 
24130, 339, 340, 339, 305, 
24161, 339, 341, 341, 303, 
24190, 337, 337, 338, 312, 
24221, 334, 332, 334, 323, 
24251, 334, 333, 334, 319, 
24282, 337, 339, 337, 306, 
24311, 340, 341, 341, 300, 
24341, 337, 339, 339, 308, 
24372, 334, 333, 334, 320, 
24401, 333, 332, 334, 322, 
24432, 337, 337, 336, 310, 
24462, 340, 342, 341, 301, 
24493, 339, 340, 340, 306, 
24522, 334, 334, 337, 317, 
24553, 333, 331, 333, 324, 
24583, 334, 336, 335, 313, 
24613, 340, 341, 340, 302, 
24643, 339, 340, 341, 303, 
24673, 336, 336, 337, 314, 
24704, 333, 331, 335, 323, 
24733, 336, 335, 334, 317, 
24764, 338, 340, 339, 304, 
24794, 339, 341, 341, 302, 
24824, 336, 337, 338, 311, 
24854, 333, 331, 333, 322, 
24885, 334, 333, 333, 319, 
24914, 338, 339, 338, 309, 
24945, 340, 342, 340, 301, 
24975, 338, 338, 339, 310, 
25005, 334, 332, 334, 320, 
25035, 334, 332, 333, 321, 
25065, 337, 338, 337, 312, 
25096, 340, 341, 341, 301, 
25125, 337, 339, 340, 306, 
25156, 334, 333, 336, 318, 
25186, 333, 331, 333, 322, 
25217, 336, 336, 335, 314, 
25246, 339, 342, 340, 304, 
25277, 339, 340, 341, 305, 
25307, 337, 336, 337, 317, 
25336, 333, 332, 333, 324, 
25367, 335, 335, 335, 318, 
25397, 337, 340, 339, 305, 
25427, 339, 341, 341, 304, 
25457, 336, 337, 338, 312, 
25488, 333, 332, 334, 322, 
25518, 334, 333, 334, 320, 
25548, 337, 338, 338, 308, 
25578, 340, 342, 341, 301, 
25609, 338, 339, 340, 309, 
25638, 334, 332, 334, 321, 
25668, 334, 332, 334, 322, 
25699, 337, 337, 336, 312, 
25729, 340, 341, 341, 302, 
25759, 338, 339, 340, 306, 
25789, 334, 334, 336, 318, 
25820, 334, 331, 333, 323, 
25849, 335, 335, 336, 314, 
25880, 339, 341, 341, 304, 
25910, 338, 341, 340, 304, 
25939, 336, 336, 334, 316, 
25970, 333, 332, 333, 323, 
26000, 335, 334, 334, 316, 
26031, 339, 341, 339, 306, 
26060, 339, 341, 341, 302, 
26091, 337, 337, 338, 312, 
26121, 334, 331, 334, 323, 
26151, 334, 334, 333, 320, 
26181, 337, 337, 338, 309, 
26212, 339, 341, 342, 302, 
26242, 337, 339, 340, 309, 
26271, 333, 332, 335, 321, 
26302, 334, 332, 333, 322, 
26332, 336, 338, 336, 312, 
26362, 339, 340, 340, 302, 
26392, 338, 339, 340, 307, 
26423, 335, 335, 336, 318, 
26452, 333, 331, 333, 324, 
26483, 337, 336, 335, 315, 
26513, 339, 342, 340, 304, 
26544, 339, 342, 341, 304, 
26573, 335, 336, 338, 315, 
26603, 333, 331, 333, 324, 
26634, 335, 334, 335, 318, 
26663, 339, 340, 339, 307, 
26694, 339, 342, 342, 302, 
26724, 336, 336, 338, 313, 
26755, 333, 332, 334, 324, 
26784, 334, 333, 334, 320, 
26815, 337, 338, 338, 308, 
26845, 340, 342, 341, 301, 
26875, 339, 338, 339, 309, 
26905, 334, 333, 334, 320, 
26935, 334, 332, 333, 324, 
26966, 336, 337, 336, 312, 
26995, 340, 341, 341, 302, 
27026, 338, 340, 340, 307, 
27056, 334, 334, 336, 319, 
27086, 333, 331, 333, 324, 
27116, 335, 335, 336, 316, 
27147, 339, 340, 340, 304, 
27176, 339, 341, 341, 305, 
27207, 337, 336, 338, 316, 
27237, 332, 332, 333, 325, 
27267, 335, 333, 334, 319, 
27297, 338, 339, 339, 307, 
27327, 339, 341, 341, 303, 
27358, 336, 336, 339, 312, 
27387, 333, 332, 334, 323, 
27418, 334, 332, 334, 320, 
27448, 337, 338, 337, 309, 
27479, 340, 342, 342, 302, 
27508, 337, 339, 339, 309, 
27539, 334, 333, 335, 321, 
27569, 334, 331, 333, 323, 
27598, 336, 336, 336, 313, 
27629, 341, 342, 340, 302, 
27659, 338, 339, 341, 308, 
27689, 334, 334, 336, 318, 
27719, 333, 332, 332, 326, 
27750, 335, 336, 336, 316, 
27780, 339, 341, 339, 304, 
27810, 339, 341, 341, 304, 
27840, 335, 335, 337, 315, 
27870, 333, 331, 333, 324, 
27900, 334, 333, 334, 321, 
27930, 338, 339, 338, 308, 
27961, 338, 341, 341, 303, 
27991, 337, 336, 338, 313, 
28021, 334, 331, 335, 324, 
28051, 334, 332, 333, 322, 
28082, 338, 338, 337, 311, 
28111, 339, 342, 341, 303, 
28142, 339, 339, 339, 309, 
28172, 332, 333, 335, 321, 
28201, 333, 331, 334, 324, 
28232, 336, 336, 337, 315, 
28262, 339, 341, 340, 304, 
28293, 340, 340, 340, 307, 
28322, 335, 335, 337, 319, 
28353, 333, 331, 333, 325, 
28383, 335, 335, 336, 318, 
28413, 338, 340, 340, 305, 
28443, 339, 341, 341, 305, 
28474, 336, 336, 337, 317, 
28504, 333, 331, 333, 326, 
28533, 335, 335, 334, 321, 
28564, 338, 339, 339, 308, 
28594, 340, 342, 341, 303, 
28624, 337, 337, 339, 313, 
28654, 335, 332, 334, 324, 
28685, 334, 332, 332, 323, 
28715, 337, 337, 337, 311, 
28745, 339, 341, 341, 303, 
28775, 339, 339, 340, 311, 
28806, 334, 333, 335, 321, 
28835, 333, 331, 333, 325, 
28865, 336, 336, 336, 315, 
28896, 340, 341, 340, 304, 
28925, 339, 340, 341, 307, 
28956, 334, 335, 337, 318, 
28986, 333, 331, 333, 327, 
29017, 335, 335, 335, 317, 
29046, 340, 340, 340, 306, 
29077, 339, 341, 341, 304, 
29107, 336, 337, 338, 315, 
29137, 333, 331, 334, 325, 
29167, 334, 333, 334, 320, 
29197, 339, 339, 338, 309, 
29228, 339, 341, 341, 303, 
29257, 338, 337, 338, 314, 
29288, 333, 332, 334, 323, 
29318, 333, 331, 334, 323, 
29348, 337, 337, 337, 313, 
29378, 339, 342, 341, 303, 
29409, 338, 338, 340, 309, 
29438, 334, 333, 335, 322, 
29469, 333, 331, 333, 325, 
29499, 336, 335, 335, 316, 
29529, 339, 341, 340, 305, 
29559, 340, 340, 340, 309, 
29589, 335, 335, 336, 319, 
29620, 333, 331, 333, 326, 
29649, 335, 334, 336, 319, 
29680, 339, 339, 339, 306, 
29710, 339, 341, 341, 305, 
29741, 337, 336, 336, 315, 
29770, 333, 331, 335, 325, 
29800, 334, 333, 334, 322, 
29831, 338, 338, 338, 308, 
29860, 339, 341, 341, 303, 
29891, 337, 338, 339, 312, 
29921, 333, 331, 334, 324, 
29952, 334, 332, 333, 324, 
29981, 337, 337, 337, 313, 
30012, 339, 342, 341, 304, 
30042, 338, 339, 340, 309, 
30072, 335, 333, 336, 321, 
30102, 333, 331, 333, 325, 
30132, 336, 336, 336, 316, 
30162, 339, 341, 340, 305, 
30192, 338, 340, 341, 306, 
30223, 335, 334, 337, 318, 
30253, 333, 331, 333, 327, 
30283, 336, 334, 335, 319, 
30313, 340, 340, 339, 307, 
30344, 339, 341, 341, 306, 
30373, 336, 336, 339, 315, 
30404, 333, 330, 334, 325, 
30434, 334, 333, 334, 323, 
30464, 338, 339, 338, 310, 
30494, 340, 342, 341, 304, 
30524, 337, 338, 339, 311, 
30555, 334, 333, 335, 323, 
30584, 335, 332, 333, 324, 
30615, 336, 338, 336, 313, 
30645, 340, 341, 341, 304, 
30675, 339, 339, 341, 309, 
30705, 334, 333, 335, 321, 
30736, 333, 331, 333, 327, 
30766, 335, 335, 336, 317, 
30795, 339, 341, 339, 306, 
30826, 338, 340, 340, 307, 
30856, 336, 336, 337, 318, 
30886, 333, 331, 333, 327, 
30916, 336, 335, 334, 320, 
30947, 338, 340, 339, 308, 
30977, 339, 341, 341, 305, 
31007, 337, 337, 338, 315, 
31037, 333, 331, 334, 325, 
31068, 334, 332, 333, 323, 
31097, 337, 338, 337, 311, 
31127, 340, 341, 341, 304, 
31158, 338, 338, 340, 311, 
31187, 335, 332, 335, 323, 
31218, 333, 331, 333, 325, 
31248, 339, 337, 336, 315, 
31279, 339, 341, 341, 305, 
31308, 338, 339, 340, 308, 
31339, 334, 334, 336, 320, 
31369, 332, 331, 332, 327, 
31399, 335, 335, 335, 318, 
31429, 339, 341, 339, 306, 
31459, 339, 341, 341, 306, 
31490, 336, 336, 337, 316, 
31519, 333, 331, 333, 326, 
31550, 335, 332, 334, 321, 
31580, 340, 340, 339, 310, 
31610, 339, 342, 341, 305, 
31640, 337, 337, 339, 312, 
31671, 333, 332, 334, 325, 
31700, 334, 332, 333, 323, 
31730, 337, 339, 337, 313, 
31761, 340, 343, 342, 304, 
31791, 338, 339, 340, 310, 
31821, 334, 333, 335, 322, 
31851, 333, 331, 333, 325, 
31882, 336, 336, 336, 315, 
31911, 339, 341, 340, 307, 
31942, 339, 341, 341, 307, 
31972, 336, 335, 336, 320, 
32003, 333, 331, 333, 327, 
32032, 335, 334, 335, 319, 
32062, 338, 340, 339, 307, 
32093, 339, 342, 341, 308, 
32122, 337, 336, 337, 317, 
32153, 334, 331, 333, 327, 
32183, 334, 333, 334, 322, 
32214, 338, 338, 339, 311, 
32243, 340, 341, 341, 305, 
32274, 337, 339, 339, 313, 
32304, 334, 333, 334, 326, 
32334, 334, 332, 333, 325, 
32364, 337, 337, 337, 313, 
32394, 339, 341, 341, 304, 
32424, 338, 339, 341, 310, 
32454, 336, 333, 336, 321, 
32485, 333, 331, 333, 326, 
32515, 336, 335, 335, 317, 
32545, 339, 341, 340, 306, 
32575, 339, 341, 342, 307, 
32606, 335, 335, 337, 319, 
32635, 333, 331, 333, 327, 
32666, 335, 334, 334, 321, 
32696, 338, 340, 339, 308, 
32726, 339, 341, 341, 306, 
32756, 336, 336, 337, 315, 
32786, 334, 331, 333, 325, 
32817, 333, 332, 334, 323, 
32846, 337, 338, 337, 311, 
32877, 340, 342, 341, 303, 
32907, 337, 338, 339, 312, 
32937, 334, 332, 335, 323, 
32967, 333, 332, 334, 324, 
32998, 336, 336, 337, 315, 
33028, 339, 342, 341, 304, 
33057, 340, 340, 340, 309, 
33088, 336, 334, 336, 320, 
33118, 333, 331, 333, 326, 
33148, 336, 335, 335, 318, 
33178, 339, 340, 340, 307, 
33209, 339, 341, 339, 306, 
33239, 337, 336, 337, 317, 
33269, 333, 331, 334, 327, 
33299, 335, 333, 335, 323, 
33330, 338, 339, 338, 310, 
33359, 340, 341, 341, 305, 
33389, 337, 337, 340, 315, 
33420, 333, 332, 334, 325, 
33449, 333, 332, 333, 325, 
33480, 336, 337, 338, 313, 
33510, 340, 342, 341, 305, 
33541, 338, 338, 340, 312, 
33570, 334, 334, 335, 324, 
33601, 333, 331, 333, 327, 
33631, 336, 336, 336, 317, 
33660, 339, 341, 340, 307, 
33691, 338, 340, 340, 308, 
33721, 334, 333, 336, 320, 
33752, 332, 331, 333, 328, 
33781, 335, 334, 334, 320, 
33812, 339, 340, 339, 309, 
33842, 340, 341, 341, 307, 
33872, 336, 336, 339, 317, 
33902, 333, 331, 333, 328, 
33933, 334, 333, 334, 323, 
33963, 337, 338, 338, 312, 
33992, 339, 342, 340, 304, 
34023, 337, 337, 339, 314, 
34053, 334, 332, 335, 325, 
34083, 333, 332, 334, 326, 
34113, 337, 337, 337, 315, 
34144, 339, 342, 341, 306, 
34173, 339, 339, 341, 311, 
34204, 334, 334, 336, 322, 
34234, 333, 331, 333, 327, 
34265, 336, 335, 335, 319, 
34294, 339, 341, 340, 308, 
34324, 339, 340, 340, 308, 
34355, 336, 335, 337, 320, 
34384, 333, 331, 335, 327, 
34415, 335, 334, 334, 321, 
34445, 338, 339, 339, 310, 
34476, 340, 341, 341, 305, 
34505, 337, 337, 338, 315, 
34536, 335, 332, 334, 326, 
34566, 334, 332, 333, 325, 
34596, 337, 338, 339, 312, 
34626, 338, 342, 340, 305, 
34656, 337, 339, 340, 311, 
34686, 334, 333, 335, 324, 
34716, 333, 332, 333, 327, 
34747, 336, 336, 336, 316, 
34777, 338, 342, 341, 306, 
34807, 338, 340, 340, 309, 
34837, 336, 334, 336, 321, 
34868, 333, 331, 333, 328, 
34897, 335, 335, 333, 319, 
34928, 338, 340, 340, 308, 
34958, 339, 341, 341, 307, 
34988, 335, 336, 337, 317, 
35018, 333, 331, 334, 327, 
35048, 334, 334, 334, 323, 
35079, 339, 339, 337, 311, 
35108, 340, 342, 341, 305, 
35139, 336, 339, 338, 314, 
35169, 334, 331, 335, 326, 
35200, 334, 332, 333, 325, 
35229, 337, 337, 337, 314, 
35260, 340, 342, 340, 305, 
35290, 338, 339, 340, 312, 
35319, 335, 334, 335, 322, 
35350, 333, 331, 333, 327, 
35380, 336, 335, 336, 318, 
35410, 339, 341, 340, 307, 
35440, 339, 340, 340, 308, 
35471, 336, 335, 338, 319, 
35501, 333, 331, 333, 327, 
35531, 335, 334, 334, 321, 
35561, 339, 340, 339, 309, 
35591, 339, 341, 341, 306, 
35621, 336, 336, 339, 316, 
35651, 334, 331, 334, 327, 
35682, 334, 333, 334, 324, 
35712, 337, 338, 338, 313, 
35742, 340, 342, 341, 306, 
35772, 336, 338, 339, 313, 
35803, 335, 334, 335, 325, 
35832, 333, 331, 333, 327, 
35863, 336, 336, 336, 316, 
35893, 340, 342, 341, 306, 
35922, 338, 339, 340, 310, 
35953, 335, 335, 336, 322, 
35983, 333, 331, 333, 328, 
36014, 336, 335, 335, 319, 
36043, 339, 341, 340, 308, 
36074, 340, 341, 340, 308, 
36104, 336, 335, 336, 319, 
36134, 333, 331, 333, 328, 
36164, 334, 333, 334, 322, 
36195, 339, 339, 339, 311, 
36225, 340, 341, 341, 306, 
36254, 337, 337, 338, 315, 
36285, 333, 331, 334, 327, 
36315, 334, 333, 333, 326, 
36345, 337, 338, 339, 315, 
36375, 340, 342, 342, 306, 
36406, 338, 339, 339, 312, 
36435, 333, 333, 336, 325, 
36466, 333, 332, 333, 328, 
36496, 336, 337, 336, 318, 
36527, 340, 341, 340, 307, 
36556, 340, 340, 340, 310, 
36586, 336, 335, 336, 321, 
36617, 334, 331, 334, 329, 
36646, 335, 335, 334, 321, 
36677, 339, 340, 339, 310, 
36707, 339, 341, 341, 307, 
36738, 337, 336, 338, 317, 
36767, 333, 331, 334, 328, 
36798, 334, 333, 334, 325, 
36828, 338, 338, 338, 312, 
36858, 339, 342, 341, 306, 
36888, 337, 338, 340, 314, 
36918, 334, 332, 335, 325, 
36948, 334, 332, 333, 326, 
36978, 337, 337, 338, 316, 
37009, 340, 342, 342, 306, 
37039, 338, 339, 340, 312, 
37069, 335, 334, 336, 323, 
37099, 332, 331, 333, 329, 
37130, 336, 335, 336, 319, 
37159, 339, 341, 340, 308, 
37190, 339, 341, 341, 308, 
37220, 335, 335, 337, 319, 
37250, 334, 331, 333, 328, 
37280, 334, 333, 334, 323, 
37310, 338, 339, 339, 310, 
37341, 341, 341, 341, 307, 
37370, 337, 337, 339, 316, 
37401, 333, 332, 334, 327, 
37431, 334, 332, 334, 325, 
37462, 338, 338, 338, 314, 
37491, 340, 341, 341, 307, 
37521, 338, 339, 340, 314, 
37552, 334, 334, 335, 325, 
37581, 334, 331, 333, 328, 
37612, 336, 336, 336, 318, 
37642, 340, 341, 340, 306, 
37672, 339, 340, 340, 310, 
37702, 335, 334, 337, 322, 
37733, 333, 331, 334, 328, 
37763, 335, 336, 335, 320, 
37793, 339, 340, 339, 309, 
37823, 339, 341, 341, 308, 
37853, 336, 336, 338, 319, 
37883, 333, 331, 334, 329, 
37913, 334, 334, 335, 326, 
37944, 339, 340, 338, 312, 
37974, 339, 342, 342, 308, 
38004, 337, 337, 339, 316, 
38034, 333, 331, 335, 327, 
38065, 335, 333, 334, 327, 
38094, 337, 338, 337, 316, 
38125, 341, 342, 341, 307, 
38155, 339, 339, 339, 313, 
38184, 335, 333, 336, 324, 
38215, 334, 332, 334, 329, 
38245, 336, 335, 335, 319, 
38276, 340, 341, 340, 308, 
38305, 340, 340, 340, 310, 
38336, 335, 335, 337, 321, 
38366, 333, 331, 332, 329, 
38396, 336, 334, 335, 323, 
38426, 338, 340, 339, 309, 
38457, 340, 341, 341, 307, 
38487, 336, 336, 338, 318, 
38516, 334, 332, 332, 328, 
38547, 334, 333, 334, 324, 
38577, 338, 338, 338, 313, 
38607, 340, 341, 341, 306, 
38637, 338, 338, 339, 314, 
38668, 332, 334, 334, 326, 
38697, 333, 332, 334, 326, 
38728, 337, 337, 336, 316, 
38758, 338, 341, 340, 306, 
38789, 338, 339, 341, 311, 
38818, 334, 334, 336, 323, 
38848, 333, 331, 333, 328, 
38879, 336, 335, 336, 319, 
38908, 340, 340, 340, 308, 
38939, 340, 340, 341, 309, 
38969, 335, 335, 337, 320, 
39000, 333, 330, 333, 329, 
39029, 334, 335, 334, 323, 
39060, 339, 340, 339, 311, 
39090, 339, 341, 341, 308, 
39120, 337, 337, 338, 317, 
39150, 332, 331, 334, 328, 
39180, 334, 333, 333, 326, 
39211, 338, 338, 337, 314, 
39240, 340, 342, 342, 307, 
39271, 338, 338, 341, 314, 
39301, 334, 333, 335, 326, 
39331, 333, 332, 333, 329, 
39361, 336, 336, 337, 319, 
39392, 339, 342, 340, 308, 
39421, 338, 340, 340, 312, 
39451, 335, 334, 335, 323, 
39482, 332, 331, 334, 330, 
39512, 335, 334, 335, 322, 
39542, 339, 340, 340, 310, 
39572, 339, 340, 341, 308, 
39603, 336, 335, 337, 320, 
39632, 334, 331, 334, 329, 
39663, 334, 333, 334, 325, 
39693, 338, 339, 339, 314, 
39724, 339, 341, 341, 309, 
39753, 338, 337, 338, 317, 
39783, 333, 331, 335, 329, 
39814, 334, 332, 333, 328, 
39843, 338, 337, 337, 318, 
39874, 339, 341, 341, 308, 
39904, 339, 339, 339, 315, 
39934, 335, 333, 335, 326, 
39964, 333, 331, 333, 330, 
39995, 336, 336, 336, 320, 
40025, 340, 341, 340, 309, 
40055, 338, 340, 341, 312, 
40085, 335, 335, 336, 325, 
40115, 333, 331, 333, 331, 
40145, 335, 335, 335, 324, 
40175, 338, 340, 340, 312, 
40206, 339, 341, 341, 310, 
40236, 336, 336, 338, 320, 
40266, 333, 332, 334, 330, 
40296, 334, 334, 334, 326, 
40327, 338, 339, 338, 315, 
40356, 340, 342, 341, 309, 
40387, 338, 338, 339, 317, 
40417, 333, 332, 334, 329, 
40446, 334, 333, 333, 329, 
40477, 338, 337, 337, 317, 
40507, 341, 341, 341, 308, 
40538, 338, 339, 341, 313, 
40567, 334, 333, 336, 325, 
40598, 334, 331, 333, 330, 
40628, 336, 335, 336, 320, 
40658, 339, 341, 340, 309, 
40688, 339, 340, 340, 310, 
40719, 336, 335, 337, 322, 
40749, 332, 331, 333, 331, 
40778, 334, 334, 335, 323, 
40809, 338, 339, 338, 311, 
40839, 339, 341, 340, 309, 
40869, 336, 336, 337, 320, 
40899, 333, 331, 334, 329, 
40930, 333, 332, 334, 327, 
40960, 338, 339, 338, 315, 
40990, 339, 342, 342, 308, 
41020, 338, 339, 339, 316, 
41051, 334, 332, 335, 327, 
41080, 333, 332, 333, 329, 
41110, 336, 337, 335, 318, 
41141, 339, 342, 342, 309, 
41170, 338, 339, 340, 313, 
41201, 335, 334, 336, 325, 
41231, 334, 331, 333, 330, 
41262, 336, 336, 335, 321, 
41291, 339, 342, 340, 310, 
41322, 339, 341, 341, 311, 
41352, 337, 336, 337, 322, 
41381, 334, 332, 332, 331, 
41412, 335, 335, 334, 325, 
41442, 339, 339, 338, 313, 
41473, 339, 342, 342, 308, 
41502, 338, 337, 338, 319, 
41533, 332, 333, 334, 329, 
41563, 334, 333, 333, 327, 
41593, 337, 340, 339, 315, 
41623, 339, 342, 341, 308, 
41654, 338, 339, 339, 316, 
41683, 333, 333, 334, 327, 
41713, 333, 331, 333, 329, 
41744, 337, 337, 336, 319, 
41774, 339, 341, 339, 310, 
41804, 338, 340, 341, 314, 
41834, 334, 334, 336, 325, 
41865, 334, 331, 334, 331, 
41894, 335, 336, 336, 322, 
41925, 339, 341, 340, 311, 
41955, 340, 341, 342, 311, 
41986, 336, 336, 338, 323, 
42015, 333, 331, 333, 331, 
42045, 334, 334, 334, 325, 
42076, 338, 340, 337, 312, 
42105, 340, 341, 341, 310, 
42136, 336, 337, 338, 319, 
42166, 333, 332, 335, 330, 
42196, 335, 333, 334, 327, 
42226, 338, 338, 337, 316, 
42257, 341, 343, 341, 308, 
42287, 338, 339, 340, 316, 
42317, 334, 333, 335, 327, 
42347, 333, 332, 334, 330, 
42377, 337, 336, 336, 319, 
42407, 339, 341, 341, 309, 
42437, 339, 339, 340, 312, 
42468, 335, 335, 336, 325, 
42498, 334, 331, 333, 330, 
42528, 337, 335, 335, 322, 
42558, 339, 340, 340, 310, 
42589, 340, 340, 341, 310, 
42618, 336, 336, 337, 320, 
42649, 333, 332, 333, 330, 
42679, 335, 334, 334, 325, 
42708, 339, 339, 338, 313, 
42739, 339, 342, 342, 307, 
42769, 338, 337, 340, 318, 
42800, 333, 333, 334, 329, 
42829, 334, 332, 333, 328, 
42860, 337, 338, 337, 316, 
42890, 339, 341, 341, 308, 
42920, 338, 338, 338, 315, 
42950, 334, 333, 335, 327, 
42981, 333, 332, 333, 329, 
43011, 336, 336, 336, 320, 
43040, 340, 341, 340, 309, 
43071, 338, 339, 340, 311, 
43101, 336, 334, 336, 324, 
43131, 333, 331, 333, 331, 
43161, 335, 335, 335, 322, 
43192, 339, 340, 339, 311, 
43222, 339, 342, 341, 310, 
43252, 336, 336, 338, 321, 
43282, 334, 331, 333, 330, 
43312, 335, 333, 334, 326, 
43342, 338, 339, 338, 313, 
43372, 340, 342, 341, 309, 
43403, 337, 338, 339, 318, 
43432, 335, 332, 334, 329, 
43463, 334, 332, 333, 328, 
43493, 339, 338, 338, 317, 
43524, 340, 341, 341, 309, 
43553, 339, 339, 340, 316, 
43584, 334, 333, 335, 327, 
43614, 333, 331, 333, 330, 
43643, 336, 336, 336, 320, 
43674, 339, 341, 341, 311, 
43704, 339, 340, 340, 312, 
43735, 335, 334, 336, 325, 
43764, 333, 331, 332, 331, 
43795, 337, 335, 335, 323, 
43825, 340, 340, 339, 311, 
43855, 339, 341, 341, 311, 
43885, 336, 336, 337, 321, 
43916, 333, 331, 333, 331, 
43945, 334, 333, 334, 326, 
43975, 338, 339, 338, 314, 
44006, 339, 342, 341, 309, 
44036, 338, 337, 338, 319, 
44066, 334, 333, 334, 329, 
44096, 334, 332, 333, 330, 
44127, 337, 337, 337, 317, 
44156, 340, 342, 340, 309, 
44187, 338, 339, 340, 315, 
44217, 334, 333, 335, 327, 
44248, 333, 332, 334, 332, 
44277, 336, 336, 336, 321, 
44307, 339, 342, 340, 310, 
44338, 340, 340, 340, 312, 
44367, 335, 334, 336, 323, 
44398, 333, 331, 333, 331, 
44428, 335, 335, 335, 322, 
44459, 338, 340, 339, 312, 
44488, 339, 342, 342, 310, 
44519, 336, 336, 338, 321, 
44549, 333, 331, 334, 330, 
44579, 334, 333, 335, 326, 
44609, 339, 339, 338, 314, 
44639, 340, 342, 341, 308, 
44669, 337, 337, 340, 318, 
44699, 335, 331, 334, 329, 
44730, 335, 332, 335, 329, 
44760, 337, 338, 337, 318, 
44790, 339, 341, 341, 309, 
44820, 338, 339, 340, 315, 
44851, 334, 333, 335, 327, 
44880, 333, 331, 332, 331, 
44911, 336, 336, 336, 321, 
44941, 339, 341, 340, 310, 
44971, 338, 341, 340, 312, 
45001, 336, 334, 336, 324, 
45031, 333, 331, 331, 332, 
45062, 335, 334, 335, 324, 
45091, 339, 340, 339, 313, 
45122, 339, 341, 342, 312, 
45152, 336, 336, 338, 321, 
45182, 333, 332, 333, 331, 
45212, 335, 334, 335, 328, 
45242, 338, 339, 338, 316, 
45273, 339, 342, 342, 309, 
45302, 337, 338, 339, 318, 
45333, 333, 332, 335, 331, 
45363, 334, 332, 333, 330, 
45393, 337, 337, 337, 318, 
45423, 341, 342, 341, 310, 
45454, 338, 339, 340, 315, 
45484, 334, 334, 336, 327, 
45514, 333, 331, 333, 332, 
45544, 336, 336, 335, 322, 
45574, 338, 341, 340, 311, 
45604, 339, 340, 340, 313, 
45634, 335, 336, 337, 324, 
45665, 333, 331, 333, 332, 
45694, 335, 335, 335, 325, 
45725, 339, 339, 338, 314, 
45755, 340, 341, 341, 312, 
45786, 336, 336, 339, 322, 
45815, 333, 331, 334, 332, 
45846, 335, 334, 334, 329, 
45876, 339, 338, 337, 318, 
45905, 339, 341, 340, 311, 
45936, 337, 337, 339, 320, 
45966, 333, 332, 335, 331, 
45997, 334, 332, 333, 331, 
46026, 337, 337, 337, 319, 
46057, 339, 342, 342, 310, 
46087, 338, 339, 340, 315, 
46117, 335, 334, 335, 327, 
46147, 333, 331, 333, 331, 
46178, 336, 335, 336, 322, 
46208, 340, 341, 341, 311, 
46237, 339, 341, 342, 311, 
46268, 336, 335, 337, 323, 
46298, 333, 331, 333, 333, 
46328, 335, 334, 335, 324, 
46358, 339, 340, 338, 312, 
46389, 339, 341, 344, 309, 
46418, 338, 337, 339, 318, 
46449, 333, 331, 334, 330, 
46479, 334, 333, 333, 327, 
46510, 339, 338, 338, 315, 
46539, 340, 343, 341, 308, 
46569, 339, 338, 339, 316, 
46600, 335, 332, 335, 327, 
46629, 334, 333, 332, 330, 
46660, 337, 337, 336, 320, 
46690, 341, 341, 341, 310, 
46721, 337, 339, 340, 314, 
46750, 334, 334, 336, 326, 
46781, 332, 331, 333, 332, 
46811, 335, 335, 335, 323, 
46841, 339, 340, 339, 311, 
46871, 339, 340, 340, 313, 
46901, 336, 335, 336, 324, 
46931, 332, 330, 333, 333, 
46961, 334, 333, 334, 327, 
46992, 338, 339, 338, 315, 
47022, 340, 341, 340, 312, 
47052, 336, 337, 339, 321, 
47082, 333, 331, 333, 333, 
47113, 333, 332, 334, 331, 
47142, 337, 338, 337, 318, 
47172, 340, 342, 342, 311, 
47203, 338, 339, 339, 318, 
47233, 335, 332, 335, 330, 
47263, 333, 332, 333, 332, 
47293, 336, 336, 335, 322, 
47324, 339, 343, 340, 311, 
47353, 338, 339, 340, 314, 
47384, 335, 335, 337, 328, 
47414, 334, 331, 333, 332, 
47444, 334, 335, 334, 324, 
47474, 339, 342, 340, 313, 
47504, 339, 341, 341, 311, 
47535, 336, 336, 337, 323, 
47564, 333, 332, 333, 332, 
47595, 336, 333, 334, 327, 
47625, 338, 339, 339, 316, 
47655, 339, 341, 341, 312, 
47685, 337, 337, 338, 319, 
47716, 332, 331, 334, 330, 
47746, 333, 332, 333, 329, 
47776, 337, 338, 337, 319, 
47806, 339, 342, 341, 310, 
47836, 337, 339, 339, 317, 
47866, 334, 333, 335, 329, 
47896, 333, 331, 332, 333, 
47927, 335, 336, 337, 324, 
47956, 340, 341, 340, 313, 
47987, 338, 340, 340, 316, 
48017, 334, 334, 336, 328, 
48048, 332, 330, 332, 335, 
48077, 336, 334, 334, 327, 
48108, 338, 340, 339, 316, 
48138, 339, 341, 341, 314, 
48167, 336, 336, 337, 324, 
48198, 333, 331, 333, 334, 
48228, 334, 333, 333, 330, 
48259, 338, 339, 338, 318, 
48288, 339, 342, 341, 314, 
48319, 337, 338, 340, 320, 
48349, 334, 333, 334, 331, 
48379, 333, 332, 333, 332, 
48409, 337, 337, 336, 320, 
48440, 339, 342, 341, 311, 
48470, 338, 340, 340, 317, 
48499, 334, 334, 337, 327, 
48530, 333, 331, 333, 333, 
48560, 335, 336, 335, 325, 
48590, 338, 341, 340, 312, 
48620, 338, 340, 341, 314, 
48651, 335, 336, 335, 326, 
48680, 334, 331, 334, 333, 
48711, 336, 334, 334, 326, 
48741, 338, 339, 339, 315, 
48772, 339, 342, 341, 311, 
48801, 336, 337, 338, 322, 
48831, 333, 332, 334, 332, 
48862, 333, 333, 335, 329, 
48891, 337, 338, 338, 317, 
48922, 339, 342, 341, 310, 
48952, 338, 340, 339, 317, 
48983, 333, 333, 335, 330, 
49012, 333, 332, 333, 331, 
49043, 337, 336, 337, 320, 
49073, 339, 342, 340, 310, 
49102, 338, 341, 340, 314, 
49133, 335, 335, 337, 325, 
49163, 332, 331, 333, 333, 
49193, 336, 335, 335, 324, 
49223, 339, 341, 340, 312, 
49254, 340, 341, 340, 311, 
49284, 336, 336, 338, 322, 
49314, 333, 331, 333, 332, 
49344, 334, 334, 334, 327, 
49375, 338, 342, 338, 314, 
49404, 340, 342, 341, 309, 
49434, 337, 337, 338, 318, 
49465, 334, 332, 335, 330, 
49495, 334, 332, 333, 329, 
49525, 336, 337, 337, 318, 
49555, 339, 341, 341, 310, 
49586, 338, 338, 340, 316, 
49615, 334, 333, 335, 328, 
49646, 333, 331, 332, 333, 
49676, 336, 336, 335, 324, 
49707, 339, 341, 340, 312, 
49736, 338, 341, 340, 316, 
49766, 334, 335, 336, 326, 
49797, 333, 331, 333, 334, 
49826, 335, 334, 335, 326, 
49857, 338, 340, 338, 315, 
49887, 339, 342, 341, 312, 
49917, 336, 336, 337, 322, 
49947, 333, 331, 334, 334, 
49978, 334, 333, 334, 330, 
50008, 337, 338, 338, 318, 
50038, 340, 342, 342, 311, 
50068, 337, 338, 339, 319, 
50098, 333, 333, 333, 330, 
50128, 334, 332, 334, 332, 
50158, 337, 337, 336, 322, 
50189, 339, 342, 341, 312, 
50219, 339, 340, 340, 316, 
50249, 334, 334, 336, 328, 
50279, 333, 331, 333, 333, 
50310, 335, 335, 336, 324, 
50339, 338, 341, 340, 313, 
50370, 340, 341, 342, 314, 
50400, 336, 336, 337, 323, 
50429, 333, 331, 333, 333, 
50460, 335, 333, 332, 328, 
50490, 338, 339, 338, 316, 
50521, 339, 342, 341, 311, 
50550, 337, 338, 339, 320, 
50581, 333, 332, 333, 332, 
50611, 333, 332, 333, 331, 
50641, 337, 337, 338, 321, 
50671, 338, 342, 342, 311, 
50702, 337, 339, 340, 317, 
50732, 334, 334, 336, 329, 
50761, 333, 332, 333, 333, 
50792, 336, 335, 335, 324, 
50822, 339, 342, 340, 312, 
50852, 339, 340, 341, 315, 
50882, 335, 335, 337, 325, 
50913, 333, 331, 334, 334, 
50942, 335, 335, 335, 327, 
50973, 339, 340, 339, 316, 
51003, 339, 342, 341, 312, 
51033, 336, 337, 338, 321, 
51063, 333, 331, 334, 332, 
51093, 335, 333, 334, 330, 
51124, 337, 337, 338, 318, 
51153, 340, 342, 342, 311, 
51184, 338, 338, 339, 318, 
51214, 333, 332, 335, 329, 
51245, 333, 332, 333, 332, 
51274, 337, 336, 336, 322, 
51305, 340, 340, 340, 311, 
51335, 339, 340, 341, 314, 
51364, 336, 334, 337, 326, 
51395, 333, 331, 334, 333, 
51425, 335, 334, 335, 325, 
51456, 339, 340, 341, 314, 
51485, 339, 341, 341, 312, 
51516, 336, 336, 338, 323, 
51546, 333, 331, 333, 333, 
51576, 334, 333, 334, 329, 
51606, 338, 339, 338, 317, 
51637, 339, 341, 343, 311, 
51666, 336, 338, 339, 319, 
51696, 333, 332, 335, 330, 
51727, 334, 332, 333, 333, 
51757, 336, 337, 335, 320, 
51787, 339, 341, 341, 311, 
51817, 338, 339, 340, 315, 
51848, 334, 334, 336, 327, 
51877, 334, 331, 333, 333, 
51908, 335, 335, 335, 324, 
51938, 339, 340, 340, 313, 
51969, 340, 340, 341, 314, 
51998, 336, 336, 338, 325, 
52028, 333, 331, 333, 334, 
52059, 335, 334, 335, 328, 
52088, 338, 339, 340, 316, 
52119, 339, 341, 341, 312, 
52149, 337, 338, 339, 321, 
52179, 333, 332, 334, 332, 
52209, 333, 332, 333, 330, 
52240, 337, 338, 337, 319, 
52270, 340, 342, 341, 311, 
52300, 338, 339, 340, 318, 
52330, 334, 333, 335, 328, 
52360, 334, 332, 333, 333, 
52390, 336, 336, 337, 322, 
52420, 339, 342, 341, 311, 
52451, 339, 340, 341, 313, 
52481, 336, 335, 336, 323, 
52511, 334, 331, 333, 331, 
52541, 336, 334, 335, 323, 
52572, 340, 340, 339, 312, 
52601, 340, 341, 341, 310, 
52632, 337, 336, 338, 320, 
52662, 334, 331, 334, 330, 
52691, 336, 333, 334, 328, 
52722, 337, 338, 337, 317, 
52752, 339, 341, 339, 310, 
52783, 337, 338, 339, 318, 
52812, 334, 332, 334, 330, 
52843, 332, 331, 332, 334, 
52873, 336, 336, 335, 322, 
52903, 339, 342, 340, 313, 
52933, 338, 339, 340, 316, 
52963, 335, 334, 335, 328, 
52994, 333, 331, 332, 335, 
53023, 335, 334, 335, 326, 
53054, 339, 341, 340, 314, 
53084, 338, 342, 342, 314, 
53114, 336, 336, 338, 323, 
53144, 333, 330, 333, 334, 
53175, 334, 333, 333, 330, 
53204, 337, 338, 337, 319, 
53235, 339, 341, 341, 313, 
53265, 336, 337, 340, 322, 
53295, 333, 331, 334, 334, 
53325, 333, 331, 333, 335, 
53355, 337, 337, 336, 323, 
53386, 339, 342, 340, 313, 
53415, 338, 340, 340, 319, 
53446, 334, 333, 336, 330, 
53476, 332, 331, 333, 336, 
53507, 336, 335, 335, 326, 
53536, 339, 341, 341, 314, 
53567, 339, 340, 340, 315, 
53597, 336, 335, 337, 326, 
53626, 332, 331, 333, 334, 
53657, 335, 333, 334, 329, 
53687, 341, 339, 338, 317, 
53718, 339, 341, 341, 313, 
53747, 336, 337, 338, 322, 
53778, 333, 331, 334, 334, 
53808, 333, 332, 333, 332, 
53838, 337, 338, 336, 321, 
53868, 340, 341, 341, 312, 
53899, 338, 339, 340, 319, 
53928, 334, 333, 335, 331, 
53958, 333, 331, 332, 335, 
53989, 336, 336, 336, 325, 
54019, 339, 342, 341, 314, 
54049, 339, 341, 341, 316, 
54079, 336, 336, 337, 327, 
54110, 333, 331, 332, 335, 
54139, 337, 334, 334, 328, 
54170, 339, 342, 338, 316, 
54200, 340, 342, 340, 311, 
54231, 337, 337, 338, 321, 
54260, 333, 333, 334, 332, 
54290, 334, 333, 334, 330, 
54321, 338, 339, 338, 317, 
54350, 340, 342, 341, 310, 
54381, 338, 339, 340, 317, 
54411, 335, 333, 335, 331, 
54441, 333, 332, 333, 332, 
54471, 336, 337, 337, 322, 
54502, 339, 342, 340, 312, 
54532, 338, 340, 340, 315, 
54562, 334, 334, 336, 327, 
54592, 333, 333, 332, 334, 
54622, 336, 335, 335, 327, 
54652, 339, 340, 340, 314, 
54682, 340, 341, 341, 314, 
54713, 336, 336, 337, 324, 
54743, 334, 331, 333, 334, 
54773, 334, 333, 333, 330, 
54803, 337, 338, 338, 319, 
54834, 339, 341, 342, 312, 
54863, 337, 338, 339, 320, 
54893, 334, 334, 334, 331, 
54924, 333, 332, 334, 332, 
54953, 338, 337, 336, 321, 
54984, 340, 342, 341, 311, 
55014, 339, 340, 340, 316, 
55045, 335, 334, 336, 327, 
55074, 333, 331, 333, 333, 
55105, 336, 336, 335, 324, 
55135, 339, 341, 339, 313, 
55165, 339, 341, 340, 314, 
55195, 336, 336, 337, 324, 
55225, 333, 332, 332, 334, 
55256, 334, 333, 334, 328, 
55285, 338, 339, 339, 317, 
55316, 339, 341, 341, 313, 
55346, 336, 337, 338, 322, 
55376, 334, 332, 334, 333, 
55406, 333, 332, 333, 333, 
55437, 336, 337, 337, 322, 
55467, 339, 341, 341, 312, 
55497, 338, 338, 340, 318, 
55527, 334, 334, 334, 330, 
55557, 333, 331, 333, 334, 
55587, 337, 336, 335, 325, 
55617, 339, 341, 340, 314, 
55648, 339, 340, 341, 315, 
55677, 336, 336, 336, 327, 
55708, 333, 330, 333, 335, 
55738, 335, 334, 335, 329, 
55769, 338, 340, 339, 318, 
55798, 339, 341, 342, 313, 
55829, 337, 337, 338, 322, 
55859, 333, 332, 334, 333, 
55888, 334, 333, 333, 332, 
55919, 337, 338, 337, 320, 
55949, 340, 342, 341, 312, 
55980, 337, 338, 339, 319, 
56009, 334, 334, 336, 331, 
56040, 333, 333, 333, 335, 
56070, 336, 336, 336, 324, 
56100, 339, 342, 340, 314, 
56130, 339, 340, 340, 316, 
56161, 335, 335, 336, 328, 
56190, 333, 331, 333, 335, 
56220, 335, 335, 334, 328, 
56251, 338, 340, 339, 317, 
56281, 339, 341, 341, 315, 
56311, 336, 336, 338, 324, 
56341, 334, 332, 333, 335, 
56372, 333, 332, 334, 332, 
56401, 338, 339, 338, 320, 
56432, 338, 342, 341, 314, 
56462, 337, 338, 339, 321, 
56493, 334, 332, 334, 333, 
56522, 333, 332, 332, 334, 
56552, 336, 337, 336, 323, 
56583, 340, 342, 340, 313, 
56612, 338, 339, 340, 318, 
56643, 334, 334, 336, 329, 
56673, 333, 331, 333, 335, 
56704, 336, 335, 335, 327, 
56733, 339, 340, 340, 315, 
56764, 340, 342, 341, 315, 
56794, 336, 336, 337, 326, 
56823, 333, 331, 332, 335, 
56854, 334, 334, 333, 330, 
56884, 339, 339, 338, 318, 
56914, 340, 341, 341, 313, 
56944, 337, 338, 338, 323, 
56975, 333, 332, 333, 334, 
57005, 334, 332, 334, 334, 
57035, 337, 337, 337, 322, 
57065, 341, 342, 341, 314, 
57096, 338, 339, 339, 319, 
57125, 335, 334, 335, 331, 
57155, 333, 331, 333, 336, 
57186, 335, 335, 336, 326, 
57216, 338, 341, 340, 315, 
57246, 341, 341, 341, 316, 
57276, 336, 335, 338, 328, 
57307, 333, 331, 333, 336, 
57336, 335, 334, 334, 330, 
57367, 338, 340, 339, 318, 
57397, 339, 342, 341, 314, 
57427, 337, 337, 339, 323, 
57457, 333, 332, 334, 335, 
57487, 335, 333, 333, 333, 
57518, 337, 338, 337, 321, 
57547, 340, 342, 341, 314, 
57578, 338, 339, 340, 320, 
57608, 335, 333, 334, 333, 
57638, 333, 331, 333, 335, 
57668, 336, 337, 335, 325, 
57699, 340, 342, 339, 315, 
57729, 338, 340, 340, 317, 
57759, 335, 335, 335, 330, 
57789, 333, 331, 333, 337, 
57819, 335, 334, 334, 328, 
57849, 338, 340, 339, 317, 
57879, 339, 341, 341, 315, 
57910, 336, 336, 338, 326, 
57939, 333, 331, 334, 335, 
57970, 334, 333, 334, 333, 
58000, 337, 338, 338, 320, 
58031, 339, 342, 340, 315, 
58060, 337, 339, 339, 322, 
58091, 334, 332, 335, 334, 
58121, 333, 331, 332, 335, 
58150, 335, 339, 336, 324, 
58181, 340, 341, 340, 314, 
58211, 339, 339, 340, 318, 
58242, 335, 334, 336, 329, 
58271, 333, 331, 333, 335, 
58302, 335, 335, 334, 328, 
58332, 339, 341, 339, 316, 
58362, 339, 341, 341, 316, 
58392, 336, 336, 337, 327, 
58423, 333, 331, 334, 336, 
58452, 334, 333, 334, 331, 
58482, 338, 340, 338, 320, 
58513, 340, 341, 342, 315, 
58543, 337, 338, 339, 322, 
58573, 334, 332, 334, 335, 
58603, 334, 332, 333, 333, 
58634, 337, 337, 337, 324, 
58663, 340, 341, 341, 314, 
58694, 338, 339, 340, 319, 
58724, 334, 334, 336, 330, 
58754, 333, 331, 333, 336, 
58784, 336, 336, 336, 326, 
58814, 340, 342, 341, 316, 
58845, 340, 341, 341, 316, 
58874, 336, 336, 337, 327, 
58905, 333, 331, 333, 335, 
58935, 335, 334, 334, 329, 
58966, 338, 340, 338, 318, 
58995, 339, 342, 341, 313, 
59026, 337, 336, 339, 323, 
59056, 333, 331, 334, 334, 
59085, 334, 332, 333, 332, 
59116, 338, 338, 337, 322, 
59146, 340, 342, 341, 314, 
59176, 338, 339, 340, 321, 
59206, 334, 333, 334, 333, 
59237, 333, 332, 332, 336, 
59267, 336, 336, 336, 326, 
59297, 339, 341, 340, 315, 
59327, 339, 340, 340, 317, 
59358, 336, 335, 336, 329, 
59387, 333, 332, 332, 336, 
59417, 335, 334, 335, 329, 
59448, 339, 340, 339, 317, 
59478, 339, 341, 341, 314, 
59508, 337, 337, 338, 325, 
59538, 333, 331, 334, 335, 
59569, 335, 333, 334, 332, 
59598, 338, 338, 337, 320, 
59629, 339, 342, 341, 313, 
59659, 337, 338, 339, 321, 
59689, 334, 332, 334, 332, 
59719, 333, 332, 334, 335, 
59749, 337, 337, 336, 324, 
59780, 340, 342, 341, 314, 
59809, 339, 340, 340, 319, 
59840, 335, 334, 336, 330, 
59870, 333, 331, 333, 336, 
59900, 335, 335, 335, 329, 
59930, 339, 340, 339, 318, 
59961, 339, 342, 341, 316, 
59991, 336, 336, 336, 327, 
60021, 333, 331, 333, 338, 
60051, 334, 334, 334, 333, 
60081, 337, 339, 338, 321, 
60111, 339, 342, 341, 315, 
60141, 337, 338, 339, 324, 
60172, 333, 332, 335, 334, 
60201, 333, 333, 333, 334, 
60232, 336, 337, 336, 324, 
60262, 340, 342, 341, 313, 
60293, 339, 339, 340, 320, 
60322, 335, 333, 335, 331, 
60353, 333, 331, 333, 336, 
60383, 336, 335, 335, 327, 
60412, 339, 340, 340, 316, 
60443, 339, 341, 341, 316, 
60473, 336, 336, 337, 328, 
60504, 333, 331, 332, 335, 
60533, 334, 334, 334, 330, 
60564, 339, 339, 339, 320, 
60594, 339, 342, 341, 314, 
60624, 337, 337, 339, 324, 
60654, 333, 332, 334, 334, 
60684, 334, 333, 334, 333, 
60715, 337, 337, 338, 321, 
60744, 339, 342, 341, 313, 
60775, 338, 339, 340, 319, 
60805, 334, 333, 335, 331, 
60835, 333, 331, 333, 335, 
60865, 336, 336, 336, 325, 
60896, 340, 341, 340, 314, 
60925, 339, 341, 341, 316, 
60956, 335, 336, 337, 328, 
60986, 333, 331, 333, 336, 
61016, 335, 335, 335, 329, 
61046, 339, 341, 339, 318, 
61076, 339, 341, 341, 314, 
61107, 335, 337, 338, 325, 
61136, 334, 332, 334, 335, 
61167, 334, 333, 334, 332, 
61197, 338, 338, 338, 321, 
61228, 340, 342, 341, 314, 
61257, 338, 339, 340, 321, 
61288, 334, 333, 335, 333, 
61318, 334, 333, 333, 336, 
61347, 337, 336, 336, 325, 
61378, 341, 341, 341, 316, 
61408, 339, 339, 340, 319, 
61438, 336, 334, 336, 330, 
61468, 334, 331, 333, 338, 
61499, 335, 336, 334, 329, 
61529, 338, 340, 340, 318, 
61559, 339, 341, 342, 316, 
61589, 337, 337, 338, 327, 
61620, 332, 331, 333, 337, 
61649, 335, 333, 334, 332, 
61679, 338, 339, 338, 320, 
61710, 341, 342, 341, 314, 
61740, 337, 338, 339, 321, 
61770, 334, 333, 334, 334, 
61800, 333, 332, 333, 335, 
61831, 337, 337, 337, 324, 
61860, 339, 342, 341, 314, 
61891, 339, 340, 340, 321, 
61921, 335, 334, 336, 331, 
61952, 333, 332, 333, 337, 
61981, 336, 335, 335, 327, 
62011, 339, 341, 340, 316, 
62042, 339, 341, 341, 317, 
62071, 336, 336, 338, 327, 
62102, 333, 331, 333, 336, 
62132, 335, 334, 334, 331, 
62162, 338, 339, 339, 319, 
62192, 339, 342, 341, 315, 
62223, 336, 338, 339, 324, 
62253, 333, 332, 334, 334, 
62283, 334, 333, 333, 334, 
62313, 337, 338, 337, 322, 
62343, 340, 343, 342, 314, 
62373, 339, 339, 340, 321, 
62403, 334, 333, 335, 332, 
62434, 333, 332, 333, 335, 
62464, 336, 336, 336, 326, 
62494, 341, 342, 340, 315, 
62524, 339, 340, 341, 317, 
62555, 335, 335, 337, 329, 
62584, 333, 331, 333, 337, 
62614, 335, 334, 335, 330, 
62645, 338, 340, 339, 318, 
62674, 340, 341, 342, 315, 
62705, 337, 336, 338, 326, 
62735, 334, 333, 334, 336, 
62766, 334, 333, 334, 333, 
62795, 338, 338, 338, 321, 
62826, 340, 342, 341, 314, 
62856, 339, 338, 340, 322, 
62886, 334, 332, 336, 333, 
62916, 333, 332, 333, 334, 
62946, 336, 336, 336, 325, 
62977, 339, 341, 341, 315, 
63006, 339, 338, 341, 319, 
63037, 335, 334, 336, 332, 
63067, 333, 332, 334, 337, 
63097, 335, 335, 335, 329, 
63127, 339, 341, 339, 317, 
63158, 339, 342, 342, 318, 
63187, 336, 336, 337, 327, 
63218, 333, 331, 333, 337, 
63248, 334, 333, 334, 332, 
63278, 338, 340, 338, 320, 
63308, 339, 342, 341, 315, 
63338, 337, 338, 339, 325, 
63369, 334, 332, 334, 336, 
63398, 334, 332, 333, 335, 
63429, 337, 337, 337, 325, 
63459, 340, 342, 341, 316, 
63490, 338, 340, 340, 320, 
63519, 335, 334, 336, 332, 
63550, 333, 332, 333, 338, 
63580, 336, 336, 336, 328, 
63609, 339, 341, 340, 316, 
63640, 339, 341, 341, 317, 
63670, 337, 336, 338, 328, 
63700, 333, 331, 334, 337, 
63730, 335, 334, 335, 331, 
63761, 339, 340, 339, 318, 
63791, 339, 341, 341, 316, 
63821, 337, 337, 338, 325, 
63851, 333, 332, 334, 335, 
63882, 334, 333, 334, 335, 
63911, 338, 337, 337, 322, 
63941, 340, 342, 342, 314, 
63972, 339, 339, 340, 321, 
64002, 335, 333, 335, 332, 
64032, 333, 333, 333, 336, 
64062, 336, 337, 336, 327, 
64093, 340, 341, 340, 315, 
64122, 339, 340, 340, 319, 
64153, 335, 335, 336, 330, 
64183, 334, 332, 333, 338, 
64214, 335, 335, 335, 330, 
64243, 339, 340, 339, 318, 
64273, 339, 341, 341, 316, 
64304, 336, 335, 337, 327, 
64333, 333, 331, 334, 337, 
64364, 334, 333, 334, 333, 
64394, 336, 339, 338, 322, 
64424, 339, 342, 341, 315, 
64454, 337, 338, 339, 324, 
64485, 334, 332, 335, 335, 
64515, 333, 332, 333, 336, 
64544, 337, 337, 337, 325, 
64575, 340, 342, 341, 317, 
64605, 338, 340, 340, 322, 
64635, 334, 334, 336, 332, 
64665, 332, 331, 333, 338, 
64696, 336, 335, 335, 329, 
64726, 339, 341, 340, 318, 
64756, 339, 341, 340, 318, 
64786, 336, 336, 337, 329, 
64817, 333, 331, 333, 339, 
64846, 334, 333, 334, 333, 
64876, 338, 339, 339, 321, 
64907, 339, 341, 341, 316, 
64936, 337, 338, 338, 326, 
64967, 334, 332, 334, 337, 
64997, 334, 333, 333, 335, 
65028, 337, 338, 337, 324, 
65057, 340, 342, 341, 316, 
65088, 338, 339, 340, 322, 
65118, 334, 334, 335, 334, 
65148, 334, 331, 333, 338, 
65178, 337, 336, 336, 327, 
65208, 341, 342, 340, 317, 
65239, 339, 341, 341, 319, 
65268, 336, 335, 337, 330, 
65299, 334, 331, 333, 337, 
65329, 336, 335, 335, 331, 
65359, 339, 340, 339, 319, 
65389, 341, 341, 341, 317, 
65420, 336, 336, 338, 326, 
65449, 333, 332, 334, 337, 
65480, 334, 333, 334, 333, 
65510, 337, 339, 339, 322, 
65540, 340, 342, 341, 315, 
65570, 338, 339, 340, 323, 
65600, 335, 332, 335, 335, 
65631, 334, 332, 333, 337, 
65660, 337, 336, 336, 326, 
65691, 339, 341, 341, 316, 
65721, 338, 340, 340, 320, 
65752, 335, 334, 336, 332, 
65781, 334, 331, 333, 338, 
65812, 337, 336, 335, 329, 
65842, 339, 340, 340, 318, 
65871, 339, 341, 341, 317, 
65902, 337, 337, 337, 328, 
65932, 333, 332, 333, 338, 
65963, 335, 334, 334, 332, 
65992, 338, 340, 339, 320, 
66023, 337, 343, 341, 315, 
66053, 337, 338, 339, 324, 
66083, 334, 332, 334, 336, 
66113, 333, 333, 333, 335, 
66144, 337, 337, 337, 323, 
66173, 340, 342, 341, 314, 
66203, 339, 339, 340, 321, 
66234, 335, 334, 336, 334, 
66264, 334, 331, 333, 337, 
66294, 336, 336, 336, 328, 
66324, 339, 341, 340, 317, 
66355, 339, 341, 341, 318, 
66384, 336, 335, 336, 330, 
66415, 334, 331, 333, 338, 
66445, 335, 335, 335, 330, 
66475, 338, 340, 340, 319, 
66505, 339, 342, 341, 316, 
66535, 337, 337, 338, 326, 
66566, 333, 331, 334, 336, 
66595, 334, 333, 334, 334, 
66626, 337, 338, 338, 322, 
66656, 339, 342, 341, 316, 
66686, 337, 339, 339, 322, 
66716, 335, 334, 335, 334, 
66747, 333, 333, 333, 336, 
66777, 336, 337, 336, 325, 
66806, 339, 342, 340, 316, 
66837, 338, 339, 340, 319, 
66867, 335, 334, 336, 331, 
66897, 334, 331, 333, 338, 
66927, 335, 334, 334, 329, 
66958, 339, 340, 339, 317, 
66988, 340, 340, 341, 316, 
67018, 335, 336, 338, 328, 
67048, 333, 331, 333, 338, 
67079, 334, 333, 334, 333, 
67108, 338, 339, 338, 321, 
67138, 340, 342, 341, 316, 
67169, 337, 337, 339, 324, 
67198, 334, 332, 334, 336, 
67229, 333, 332, 333, 336, 
67259, 338, 337, 337, 324, 
67290, 339, 342, 341, 315, 
67319, 338, 339, 340, 321, 
67350, 334, 334, 336, 333, 
67380, 333, 331, 332, 338, 
67410, 336, 336, 336, 328, 
67440, 339, 341, 340, 317, 
67470, 338, 340, 341, 318, 
67501, 335, 335, 337, 329, 
67530, 333, 331, 333, 338, 
67561, 336, 334, 334, 331, 
67591, 338, 339, 339, 320, 
67621, 340, 341, 341, 316, 
67651, 336, 337, 338, 326, 
67682, 334, 332, 334, 337, 
67712, 334, 333, 333, 334, 
67742, 338, 338, 338, 323, 
67772, 340, 342, 341, 315, 
67802, 337, 339, 339, 323, 
67832, 334, 333, 335, 335, 
67862, 333, 332, 333, 337, 
67893, 336, 336, 336, 326, 
67922, 339, 341, 341, 316, 
67953, 339, 340, 341, 319, 
67983, 335, 335, 336, 331, 
68014, 333, 332, 333, 338, 
68043, 335, 335, 336, 329, 
68074, 339, 340, 340, 318, 
68104, 339, 341, 341, 317, 
68133, 336, 336, 337, 327, 
68164, 334, 332, 333, 337, 
68194, 335, 333, 334, 333, 
68225, 338, 339, 339, 321, 
68254, 339, 341, 341, 316, 
68285, 337, 337, 339, 325, 
68315, 333, 332, 334, 335, 
68345, 334, 332, 333, 336, 
68375, 336, 337, 337, 325, 
68405, 339, 342, 341, 316, 
68435, 338, 339, 340, 321, 
68465, 334, 334, 335, 333, 
68496, 334, 331, 333, 338, 
68526, 337, 336, 335, 328, 
68556, 339, 341, 340, 317, 
68586, 339, 340, 340, 318, 
68617, 335, 336, 336, 330, 
68646, 334, 330, 333, 338, 
68677, 334, 334, 334, 331, 
68707, 339, 340, 339, 320, 
68737, 339, 342, 341, 315, 
68767, 337, 337, 339, 326, 
68797, 333, 332, 335, 337, 
68828, 334, 332, 334, 335, 
68857, 338, 338, 337, 323, 
68888, 339, 342, 341, 315, 
68918, 337, 339, 340, 323, 
68948, 334, 333, 335, 334, 
68978, 334, 332, 334, 337, 
69009, 337, 337, 337, 327, 
69039, 339, 341, 341, 317, 
69068, 338, 340, 340, 320, 
69099, 335, 334, 337, 332, 
69129, 333, 331, 333, 339, 
69159, 335, 335, 335, 331, 
69189, 338, 341, 339, 320, 
69220, 339, 341, 341, 318, 
69250, 335, 336, 337, 329, 
69280, 333, 332, 333, 339, 
69310, 334, 333, 334, 334, 
69341, 338, 339, 338, 322, 
69370, 339, 342, 341, 316, 
69400, 337, 338, 339, 325, 
69431, 334, 331, 334, 336, 
69460, 333, 333, 333, 337, 
69491, 337, 337, 337, 324, 
69521, 340, 342, 341, 316, 
69552, 338, 340, 340, 321, 
69581, 333, 333, 336, 333, 
69612, 333, 332, 333, 338, 
69642, 335, 335, 335, 328, 
69672, 340, 341, 340, 318, 
69702, 339, 339, 340, 319, 
69732, 335, 335, 337, 330, 
69763, 333, 331, 333, 339, 
69792, 335, 335, 334, 332, 
69823, 338, 340, 338, 320, 
69853, 340, 342, 341, 317, 
69883, 336, 337, 338, 327, 
69913, 334, 332, 333, 339, 
69944, 335, 333, 333, 335, 
69974, 338, 338, 338, 323, 
70004, 339, 342, 341, 317, 
70034, 338, 338, 340, 324, 
70064, 333, 333, 335, 336, 
70094, 333, 331, 333, 337, 
70124, 336, 336, 336, 327, 
70155, 339, 341, 340, 317, 
70184, 338, 340, 340, 320, 
70215, 336, 334, 336, 332, 
70245, 333, 331, 333, 338, 
70276, 335, 335, 335, 330, 
70305, 339, 340, 339, 318, 
70335, 340, 341, 341, 319, 
70366, 336, 336, 338, 329, 
70395, 333, 331, 333, 337, 
70426, 335, 333, 334, 334, 
70456, 338, 339, 338, 322, 
70487, 340, 342, 341, 316, 
70516, 337, 337, 339, 325, 
70547, 334, 332, 334, 336, 
70577, 334, 332, 334, 336, 
70607, 337, 338, 337, 325, 
70637, 340, 342, 342, 317, 
70667, 339, 341, 341, 322, 
70697, 336, 334, 336, 334, 
70727, 333, 332, 333, 340, 
70758, 336, 336, 337, 329, 
70788, 340, 342, 340, 317, 
70818, 339, 340, 340, 319, 
70848, 336, 336, 337, 331, 
70879, 333, 331, 333, 340, 
70908, 335, 334, 335, 332, 
70939, 338, 340, 339, 320, 
70969, 340, 341, 342, 317, 
70999, 336, 337, 339, 327, 
71029, 333, 331, 334, 338, 
71059, 334, 333, 334, 336, 
71090, 338, 339, 337, 323, 
71119, 339, 342, 342, 316, 
71150, 337, 339, 340, 323, 
71180, 334, 333, 335, 335, 
71211, 333, 331, 333, 338, 
71240, 337, 336, 336, 327, 
71271, 339, 341, 340, 317, 
71301, 338, 340, 340, 320, 
71330, 335, 334, 336, 332, 
71361, 333, 331, 332, 339, 
71391, 336, 335, 335, 331, 
71421, 339, 341, 340, 319, 
71451, 339, 341, 341, 318, 
71482, 336, 337, 338, 329, 
71512, 333, 331, 333, 338, 
71542, 335, 333, 334, 334, 
71572, 338, 339, 338, 322, 
71603, 340, 342, 341, 316, 
71632, 337, 338, 339, 325, 
71662, 335, 333, 334, 336, 
71693, 334, 332, 333, 338, 
71723, 338, 337, 336, 326, 
71753, 340, 342, 341, 316, 
71783, 338, 339, 340, 322, 
71814, 334, 334, 336, 333, 
71843, 334, 332, 334, 338, 
71874, 335, 335, 336, 329, 
71904, 339, 341, 340, 319, 
71934, 339, 341, 341, 318, 
71964, 335, 335, 337, 330, 
71994, 333, 331, 333, 339, 
72025, 335, 334, 334, 333, 
72054, 339, 340, 341, 321, 
72085, 339, 341, 341, 317, 
72115, 337, 337, 338, 326, 
72145, 334, 332, 334, 337, 
72175, 333, 333, 333, 335, 
72206, 338, 338, 337, 324, 
72236, 339, 343, 340, 316, 
72265, 337, 339, 339, 323, 
72296, 335, 333, 335, 334, 
72326, 333, 332, 333, 338, 
72356, 336, 336, 336, 328, 
72386, 339, 341, 340, 317, 
72417, 338, 341, 341, 321, 
72446, 335, 335, 336, 333, 
72477, 333, 331, 334, 339, 
72507, 335, 334, 334, 332, 
72538, 339, 340, 339, 320, 
72567, 340, 341, 341, 317, 
72597, 336, 336, 337, 328, 
72628, 333, 332, 334, 338, 
72657, 335, 333, 334, 335, 
72688, 337, 338, 337, 323, 
72718, 340, 342, 341, 317, 
72749, 338, 338, 339, 324, 
72778, 334, 332, 334, 336, 
72809, 332, 332, 333, 337, 
72839, 336, 337, 336, 327, 
72869, 341, 341, 341, 317, 
72899, 338, 340, 340, 321, 
72929, 335, 334, 337, 332, 
72960, 334, 332, 332, 339, 
72989, 335, 336, 335, 332, 
73020, 338, 341, 340, 319, 
73050, 339, 341, 341, 319, 
73080, 336, 336, 338, 329, 
73110, 333, 331, 334, 339, 
73141, 334, 333, 334, 334, 
73170, 338, 340, 339, 322, 
73201, 340, 342, 341, 317, 
73231, 337, 337, 339, 326, 
73261, 333, 331, 334, 337, 
73291, 334, 332, 333, 337, 
73321, 337, 338, 336, 325, 
73352, 339, 342, 341, 316, 
73381, 339, 340, 340, 322, 
73412, 335, 335, 335, 334, 
73442, 333, 332, 333, 338, 
73473, 336, 337, 336, 328, 
73502, 340, 341, 340, 318, 
73533, 339, 340, 341, 319, 
73563, 336, 335, 337, 330, 
73592, 334, 331, 333, 339, 
73623, 334, 334, 334, 333, 
73653, 338, 340, 339, 321, 
73683, 340, 341, 341, 317, 
73713, 337, 337, 339, 327, 
73744, 333, 331, 334, 338, 
73774, 333, 333, 333, 336, 
73804, 340, 339, 337, 324, 
73834, 340, 342, 341, 316, 
73865, 338, 338, 340, 323, 
73894, 335, 332, 335, 336, 
73924, 333, 333, 333, 339, 
73955, 337, 337, 336, 328, 
73985, 339, 341, 340, 317, 
74015, 339, 341, 340, 321, 
74045, 335, 335, 336, 332, 
74076, 333, 331, 332, 339, 
74105, 336, 335, 335, 331, 
74136, 338, 340, 339, 320, 
74166, 339, 341, 342, 318, 
74195, 336, 337, 338, 328, 
74226, 333, 331, 333, 338, 
74256, 334, 333, 335, 335, 
74287, 337, 339, 338, 323, 
74316, 339, 342, 341, 316, 
74347, 337, 338, 339, 324, 
74377, 334, 333, 335, 336, 
74407, 334, 332, 333, 337, 
74437, 337, 337, 337, 326, 
74468, 341, 342, 341, 316, 
74498, 338, 339, 340, 321, 
74527, 334, 334, 336, 332, 
74558, 334, 331, 333, 338, 
74588, 336, 335, 335, 329, 
74618, 339, 341, 339, 318, 
74648, 339, 342, 341, 318, 
74679, 336, 335, 337, 329, 
74708, 333, 331, 333, 338, 
74739, 335, 334, 334, 333, 
74769, 338, 339, 338, 320, 
74800, 340, 342, 341, 317, 
74829, 337, 337, 338, 325, 
74859, 333, 333, 334, 336, 
74890, 334, 333, 333, 336, 
74919, 338, 338, 337, 325, 
74950, 339, 342, 340, 317, 
74980, 338, 338, 340, 323, 
75011, 334, 333, 335, 334, 
75040, 333, 331, 333, 339, 
75071, 336, 336, 335, 329, 
75101, 340, 341, 340, 318, 
75131, 339, 340, 340, 319, 
75161, 335, 335, 336, 330, 
75191, 333, 331, 333, 340, 
75222, 335, 334, 334, 333, 
75251, 338, 340, 339, 320, 
75282, 339, 342, 341, 319, 
75312, 336, 337, 337, 327, 
75342, 333, 332, 334, 339, 
75372, 334, 333, 333, 335, 
75403, 337, 338, 337, 324, 
75432, 340, 342, 340, 317, 
75463, 338, 339, 339, 324, 
75493, 335, 333, 334, 336, 
75523, 333, 331, 333, 338, 
75553, 336, 336, 336, 328, 
75583, 340, 341, 340, 317, 
75614, 339, 340, 341, 321, 
75643, 334, 335, 337, 333, 
75674, 333, 332, 332, 340, 
75704, 335, 334, 335, 331, 
75735, 339, 340, 340, 319, 
75764, 339, 341, 341, 318, 
75795, 336, 336, 338, 328, 
75825, 334, 331, 334, 338, 
75854, 334, 333, 334, 334, 
75885, 338, 339, 338, 322, 
75915, 340, 342, 341, 317, 
75945, 338, 338, 339, 325, 
75975, 333, 332, 334, 337, 
76006, 334, 332, 333, 337, 
76036, 338, 337, 336, 326, 
76066, 339, 342, 340, 317, 
76096, 338, 339, 339, 322, 
76126, 336, 333, 335, 334, 
76156, 333, 331, 333, 340, 
76186, 337, 336, 335, 330, 
76217, 339, 341, 341, 318, 
76247, 339, 341, 341, 319, 
76277, 336, 336, 337, 331, 
76307, 334, 331, 333, 339, 
76338, 335, 333, 335, 333, 
76367, 339, 341, 339, 322, 
76398, 339, 341, 341, 318, 
76428, 337, 338, 339, 327, 
76457, 334, 332, 334, 338, 
76488, 334, 333, 334, 336, 
76518, 337, 338, 337, 325, 
76549, 341, 342, 341, 317, 
76578, 338, 339, 339, 324, 
76609, 335, 334, 335, 336, 
76639, 334, 331, 333, 339, 
76669, 336, 337, 336, 329, 
76699, 340, 341, 340, 318, 
76730, 339, 340, 341, 321, 
76760, 335, 334, 336, 333, 
76789, 333, 330, 333, 339, 
76820, 335, 334, 335, 332, 
76850, 339, 340, 339, 320, 
76880, 339, 342, 341, 318, 
76910, 337, 337, 338, 329, 
76941, 333, 332, 333, 339, 
76971, 334, 333, 334, 336, 
77001, 338, 339, 338, 323, 
77031, 341, 342, 341, 317, 
77062, 337, 338, 340, 325, 
77091, 334, 333, 334, 337, 
77121, 333, 332, 333, 338, 
77152, 336, 336, 336, 328, 
77181, 339, 341, 340, 318, 
77212, 338, 339, 340, 323, 
77242, 335, 334, 336, 334, 
77273, 333, 332, 333, 340, 
77302, 336, 335, 335, 331, 
77333, 339, 340, 339, 320, 
77363, 339, 341, 340, 320, 
77393, 337, 336, 337, 330, 
77423, 334, 331, 333, 340, 
77453, 335, 334, 334, 336, 
77484, 339, 339, 338, 322, 
77513, 338, 342, 341, 318, 
77544, 337, 338, 339, 327, 
77574, 334, 332, 334, 338, 
77604, 334, 331, 334, 337, 
77634, 337, 338, 337, 326, 
77665, 340, 342, 341, 317, 
77694, 338, 339, 340, 324, 
77725, 334, 333, 336, 336, 
77755, 333, 332, 333, 339, 
77785, 337, 337, 336, 329, 
77815, 340, 342, 340, 318, 
77845, 340, 340, 341, 320, 
77876, 335, 335, 337, 332, 
77905, 334, 331, 333, 340, 
77936, 334, 335, 335, 334, 
77966, 338, 341, 339, 321, 
77997, 339, 342, 341, 318, 
78026, 337, 336, 338, 329, 
78056, 333, 331, 333, 340, 
78087, 334, 334, 335, 337, 
78116, 338, 338, 338, 324, 
78147, 340, 342, 342, 317, 
78177, 338, 339, 339, 326, 
78208, 334, 334, 334, 337, 
78237, 334, 333, 333, 339, 
78268, 337, 337, 336, 328, 
78298, 339, 342, 341, 319, 
78328, 338, 341, 341, 323, 
78358, 335, 335, 337, 335, 
78388, 333, 331, 333, 340, 
78418, 335, 336, 335, 333, 
78448, 339, 340, 340, 320, 
78479, 339, 341, 341, 320, 
78509, 336, 336, 337, 331, 
78539, 333, 332, 333, 340, 
78569, 334, 333, 334, 336, 
78600, 338, 340, 338, 322, 
78629, 339, 342, 341, 318, 
78660, 337, 338, 339, 327, 
78690, 334, 332, 334, 338, 
78720, 334, 332, 333, 337, 
78750, 337, 338, 337, 327, 
78780, 339, 342, 341, 318, 
78811, 338, 339, 340, 324, 
78840, 334, 334, 335, 336, 
78871, 333, 332, 333, 340, 
78901, 336, 336, 336, 330, 
78931, 339, 341, 341, 319, 
78961, 339, 340, 340, 321, 
78992, 336, 335, 338, 334, 
79022, 333, 331, 333, 340, 
79051, 335, 334, 335, 333, 
79082, 339, 340, 339, 321, 
79112, 340, 342, 341, 319, 
79142, 336, 336, 338, 330, 
79172, 333, 331, 333, 341, 
79203, 335, 334, 333, 336, 
79233, 337, 338, 337, 324, 
79263, 340, 345, 341, 317, 
79293, 337, 338, 339, 325, 
79324, 334, 333, 334, 336, 
79353, 334, 332, 333, 338, 
79383, 337, 337, 336, 327, 
79414, 340, 341, 341, 317, 
79443, 338, 340, 340, 322, 
79474, 336, 334, 336, 333, 
79504, 333, 331, 333, 341, 
79535, 335, 335, 336, 331, 
79564, 339, 341, 340, 319, 
79595, 339, 342, 342, 319, 
79625, 335, 336, 337, 330, 
79655, 333, 331, 334, 339, 
79685, 335, 333, 334, 334, 
79715, 339, 339, 338, 322, 
79746, 339, 341, 341, 317, 
79775, 337, 337, 338, 327, 
79806, 334, 332, 334, 338, 
79836, 334, 332, 334, 337, 
79866, 337, 337, 337, 325, 
79896, 339, 342, 341, 318, 
79927, 338, 339, 340, 324, 
79956, 335, 333, 335, 336, 
79986, 334, 332, 333, 340, 
80017, 337, 336, 335, 329, 
80047, 340, 341, 340, 318, 
80077, 340, 341, 341, 321, 
80107, 336, 335, 336, 333, 
80138, 333, 332, 333, 340, 
80167, 335, 335, 336, 333, 
80198, 339, 341, 339, 321, 
80228, 339, 340, 341, 319, 
80259, 336, 337, 338, 330, 
80288, 333, 332, 333, 340, 
80318, 334, 333, 334, 338, 
80349, 338, 339, 338, 325, 
80378, 339, 342, 341, 318, 
80409, 337, 338, 339, 326, 
80439, 334, 333, 335, 338, 
80470, 334, 332, 333, 339, 
80499, 336, 338, 338, 327, 
80530, 339, 342, 341, 318, 
80560, 337, 339, 341, 322, 
80590, 334, 334, 336, 335, 
80620, 334, 331, 334, 340, 
80650, 336, 336, 335, 331, 
80680, 339, 341, 340, 320, 
80710, 339, 341, 341, 320, 
80741, 335, 335, 337, 332, 
80771, 333, 332, 333, 341, 
80801, 335, 334, 334, 335, 
80831, 338, 339, 339, 323, 
80862, 339, 341, 341, 318, 
80891, 337, 338, 338, 329, 
80922, 334, 333, 335, 339, 
80952, 334, 332, 334, 338, 
80982, 337, 338, 337, 326, 
81012, 340, 342, 341, 318, 
81042, 338, 340, 341, 324, 
81073, 334, 334, 337, 336, 
81102, 334, 332, 333, 340, 
81133, 336, 336, 336, 330, 
81163, 340, 341, 339, 319, 
81193, 340, 340, 340, 322, 
81223, 335, 335, 337, 334, 
81254, 334, 332, 333, 341, 
81284, 335, 334, 334, 333, 
81313, 338, 340, 339, 322, 
81344, 339, 341, 342, 320, 
81374, 336, 336, 338, 330, 
81404, 333, 332, 334, 340, 
81434, 335, 333, 334, 337, 
81465, 339, 339, 338, 325, 
81495, 340, 341, 341, 319, 
81525, 337, 338, 341, 327, 
81555, 333, 333, 335, 338, 
81586, 334, 332, 333, 339, 
81615, 337, 338, 337, 328, 
81645, 340, 341, 341, 318, 
81676, 339, 340, 340, 323, 
81705, 335, 334, 336, 335, 
81736, 334, 331, 333, 342, 
81766, 337, 335, 335, 333, 
81797, 339, 341, 340, 321, 
81826, 339, 340, 340, 321, 
81857, 336, 335, 337, 332, 
81887, 334, 331, 334, 341, 
81916, 335, 334, 334, 335, 
81947, 338, 339, 339, 322, 
81977, 339, 342, 341, 319, 
82008, 337, 338, 339, 328, 
82037, 334, 332, 334, 339, 
82068, 334, 333, 334, 338, 
82098, 338, 339, 337, 326, 
82128, 340, 343, 341, 318, 
82158, 339, 339, 340, 325, 
82189, 334, 333, 335, 337, 
82219, 333, 332, 334, 340, 
82248, 336, 336, 336, 330, 
82279, 339, 342, 341, 320, 
82309, 339, 340, 340, 321, 
82339, 335, 335, 336, 333, 
82369, 333, 333, 333, 341, 
82400, 335, 335, 335, 333, 
82429, 339, 341, 339, 321, 
82460, 339, 341, 341, 319, 
82490, 337, 336, 338, 330, 
82521, 333, 332, 334, 340, 
82550, 334, 334, 335, 336, 
82580, 338, 339, 337, 325, 
82611, 340, 342, 341, 318, 
82640, 337, 338, 339, 326, 
82671, 334, 333, 335, 338, 
82701, 333, 332, 334, 339, 
82732, 337, 337, 336, 328, 
82761, 340, 342, 341, 318, 
82792, 338, 340, 340, 324, 
82822, 335, 334, 336, 335, 
82852, 333, 331, 333, 341, 
82882, 336, 336, 335, 331, 
82912, 339, 342, 341, 320, 
82942, 339, 341, 341, 320, 
82972, 336, 336, 337, 332, 
83003, 334, 331, 333, 341, 
83033, 336, 335, 334, 334, 
83063, 339, 340, 339, 322, 
83093, 339, 342, 342, 318, 
83124, 337, 338, 339, 328, 
83153, 334, 332, 335, 340, 
83184, 335, 332, 334, 338, 
83214, 337, 337, 338, 325, 
83244, 339, 342, 341, 318, 
83274, 338, 338, 339, 324, 
83304, 333, 333, 336, 337, 
83335, 333, 331, 333, 340, 
83364, 336, 336, 336, 329, 
83395, 340, 342, 340, 319, 
83425, 338, 340, 340, 321, 
83456, 336, 334, 336, 334, 
83485, 333, 333, 333, 340, 
83516, 335, 335, 335, 333, 
83546, 339, 340, 339, 321, 
83575, 339, 342, 341, 319, 
83606, 336, 336, 338, 329, 
83636, 333, 332, 333, 340, 
83666, 334, 333, 333, 336, 
83696, 338, 339, 339, 325, 
83727, 340, 343, 341, 318, 
83757, 337, 338, 340, 326, 
83787, 335, 333, 335, 338, 
83817, 333, 332, 333, 339, 
83847, 337, 337, 337, 329, 
83877, 341, 342, 341, 319, 
83907, 339, 339, 340, 324, 
83938, 335, 333, 336, 335, 
83968, 333, 332, 333, 341, 
83998, 336, 335, 335, 332, 
84028, 339, 342, 339, 319, 
84059, 340, 341, 342, 321, 
84088, 336, 336, 337, 332, 
84119, 333, 331, 333, 340, 
84149, 335, 335, 334, 335, 
84178, 337, 339, 339, 323, 
84209, 339, 341, 341, 319, 
84239, 337, 337, 339, 329, 
84270, 333, 332, 334, 340, 
84299, 334, 332, 334, 339, 
84330, 337, 338, 337, 327, 
84360, 340, 342, 342, 318, 
84390, 337, 338, 340, 325, 
84420, 334, 333, 335, 337, 
84451, 334, 331, 333, 339, 
84481, 336, 336, 337, 330, 
84510, 340, 342, 340, 319, 
84541, 339, 340, 339, 322, 
84571, 335, 335, 336, 333, 
84601, 333, 331, 334, 341, 
84631, 336, 334, 335, 333, 
84662, 338, 340, 340, 321, 
84691, 339, 341, 341, 320, 
84722, 336, 337, 337, 331, 
84752, 333, 331, 334, 340, 
84783, 334, 333, 334, 337, 
84812, 337, 338, 338, 324, 
84842, 340, 342, 341, 318, 
84873, 337, 338, 339, 326, 
84902, 334, 332, 334, 338, 
84933, 333, 332, 334, 338, 
84963, 336, 337, 337, 328, 
84994, 341, 341, 340, 318, 
85023, 338, 339, 341, 322, 
85054, 335, 335, 336, 335, 
85084, 333, 331, 333, 340, 
85114, 335, 336, 335, 331, 
85144, 339, 340, 339, 320, 
85174, 339, 341, 341, 320, 
85204, 337, 337, 336, 331, 
85234, 334, 332, 333, 340, 
85265, 335, 333, 334, 335, 
85295, 338, 339, 338, 323, 
85325, 339, 341, 342, 318, 
85355, 337, 337, 338, 328, 
85386, 334, 331, 334, 339, 
85415, 334, 333, 333, 338, 
85446, 337, 338, 337, 326, 
85476, 339, 341, 341, 318, 
85506, 338, 339, 340, 325, 
85536, 334, 333, 335, 337, 
85566, 333, 333, 334, 340, 
85597, 336, 336, 336, 330, 
85626, 339, 342, 340, 319, 
85657, 338, 340, 340, 322, 
85687, 335, 336, 338, 333, 
85718, 334, 332, 333, 341, 
85747, 335, 335, 335, 333, 
85777, 338, 340, 339, 322, 
85808, 338, 342, 341, 319, 
85837, 336, 336, 338, 330, 
85868, 333, 331, 334, 341, 
85898, 335, 333, 334, 336, 
85928, 338, 340, 339, 324, 
85958, 340, 342, 342, 319, 
85989, 338, 338, 339, 327, 
86019, 334, 333, 334, 338, 
86049, 334, 332, 335, 340, 
86079, 337, 337, 336, 329, 
86109, 339, 342, 342, 319, 
86139, 338, 340, 340, 324, 
86169, 335, 334, 336, 335, 
86200, 333, 331, 333, 341, 
86230, 337, 336, 336, 332, 
86260, 341, 342, 340, 320, 
86290, 340, 342, 341, 321, 
86321, 336, 336, 337, 333, 
86350, 333, 331, 333, 341, 
86381, 335, 334, 334, 335, 
86411, 338, 339, 339, 324, 
86440, 340, 341, 341, 319, 
86471, 338, 337, 340, 329, 
86501, 334, 332, 334, 339, 
86532, 334, 333, 334, 338, 
86561, 337, 338, 337, 326, 
86592, 340, 341, 342, 318, 
86622, 338, 340, 340, 326, 
86652, 335, 333, 335, 337, 
86682, 334, 332, 334, 340, 
86713, 336, 337, 336, 329, 
86743, 339, 342, 340, 319, 
86772, 338, 339, 340, 322, 
86803, 335, 335, 337, 334, 
86833, 333, 331, 333, 341, 
86863, 335, 335, 335, 333, 
86893, 338, 340, 340, 322, 
86924, 340, 341, 341, 320, 
86953, 336, 336, 339, 331, 
86984, 333, 331, 334, 341, 
87014, 336, 333, 334, 337, 
87045, 338, 339, 339, 325, 
87074, 339, 342, 341, 319, 
87104, 337, 338, 339, 327, 
87135, 334, 332, 334, 339, 
87164, 335, 333, 333, 339, 
87195, 337, 336, 336, 328, 
87225, 340, 342, 341, 320, 
87256, 338, 340, 341, 324, 
87285, 334, 334, 336, 336, 
87316, 333, 331, 333, 341, 
87346, 336, 336, 336, 332, 
87376, 341, 341, 340, 320, 
87406, 339, 341, 341, 322, 
