,0, 336, 336, 338, 336, 
1, 338, 339, 339, 331, 
2, 340, 341, 341, 326, 
11, 334, 331, 334, 348, 
37, 340, 342, 340, 327, 
65, 336, 336, 337, 343, 
92, 335, 335, 336, 343, 
119, 338, 341, 341, 329, 
147, 335, 333, 336, 346, 
175, 336, 335, 336, 343, 
203, 340, 343, 341, 327, 
231, 335, 335, 337, 343, 
260, 334, 333, 335, 346, 
287, 339, 342, 340, 328, 
316, 336, 336, 338, 340, 
344, 335, 332, 334, 349, 
371, 339, 341, 340, 331, 
400, 338, 338, 340, 337, 
428, 334, 333, 334, 350, 
456, 338, 340, 339, 332, 
484, 338, 339, 340, 333, 
512, 334, 332, 334, 351, 
540, 338, 339, 338, 336, 
568, 339, 341, 342, 331, 
596, 334, 332, 335, 349, 
624, 337, 336, 337, 339, 
653, 340, 342, 341, 328, 
680, 334, 333, 335, 347, 
708, 335, 335, 336, 342, 
737, 340, 342, 341, 327, 
764, 335, 334, 336, 344, 
793, 336, 333, 334, 345, 
821, 340, 342, 341, 327, 
849, 336, 336, 337, 341, 
877, 334, 333, 334, 348, 
905, 339, 341, 339, 329, 
933, 337, 338, 339, 337, 
961, 333, 331, 334, 350, 
990, 339, 340, 339, 333, 
1017, 339, 340, 340, 335, 
1046, 334, 332, 335, 350, 
1076, 335, 335, 336, 343, 
1104, 340, 343, 341, 328, 
1134, 338, 340, 340, 335, 
1163, 334, 332, 334, 350, 
1192, 335, 335, 336, 342, 
1221, 340, 342, 341, 327, 
1251, 339, 339, 339, 336, 
1280, 334, 332, 334, 350, 
1308, 337, 336, 336, 340, 
1338, 340, 343, 342, 327, 
1367, 338, 338, 339, 336, 
1396, 335, 331, 336, 350, 
1425, 335, 336, 336, 340, 
1455, 340, 342, 341, 327, 
1483, 337, 338, 339, 338, 
1512, 334, 330, 334, 350, 
1542, 337, 336, 336, 339, 
1570, 340, 342, 341, 327, 
1600, 337, 337, 338, 339, 
1629, 334, 332, 334, 350, 
1658, 338, 337, 337, 337, 
1687, 341, 342, 342, 327, 
1717, 337, 337, 338, 340, 
1745, 334, 333, 335, 350, 
1774, 337, 337, 337, 337, 
1804, 340, 342, 342, 328, 
1832, 336, 336, 338, 341, 
1862, 334, 332, 334, 350, 
1891, 337, 337, 338, 335, 
1921, 340, 342, 341, 328, 
1949, 337, 336, 338, 341, 
1978, 335, 332, 334, 348, 
2008, 338, 339, 339, 334, 
2036, 339, 342, 341, 328, 
2066, 336, 335, 336, 343, 
2095, 334, 333, 334, 348, 
2124, 338, 339, 338, 333, 
2153, 339, 342, 342, 330, 
2183, 335, 335, 337, 344, 
2211, 334, 332, 334, 348, 
2240, 338, 339, 339, 332, 
2270, 340, 342, 341, 331, 
2298, 336, 334, 336, 345, 
2328, 336, 333, 335, 347, 
2357, 339, 340, 339, 332, 
2386, 339, 341, 341, 331, 
2415, 334, 336, 336, 346, 
2444, 334, 333, 335, 347, 
2473, 339, 341, 339, 331, 
2502, 339, 341, 340, 331, 
2532, 336, 332, 336, 347, 
2561, 335, 334, 335, 346, 
2590, 339, 342, 340, 330, 
2619, 339, 340, 341, 332, 
2649, 334, 333, 335, 348, 
2677, 335, 334, 335, 344, 
2706, 339, 342, 340, 329, 
2736, 339, 340, 340, 333, 
2764, 334, 332, 335, 348, 
2794, 335, 335, 335, 344, 
2823, 341, 342, 340, 329, 
2852, 338, 339, 340, 333, 
2881, 332, 331, 335, 349, 
2910, 336, 333, 335, 342, 
2939, 340, 342, 340, 327, 
2968, 338, 339, 339, 335, 
2998, 334, 332, 334, 349, 
3026, 336, 335, 336, 342, 
3056, 340, 342, 341, 327, 
3085, 339, 339, 339, 335, 
3115, 333, 331, 334, 350, 
3143, 336, 335, 336, 340, 
3172, 341, 342, 341, 325, 
3202, 338, 338, 340, 337, 
3230, 333, 331, 334, 350, 
3260, 336, 336, 336, 340, 
3289, 340, 342, 341, 326, 
3318, 337, 339, 340, 336, 
3347, 333, 331, 335, 350, 
3376, 336, 338, 337, 339, 
3405, 340, 342, 341, 327, 
3434, 337, 337, 338, 338, 
3464, 333, 331, 334, 350, 
3492, 337, 337, 337, 338, 
3522, 340, 342, 342, 326, 
3551, 336, 337, 338, 339, 
3580, 333, 331, 334, 350, 
3609, 337, 337, 337, 337, 
3638, 340, 342, 341, 326, 
3667, 337, 336, 338, 340, 
3696, 334, 331, 334, 348, 
3726, 338, 338, 338, 335, 
3755, 340, 343, 341, 326, 
3784, 337, 336, 338, 340, 
3813, 334, 332, 334, 348, 
3842, 338, 338, 339, 334, 
3871, 341, 342, 341, 327, 
3900, 336, 336, 337, 342, 
3930, 334, 333, 334, 348, 
3958, 338, 339, 338, 332, 
3988, 340, 341, 342, 328, 
4017, 335, 335, 337, 343, 
4046, 334, 333, 334, 348, 
4075, 338, 340, 339, 333, 
4104, 338, 341, 341, 329, 
4133, 335, 335, 336, 344, 
4162, 334, 333, 334, 347, 
4192, 339, 340, 339, 331, 
4220, 339, 341, 341, 329, 
4250, 335, 334, 336, 345, 
4279, 334, 333, 334, 346, 
4307, 339, 342, 339, 330, 
4337, 339, 341, 340, 330, 
4366, 336, 333, 336, 346, 
4396, 335, 333, 334, 345, 
4424, 339, 340, 339, 330, 
4454, 339, 340, 340, 331, 
4483, 334, 333, 335, 346, 
4512, 335, 334, 336, 345, 
4541, 339, 341, 340, 329, 
4570, 339, 340, 341, 331, 
4599, 335, 332, 335, 347, 
4628, 335, 334, 335, 345, 
4658, 340, 342, 340, 328, 
4686, 338, 339, 340, 333, 
4716, 334, 332, 335, 348, 
4745, 335, 334, 335, 343, 
4773, 340, 342, 339, 328, 
4803, 339, 339, 340, 335, 
4832, 334, 333, 335, 349, 
4861, 335, 335, 335, 342, 
4890, 340, 342, 341, 327, 
4920, 338, 340, 340, 334, 
4948, 334, 332, 334, 349, 
4978, 336, 335, 336, 341, 
5007, 340, 342, 341, 327, 
5036, 338, 338, 339, 336, 
5065, 333, 332, 334, 351, 
5094, 336, 337, 336, 341, 
5124, 339, 342, 342, 328, 
5152, 338, 338, 339, 337, 
5182, 333, 332, 334, 349, 
5211, 336, 336, 337, 339, 
5239, 340, 343, 341, 327, 
5269, 337, 338, 339, 338, 
5298, 333, 331, 334, 350, 
5327, 336, 337, 338, 338, 
5356, 340, 343, 341, 328, 
5386, 337, 337, 338, 339, 
5414, 333, 332, 335, 350, 
5444, 337, 337, 337, 337, 
5473, 340, 342, 341, 326, 
5501, 336, 336, 338, 339, 
5531, 334, 331, 334, 349, 
5560, 338, 338, 337, 336, 
5590, 340, 342, 342, 326, 
5618, 336, 336, 337, 342, 
5648, 334, 332, 334, 350, 
5677, 337, 338, 338, 336, 
5705, 339, 342, 341, 328, 
5735, 335, 335, 337, 342, 
5764, 333, 332, 334, 350, 
5793, 338, 338, 337, 334, 
5822, 339, 342, 341, 328, 
5852, 335, 335, 337, 342, 
5880, 334, 332, 334, 348, 
5910, 338, 339, 338, 332, 
5939, 339, 341, 340, 328, 
5967, 335, 334, 336, 342, 
5997, 334, 332, 334, 347, 
6026, 338, 339, 338, 332, 
6055, 340, 341, 341, 329, 
6084, 334, 334, 336, 345, 
6114, 334, 333, 334, 346, 
6142, 339, 340, 340, 331, 
6171, 339, 341, 341, 330, 
6201, 334, 333, 336, 345, 
6230, 334, 334, 335, 346, 
6259, 339, 340, 339, 330, 
6288, 339, 340, 340, 331, 
6318, 334, 333, 335, 346, 
6346, 335, 333, 335, 345, 
6376, 339, 343, 339, 329, 
6405, 338, 340, 340, 331, 
6433, 334, 333, 335, 347, 
6463, 335, 333, 334, 345, 
6492, 339, 342, 340, 329, 
6521, 338, 341, 340, 333, 
6550, 334, 333, 335, 348, 
6580, 335, 335, 335, 343, 
6608, 339, 341, 340, 328, 
6637, 338, 339, 340, 334, 
6667, 334, 332, 335, 349, 
6695, 336, 335, 335, 344, 
6725, 340, 342, 341, 328, 
6754, 338, 339, 340, 334, 
6784, 333, 332, 334, 350, 
6812, 337, 335, 336, 341, 
6842, 338, 342, 340, 327, 
6871, 337, 338, 339, 337, 
6899, 333, 331, 334, 349, 
6929, 336, 336, 336, 340, 
6958, 340, 342, 341, 328, 
6987, 338, 338, 339, 337, 
7016, 333, 332, 334, 350, 
7046, 336, 336, 336, 339, 
7074, 340, 342, 342, 326, 
7103, 337, 337, 339, 338, 
7133, 334, 332, 334, 352, 
7161, 336, 339, 337, 338, 
7191, 340, 343, 342, 326, 
7220, 337, 337, 338, 339, 
7249, 333, 332, 334, 351, 
7278, 337, 337, 338, 336, 
7308, 340, 342, 341, 326, 
7336, 338, 337, 338, 339, 
7365, 334, 332, 334, 350, 
7395, 338, 336, 337, 336, 
7424, 340, 342, 341, 327, 
7453, 337, 336, 338, 341, 
7482, 334, 331, 334, 350, 
7512, 337, 338, 338, 336, 
7540, 338, 342, 342, 327, 
7569, 336, 335, 337, 341, 
7599, 334, 332, 334, 350, 
7627, 338, 338, 339, 335, 
7657, 339, 341, 341, 328, 
7686, 335, 335, 337, 342, 
7715, 334, 333, 334, 348, 
7744, 338, 339, 338, 333, 
7774, 339, 341, 341, 328, 
7802, 335, 334, 337, 343, 
7831, 334, 333, 334, 348, 
7861, 338, 339, 339, 333, 
7889, 339, 341, 341, 329, 
7919, 335, 334, 335, 346, 
7948, 334, 332, 335, 346, 
7977, 339, 339, 339, 330, 
8006, 339, 341, 340, 329, 
8035, 335, 333, 336, 345, 
8065, 334, 333, 334, 347, 
8093, 339, 340, 339, 330, 
8123, 339, 340, 339, 330, 
8152, 335, 333, 335, 346, 
8181, 334, 333, 335, 346, 
8210, 339, 341, 340, 330, 
8240, 335, 340, 340, 332, 
8268, 335, 334, 335, 347, 
8297, 334, 334, 335, 345, 
8327, 339, 342, 340, 329, 
8355, 338, 340, 340, 332, 
8385, 334, 334, 335, 348, 
8414, 335, 334, 335, 344, 
8443, 339, 341, 340, 328, 
8472, 338, 340, 340, 333, 
8501, 336, 332, 335, 349, 
8530, 335, 334, 336, 344, 
8559, 339, 341, 341, 328, 
8589, 338, 339, 339, 334, 
8617, 334, 332, 335, 348, 
8647, 335, 335, 336, 342, 
8676, 340, 342, 341, 328, 
8706, 338, 339, 339, 335, 
8734, 333, 332, 335, 349, 
8763, 338, 336, 336, 341, 
8793, 340, 342, 340, 327, 
8821, 338, 338, 339, 336, 
8851, 334, 331, 335, 351, 
8880, 335, 335, 336, 342, 
8909, 339, 342, 341, 327, 
8938, 337, 339, 339, 337, 
8967, 334, 331, 334, 350, 
8996, 336, 337, 336, 338, 
9025, 341, 343, 341, 326, 
9055, 337, 338, 339, 337, 
9083, 333, 332, 334, 350, 
9113, 336, 337, 336, 338, 
9142, 340, 342, 341, 326, 
9171, 337, 337, 339, 338, 
9200, 334, 332, 334, 350, 
9229, 337, 337, 337, 338, 
9259, 340, 343, 341, 326, 
9287, 336, 337, 338, 339, 
9317, 333, 331, 335, 350, 
9346, 338, 338, 337, 336, 
9375, 339, 342, 341, 326, 
9404, 336, 336, 337, 341, 
9433, 334, 331, 333, 350, 
9462, 337, 338, 337, 335, 
9491, 340, 342, 341, 327, 
9521, 336, 336, 337, 341, 
9549, 334, 332, 334, 349, 
9579, 338, 339, 338, 335, 
9608, 340, 342, 341, 327, 
9637, 335, 334, 337, 342, 
9666, 334, 332, 335, 348, 
9695, 339, 339, 339, 333, 
9724, 338, 342, 341, 327, 
9753, 335, 335, 336, 343, 
9783, 334, 333, 335, 349, 
9811, 338, 340, 339, 332, 
9841, 339, 341, 341, 328, 
9870, 335, 334, 337, 345, 
9899, 335, 333, 334, 347, 
9928, 340, 340, 339, 332, 
9957, 338, 341, 340, 330, 
9987, 335, 334, 336, 346, 
10015, 334, 334, 334, 347, 
10046, 338, 338, 337, 335, 
10076, 340, 342, 342, 328, 
10106, 338, 339, 339, 335, 
10136, 334, 333, 336, 347, 
10167, 334, 332, 334, 350, 
10196, 337, 338, 337, 338, 
10226, 340, 342, 341, 328, 
10257, 340, 341, 340, 331, 
10287, 336, 334, 336, 343, 
10317, 333, 332, 334, 350, 
10347, 336, 336, 336, 339, 
10378, 339, 341, 340, 329, 
10407, 339, 341, 341, 329, 
10438, 337, 336, 337, 341, 
10468, 335, 331, 334, 350, 
10498, 335, 334, 335, 344, 
10528, 339, 341, 339, 331, 
10558, 340, 342, 341, 327, 
10589, 338, 337, 339, 338, 
10618, 334, 332, 335, 350, 
10649, 335, 333, 334, 346, 
10679, 338, 338, 338, 334, 
10710, 340, 342, 341, 327, 
10739, 338, 339, 340, 335, 
10770, 334, 333, 336, 347, 
10800, 334, 333, 334, 347, 
10829, 337, 337, 337, 336, 
10860, 340, 341, 341, 327, 
10890, 338, 340, 340, 332, 
10920, 335, 335, 336, 344, 
10950, 334, 332, 334, 349, 
10981, 336, 336, 336, 340, 
11011, 340, 342, 340, 327, 
11041, 339, 341, 341, 329, 
11071, 336, 335, 338, 343, 
11102, 333, 332, 334, 350, 
11131, 335, 335, 336, 342, 
11161, 339, 341, 340, 330, 
11192, 340, 342, 341, 329, 
11222, 336, 337, 338, 340, 
11252, 333, 333, 335, 350, 
11282, 335, 334, 335, 344, 
11313, 338, 339, 339, 332, 
11342, 340, 343, 341, 326, 
11373, 337, 338, 339, 337, 
11403, 334, 332, 335, 347, 
11433, 335, 333, 334, 347, 
11463, 337, 338, 338, 336, 
11493, 340, 344, 342, 326, 
11524, 338, 339, 340, 333, 
11553, 335, 334, 336, 346, 
11584, 333, 332, 335, 349, 
11614, 336, 337, 337, 338, 
11644, 340, 342, 339, 328, 
11674, 339, 340, 340, 330, 
11705, 336, 335, 337, 343, 
11735, 334, 332, 333, 349, 
11765, 336, 335, 337, 342, 
11795, 340, 341, 340, 329, 
11825, 339, 342, 340, 328, 
11855, 336, 336, 338, 341, 
11885, 334, 332, 334, 351, 
11916, 335, 335, 334, 345, 
11945, 338, 340, 339, 331, 
11976, 340, 342, 341, 327, 
12006, 337, 338, 338, 336, 
12037, 334, 332, 334, 349, 
12066, 335, 333, 335, 347, 
12097, 337, 338, 337, 334, 
12127, 339, 342, 341, 327, 
12156, 337, 339, 339, 335, 
12187, 334, 333, 335, 347, 
12217, 333, 332, 334, 349, 
12248, 337, 337, 338, 338, 
12277, 340, 343, 340, 328, 
12308, 338, 340, 340, 334, 
12338, 335, 334, 336, 345, 
12368, 333, 332, 335, 351, 
12398, 335, 336, 336, 341, 
12428, 340, 342, 341, 329, 
12459, 340, 341, 340, 330, 
12488, 336, 336, 337, 342, 
12519, 333, 331, 335, 351, 
12549, 335, 334, 335, 343, 
12579, 339, 340, 339, 330, 
12609, 339, 342, 341, 327, 
12640, 337, 337, 338, 339, 
12669, 334, 331, 335, 349, 
12700, 335, 334, 335, 345, 
12730, 338, 339, 340, 333, 
12760, 340, 342, 341, 326, 
12790, 338, 338, 339, 335, 
12820, 334, 333, 335, 347, 
12851, 332, 334, 334, 348, 
12880, 337, 338, 337, 336, 
12911, 340, 343, 341, 327, 
12941, 338, 340, 341, 333, 
12972, 335, 335, 335, 345, 
13001, 333, 331, 335, 349, 
13032, 336, 336, 337, 339, 
13062, 339, 341, 340, 328, 
13091, 339, 341, 339, 330, 
13122, 336, 336, 337, 342, 
13152, 334, 332, 334, 350, 
13182, 336, 336, 336, 341, 
13212, 339, 341, 340, 330, 
13243, 340, 342, 341, 329, 
13273, 337, 337, 338, 339, 
13303, 334, 332, 334, 349, 
13333, 334, 334, 335, 344, 
13364, 339, 340, 340, 332, 
13393, 340, 342, 341, 327, 
13423, 339, 338, 339, 336, 
13454, 334, 332, 336, 348, 
13484, 335, 332, 335, 346, 
13514, 339, 339, 338, 334, 
13544, 340, 343, 342, 326, 
13575, 339, 339, 340, 332, 
13604, 336, 333, 336, 346, 
13635, 334, 332, 334, 348, 
13665, 337, 337, 337, 337, 
13696, 340, 342, 340, 326, 
13725, 339, 340, 341, 330, 
13755, 335, 335, 337, 343, 
13786, 334, 331, 334, 350, 
13815, 336, 335, 336, 340, 
13846, 339, 341, 339, 328, 
13876, 340, 340, 340, 328, 
13906, 335, 336, 338, 340, 
13936, 333, 332, 334, 349, 
13967, 335, 334, 335, 343, 
13997, 339, 340, 340, 331, 
14027, 340, 343, 341, 327, 
14057, 337, 337, 339, 338, 
14087, 334, 332, 335, 349, 
14117, 334, 334, 335, 347, 
14147, 338, 339, 338, 333, 
14178, 340, 342, 341, 326, 
14208, 339, 338, 339, 335, 
14238, 334, 333, 335, 346, 
14268, 335, 332, 335, 348, 
14299, 337, 337, 337, 337, 
14328, 339, 342, 342, 328, 
14358, 338, 340, 341, 333, 
14389, 335, 334, 336, 345, 
14418, 334, 331, 334, 350, 
14449, 337, 336, 337, 340, 
14479, 341, 342, 340, 328, 
14510, 339, 340, 341, 330, 
14539, 336, 336, 338, 343, 
14570, 333, 333, 335, 350, 
14600, 336, 335, 335, 342, 
14630, 340, 341, 340, 331, 
14660, 339, 342, 341, 328, 
14690, 336, 337, 338, 339, 
14721, 334, 332, 334, 349, 
14750, 335, 334, 335, 345, 
14781, 339, 339, 339, 333, 
14811, 340, 342, 342, 328, 
14841, 338, 338, 340, 336, 
14871, 334, 332, 335, 348, 
14902, 335, 333, 334, 347, 
14931, 339, 339, 337, 336, 
14962, 340, 342, 341, 327, 
14992, 339, 339, 342, 334, 
15022, 336, 335, 336, 346, 
15052, 334, 332, 334, 349, 
15082, 336, 337, 337, 338, 
15113, 339, 341, 340, 327, 
15142, 339, 340, 340, 331, 
15173, 335, 335, 337, 342, 
15203, 334, 332, 334, 349, 
15234, 336, 335, 336, 341, 
15263, 339, 341, 340, 329, 
15294, 340, 342, 342, 328, 
15324, 336, 337, 338, 340, 
15353, 334, 332, 335, 350, 
15384, 335, 334, 335, 344, 
15414, 339, 342, 339, 331, 
15444, 340, 342, 342, 328, 
15474, 337, 338, 340, 337, 
15505, 335, 332, 334, 348, 
15535, 334, 333, 335, 346, 
15565, 337, 338, 338, 334, 
15595, 340, 342, 341, 326, 
15626, 338, 338, 339, 335, 
15655, 334, 333, 335, 346, 
15685, 334, 332, 334, 347, 
15716, 337, 337, 338, 336, 
15746, 339, 342, 340, 327, 
15776, 338, 340, 340, 331, 
15806, 335, 335, 336, 343, 
15837, 334, 332, 334, 349, 
15866, 336, 336, 336, 340, 
15897, 339, 341, 341, 328, 
15927, 340, 341, 340, 330, 
15958, 336, 336, 337, 341, 
15987, 333, 331, 334, 349, 
16017, 335, 335, 335, 342, 
16048, 338, 340, 339, 330, 
16077, 338, 341, 342, 327, 
16108, 336, 337, 338, 338, 
16138, 334, 332, 334, 349, 
16168, 334, 333, 335, 344, 
16198, 339, 339, 338, 333, 
16229, 340, 342, 341, 326, 
16259, 338, 338, 340, 335, 
16288, 334, 332, 335, 347, 
16319, 334, 332, 334, 347, 
16349, 337, 337, 337, 336, 
16379, 341, 342, 341, 326, 
16409, 339, 339, 341, 332, 
16440, 335, 334, 337, 345, 
16470, 334, 332, 334, 349, 
16500, 337, 336, 335, 339, 
16530, 339, 342, 340, 328, 
16561, 339, 340, 340, 330, 
16590, 336, 335, 337, 342, 
16620, 333, 331, 334, 351, 
16651, 335, 335, 336, 342, 
16680, 339, 340, 339, 330, 
16711, 339, 341, 341, 328, 
16741, 338, 337, 337, 339, 
16772, 334, 332, 334, 349, 
16801, 335, 334, 335, 344, 
16832, 339, 340, 339, 331, 
16862, 341, 341, 341, 326, 
16892, 337, 337, 339, 334, 
16922, 334, 332, 334, 348, 
16952, 334, 332, 334, 346, 
16983, 337, 338, 338, 334, 
17012, 340, 343, 342, 327, 
17043, 338, 339, 340, 334, 
17073, 334, 333, 335, 346, 
17103, 334, 332, 334, 349, 
17133, 337, 336, 337, 338, 
17164, 340, 341, 340, 327, 
17193, 340, 340, 340, 331, 
17224, 335, 334, 337, 344, 
17254, 333, 331, 332, 350, 
17284, 336, 336, 336, 340, 
17314, 340, 341, 340, 328, 
17344, 340, 340, 341, 330, 
17375, 336, 335, 337, 341, 
17404, 334, 331, 333, 349, 
17435, 335, 334, 336, 344, 
17465, 339, 340, 339, 331, 
17496, 340, 342, 342, 327, 
17525, 336, 337, 339, 338, 
17556, 335, 332, 334, 349, 
17586, 334, 335, 335, 345, 
17615, 338, 340, 338, 333, 
17646, 340, 341, 342, 326, 
17676, 337, 338, 339, 334, 
17707, 334, 332, 335, 346, 
17736, 334, 332, 334, 347, 
17767, 337, 337, 337, 336, 
17797, 340, 343, 341, 327, 
17827, 338, 340, 340, 332, 
17857, 335, 334, 337, 344, 
17888, 333, 331, 334, 350, 
17917, 335, 337, 337, 338, 
17947, 339, 341, 340, 328, 
17978, 339, 342, 340, 329, 
18008, 335, 335, 337, 342, 
18038, 333, 331, 334, 351, 
18068, 336, 335, 336, 342, 
18099, 340, 341, 340, 329, 
18128, 339, 341, 340, 328, 
18159, 336, 336, 339, 339, 
18189, 333, 332, 334, 349, 
18219, 336, 334, 335, 344, 
18249, 338, 339, 339, 332, 
18279, 341, 342, 342, 328, 
18310, 337, 338, 339, 338, 
18339, 334, 333, 335, 348, 
18370, 334, 332, 335, 347, 
18400, 337, 338, 339, 335, 
18430, 341, 342, 341, 326, 
18460, 339, 339, 341, 333, 
18491, 335, 334, 336, 346, 
18521, 334, 332, 334, 349, 
18550, 336, 337, 336, 338, 
18581, 340, 343, 341, 328, 
18611, 339, 340, 340, 331, 
18641, 335, 335, 336, 344, 
18671, 335, 331, 333, 350, 
18702, 336, 335, 336, 340, 
18732, 339, 341, 340, 329, 
18762, 339, 341, 342, 329, 
18792, 336, 336, 338, 341, 
18823, 333, 332, 335, 349, 
18852, 336, 334, 335, 343, 
18882, 338, 340, 339, 331, 
18913, 341, 342, 341, 327, 
18942, 337, 337, 339, 338, 
18973, 333, 333, 335, 349, 
19003, 335, 333, 335, 345, 
19034, 339, 339, 338, 334, 
19063, 340, 342, 341, 326, 
19094, 339, 338, 339, 334, 
19124, 334, 333, 335, 348, 
19154, 334, 332, 334, 348, 
19184, 338, 338, 337, 336, 
19214, 340, 342, 340, 326, 
19245, 338, 339, 340, 333, 
19274, 335, 334, 336, 344, 
19305, 334, 333, 334, 350, 
19335, 336, 336, 336, 339, 
19365, 340, 342, 340, 328, 
19395, 340, 341, 341, 330, 
19426, 336, 336, 338, 341, 
19456, 333, 331, 334, 349, 
19486, 335, 335, 335, 342, 
19516, 340, 342, 340, 330, 
19546, 340, 342, 341, 327, 
19576, 337, 337, 338, 339, 
19606, 334, 332, 334, 349, 
19637, 335, 334, 335, 344, 
19666, 338, 340, 339, 331, 
19697, 340, 342, 342, 326, 
19727, 337, 338, 340, 336, 
19758, 334, 333, 335, 348, 
19787, 334, 332, 334, 347, 
19818, 338, 339, 338, 335, 
19848, 339, 343, 341, 326, 
19877, 339, 339, 340, 333, 
19908, 335, 334, 336, 345, 
19938, 334, 332, 334, 349, 
19969, 337, 337, 336, 338, 
19998, 339, 342, 340, 328, 
20029, 340, 340, 340, 330, 
20059, 336, 335, 337, 343, 
20089, 334, 331, 334, 350, 
20119, 336, 335, 335, 341, 
20149, 340, 341, 340, 329, 
20179, 340, 341, 341, 328, 
20209, 336, 335, 338, 341, 
20240, 334, 331, 334, 350, 
20270, 336, 334, 336, 344, 
20300, 339, 340, 339, 329, 
20330, 340, 342, 341, 326, 
20361, 338, 338, 339, 337, 
20390, 334, 332, 335, 349, 
20421, 335, 333, 334, 347, 
20451, 338, 338, 338, 335, 
20481, 340, 344, 341, 326, 
20511, 338, 339, 340, 334, 
20541, 334, 334, 335, 346, 
20572, 335, 332, 334, 348, 
20601, 337, 338, 337, 337, 
20632, 340, 342, 341, 327, 
20662, 338, 341, 340, 332, 
20692, 335, 334, 336, 343, 
20722, 333, 332, 334, 349, 
20753, 336, 335, 336, 340, 
20783, 340, 341, 340, 329, 
20812, 339, 341, 340, 329, 
20843, 337, 336, 338, 342, 
20873, 333, 331, 334, 351, 
20903, 335, 334, 335, 343, 
20933, 338, 340, 339, 331, 
20964, 339, 342, 341, 329, 
20994, 337, 337, 339, 338, 
21024, 333, 332, 335, 350, 
21054, 335, 334, 335, 345, 
21085, 338, 339, 339, 334, 
21114, 340, 342, 342, 328, 
21144, 338, 339, 339, 335, 
21175, 334, 333, 336, 347, 
21204, 334, 333, 334, 348, 
21235, 337, 338, 337, 337, 
21265, 340, 342, 341, 327, 
21296, 339, 340, 340, 332, 
21325, 335, 333, 336, 345, 
21356, 333, 332, 334, 350, 
21386, 337, 336, 337, 340, 
21416, 340, 342, 340, 329, 
21446, 339, 341, 342, 331, 
21476, 337, 336, 337, 342, 
21507, 334, 331, 334, 350, 
21536, 335, 335, 336, 342, 
21567, 339, 340, 339, 330, 
21597, 339, 342, 340, 328, 
21627, 336, 336, 337, 340, 
21657, 333, 331, 334, 350, 
21688, 335, 334, 334, 345, 
21718, 338, 339, 339, 332, 
21748, 340, 342, 341, 327, 
21778, 337, 338, 339, 336, 
21808, 334, 332, 335, 348, 
21838, 335, 332, 335, 346, 
21868, 338, 338, 338, 335, 
21899, 340, 342, 341, 326, 
21928, 338, 339, 340, 333, 
21959, 334, 334, 336, 345, 
21989, 333, 332, 334, 348, 
22020, 337, 337, 336, 339, 
22049, 340, 342, 341, 328, 
22079, 339, 341, 340, 332, 
22110, 336, 335, 336, 343, 
22139, 334, 332, 333, 350, 
22170, 336, 336, 336, 341, 
22200, 339, 342, 340, 329, 
22231, 340, 341, 341, 329, 
22260, 335, 336, 337, 341, 
22291, 334, 331, 334, 350, 
22321, 335, 334, 335, 344, 
22351, 339, 340, 339, 331, 
22381, 340, 342, 341, 327, 
22411, 337, 337, 339, 338, 
22441, 335, 332, 334, 349, 
22471, 335, 333, 334, 346, 
22502, 338, 338, 338, 334, 
22532, 340, 344, 341, 326, 
22562, 338, 339, 339, 335, 
22592, 334, 333, 335, 347, 
22623, 334, 332, 334, 348, 
22652, 335, 337, 337, 337, 
22683, 339, 343, 341, 326, 
22713, 338, 341, 340, 332, 
22743, 335, 335, 336, 344, 
22773, 333, 332, 334, 349, 
22803, 336, 336, 336, 340, 
22834, 339, 341, 341, 328, 
22863, 339, 341, 341, 329, 
22894, 335, 335, 337, 340, 
22924, 333, 331, 334, 349, 
22955, 335, 334, 335, 343, 
22984, 339, 340, 339, 331, 
23015, 339, 342, 341, 327, 
23045, 336, 337, 338, 338, 
23074, 333, 332, 334, 348, 
23105, 334, 331, 334, 347, 
23135, 338, 339, 338, 334, 
23165, 340, 342, 342, 326, 
23195, 338, 341, 339, 335, 
23226, 334, 333, 336, 347, 
23256, 335, 332, 334, 347, 
23286, 337, 338, 336, 336, 
23316, 340, 343, 341, 328, 
23347, 337, 340, 340, 332, 
23376, 335, 334, 336, 344, 
23406, 333, 331, 335, 350, 
23437, 336, 336, 337, 339, 
23467, 340, 342, 341, 328, 
23497, 339, 341, 341, 330, 
23527, 336, 335, 337, 342, 
23558, 334, 331, 335, 350, 
23587, 336, 335, 335, 342, 
23618, 338, 340, 339, 330, 
23648, 340, 341, 341, 327, 
23678, 337, 336, 338, 340, 
23708, 334, 332, 334, 350, 
23738, 335, 333, 336, 345, 
23769, 338, 339, 339, 332, 
23798, 340, 342, 341, 326, 
23829, 337, 338, 339, 335, 
23859, 335, 332, 335, 348, 
23889, 334, 332, 335, 347, 
23919, 337, 338, 338, 336, 
23950, 340, 342, 341, 326, 
23980, 338, 340, 339, 333, 
24009, 335, 334, 336, 345, 
24040, 333, 331, 334, 349, 
24070, 337, 336, 337, 338, 
24100, 340, 341, 342, 327, 
24130, 339, 340, 341, 331, 
24161, 336, 335, 337, 342, 
24190, 334, 331, 334, 350, 
24221, 336, 335, 336, 342, 
24251, 339, 340, 340, 329, 
24282, 339, 340, 341, 329, 
24311, 336, 336, 339, 340, 
24341, 333, 332, 334, 350, 
24372, 335, 334, 335, 344, 
24401, 337, 340, 339, 332, 
24432, 340, 342, 342, 327, 
24462, 337, 338, 339, 337, 
24493, 334, 332, 335, 348, 
24522, 335, 334, 334, 346, 
24553, 339, 338, 337, 334, 
24583, 340, 342, 341, 326, 
24613, 338, 338, 339, 334, 
24643, 335, 333, 335, 345, 
24673, 334, 332, 334, 347, 
24704, 338, 337, 337, 337, 
24733, 339, 342, 341, 326, 
24764, 337, 340, 340, 331, 
24794, 335, 334, 336, 344, 
24824, 333, 331, 334, 349, 
24854, 336, 335, 336, 340, 
24885, 340, 342, 340, 328, 
24914, 339, 341, 341, 328, 
24945, 336, 336, 337, 341, 
24975, 333, 331, 334, 349, 
25005, 335, 334, 335, 343, 
25035, 338, 341, 339, 331, 
25065, 340, 342, 341, 327, 
25096, 336, 337, 338, 337, 
25125, 334, 332, 334, 349, 
25156, 334, 334, 335, 346, 
25186, 338, 339, 338, 333, 
25217, 340, 342, 341, 326, 
25246, 339, 339, 339, 335, 
25277, 334, 333, 335, 347, 
25307, 334, 332, 334, 348, 
25336, 337, 338, 337, 336, 
25367, 340, 342, 341, 327, 
25397, 338, 340, 340, 333, 
25427, 335, 334, 337, 345, 
25457, 334, 332, 335, 349, 
25488, 337, 336, 336, 341, 
25518, 340, 341, 340, 328, 
25548, 338, 341, 341, 329, 
25578, 336, 336, 337, 342, 
25609, 334, 332, 334, 350, 
25638, 335, 335, 335, 342, 
25668, 339, 340, 339, 330, 
25699, 340, 342, 341, 328, 
25729, 336, 336, 338, 339, 
25759, 333, 332, 334, 348, 
25789, 335, 334, 335, 345, 
25820, 338, 339, 337, 333, 
25849, 340, 343, 341, 327, 
25880, 337, 338, 340, 337, 
25910, 333, 332, 335, 349, 
25939, 334, 334, 335, 348, 
25970, 337, 338, 338, 336, 
26000, 340, 342, 342, 327, 
26031, 338, 339, 339, 334, 
26060, 335, 333, 335, 346, 
26091, 334, 331, 334, 350, 
26121, 336, 337, 338, 339, 
26151, 341, 342, 341, 328, 
26181, 339, 341, 341, 331, 
26212, 336, 334, 337, 344, 
26242, 333, 332, 334, 349, 
26271, 336, 335, 336, 341, 
26302, 339, 342, 340, 329, 
26332, 339, 342, 341, 329, 
26362, 336, 336, 337, 340, 
26392, 333, 331, 334, 350, 
26423, 335, 336, 336, 344, 
26452, 339, 339, 339, 331, 
26483, 340, 342, 341, 327, 
26513, 337, 338, 339, 337, 
26544, 334, 332, 335, 348, 
26573, 335, 334, 334, 346, 
26603, 338, 338, 338, 333, 
26634, 340, 343, 341, 326, 
26663, 338, 339, 339, 334, 
26694, 334, 334, 336, 346, 
26724, 334, 332, 334, 348, 
26755, 336, 337, 337, 337, 
26784, 341, 343, 341, 328, 
26815, 339, 340, 341, 332, 
26845, 335, 334, 336, 345, 
26875, 334, 331, 334, 350, 
26905, 337, 336, 336, 338, 
26935, 340, 341, 341, 328, 
26966, 339, 342, 341, 329, 
26995, 336, 336, 338, 341, 
27026, 334, 331, 335, 350, 
27056, 336, 335, 337, 342, 
27086, 339, 341, 340, 330, 
27116, 340, 343, 341, 328, 
27147, 337, 337, 338, 339, 
27176, 334, 332, 334, 349, 
27207, 335, 333, 335, 345, 
27237, 338, 340, 338, 332, 
27267, 341, 343, 341, 327, 
27297, 337, 338, 339, 336, 
27327, 334, 333, 335, 347, 
27358, 334, 333, 334, 348, 
27387, 337, 338, 338, 335, 
27418, 340, 343, 342, 326, 
27448, 338, 340, 340, 332, 
27479, 335, 334, 336, 345, 
27508, 335, 332, 334, 349, 
27539, 336, 337, 336, 338, 
27569, 340, 342, 341, 327, 
27598, 339, 341, 340, 330, 
27629, 336, 335, 337, 343, 
27659, 334, 332, 334, 349, 
27689, 336, 335, 336, 341, 
27719, 339, 341, 341, 329, 
27750, 339, 341, 342, 329, 
27780, 336, 336, 337, 340, 
27810, 334, 332, 334, 350, 
27840, 336, 334, 336, 346, 
27870, 337, 340, 339, 331, 
27900, 340, 343, 341, 326, 
27930, 337, 338, 340, 337, 
27961, 334, 333, 333, 348, 
27991, 334, 333, 334, 346, 
28021, 339, 339, 339, 334, 
28051, 340, 343, 341, 326, 
28082, 339, 340, 339, 334, 
28111, 334, 333, 335, 346, 
28142, 334, 332, 334, 348, 
28172, 337, 337, 337, 337, 
28201, 340, 342, 342, 327, 
28232, 339, 340, 340, 331, 
28262, 336, 335, 336, 343, 
28293, 334, 332, 334, 350, 
28322, 336, 337, 337, 340, 
28353, 340, 342, 340, 329, 
28383, 339, 341, 341, 329, 
28413, 337, 336, 337, 341, 
28443, 333, 332, 334, 350, 
28474, 335, 334, 335, 344, 
28504, 339, 341, 339, 330, 
28533, 340, 342, 341, 327, 
28564, 337, 337, 338, 338, 
28594, 334, 332, 336, 348, 
28624, 335, 333, 334, 345, 
28654, 338, 339, 339, 332, 
28685, 340, 343, 342, 326, 
28715, 337, 339, 339, 334, 
28745, 335, 333, 335, 347, 
28775, 334, 332, 334, 347, 
28806, 338, 337, 337, 336, 
28835, 340, 342, 341, 326, 
28865, 339, 340, 340, 332, 
28896, 335, 334, 336, 344, 
28925, 334, 331, 334, 350, 
28956, 337, 336, 336, 339, 
28986, 340, 342, 341, 329, 
29017, 339, 341, 341, 330, 
29046, 336, 336, 337, 342, 
29077, 334, 332, 334, 350, 
29107, 336, 335, 337, 343, 
29137, 339, 341, 339, 330, 
29167, 340, 342, 341, 328, 
29197, 337, 337, 338, 338, 
29228, 334, 333, 334, 349, 
29257, 335, 334, 335, 345, 
29288, 338, 339, 340, 333, 
29318, 340, 342, 341, 327, 
29348, 337, 338, 339, 336, 
29378, 334, 332, 335, 348, 
29409, 334, 333, 334, 347, 
29438, 337, 338, 336, 336, 
29469, 340, 343, 341, 326, 
29499, 338, 340, 340, 333, 
29529, 334, 332, 336, 347, 
29559, 333, 332, 335, 349, 
29589, 337, 336, 337, 339, 
29620, 340, 342, 341, 328, 
29649, 338, 340, 342, 331, 
29680, 336, 335, 337, 343, 
29710, 333, 332, 334, 351, 
29741, 335, 335, 335, 342, 
29770, 339, 341, 340, 329, 
29800, 339, 342, 341, 329, 
29831, 337, 336, 338, 340, 
29860, 335, 331, 334, 351, 
29891, 335, 334, 335, 344, 
29921, 338, 340, 338, 332, 
29952, 340, 342, 341, 327, 
29981, 338, 338, 339, 338, 
30012, 334, 332, 335, 350, 
30042, 335, 333, 334, 347, 
30072, 338, 339, 338, 335, 
30102, 340, 342, 341, 327, 
30132, 338, 339, 340, 335, 
30162, 335, 333, 336, 347, 
30192, 334, 332, 335, 347, 
30223, 337, 337, 337, 337, 
30253, 340, 342, 341, 328, 
30283, 339, 340, 341, 331, 
30313, 336, 335, 337, 344, 
30344, 333, 332, 334, 349, 
30373, 336, 336, 337, 341, 
30404, 340, 341, 340, 328, 
30434, 340, 341, 341, 329, 
30464, 336, 336, 337, 341, 
30494, 334, 331, 334, 349, 
30524, 335, 334, 334, 343, 
30555, 339, 339, 340, 331, 
30584, 340, 341, 342, 327, 
30615, 336, 337, 338, 338, 
30645, 334, 331, 334, 350, 
30675, 334, 333, 335, 345, 
30705, 338, 339, 338, 334, 
30736, 340, 342, 341, 326, 
30766, 337, 338, 339, 335, 
30795, 335, 334, 335, 347, 
30826, 334, 332, 334, 347, 
30856, 337, 337, 337, 336, 
30886, 340, 342, 341, 327, 
30916, 338, 340, 340, 332, 
30947, 335, 334, 336, 345, 
30977, 334, 331, 334, 349, 
31007, 336, 336, 336, 339, 
31037, 340, 342, 340, 328, 
31068, 339, 340, 341, 331, 
31097, 336, 334, 338, 343, 
31127, 334, 331, 334, 352, 
31158, 335, 335, 335, 343, 
31187, 339, 340, 339, 331, 
31218, 339, 342, 340, 329, 
31248, 336, 337, 338, 341, 
31279, 334, 332, 334, 350, 
31308, 335, 334, 335, 346, 
31339, 338, 339, 339, 334, 
31369, 340, 342, 341, 327, 
31399, 337, 338, 339, 336, 
31429, 334, 333, 335, 348, 
31459, 333, 332, 335, 347, 
31490, 338, 338, 338, 336, 
31519, 341, 343, 341, 326, 
31550, 339, 339, 338, 333, 
31580, 335, 334, 336, 346, 
31610, 334, 333, 334, 350, 
31640, 337, 337, 338, 339, 
31671, 339, 342, 341, 327, 
31700, 339, 340, 340, 330, 
31730, 335, 335, 337, 343, 
31761, 333, 331, 334, 350, 
31791, 335, 335, 336, 341, 
31821, 340, 340, 339, 329, 
31851, 339, 341, 341, 329, 
31882, 336, 336, 337, 341, 
31911, 333, 331, 334, 349, 
31942, 335, 335, 335, 344, 
31972, 338, 340, 339, 333, 
32003, 339, 342, 342, 327, 
32032, 337, 338, 339, 337, 
32062, 334, 332, 334, 349, 
32093, 334, 333, 334, 347, 
32122, 337, 339, 337, 335, 
32153, 340, 342, 342, 328, 
32183, 338, 339, 341, 335, 
32214, 335, 333, 336, 348, 
32243, 334, 332, 334, 349, 
32274, 336, 337, 337, 337, 
32304, 340, 342, 341, 327, 
32334, 339, 340, 340, 332, 
32364, 335, 334, 337, 344, 
32394, 333, 331, 334, 350, 
32424, 336, 336, 337, 341, 
32454, 338, 341, 340, 330, 
32485, 340, 341, 341, 329, 
32515, 336, 336, 338, 341, 
32545, 334, 331, 334, 350, 
32575, 335, 334, 335, 344, 
32606, 339, 340, 339, 332, 
32635, 338, 342, 340, 327, 
32666, 337, 338, 338, 338, 
32696, 334, 332, 335, 349, 
32726, 335, 333, 334, 346, 
32756, 338, 339, 338, 334, 
32786, 340, 342, 342, 327, 
32817, 338, 339, 340, 334, 
32846, 334, 333, 335, 346, 
32877, 334, 332, 335, 349, 
32907, 337, 337, 338, 337, 
32937, 340, 342, 341, 326, 
32967, 339, 340, 341, 331, 
32998, 335, 334, 336, 343, 
33028, 334, 332, 334, 349, 
33057, 336, 335, 336, 339, 
33088, 340, 342, 341, 329, 
33118, 340, 341, 341, 329, 
33148, 336, 335, 338, 341, 
33178, 334, 331, 334, 349, 
33209, 335, 335, 335, 343, 
33239, 339, 341, 339, 330, 
33269, 339, 342, 342, 328, 
33299, 337, 337, 338, 338, 
33330, 334, 332, 334, 349, 
33359, 336, 333, 336, 345, 
33389, 338, 340, 338, 333, 
33420, 340, 342, 341, 326, 
33449, 339, 337, 338, 335, 
33480, 334, 333, 335, 347, 
33510, 334, 332, 335, 348, 
33541, 338, 337, 337, 336, 
33570, 340, 342, 341, 327, 
33601, 338, 340, 340, 332, 
33631, 334, 334, 337, 345, 
33660, 334, 332, 335, 349, 
33691, 336, 336, 336, 339, 
33721, 341, 341, 340, 327, 
33752, 340, 341, 340, 329, 
33781, 336, 335, 337, 341, 
33812, 333, 332, 335, 350, 
33842, 336, 335, 335, 342, 
33872, 339, 340, 339, 330, 
33902, 341, 341, 340, 327, 
33933, 338, 337, 338, 339, 
33963, 333, 331, 334, 348, 
33992, 334, 333, 333, 345, 
34023, 339, 339, 338, 332, 
34053, 340, 343, 341, 326, 
34083, 339, 338, 339, 335, 
34113, 334, 332, 335, 347, 
34144, 335, 333, 334, 347, 
34173, 337, 338, 337, 335, 
34204, 340, 342, 341, 326, 
34234, 338, 340, 340, 332, 
34265, 336, 335, 337, 345, 
34294, 334, 332, 334, 349, 
34324, 336, 336, 336, 338, 
34355, 340, 343, 341, 326, 
34384, 339, 341, 340, 330, 
34415, 335, 335, 337, 343, 
34445, 335, 331, 334, 350, 
34476, 337, 335, 335, 342, 
34505, 339, 341, 339, 330, 
34536, 339, 344, 342, 329, 
34566, 337, 336, 338, 340, 
34596, 334, 331, 335, 351, 
34626, 336, 335, 335, 345, 
34656, 339, 340, 339, 332, 
34686, 340, 343, 342, 327, 
34716, 337, 338, 338, 336, 
34747, 334, 332, 335, 348, 
34777, 334, 333, 334, 347, 
34807, 338, 338, 338, 335, 
34837, 340, 342, 341, 327, 
34868, 338, 339, 340, 333, 
34897, 335, 333, 337, 345, 
34928, 334, 332, 333, 349, 
34958, 337, 337, 336, 338, 
34988, 341, 342, 340, 327, 
35018, 339, 341, 339, 331, 
35048, 335, 335, 338, 343, 
35079, 334, 332, 334, 349, 
35108, 337, 336, 336, 341, 
35139, 339, 341, 340, 329, 
35169, 340, 342, 341, 328, 
35200, 336, 337, 338, 340, 
35229, 332, 331, 335, 349, 
35260, 335, 335, 336, 344, 
35290, 339, 340, 339, 331, 
35319, 340, 342, 341, 327, 
35350, 338, 337, 338, 338, 
35380, 334, 333, 335, 349, 
35410, 334, 333, 334, 346, 
35440, 337, 339, 339, 335, 
35471, 340, 342, 342, 326, 
35501, 338, 339, 339, 335, 
35531, 335, 333, 336, 347, 
35561, 334, 332, 334, 349, 
35591, 335, 337, 338, 338, 
35621, 340, 343, 341, 327, 
35651, 339, 340, 340, 332, 
35682, 336, 335, 336, 344, 
35712, 334, 332, 334, 350, 
35742, 336, 336, 337, 340, 
35772, 340, 341, 340, 329, 
35803, 340, 342, 341, 329, 
35832, 336, 336, 337, 341, 
35863, 332, 331, 334, 350, 
35893, 336, 334, 335, 343, 
35922, 340, 340, 340, 330, 
35953, 340, 341, 341, 327, 
35983, 338, 338, 338, 337, 
36014, 334, 332, 334, 348, 
36043, 335, 333, 335, 346, 
36074, 339, 339, 340, 333, 
36104, 341, 342, 342, 326, 
36134, 339, 339, 338, 335, 
36164, 335, 333, 335, 347, 
36195, 335, 332, 334, 348, 
36225, 339, 337, 338, 336, 
36254, 341, 342, 341, 327, 
36285, 339, 340, 340, 332, 
36315, 335, 334, 337, 345, 
36345, 333, 332, 335, 349, 
36375, 336, 336, 337, 339, 
36406, 340, 342, 340, 328, 
36435, 340, 342, 341, 330, 
36466, 337, 336, 338, 341, 
36496, 334, 331, 334, 350, 
36527, 336, 334, 336, 343, 
36556, 339, 340, 340, 329, 
